1.310605049133300781e+00 5.992412567138671875e-03
4.760468006134033203e-01 5.697011947631835938e-03
1.287594556808471680e+00 5.176782608032226562e-03
2.000272274017333984e-01 6.332397460937500000e-03
1.193459033966064453e+00 5.449295043945312500e-03
1.209058284759521484e+00 4.781723022460937500e-03
2.235229015350341797e-01 4.886388778686523438e-03
1.298749685287475586e+00 5.360364913940429688e-03
2.259118556976318359e-01 3.012418746948242188e-03
1.241762161254882812e+00 5.006074905395507812e-03
1.177916526794433594e+00 4.985570907592773438e-03
1.192375183105468750e+00 5.614519119262695312e-03
5.987160205841064453e-01 5.078554153442382812e-03
2.108559608459472656e-01 3.459930419921875000e-03
2.243564128875732422e-01 4.848957061767578125e-03
1.314627408981323242e+00 5.665540695190429688e-03
6.200044155120849609e-01 5.301713943481445312e-03
5.389947891235351562e-01 5.343437194824218750e-03
1.285571098327636719e+00 4.975318908691406250e-03
1.271819829940795898e+00 5.330801010131835938e-03
5.101022720336914062e-01 5.162000656127929688e-03
3.520069122314453125e-01 5.004167556762695312e-03
2.399530410766601562e-01 5.100727081298828125e-03
2.082149982452392578e-01 5.142211914062500000e-03
1.693074703216552734e-01 3.213167190551757812e-03
1.233985662460327148e+00 6.064176559448242188e-03
1.332762002944946289e+00 5.024671554565429688e-03
1.286074399948120117e+00 5.080938339233398438e-03
1.290857076644897461e+00 6.832361221313476562e-03
1.252844810485839844e+00 5.220890045166015625e-03
2.417566776275634766e-01 5.298614501953125000e-03
1.329977512359619141e+00 5.312919616699218750e-03
1.375432252883911133e+00 5.120277404785156250e-03
2.270786762237548828e-01 6.247520446777343750e-03
4.705574512481689453e-01 5.242824554443359375e-03
1.380113601684570312e+00 5.573272705078125000e-03
3.843822479248046875e-01 5.123138427734375000e-03
1.398254871368408203e+00 4.765272140502929688e-03
1.269726514816284180e+00 5.948781967163085938e-03
1.228614091873168945e+00 5.231857299804687500e-03
2.157990932464599609e-01 5.170345306396484375e-03
2.575566768646240234e-01 5.301475524902343750e-03
9.159102439880371094e-01 5.283594131469726562e-03
5.650696754455566406e-01 5.192995071411132812e-03
5.973112583160400391e-01 5.558967590332031250e-03
5.562670230865478516e-01 5.409479141235351562e-03
8.915362358093261719e-01 5.119800567626953125e-03
9.122955799102783203e-01 7.638216018676757812e-03
4.935097694396972656e-01 5.192041397094726562e-03
5.931003093719482422e-01 5.232095718383789062e-03
5.885181427001953125e-01 4.833698272705078125e-03
5.112783908843994141e-01 4.412889480590820312e-03
8.777539730072021484e-01 7.612466812133789062e-03
8.947474956512451172e-01 4.945755004882812500e-03
9.801912307739257812e-01 5.191564559936523438e-03
9.875512123107910156e-01 4.940748214721679688e-03
4.035136699676513672e-01 5.006551742553710938e-03
9.151525497436523438e-01 9.261131286621093750e-03
9.261436462402343750e-01 5.899667739868164062e-03
9.503805637359619141e-01 2.936840057373046875e-03
9.193892478942871094e-01 5.038976669311523438e-03
5.773217678070068359e-01 4.945516586303710938e-03
6.336421966552734375e-01 5.250215530395507812e-03
9.177436828613281250e-01 4.571437835693359375e-03
5.717401504516601562e-01 5.274772644042968750e-03
8.944303989410400391e-01 5.053281784057617188e-03
8.299176692962646484e-01 5.242347717285156250e-03
3.298022747039794922e-01 2.859592437744140625e-03
8.468818664550781250e-01 4.941940307617187500e-03
5.936503410339355469e-01 4.470109939575195312e-03
5.880229473114013672e-01 4.959106445312500000e-03
2.174372673034667969e-01 5.114793777465820312e-03
8.186836242675781250e-01 3.568172454833984375e-03
5.742013454437255859e-01 5.200386047363281250e-03
5.914640426635742188e-01 5.362510681152343750e-03
7.613534927368164062e-01 4.808425903320312500e-03
8.227622509002685547e-01 5.200862884521484375e-03
5.145375728607177734e-01 4.911899566650390625e-03
3.295278549194335938e-01 4.985809326171875000e-03
8.958752155303955078e-01 5.372762680053710938e-03
3.644180297851562500e-01 7.887840270996093750e-03
1.339986801147460938e+00 5.993604660034179688e-03
3.780100345611572266e-01 5.230665206909179688e-03
2.261164188385009766e-01 6.302833557128906250e-03
7.755270004272460938e-01 6.134033203125000000e-03
9.322161674499511719e-01 8.084297180175781250e-03
7.502381801605224609e-01 5.094289779663085938e-03
2.269954681396484375e-01 4.920482635498046875e-03
9.176123142242431641e-01 5.155086517333984375e-03
3.534584045410156250e-01 5.264997482299804688e-03
3.232874870300292969e-01 4.835367202758789062e-03
9.152791500091552734e-01 4.978656768798828125e-03
2.185304164886474609e-01 4.576921463012695312e-03
7.650828361511230469e-01 5.624532699584960938e-03
8.123068809509277344e-01 4.489421844482421875e-03
8.794560432434082031e-01 2.927780151367187500e-03
2.635574340820312500e-01 4.938364028930664062e-03
4.214386940002441406e-01 5.046606063842773438e-03
5.028743743896484375e-01 5.112409591674804688e-03
3.646647930145263672e-01 4.704475402832031250e-03
8.049066066741943359e-01 5.701065063476562500e-03
4.603438377380371094e-01 6.072998046875000000e-03
5.340690612792968750e-01 5.268812179565429688e-03
4.577045440673828125e-01 4.970073699951171875e-03
4.849443435668945312e-01 5.300998687744140625e-03
4.540953636169433594e-01 5.019187927246093750e-03
4.780926704406738281e-01 5.777597427368164062e-03
4.559395313262939453e-01 5.314588546752929688e-03
5.300581455230712891e-01 3.674745559692382812e-03
4.670066833496093750e-01 5.431413650512695312e-03
5.070605278015136719e-01 4.515647888183593750e-03
9.712746143341064453e-01 4.321575164794921875e-03
8.883030414581298828e-01 3.273725509643554688e-03
4.646468162536621094e-01 4.526376724243164062e-03
4.987006187438964844e-01 2.957820892333984375e-03
4.540925025939941406e-01 5.110979080200195312e-03
4.558007717132568359e-01 4.941225051879882812e-03
6.931891441345214844e-01 5.322694778442382812e-03
5.917363166809082031e-01 5.064964294433593750e-03
5.769608020782470703e-01 4.804611206054687500e-03
4.805245399475097656e-01 4.744768142700195312e-03
4.936709403991699219e-01 3.187656402587890625e-03
4.458885192871093750e-01 4.970312118530273438e-03
8.173830509185791016e-01 5.888938903808593750e-03
5.201678276062011719e-01 5.400657653808593750e-03
4.796621799468994141e-01 4.064559936523437500e-03
5.280692577362060547e-01 7.676839828491210938e-03
4.474093914031982422e-01 5.034446716308593750e-03
5.025243759155273438e-01 5.001068115234375000e-03
5.755491256713867188e-01 5.175590515136718750e-03
4.460034370422363281e-01 4.706382751464843750e-03
2.364008426666259766e-01 4.761695861816406250e-03
2.317950725555419922e-01 3.005981445312500000e-03
3.328545093536376953e-01 5.214929580688476562e-03
9.549653530120849609e-01 5.605220794677734375e-03
2.324807643890380859e-01 2.924919128417968750e-03
5.560929775238037109e-01 4.978179931640625000e-03
5.980637073516845703e-01 5.183696746826171875e-03
7.026484012603759766e-01 5.026578903198242188e-03
1.406543970108032227e+00 5.898237228393554688e-03
9.917554855346679688e-01 5.301952362060546875e-03
9.078271389007568359e-01 5.288124084472656250e-03
8.232104778289794922e-01 5.245208740234375000e-03
8.822782039642333984e-01 6.281852722167968750e-03
8.691267967224121094e-01 4.701614379882812500e-03
9.021902084350585938e-01 5.327701568603515625e-03
8.399760723114013672e-01 4.978179931640625000e-03
8.837864398956298828e-01 5.057096481323242188e-03
8.328225612640380859e-01 4.923820495605468750e-03
8.838634490966796875e-01 5.135536193847656250e-03
9.150803089141845703e-01 4.993200302124023438e-03
8.608131408691406250e-01 4.951238632202148438e-03
9.180519580841064453e-01 5.286455154418945312e-03
8.663814067840576172e-01 2.931594848632812500e-03
8.461897373199462891e-01 4.960536956787109375e-03
8.629059791564941406e-01 5.066394805908203125e-03
9.236185550689697266e-01 5.074024200439453125e-03
8.812689781188964844e-01 5.089044570922851562e-03
9.955351352691650391e-01 4.949808120727539062e-03
8.695399761199951172e-01 5.785703659057617188e-03
9.075777530670166016e-01 7.817029953002929688e-03
9.460217952728271484e-01 5.233049392700195312e-03
8.444428443908691406e-01 4.767656326293945312e-03
8.612465858459472656e-01 5.255937576293945312e-03
8.920810222625732422e-01 5.912780761718750000e-03
1.193570613861083984e+00 5.934476852416992188e-03
1.150472402572631836e+00 5.769968032836914062e-03
8.707408905029296875e-01 5.971670150756835938e-03
1.102012634277343750e+00 5.277872085571289062e-03
9.122018814086914062e-01 5.016088485717773438e-03
1.138267993927001953e+00 5.050659179687500000e-03
1.022564649581909180e+00 5.349159240722656250e-03
8.009281158447265625e-01 5.007505416870117188e-03
3.751018047332763672e-01 3.118038177490234375e-03
3.972380161285400391e-01 4.976987838745117188e-03
4.866220951080322266e-01 4.921197891235351562e-03
4.455928802490234375e-01 4.980087280273437500e-03
3.868188858032226562e-01 2.999782562255859375e-03
8.469297885894775391e-01 5.090713500976562500e-03
3.507540225982666016e-01 3.017902374267578125e-03
4.115860462188720703e-01 5.033731460571289062e-03
3.796198368072509766e-01 2.841472625732421875e-03
1.599466800689697266e-01 5.176305770874023438e-03
1.616334915161132812e-01 4.901170730590820312e-03
2.152204513549804688e-01 5.302190780639648438e-03
1.915616989135742188e-01 5.265235900878906250e-03
1.661183834075927734e-01 4.934072494506835938e-03
2.860774993896484375e-01 5.121946334838867188e-03
2.040545940399169922e-01 5.035877227783203125e-03
7.005474567413330078e-01 5.918264389038085938e-03
4.845824241638183594e-01 4.959583282470703125e-03
5.107905864715576172e-01 2.996921539306640625e-03
2.124872207641601562e-01 4.885435104370117188e-03
7.289102077484130859e-01 5.224227905273437500e-03
1.680967807769775391e-01 5.088806152343750000e-03
4.640030860900878906e-01 5.364179611206054688e-03
1.538927555084228516e-01 4.942417144775390625e-03
8.328580856323242188e-01 2.811670303344726562e-03
1.937706470489501953e-01 2.892971038818359375e-03
5.531001091003417969e-01 4.950284957885742188e-03
8.013949394226074219e-01 2.786874771118164062e-03
7.769935131072998047e-01 3.057003021240234375e-03
4.549920558929443359e-01 4.985094070434570312e-03
4.536554813385009766e-01 5.172491073608398438e-03
4.477665424346923828e-01 5.246639251708984375e-03
4.719452857971191406e-01 2.868890762329101562e-03
4.906020164489746094e-01 3.036022186279296875e-03
4.955737590789794922e-01 2.974510192871093750e-03
4.706091880798339844e-01 3.023862838745117188e-03
4.540596008300781250e-01 3.039836883544921875e-03
4.992945194244384766e-01 4.690170288085937500e-03
7.089195251464843750e-01 2.717971801757812500e-03
4.741733074188232422e-01 2.857446670532226562e-03
5.737011432647705078e-01 2.886772155761718750e-03
6.322631835937500000e-01 2.691030502319335938e-03
6.838610172271728516e-01 3.340244293212890625e-03
5.341231822967529297e-01 3.046274185180664062e-03
5.828237533569335938e-02 4.832267761230468750e-03
5.861258506774902344e-02 4.902839660644531250e-03
6.095242500305175781e-02 4.812002182006835938e-03
7.208538055419921875e-02 5.000829696655273438e-03
5.997514724731445312e-02 4.622220993041992188e-03
7.500376701354980469e-01 2.992391586303710938e-03
5.845606327056884766e-01 5.010843276977539062e-03
5.864834785461425781e-02 5.138874053955078125e-03
5.663132667541503906e-02 2.801418304443359375e-03
5.911731719970703125e-02 5.020141601562500000e-03
5.663633346557617188e-02 4.264354705810546875e-03
6.690621376037597656e-02 4.526853561401367188e-03
6.117367744445800781e-02 5.450963973999023438e-03
5.924773216247558594e-02 4.953861236572265625e-03
6.040072441101074219e-02 5.302667617797851562e-03
5.818462371826171875e-02 5.107879638671875000e-03
8.816027641296386719e-02 4.931688308715820312e-03
5.383617877960205078e-01 3.041267395019531250e-03
6.266713142395019531e-02 5.136489868164062500e-03
5.711054801940917969e-02 4.890441894531250000e-03
5.040073394775390625e-02 2.884626388549804688e-03
5.876994132995605469e-02 5.012273788452148438e-03
4.122424125671386719e-02 2.791166305541992188e-03
5.843067169189453125e-02 4.914283752441406250e-03
6.177186965942382812e-02 5.170345306396484375e-03
5.908918380737304688e-02 4.701614379882812500e-03
5.488681793212890625e-02 4.624128341674804688e-03
4.850339889526367188e-02 4.815101623535156250e-03
4.814851284027099609e-01 2.912998199462890625e-03
5.853295326232910156e-02 2.834081649780273438e-03
5.096936225891113281e-02 2.767324447631835938e-03
5.470967292785644531e-02 4.688501358032226562e-03
4.873275756835937500e-02 3.874540328979492188e-03
5.144333839416503906e-02 4.001855850219726562e-03
5.068397521972656250e-02 3.980159759521484375e-03
3.966116905212402344e-02 4.953861236572265625e-03
5.322098731994628906e-02 4.241466522216796875e-03
5.189323425292968750e-02 2.798318862915039062e-03
4.150700569152832031e-02 2.796411514282226562e-03
3.855676651000976562e-01 2.412557601928710938e-03
4.353117942810058594e-02 5.516290664672851562e-03
4.484844207763671875e-02 4.753112792968750000e-03
6.382036209106445312e-02 6.731033325195312500e-03
3.350377082824707031e-02 2.785682678222656250e-03
3.177165985107421875e-02 3.073453903198242188e-03
5.480003356933593750e-02 3.002166748046875000e-03
4.810523986816406250e-02 4.890918731689453125e-03
3.100132942199707031e-02 2.882003784179687500e-03
3.163814544677734375e-02 2.933979034423828125e-03
2.783656120300292969e-02 2.505064010620117188e-03
6.033833026885986328e-01 5.195140838623046875e-03
4.468965530395507812e-02 3.385782241821289062e-03
3.558063507080078125e-02 4.595041275024414062e-03
5.132842063903808594e-02 4.320859909057617188e-03
9.255743026733398438e-02 2.787113189697265625e-03
2.599430084228515625e-02 2.362728118896484375e-03
3.253388404846191406e-02 2.950429916381835938e-03
5.315685272216796875e-02 4.009485244750976562e-03
3.146409988403320312e-02 2.806901931762695312e-03
4.344201087951660156e-02 2.965211868286132812e-03
5.303382873535156250e-02 3.955364227294921875e-03
7.525212764739990234e-01 5.195856094360351562e-03
5.729436874389648438e-02 4.471063613891601562e-03
3.223824501037597656e-02 2.659797668457031250e-03
5.745697021484375000e-02 4.803180694580078125e-03
5.363321304321289062e-02 4.276514053344726562e-03
3.014349937438964844e-02 2.795219421386718750e-03
5.407643318176269531e-02 5.037784576416015625e-03
3.100061416625976562e-02 2.889633178710937500e-03
4.578781127929687500e-02 3.818273544311523438e-03
4.758906364440917969e-02 4.930496215820312500e-03
8.557033538818359375e-02 2.785921096801757812e-03
4.419720172882080078e-01 5.305051803588867188e-03
2.683668136596679688e-01 2.964973449707031250e-03
2.024369239807128906e-01 4.987239837646484375e-03
7.381596565246582031e-01 4.824638366699218750e-03
1.376541137695312500e+00 3.083944320678710938e-03
7.705597877502441406e-01 5.710840225219726562e-03
5.201172828674316406e-01 5.170106887817382812e-03
4.291205406188964844e-01 3.336191177368164062e-03
4.462883472442626953e-01 4.942417144775390625e-03
8.584916591644287109e-01 5.320072174072265625e-03
6.474988460540771484e-01 5.174636840820312500e-03
5.741307735443115234e-01 4.324197769165039062e-03
6.933598518371582031e-01 5.046367645263671875e-03
6.567187309265136719e-01 5.245685577392578125e-03
5.199580192565917969e-01 4.992961883544921875e-03
8.240213394165039062e-01 5.221605300903320312e-03
5.004653930664062500e-01 5.026340484619140625e-03
6.270587444305419922e-01 4.927635192871093750e-03
4.974327087402343750e-01 5.986213684082031250e-03
6.311793327331542969e-01 5.094289779663085938e-03
4.586575031280517578e-01 4.557132720947265625e-03
9.297444820404052734e-01 5.394458770751953125e-03
5.431532859802246094e-01 5.127191543579101562e-03
2.649691104888916016e-01 4.937410354614257812e-03
3.639113903045654297e-01 5.258321762084960938e-03
1.961176395416259766e-01 5.290985107421875000e-03
8.590409755706787109e-01 5.623579025268554688e-03
1.184215545654296875e+00 3.150939941406250000e-03
9.912207126617431641e-01 2.853631973266601562e-03
1.106946706771850586e+00 5.454301834106445312e-03
1.151058673858642578e+00 2.970933914184570312e-03
1.115283489227294922e+00 3.080844879150390625e-03
1.128789186477661133e+00 2.916097640991210938e-03
1.036736011505126953e+00 3.102779388427734375e-03
7.454116344451904297e-01 5.936622619628906250e-03
3.758914470672607422e-01 5.852460861206054688e-03
2.941648960113525391e-01 6.130218505859375000e-03
8.025949001312255859e-01 2.879142761230468750e-03
2.967195510864257812e-01 5.281448364257812500e-03
2.773380279541015625e-01 4.966974258422851562e-03
2.655272483825683594e-01 5.159616470336914062e-03
2.738857269287109375e-01 4.968404769897460938e-03
4.030554294586181641e-01 4.907846450805664062e-03
3.411221504211425781e-01 4.964113235473632812e-03
2.070393562316894531e-01 5.288600921630859375e-03
4.148032665252685547e-01 5.251407623291015625e-03
4.002032279968261719e-01 2.892255783081054688e-03
3.898403644561767578e-01 4.994392395019531250e-03
7.274546623229980469e-01 2.890110015869140625e-03
3.855884075164794922e-01 5.192279815673828125e-03
4.221944808959960938e-01 5.292892456054687500e-03
5.881142616271972656e-01 3.380060195922851562e-03
2.817039489746093750e-01 4.966259002685546875e-03
2.831172943115234375e-01 4.883766174316406250e-03
3.397502899169921875e-01 4.970312118530273438e-03
3.941061496734619141e-01 5.192518234252929688e-03
2.190463542938232422e-01 4.930734634399414062e-03
7.870793342590332031e-01 2.931356430053710938e-03
5.217349529266357422e-01 3.138780593872070312e-03
6.483244895935058594e-01 2.651929855346679688e-03
4.689142704010009766e-01 2.814769744873046875e-03
7.955489158630371094e-01 2.643585205078125000e-03
8.227562904357910156e-01 2.460956573486328125e-03
3.206937313079833984e-01 3.793716430664062500e-03
1.587502956390380859e-01 4.832267761230468750e-03
1.648306846618652344e-01 4.881620407104492188e-03
6.433672904968261719e-01 2.779722213745117188e-03
7.284133434295654297e-01 4.145860671997070312e-03
7.396571636199951172e-01 2.650976181030273438e-03
7.112870216369628906e-01 2.632379531860351562e-03
