3.911803680191552196e-02
3.411620916848364521e-02
1.385287544439727514e-01
4.295089564252190656e-02
1.349438064937996673e-01
5.212245912138167153e-02
4.856833145950219949e-02
4.878821756657501091e-02
4.663683522130927100e-02
2.249730948994983423e-02
1.914346387219258983e-01
2.750655659595711844e-02
4.743641723675471461e-02
2.891920467985313950e-02
8.266118125664395633e-02
9.769619352463375372e-02
6.694400187559070015e-02
5.385489257413098724e-02
2.823148336824574459e-02
3.257727095272558437e-02
9.850409593844178247e-02
4.513767486742320534e-02
3.380819771703264531e-01
2.854775773968022679e-02
7.791854171245389538e-02
1.125865009608008338e-02
6.674386036246265919e-02
1.442186285460583528e-01
4.182451854944604364e-01
3.445251209420397420e-01
1.998865493985089170e-01
2.322471184408108347e-01
2.478251173733275470e-01
2.399322202542610860e-01
4.561537617055591576e-02
6.033477283141747138e-01
2.239765295157790936e-01
4.573634679724280505e-01
3.633756701113350918e-01
4.613245456061186300e-01
3.301394925214375387e-01
5.218935977387456626e-01
1.711578530764218120e-01
2.074558867744592805e-01
2.657795712723168835e-01
7.111614286542700114e-02
3.004642255870575984e-01
3.682329852974670081e-01
1.800102300534517086e-01
4.085554598889671318e-01
3.676717306150754649e-01
2.723423394685254295e-01
3.386979744609091014e-01
3.843912306074686036e-01
3.422125626649981101e-01
2.710813905238982913e-01
4.712094030503258257e-02
2.888177024158000150e-01
4.477427252954054304e-01
3.806220078827831643e-01
4.124399159374989021e-01
2.717760142727378425e-01
5.105980456162613201e-01
1.855647034681094654e-01
2.275800442449126548e-01
4.570935349618125421e-01
4.090357488548730380e-01
4.325266113385201061e-02
3.441587335717670726e-01
2.907381809024913166e-01
5.406451075765970060e-01
1.812632085469102206e-01
4.357281765010762586e-01
2.503634999052145038e-01
2.431114668310141447e-01
2.091597354135458497e-01
4.438822323721791641e-01
1.915647035563049772e-01
1.914897917563154403e-02
7.691979119841987726e-03
3.540661423262789209e-02
3.410620877114231130e-03
3.435890103091934333e-03
9.677812117426756733e-03
4.786353293422341247e-03
4.539058272541584248e-03
5.388039717596833367e-03
4.134154133629154744e-03
3.343472575779640656e-03
3.099566943098014393e-02
4.398537248022835015e-03
5.635121183318781042e-03
1.666433319517770682e-03
4.393580325347438455e-03
4.104079103223078583e-03
4.856334211684155792e-03
3.930822218401140537e-03
1.168483088506887908e-03
3.430369108141113205e-03
6.969903367030603342e-03
2.142020389521947718e-02
4.048987633631065571e-03
4.479101255240060080e-03
4.733224338231189869e-03
2.575398140029296328e-03
3.960930893945114641e-03
5.250730206521733202e-03
5.825172629486697999e-03
4.847662989223047204e-03
3.757884801194854782e-03
4.646676728696078930e-03
1.012815359773640428e-01
3.271349745175573115e-02
3.903306562756490763e-03
4.527697995096078253e-03
9.497124807346738959e-03
6.116583083958951859e-03
3.375180961582854768e-03
3.571487884634542195e-03
3.802122008699544784e-03
5.584742958892022387e-03
3.179410809001153530e-03
1.119552188426861661e-02
4.518718539693259567e-02
4.089428702610540915e-03
4.391066618366910521e-03
7.888902900685128630e-03
8.979593989860945938e-03
3.422133473835009803e-03
4.087810678986240377e-03
5.050142389951720739e-03
2.970875455311561882e-03
2.867589495501481674e-03
8.642156028533581544e-03
4.923094811226639417e-02
2.381654194352340187e-03
3.577197340496194450e-03
1.307633628294279371e-01
9.504762341829673875e-03
1.504508257363815389e-02
3.490713767266217463e-03
2.527290001657208837e-03
8.736207050174431624e-03
4.197987529385766026e-02
9.004064802049084257e-03
3.845022292618417020e-02
1.280664091975584375e-02
7.432724456891586125e-03
4.398032217470366871e-03
1.163139971788609839e-02
4.914055617742336089e-03
3.680018609947630342e-03
3.051047282860673560e-03
6.356464869209828283e-03
4.740370764617934767e-03
5.771987804729729159e-03
8.140728679733483242e-02
3.469390876860067863e-02
3.367370234799834262e-03
3.571210012868747310e-03
4.284656264844824425e-03
3.502927787372446620e-03
3.388327066665757989e-03
5.124850084983430254e-03
1.685490858418249235e-02
9.497165325989728388e-03
1.583369272041562636e-02
9.490143767326382485e-02
3.691275410358303699e-03
5.682303689817857877e-03
4.046398737066842118e-03
5.275261247212754447e-03
3.581671517779714750e-03
1.399906054795799215e-02
8.802115089251395449e-03
3.344775817309599691e-03
4.793639224841887009e-03
4.138491253312674874e-03
2.236798561772992966e-02
9.013654451468887732e-03
8.518373072763323062e-02
7.681923577006683108e-03
8.589223228176642508e-03
4.090583056423149205e-03
9.672602449695996349e-03
2.354722423793856843e-03
1.091731247079088911e-02
1.406456573557208524e-02
6.045113843952264372e-03
3.109705517107519412e-02
3.715633866629446894e-03
4.355906632997431221e-02
7.700129589350225567e-02
3.505384515275062045e-03
5.515568626813498881e-03
8.024899222583908170e-03
7.566549273246195306e-03
9.513544018851910131e-03
3.567372401724130167e-03
1.128509747918760540e-02
6.312095286621947909e-02
3.785232834153638443e-03
3.696438448181894182e-03
7.283534668174104949e-03
4.952081511005463309e-03
9.103070141503846399e-03
4.593029003331153270e-03
7.038457552058947735e-03
7.030646547202976278e-03
4.379168441537983382e-03
1.725395874816587974e-02
7.339811716177079004e-02
5.471751051321032018e-03
4.920123519042598169e-03
7.608891534334351510e-03
3.865905617743946917e-03
4.913820742185209291e-03
2.371256647262800620e-03
3.861335760634872823e-03
4.347939227430046467e-03
4.612373605549688858e-03
3.936483233648916356e-03
1.134032989659226470e-01
2.851137788245351398e-02
4.241881215015113650e-03
4.221948447859695183e-03
4.249470910077118684e-03
4.562835387463135689e-03
5.241232642889140543e-03
5.769211006471133309e-03
5.147350423183856202e-03
4.582355812911024714e-03
6.876102471786088750e-03
4.351240210055898165e-03
4.098304671262400362e-02
6.173603713661646002e-03
6.833595807382408793e-03
4.425863486870369040e-03
6.091505166739903665e-03
5.642795247118256342e-03
5.649052083285445273e-03
8.667231767424968258e-03
4.863769468181930282e-03
3.564252924145952430e-03
3.120371381167620726e-03
3.791339194561354348e-02
4.052663200005443382e-03
4.960632765577863666e-03
4.908295876581639759e-03
4.384131807069323143e-03
3.622092983817148341e-03
1.309117495103861994e-02
6.622673337115222818e-03
7.693650520479306150e-03
8.669718924741873223e-03
2.574352331551388318e-01
1.108702945966599379e-01
2.639331310699191691e-01
1.978492490896414380e-01
1.893314424957663888e-01
2.885571196739484257e-01
1.574519223202583695e-01
3.266001447976167316e-01
1.593564056356108205e-01
2.963919412599345660e-01
1.447302249310581657e-01
1.708627288537573341e-01
6.377662995812558022e-02
2.502547425652840718e-01
4.564777687825070096e-01
3.313885777409896760e-01
3.017593280962365676e-01
2.146408429540851426e-01
3.086733316324515863e-01
3.591425277914763736e-01
3.891929271966564907e-01
2.246254852925371470e-01
9.116165134342347764e-01
6.192373896436296349e-02
2.640434091741974965e-01
3.437404776465631251e-01
1.759546215146348125e-01
1.471000461426542338e-01
3.452363929956295263e-01
1.784037387598208790e-01
2.878068150899866784e-01
1.254748398501824846e-01
2.842563395702393247e-01
1.555800820084010383e-01
3.241115970578286459e-02
1.943970814999032848e-01
2.881350797004099129e-01
1.027032458870724696e-01
2.016328926149668355e-01
1.325204521176448491e-01
1.426872660955650629e-01
3.490738082641235418e-01
2.290309937083740144e-01
1.843552110739935523e-01
2.906693158340112881e-01
1.857259710718694723e-01
3.984205484172680944e-01
1.950468799994215241e-01
1.511181783205271800e-01
1.866794220129176785e-01
3.140414389423979991e-01
2.677576149083229495e-01
2.812879003756938445e-01
3.468555958014352680e-01
1.793633994193011005e-01
2.428276006012922983e-01
1.171375198656602196e-01
1.826001933193918125e-01
2.615685203694556038e-01
2.381939550276710449e-01
1.409935963611038401e-01
2.479974369856271232e-01
2.484672592190367846e-01
2.829139973688423737e-01
2.457150630452557272e-01
3.397086969936237710e-01
2.179277881185307797e-01
2.851492926547017845e-02
1.978427666213599390e-01
2.401512409983262708e-01
1.222809763899833507e-01
1.846160945747744864e-01
3.269396535259048719e-01
2.539154112163807819e-01
2.709347495278451867e-01
4.212473294588570671e-01
2.476539051543014958e-01
3.407225392646731077e-01
7.356946240467719667e-02
2.777976860070329249e-02
3.139096379107834678e-01
2.018717262499357956e-01
2.053547871618890130e-01
1.934342060471266611e-01
1.879609794436350179e-01
2.704987646163994897e-01
1.149953091240351749e-01
2.745113809073699840e-01
3.803060449809760324e-01
2.253527757170076251e-01
8.018739881425111793e-02
2.703867567975349884e-01
1.342534882322989065e-01
2.027690411084323296e-01
2.151416995691642908e-01
2.683067447390033444e-01
3.352460629384728524e-02
3.265743825635397668e-02
7.683704039919253548e-02
2.591349244246649378e-02
4.670522289090997536e-02
2.585438356974703589e-02
7.756515195590908684e-02
5.479845885230353458e-02
7.535822770236950963e-02
4.313712860655619791e-02
4.834998637302836966e-02
3.434124912384121930e-02
4.462301718929168048e-02
2.124485416915304278e-02
6.780010808333097883e-02
8.950012669371548713e-02
1.073069478615683824e-02
5.630361718742549204e-02
4.334979379323372628e-02
2.658509099345675655e-02
2.800176029743483078e-02
1.069523733724886821e-01
2.191096706104473102e-01
2.918188558049777948e-02
5.442733410683836537e-02
5.605053602835684962e-02
8.619596084204006470e-02
3.449112847284698663e-02
4.696744388910063100e-02
1.062228468965031869e-01
4.028252949170274544e-02
8.316891388327861401e-02
1.602133317394012144e-02
1.809996482059018919e-01
1.591214695527697343e-01
8.330398154900681140e-02
5.377132517891856228e-02
1.366826470141429828e-01
1.320385595785138477e-01
1.975519198372222354e-02
2.927505222226793949e-02
3.305371651481214118e-02
2.128924080882340156e-02
3.297885825295848727e-02
4.150573187921712676e-02
1.855397602352575059e-01
7.816285246338272596e-02
3.333477017717079716e-01
6.651961254426784487e-02
1.068097940977584676e-01
2.435532984533653189e-02
1.089680211984153657e-01
4.272693230829155420e-02
3.074114196992762393e-02
3.433345375516505538e-02
8.047052481672409274e-02
8.461412307515424336e-02
4.746212163493120778e-02
4.500699637197617259e-02
1.631745304548847531e-01
2.627184574350699756e-02
3.288889580434507104e-02
3.067446639043274262e-02
