9.708391352179846834e+00
3.071248781124594540e+00
4.047005741197097883e+00
1.115715849825082540e+00
3.071691504748209844e+00
2.774405166300309755e+00
1.380211249224370329e+00
5.081311687511933961e+00
7.390126555809322095e-01
6.460689099879868280e+00
2.109280666576133001e+00
2.279338326829015493e+00
8.331836349526592356e-01
2.611487152918751775e+00
5.307086833015883798e+00
1.552815725582920470e+00
3.488460532181330009e-01
2.773844059350728308e+00
3.595901438157834473e+00
2.243522607187617091e+00
3.122583332479360596e+00
8.298487752290509833e-01
3.124242593822135650e+00
2.482939591837151738e+00
2.525017896324272204e+00
4.028383811079891963e+00
1.041748787009169286e+00
8.853619275569019065e-01
2.430734343008378318e+00
3.545132691683887671e+00
1.593745065858130916e+00
4.085520463930924606e+00
2.827162677515007605e+00
1.505716529342369991e+00
3.860818305668876960e+00
4.283941093418602186e+00
7.380142401956907294e-01
6.642730636767325336e+00
3.030218117804841960e+00
3.418850011646316744e+00
2.176048231613756823e+00
4.334907247998084578e+00
1.254299382323137646e+00
4.910495222882164668e-01
3.029760696786923280e+00
3.642332240124179332e+00
3.363860472669962132e+00
1.906737509895474858e+00
2.710529942303512296e+00
9.693194456074596399e-01
1.275457115997885360e+00
1.035920064215116509e+00
3.731448367400965971e+00
9.069023220219964987e-01
8.203106238626907132e-01
1.711998097965582888e+00
7.304335645944872724e+00
2.960923216462736818e+00
4.125818796438610825e+00
3.213706682636184198e+00
2.359142552160329753e+00
2.473066215720819194e+00
3.719285838281547463e+00
5.443331200857683072e+00
1.170274201174249074e+00
3.453697449591703883e+00
1.905319721771117969e+00
7.628710710102784454e+00
2.622937965983702657e+00
2.739878513787803893e+00
4.088619938887490868e+00
4.816407483898325737e+00
1.636144787922577226e+00
4.414483591380209404e-01
1.479412289735374753e+00
1.444117281195243851e+00
2.709064029968414555e+00
4.901466084754866337e+00
5.849217038103696531e+00
7.875207545534122389e+00
2.694412759026308724e+00
3.239311090084303846e+00
1.316824454690446844e+00
1.023990376931708690e+00
3.328341314313273624e+00
1.878449709875697815e+00
1.256855733468291048e+00
3.518880919608958990e+00
1.465814468835157758e+00
7.659996136964735136e+00
3.002071710481689415e+00
5.265048105162657421e+00
6.896070166486747866e+00
5.586308170022920905e+00
4.369524735443985897e+00
3.376176405551014614e+00
1.346644203194391265e+00
2.118808537247723223e+00
4.279848380575068667e-01
4.129160389876393999e+00
8.140284306205685105e-01
1.009668232743532457e+00
2.493771692510534432e+00
1.446225291307683181e+00
1.539719659735084178e+00
1.250517858501142943e+00
1.197251269701076204e+00
1.105162793768409868e+00
1.288467890042665154e+00
3.538156941161701763e+00
8.950942363475120622e-01
8.084388117719704780e+00
1.756509827060898088e+00
7.107966230570591515e-01
2.048149978042318242e+00
6.000525543334284118e-01
4.082153392107175094e+00
2.187884852332905528e+00
6.583003318820090932e+00
1.529034013394856784e+00
1.120404647077286597e+01
2.370966871890096694e+00
1.056733075981187042e+01
8.467096920753125477e-01
7.397494737179960644e+00
2.529711340770158134e+00
1.126496116282865279e+00
1.092550287214011817e+00
2.988523407786940034e+00
4.571392311409489650e+00
4.271480501999505464e+00
8.291246783192955938e-01
1.109955194837043635e+00
2.412822332280129434e+00
5.397598887423770142e-01
9.752811362499744785e-01
2.004382256282132513e+00
3.534623186791403082e+00
1.218546844515506766e+00
1.361176354239398423e+00
1.075272351022141359e+00
3.181576351790767365e+00
4.442442387654649272e-01
1.304028071523956944e+00
8.985731824085670949e-01
1.720624721020657555e+00
1.306696593384596428e+00
2.050297721409052532e+00
1.190397107367730412e+00
1.394821036798181035e+00
1.853303786893907956e+00
1.787764535339465999e+00
8.917087719629593900e-01
1.723131128220947383e+00
2.948067333400484547e+00
1.063848955257710616e+00
1.767851442701605658e+00
2.260864348415486003e+00
1.425354154273396512e+00
7.229525091268245163e-01
5.317905203700295402e+00
5.132617651635192679e+00
6.959914688883092060e-01
1.510281971079544538e+00
3.624427765991069528e+00
4.303918160218564104e+00
9.951390972274616331e+00
1.554868685031484343e+00
3.127230994922299612e+00
8.639673453612944698e+00
3.085323355329043338e+00
5.056623456693720264e+00
3.408578892192054788e+00
4.080526230763852347e+00
2.912894640286728176e+00
1.279799605411389984e-01
6.229751848724911945e+00
2.652967245993775869e+00
6.467287244749361230e-01
1.864041552615807840e+00
7.864487136709680248e-01
2.459878355366056812e+00
3.933733560303927845e+00
1.434035959257728532e+00
1.812735027189637416e+00
1.569448091564546344e+00
3.600023757240454980e+00
8.088302089885246460e-01
1.080935549165549014e+00
6.172630709187625353e-01
9.999708512432335938e-01
9.851499947935885571e-01
1.403325555472123343e+00
6.072463225320134939e+00
4.811364621880724002e+00
3.870669657746103720e+00
2.351690506982040407e+00
2.870921186911139067e+00
8.282661888727346211e-01
2.164013345784161046e+00
1.547904458488325030e+00
1.968054944840932130e+00
1.874408425302136028e+00
7.164946955815310048e-01
1.526186319593451746e+00
9.836163574964684742e-01
1.217223373900755590e+01
2.170777152721523606e+00
2.742521519557915344e+00
2.053808136920135752e+00
1.578171219650631896e+00
9.985858749495867270e-01
3.074736277057056100e+00
2.447854502233814067e+00
3.124786062510991780e+00
6.188983792117986882e-01
2.242252086629838992e+00
1.207449714880646896e+00
7.795206897672759538e-01
6.902759705318752825e-01
7.577215276948542355e-01
6.179782238144867490e-01
4.075958694588937448e+00
1.055141200106437527e+00
7.144942207378065513e-01
9.192499715268451776e-01
9.579432350730568979e-01
6.788243747877339418e-01
7.392250893899698916e-01
9.816944210799514181e-01
8.818100311380411283e-01
6.216141846137077653e-01
7.254163849325651059e-01
1.386666366379771587e+00
1.376611906907233562e+00
1.542782887023681271e+00
8.159776750423090030e-01
1.241999690030994863e+00
5.071222289154427854e-01
1.049280977832160122e+00
4.770105076334973382e-01
8.805710642954099887e-01
6.164946661004071515e-01
8.184170373177138691e-01
1.260039703032414637e+00
8.846582112165016776e-01
2.425712044289139335e+00
7.351851040627467304e-01
1.041624495761886537e+00
1.900886762854302026e+00
1.957753931741461173e+00
5.828770400855435296e-01
1.101620275302361618e+00
1.271230175978351973e+00
9.863717273231413785e-01
1.271350056422927199e+00
1.104215366170048895e+00
1.084822449039669845e+00
1.173165372554368924e+00
7.200309643020760264e-01
1.759483316668095876e+00
1.155155900083145060e+00
1.699851773081257678e+00
1.333829983250357731e+00
1.869984764483908046e+00
2.076785967039685321e+00
6.832684617229242141e-01
1.569930099529575518e+00
1.448983919151126454e+00
1.074171263259774411e+00
1.051988409708264127e+00
1.126210477025758383e+00
8.078462756345964335e-01
1.727441075185868424e+00
6.732182089407132697e-01
7.571060776032942918e-01
1.053389385605008499e+00
3.289064848344308789e+00
1.027416899963304875e+00
1.534052078010743836e+00
7.498601265496012136e-01
5.991740351868602765e+00
9.187362264674665546e-01
1.215872715415099004e+00
2.031401048095760054e+00
8.273493972793845019e-01
8.408807935755404639e-01
9.413874694901502860e-01
1.523562477961663220e+00
2.032006133319147700e+00
2.545366885481898045e+00
1.495557566341033873e+00
3.687608883461810372e+00
7.783090250287627576e-01
3.799257740066655842e+00
1.985233244696863020e+00
1.932852862114814663e+00
1.974296289872228272e+00
3.822140313688955349e+00
5.584813994030237261e+00
4.151286609387652149e+00
5.558064387839186438e+00
3.318545243433722369e+00
2.566925191684705787e+00
7.090764860551027615e-01
2.563377114837781079e+00
1.449889224731738535e+00
1.935874768909882304e+00
1.006302688593414540e+00
3.386700412757986944e-01
2.166517300876352081e+00
4.673086424023916052e+00
3.061188399915981684e+00
3.260055330944755969e+00
8.384383390291264559e-01
7.640854342859206838e-01
6.910084208591844579e+00
4.006082912657743300e+00
3.710035161815876670e+00
2.764138346110327937e+00
3.413247171606629049e+00
3.223129443792416282e+00
2.944480785640799514e+00
9.226748181832153506e+00
1.407871520902078011e+00
1.142731467248722987e+00
1.028809571393052957e+00
2.629472501850943278e+00
2.025997673476732874e+00
2.115345772785325096e+00
2.115209278476803512e+00
1.339960732414281708e+01
2.906550886181453297e+00
3.445975667727745773e+00
5.837000377481908586e+00
4.763212269065265403e+00
2.382314421936593263e+00
1.807965006367860727e+00
1.911909670771340330e+00
2.456648728206077603e+00
1.580795983362184742e+00
1.145186280835218007e+00
1.060172114649731379e+00
4.757784765630520774e+00
3.971275443437471075e+00
5.260929984717417796e+00
1.218131969269315773e+00
1.031312344148241689e+00
8.114258867881013471e-01
1.032748078202487596e+00
1.322332468947089446e+00
2.691415720619211971e+00
8.240769217980981054e-01
2.847881290234168805e+00
2.418104620820848982e+00
2.969639310789455866e+00
5.336296277359326989e-01
4.344845710926522053e-01
5.579515011174159156e+00
