id,0,1,2,3,4,5,6,7,8,9,10,11,12
W1,35420.24765453254,35542.96158592199,35557.09276213605,35562.76338567685,35578.329160168105,35594.60977177382,35609.98886160846,35625.30782807992,35640.70882839773,35656.11477814863,35671.51319114205,35686.91112658402,35702.30967965095
W10,5147.046800705932,5171.497988793571,5193.942450419868,5216.2786276795405,5238.601270626412,5260.770351484337,5282.782146456551,5304.648736041356,5326.371904005504,5347.952364848521,5369.391591216821,5390.691109459119,5411.8523725432415
W100,11428.137694276715,11419.700256061144,11411.606764563308,11421.351262439017,11427.078746915851,11429.931686635578,11434.270661053288,11438.889757945031,11443.135305443546,11447.406476071801,11451.752936187395,11456.079434349076,11460.396557981316
W101,9847.024254271317,9839.421725186456,9839.302896627276,9860.02611793942,9875.40869102615,9884.875375498686,9896.740982922063,9910.046213047826,9922.31761993421,9934.20436241382,9946.399932927001,9958.610041089936,9970.662368569976
W102,15914.595626866414,15926.285304270488,15939.53887725428,15949.82468227408,15960.81719757428,15971.847777468396,15982.820533762402,15993.812996328157,16004.811083423678,16015.81277018393,16026.819696525334,16037.831569962185,16048.848351815117
W103,4080.452044977308,4072.367473555643,4081.6612749602464,4086.5205246888954,4090.7491674802136,4095.7287962735513,4100.49851750852,4105.224513678181,4109.968274676716,4114.687562519308,4119.389725723643,4124.077589332103,4128.749384895311
W104,1028.5652993632843,1025.7688032455617,1022.6087618768776,1019.7809345776939,1017.0340853832176,1014.2151133023676,1011.3859897212706,1008.5801516082291,1005.7823646251078,1002.9853073414438,1000.1926329330502,997.4058707877416,994.6240856662207
W105,9168.243375709028,9172.354323129233,9175.478458082122,9178.469776111824,9181.379477420534,9184.269012174262,9187.151498768892,9190.032882209129,9192.914938579535,9195.798323491304,9198.683251870687,9201.569797650582,9204.457984537285
W106,2153.8414043832677,2153.915323671001,2154.5429900590766,2156.924997925214,2159.140742828013,2160.574674887123,2162.0352879255347,2163.829838839639,2165.620369857759,2167.2567348181633,2168.8792459324395,2170.5601713752944,2172.24181139162
W107,23889.861820536797,23903.148043400968,23922.543247912377,23941.33199132121,23959.551946228825,23977.887783003876,23996.288792833388,24014.68840061976,24033.096373096818,24051.51887428445,24069.95450237411,24088.402742232767,24106.8637923055
W108,15951.752700449695,15954.94902225484,15962.003559881614,15968.925399561418,15975.752339610128,15982.608056645413,15989.45960444473,15996.311290332893,16003.163111797488,16010.014925551106,16016.866768386499,16023.718635668054,16030.570527355645
W109,14195.574100866419,14197.847663009994,14203.306088349138,14209.490736778953,14215.320758333492,14221.203888739348,14227.09199871607,14232.976027227149,14238.860840478277,14244.745662065314,14250.630435868354,14256.515217196478,14262.399994758915
W11,350.3208489200857,366.3159573518201,380.70714670988184,396.5115052198182,411.8633814555177,426.4879024071122,440.83691088389173,454.895980717779,468.5844760000173,481.93108187266614,494.9579458889913,507.6653484420209,520.0587275966126
W110,7323.830164115716,7330.33024515315,7335.100932469056,7339.655580054726,7344.132904354514,7348.6107611953985,7353.100648070663,7357.606751054271,7362.129753340048,7366.669767731585,7371.226710398349,7375.800459191243,7380.390881418433
W111,1064.1176571153896,1058.2445443272468,1052.4947777000843,1046.7729724371804,1041.0848514971244,1035.4337062461111,1029.8185166484134,1024.2385201307013,1018.693144466223,1013.181810856921,1007.7039430843708,1002.2589756051784,996.8463527120609
W112,9511.832876396391,9524.433500835212,9539.310662717975,9552.707919702561,9566.452825255607,9580.246215191915,9594.03644730102,9607.865761545356,9621.724429316542,9635.612307248623,9649.530363252032,9663.478397470937,9677.456508662908
W113,740.2864646527453,743.0542758125746,742.695801839207,743.2356982194133,743.8667001419037,744.3533943370803,744.8422359095237,745.3223853610153,745.7807770856978,746.2219730145218,746.6463803661361,747.0535283770571,747.4436155052533
W114,10532.088096011725,10570.471010294597,10586.32791274799,10596.308337646502,10609.493570575098,10623.395084820771,10636.804845840516,10650.091975577916,10663.416573199147,10676.7244359375,10689.99461513011,10703.235183154899,10716.449022893765
W115,11273.517321737232,11311.336335540193,11320.259391874375,11326.268188930344,11336.428606561549,11346.623044152726,11356.245483781157,11365.904791952426,11375.631205140106,11385.339757519418,11395.033598620204,11404.723973693086,11414.409513256702
W116,14316.535567935933,14246.11102911788,14252.353843017154,14259.364868727207,14257.284249297365,14258.762083326917,14259.86026197575,14260.706601308944,14261.70128427411,14262.66932360046,14263.634954818013,14264.60852219778,14265.583100143296
W117,7070.175251563405,7073.536142802168,7076.743741618808,7080.006245335728,7083.335923582502,7086.732754463106,7090.195374911462,7093.722343169589,7097.312238893518,7100.963672199347,7104.675283819759,7108.4457445041635,7112.273754362491
W118,1736.9037886389262,1735.515833109457,1735.3396977567475,1737.4079450108547,1738.9773650231893,1739.3979860470756,1740.009890542759,1741.203409741531,1742.3274785983199,1743.155209669725,1744.0011298686866,1744.994037801715,1745.982949978129
W119,1024.591426324303,1026.5813664524358,1026.7672429119425,1027.6283931930932,1028.2670182915542,1028.7457786323746,1029.1057516413725,1029.3419970145665,1029.4598903383487,1029.4648173988119,1029.3613640220087,1029.1540318447871,1028.8471436395525
W12,1037.5575264536944,1038.5028354336218,1038.8751927482408,1039.265457751811,1039.6388893971412,1039.964584810178,1040.2510543770602,1040.5036714510977,1040.7251257462744,1040.9181535990108,1041.0853652872463,1041.2291078028159,1041.351508965584
W120,881.1505928210191,883.2322905173132,884.1411043527214,885.34632959816,886.4934881847277,887.5684075835005,888.6058377149656,889.5980671683249,890.5459114687114,891.45111626403,892.3144215157284,893.1367591989411,893.9190581894745
W121,10382.392401722875,10374.386374265,10383.533762133937,10392.855759494245,10398.86505636177,10405.919465896166,10413.270566037756,10420.332200054145,10427.436530238383,10434.587424395006,10441.720479373442,10448.855825315924,10455.999192899904
W122,382.19849689845023,389.8821940298053,395.72239890140713,403.1893614927078,410.29384677881876,417.25564845230247,424.26406396160814,431.2254094422665,438.1468500223343,445.03863861420587,451.8965753700427,458.72099282801037,465.5125914524531
W123,487.8409921656955,493.91701035914934,498.2879681772158,503.8742703497626,509.2688635360855,514.5654653638062,519.8945320932853,525.2063585578242,530.5012310291352,535.7847175838376,541.0551656026278,546.3124966520106,551.5569728695014
W124,8478.38032063714,8472.932427942756,8476.485568764663,8479.099221854118,8482.686812864451,8486.175927183764,8489.770494595656,8493.354810728039,8496.950605023498,8500.545392933747,8504.141489187567,8507.737546523433,8511.333811388522
W125,10879.414908792503,10875.380521785453,10866.671506610544,10875.183690250515,10881.35123544367,10883.94752718713,10887.810268226873,10892.259941496657,10896.29694623466,10900.280669409149,10904.373862710549,10908.459624083143,10912.523128732651
W126,9573.192801707675,9559.428285702943,9558.798231164388,9580.18598081272,9594.162590586502,9602.010667221528,9613.055616313459,9625.57408809602,9636.802128936117,9647.689240817706,9658.997513232378,9670.316262004382,9681.46027592832
W127,11070.491799124851,11090.979356539348,11104.844987457285,11111.15359815029,11120.450958947884,11129.346894787766,11138.157604034619,11147.035338624668,11155.906266246817,11164.783128915406,11173.6673303488,11182.55745750512,11191.453877938175
W128,3584.352914003812,3572.7155285877247,3578.484732875458,3583.8208995840496,3586.4476200471545,3589.9174085769423,3593.573463030242,3597.029088496702,3600.5026152274727,3603.993764311262,3607.467229430205,3610.9332968152303,3614.394765811997
W129,1009.8835259833944,1007.3974438054247,1004.4667696912846,1001.9047964479306,999.4431987874752,996.8951212845758,994.3323098057098,991.797257729475,989.2709915191028,986.7438827561907,984.2208252876096,981.7039169057058,979.1918465777502
W13,2486.7816142892257,2445.1259702080474,2429.015098379453,2422.0099528675464,2411.7074125695462,2399.516643500244,2388.1203949846654,2377.628286563466,2367.507600573882,2357.6443700778727,2348.116680797438,2338.948056831818,2330.115678837139
W130,8169.954856542511,8173.426249298311,8175.888884302095,8178.169877990982,8180.37402286863,8182.558290502499,8184.736548659054,8186.913732925845,8189.091281575684,8191.269657578325,8193.449002005322,8195.629358563492,8197.810740176066
W131,2152.7560203532294,2152.804652914866,2153.429947352009,2155.828226108655,2158.0508575028657,2159.482052404128,2160.943619836355,2162.743944018529,2164.5388508433007,2166.1772147247157,2167.802205826852,2169.4867490798124,2171.1718499429003
W132,22620.64779128679,22632.877680781934,22651.669933993715,22669.72566122468,22687.269787706024,22704.93603590849,22722.65285124696,22740.36945876845,22758.09639453126,22775.837357667097,22793.591126129315,22811.357488396116,22829.13659046401
W133,13811.67409037812,13817.23499197107,13823.847837275802,13829.854852940869,13835.998118527099,13842.130134054582,13848.258726420441,13854.3891124827,13860.519240543812,13866.649485432446,13872.779835920057,13878.910276038625,13885.040811423647
W134,12059.365401220168,12061.379925700558,12067.649224463054,12072.664194919218,12077.746642852053,12082.90544118537,12088.034713832447,12093.167461755309,12098.301437589398,12103.434783643383,12108.568266300523,12113.701786510117,12118.835316044902
W135,6205.157214308133,6213.941946933926,6220.127522394869,6225.745756871189,6231.179455754227,6236.569301965991,6241.950989164663,6247.335453626161,6252.725690622955,6258.122540183926,6263.526203976664,6268.936703460739,6274.354008137143
W136,6382.895418585951,6403.585816419185,6421.784518848806,6440.615270091032,6459.306033052697,6478.130692604913,6497.021087769386,6516.001649327568,6535.066769689258,6554.219037441712,6573.458404772266,6592.785551485259,6612.200928282206
W137,7044.376300640578,7052.118201060171,7060.349865284824,7067.790785156378,7075.450629516372,7083.110489052509,7090.7675617301265,7098.437760337147,7106.116462486175,7113.804002058401,7121.500617219775,7129.206234773548,7136.920882781132
W138,363.92503307672445,365.4106798195324,364.94313870213574,364.76199252834635,364.7498761920315,364.6567640378455,364.5454057876588,364.4341839274896,364.3119665469498,364.17873728487325,364.0359236069718,363.8833192174852,363.7208577480026
W139,7882.291407151429,7910.8358407376,7922.9837733775685,7932.644773875178,7943.974794617343,7955.508178706418,7966.841176252419,7978.127937872788,7989.407681742095,8000.664378288007,8011.894372037166,8023.099465447143,8034.280134248482
W14,2409.9074827401028,2392.854729771352,2382.454039911366,2369.6897065747826,2357.0647527670244,2345.378328612436,2334.1463054092405,2323.3152818221406,2312.9380009542006,2302.9933571057313,2293.4581977310568,2284.320302165689,2275.5666647400103
W140,8233.880241232198,8273.040350969775,8285.151569602645,8289.665191727494,8298.72124172373,8308.956143965454,8318.41780913418,8327.68592280236,8337.073880397878,8346.482113933587,8355.860423307437,8365.22588791897,8374.586559586163
W141,10732.937270690167,10672.700529026326,10677.472220313599,10679.661437956685,10676.356441714604,10675.550750722141,10674.30708406457,10673.00646437599,10671.791080033607,10670.564997207392,10669.352615550226,10668.153712257845,10666.965880903332
W142,5412.731563021565,5418.450147496423,5423.929957564202,5429.397032413674,5434.859096473773,5440.318633804404,5445.775843988905,5451.230805729983,5456.683570780447,5462.134187859978,5467.582704312631,5473.029166412096,5478.473619409041
W143,11307.383931812761,11310.7016596097,11314.12555307307,11326.228534852331,11338.839641109647,11347.646219191158,11355.979377120158,11365.95843707071,11376.248660237214,11385.828050717782,11395.220307689127,11404.910554908125,11414.698745701528
W144,1009.3887166477965,1018.3368000990363,1035.130245381586,1050.324556068168,1066.1301966428814,1081.5088098585475,1096.7203817585118,1111.654412536955,1126.3451444488153,1140.7845678858755,1154.9807567954404,1168.9369042049614,1182.65792398865
W145,8778.109835384326,8867.584792066787,9004.295836397227,9119.939486419884,9241.722327211268,9357.376763067366,9472.02501156072,9583.488559015212,9692.765679673998,9799.507308625221,9903.944997595418,10006.061130360988,10105.943431282756
W146,6721.152143656871,6714.953583099996,6719.603579988674,6725.14120492283,6728.484540196734,6732.318693045693,6736.399415054876,6740.320508554268,6744.245496521984,6748.19843253884,6752.143078277511,6756.085855250324,6760.031322516498
W147,138.45902326411283,143.11882246919254,147.52964168434733,152.01048164852466,156.46260549233864,160.85983194482003,165.2265798301935,169.56086074196753,173.85946452792007,178.12399595325041,182.35492215127852,186.5522082185945,190.71614931011425
W148,237.90379216363408,241.5548186515539,245.06410261083954,248.61020905772216,252.14604066540483,255.6587230520023,259.157484240954,262.64202027904605,266.1112613361265,269.5655715954366,273.00509153237783,276.42982225049445,279.83982567773205
W149,4404.967451707527,4393.705493205478,4395.0863767380515,4395.250542448861,4397.339167477131,4399.321107184856,4401.598811770942,4403.872073772764,4406.1907025386745,4408.509903711874,4410.835508227821,4413.160763471863,4415.486287363078
W15,4827.27512414384,4776.244637084475,4891.921873803529,4763.4877446278315,4643.403368338009,4623.673184249226,4574.159725024354,4495.996000976678,4441.684158937324,4395.068941417732,4339.498813868642,4286.401527607586,4239.067461462251
W150,8072.089507050734,8069.582024231174,8062.575770343858,8073.288161327946,8082.039674931802,8086.633648733127,8092.453341158199,8099.113920962124,8105.315450161494,8111.383336175446,8117.5907718830595,8123.807260673765,8129.98626713091
W151,6280.614773926642,6272.289063948088,6277.5370578474585,6283.616592940832,6286.8022832566985,6290.6913348823155,6294.935736538183,6298.938034173111,6302.944530936686,6306.998156456524,6311.038064177644,6315.074057694354,6319.115073724188
W152,8551.21529507588,8568.5666589252,8567.320802497818,8567.378432148082,8567.79612169139,8568.057253321045,8568.360712615879,8568.665710747733,8568.976813563671,8569.294247109885,8569.617740436834,8569.947353618818,8570.283064129204
W153,2932.356840572188,2918.5610981439004,2927.5181651867715,2935.6911459363137,2939.766913146708,2945.1477980235973,2950.8968487374527,2956.265268013884,2961.6467082581003,2967.0688393463724,2972.449494118176,2977.8073737862937,2983.1527396734537
W154,8607.411033780907,8604.683298247957,8606.356276400675,8608.39497764726,8610.698954236806,8613.031781383997,8615.377614526755,8617.72217533232,8620.06394290979,8622.402029526686,8624.736308383088,8627.066721497056,8629.39325759457
W155,4598.058189997826,4601.921100525451,4605.382820833258,4608.8119384279835,4612.2479837161545,4615.694155921829,4619.150373570324,4622.61633444411,4626.09173737596,4629.576291257169,4633.06971417479,4636.571732933583,4640.08208275738
W156,5456.29522302673,5459.527252622102,5462.174820293103,5464.704183664796,5467.190494528889,5469.666302655256,5472.140012260327,5474.61438066039,5477.090207914111,5479.567737880081,5482.047040540242,5484.528134025263,5487.011020650097
W157,1425.713228607075,1425.9680408627542,1426.2678830160187,1427.2015179839789,1428.157943237026,1428.8814480453211,1429.5816172939258,1430.366013327993,1431.1639889508954,1431.931396779923,1432.6915558099977,1433.4622295435274,1434.2359208005528
W158,16542.41240937603,16555.586219277597,16574.509505285263,16592.40171838337,16610.002337303024,16627.728164268126,16645.48731687809,16663.258562057337,16681.050514628456,16698.863938450908,16716.698192327793,16734.55332898127,16752.429437067523
W159,9211.276113263832,9214.040554889587,9218.071406139858,9221.66341813792,9225.316299113018,9228.97514450805,9232.63071416153,9236.288247976583,9239.946746419979,9243.606228537968,9247.26673658091,9250.92825657947,9254.590788987902
W16,4857.29960291266,4831.5063378872965,4917.832763186721,4790.532476786697,4696.152618015092,4673.31968134568,4617.384716258584,4548.869762504624,4499.738196365305,4451.600103313085,4398.6393201676565,4349.559520095316,4303.540592454645
W160,7997.035057150397,7997.977939116182,8001.459924503093,8004.388791018644,8007.3068212693315,8010.263667773506,8013.212588081066,8016.162776366345,8019.114719371536,8022.067716033524,8025.021918414572,8027.977328231077,8030.933933695021
W161,12080.04850982676,12081.641318971617,12085.080694776256,12087.754676941157,12090.458269098504,12093.248690923454,12096.059918101528,12098.898375450532,12101.767548051146,12104.666239639102,12107.594220976796,12110.55144056312,12113.537750151232
W162,4457.468448914509,4461.082378063579,4463.307208790209,4465.375809018206,4467.402706517041,4469.423350941267,4471.442634941773,4473.461680956652,4475.480672732873,4477.499647671637,4479.518612370066,4481.537568107805,4483.556515120428
W163,3756.671652590358,3743.1122608009646,3729.313394136163,3715.662092392672,3702.1605440172316,3688.787716298291,3675.5417743895273,3662.4210933392023,3649.4231911562747,3636.5456685202657,3623.786212216304,3611.1425500092755,3598.612451725676
W164,24631.68508859374,24637.952364540975,24663.60157378307,24683.14617971843,24702.85739633097,24723.119265998364,24743.198317426606,24763.30064999927,24783.428836800478,24803.562120815535,24823.707152748302,24843.8637505284,24864.031348585206
W165,3774.207849093249,3789.1247258612066,3799.892531741356,3813.3066682605413,3825.9773157610807,3838.3891150623913,3850.632669043637,3862.6551522924965,3874.4681280008426,3886.074908334129,3897.4768519312147,3908.6763487181934,3919.675602572698
W166,2651.559121102349,2656.6600439215463,2660.905116833363,2662.981507963205,2665.3466854127555,2668.0571325401365,2670.6805792845876,2673.2375878862895,2675.80214306806,2678.3655432840455,2680.915576214664,2683.4546892009307,2685.984912442645
W167,3040.7519370734944,3042.509730847997,3045.727207712815,3048.6280228639926,3051.594081073085,3054.5435754534838,3057.494016753541,3060.441663958403,3063.387322156447,3066.3308240212477,3069.2722102101134,3072.211476885209,3075.1486297166534
W168,3572.517435650643,3558.9349721125755,3559.261191787161,3559.8454428941013,3558.13715116667,3557.203276418792,3556.3737416109607,3555.3955401000767,3554.4640271472313,3553.5509002067906,3552.6349703211927,3551.728143733054,3550.829584680619
W169,1656.7987815233014,1653.943372389083,1651.2506009273302,1648.6601370042622,1646.1590706701013,1643.745059702728,1641.4160218358052,1639.1698595319983,1637.0045220364536,1634.918009564733,1632.908371861362,1630.973706924241,1629.1121598094537
W17,12026.635072366284,12019.194008299364,12024.917192436516,12030.583325025254,12039.091479539426,12047.904387461089,12057.370699700508,12066.980798580238,12076.754268632701,12086.583231013052,12096.460116618453,12106.360798352067,12116.280993084662
W170,3592.0207648864216,3589.0646505937993,3586.394491496871,3583.7828661045414,3581.2025076330947,3578.6563158774175,3576.144638424861,3573.6671651921365,3571.223610249375,3568.813702968083,3566.4371749811216,3564.0937598255414,3561.7831931544874
W171,6056.070607803143,6045.067523698045,6042.025542092177,6042.7033326492565,6041.400945186687,6039.035116880736,6037.195573678872,6035.698786409134,6034.104075296956,6032.442788798143,6030.835965599895,6029.279881665725,6027.741195443511
W172,3656.080096686629,3656.827685569125,3659.133153537805,3661.0121542730276,3662.8713817269945,3664.769869694097,3666.660695162681,3668.550619140127,3670.44173621243,3672.332994210789,3674.224483318908,3676.116265678344,3678.0083190429705
W173,3331.8906733789813,3321.50131570605,3320.209411605952,3319.495641619069,3317.7820500078747,3316.185188676724,3314.430674235964,3312.540048922459,3310.526825617208,3308.3873437626767,3306.1243406494455,3303.7394813817154,3301.2343369626924
W174,2814.5248488280686,2812.883571453218,2810.667965108154,2810.6408037228653,2809.9854946815544,2809.202478939529,2808.6449452239613,2808.086862205277,2807.542000205922,2807.0470809198355,2806.5847063044957,2806.1529081141693,2805.754441137761
W175,3250.625958058942,3249.425479441391,3252.277023080469,3254.28778259998,3255.9176566262904,3257.806220545521,3259.6724764021765,3261.5042736939486,3263.35081853031,3265.198150888801,3267.0428584320653,3268.888294317785,3270.733923637579
W176,2526.675372741967,2511.8232591062274,2519.071105017679,2521.5586171739415,2519.9289590183066,2520.6764697973385,2521.759628217366,2522.154639202241,2522.6658846766295,2523.3149549103523,2523.8955289983496,2524.462012478594,2525.0499586201167
W177,6593.376898899742,6598.773205535618,6600.441060208913,6608.831519975998,6615.705230784456,6622.360692463342,6629.177782601851,6635.939006235422,6642.6695856487195,6649.382156268103,6656.071237461777,6662.737354818589,6669.381017076209
W178,1491.9137558824418,1481.3808892419381,1476.9668840621737,1473.2954919345977,1468.9408351442032,1464.5237510161355,1460.207129608163,1455.9190814563567,1451.6408022655978,1447.3804201126097,1443.1399115257564,1438.9181652259056,1434.7147843108905
W179,2714.22133246607,2715.2930556709584,2716.202753481843,2717.1184001935662,2718.032708948396,2718.949528269999,2719.8687854052773,2720.7905637531912,2721.714856311062,2722.641657265148,2723.5709586716675,2724.502752578339,2725.4370310053455
W18,4335.542366411682,4343.199163023197,4344.5955906185045,4347.828812006044,4349.341219883365,4351.35526335561,4352.890234192957,4354.556154479504,4356.0826875848215,4357.637274446323,4359.145393674659,4360.65300058858,4362.1395473283255
W180,7248.718113056447,7237.047667765297,7232.702155548883,7231.088517262555,7228.045582867552,7224.407906242153,7221.113622407274,7218.017650742254,7214.909531323277,7211.811985251771,7208.771190677704,7205.78350681186,7202.838222226131
W181,8791.671286276283,8794.59374913998,8797.506363868635,8800.437946327811,8803.377067945226,8806.324002974934,8809.278834193201,8812.241521314609,8815.212033224794,8818.190339831355,8821.17641100486,8824.170216730572,8827.17172711162
W182,1346.7828490478173,1341.9633344158035,1337.0172773130066,1332.0496362169588,1327.059142742046,1322.046947993511,1317.0139284036838,1311.9609316481287,1306.888770394295,1301.798224268544,1296.6900411802603,1291.5649386134028,1286.4236048641762
W183,6077.425733906413,6079.290668272091,6081.0719774109475,6082.882032512134,6084.699502563214,6086.524281661213,6088.356609784416,6090.196430668255,6092.043703064086,6093.8983887871245,6095.760449474811,6097.629846950761,6099.506543241833
W184,4598.869598670307,4601.634033142178,4602.963063459553,4604.711889409558,4606.34080273217,4608.006839368483,4609.664303024456,4611.326485687277,4612.989515716095,4614.654515524046,4616.321154427795,4617.98952455446,4619.659595014908
W185,4059.6375353543926,4061.5034566990807,4062.9203515883037,4064.2998211766107,4065.715373295214,4067.1230059670734,4068.533941468877,4069.946504651264,4071.3607203463766,4072.776654708308,4074.1942797994425,4075.6135971713925,4077.0346029783577
W186,1742.1907033699893,1744.3708815094462,1746.9233295252843,1749.544705442033,1752.1817853592559,1754.7956425973546,1757.3744995181996,1759.9130458347784,1762.4098247898191,1764.8647192081262,1767.2782252060213,1769.651070393359,1771.9840715948114
W187,918.7659553831726,917.13222106231,915.9489090018844,915.2348552010686,914.6251264600247,914.0838631167871,913.5619234430729,913.04970546977,912.5400946773759,912.0311549215571,911.5218015704827,911.0116832161173,910.5006311135511
W188,2235.9891551432397,2235.2593870689757,2233.5808848729985,2231.9385891968486,2230.2686262260722,2228.585127254024,2226.8872417264397,2225.1752813005314,2223.4493425083556,2221.709538301373,2219.955977696247,2218.1887691056177,2216.408020044412
W189,1994.1501893492964,1983.9931245402831,1980.6291663687343,1976.5146099589274,1971.9268865431436,1967.577953543776,1963.3455814263034,1959.173295738289,1955.0789878270107,1951.0643292699792,1947.1257434938996,1943.2619776056295,1939.4720226270108
W19,3327.0691341413212,3985.041609029573,4303.458839036391,4455.703743848134,4547.311490178754,4605.721316371478,4640.4706053376,4660.0652629231245,4670.880875802433,4676.633250468483,4679.37063001944,4680.292437021794,4680.128607959518
W190,446.12099609965145,445.1380361377233,444.14730476529843,443.2857409047939,442.4337593488498,441.5990413336941,440.7662530093056,439.93505815794987,439.10337497972733,438.27097528505175,437.43756236707145,436.60308174047196,435.76749134107365
W191,6516.567979495261,6531.317043454804,6539.101209046499,6548.564571474971,6557.905850623022,6566.724965526441,6575.2109031852515,6583.386267808446,6591.2495835505715,6598.813394596563,6606.089872268436,6613.089719579834,6619.8233405872315
W192,1152.0294918886248,1160.316143798618,1164.3320639588183,1169.524953499977,1174.2949234665912,1179.1178316633395,1183.8542960082348,1188.5464144669177,1193.1825498538074,1197.7669214173734,1202.2990486195047,1206.779830642763,1211.2097501523258
W193,5984.822776458218,5923.820883536013,5899.812162452781,5891.330366123444,5878.08241747944,5862.223906713378,5847.568914333857,5834.030820416071,5820.900285975605,5808.118451071333,5795.793108731317,5783.92931720663,5772.494014794225
W194,479.78776088301925,475.04486736953766,469.8237673194839,464.9190073673331,460.0939063960326,455.2456392336417,450.3982308524323,445.5646268400674,440.74237123646003,435.9297430942648,431.1268696853572,426.33386133829225,421.5506102512025
W195,946.947541299223,942.2086041512945,955.0806188998027,962.3374770169758,972.6370546973775,981.6312167926615,991.1001631055126,1000.2089522291491,1009.3166799396336,1018.2619411868919,1027.1174927001075,1035.852964196663,1044.484035330669
W196,9614.600954554542,9630.71152702354,9673.906101358396,9723.030340107802,9773.913326325346,9824.690581823614,9874.886505806173,9924.337304569191,9973.006632446752,10020.89312609503,10068.007591902295,10114.364271522463,10159.978334770876
W197,3326.638790633639,3317.8402912820547,3310.50520575103,3307.7825609182783,3305.901880046501,3304.929222389447,3304.217493193591,3303.6955602506187,3303.2418448121052,3302.8284640130587,3302.430728026807,3302.0406447288674,3301.6529091725256
W198,2377.249022346373,2374.0276692383,2368.9816569074956,2364.1849771408874,2359.302224611093,2354.47235788173,2349.6726517623897,2344.91218330291,2340.1891812958524,2335.5040082231917,2330.8563002979568,2326.24583847785,2321.6723566779488
W199,749.5308206402358,736.9012477335359,731.1008176367209,729.4737215783716,730.4093836514255,732.9066134789073,736.3534432184281,740.371556231135,744.7289077401658,749.2824516712651,753.9443474744569,758.6605530605807,763.3979028625683
W2,3486.57049483018,3515.438723799963,3516.1370236152597,3511.8703457396514,3512.970260316025,3515.4864488968815,3517.016184475428,3518.183459305105,3519.5248612426194,3520.9536518415516,3522.353959912351,3523.7347332655263,3525.1202561313235
W20,4393.378878961047,4465.196474892903,4514.093199978677,4621.379188885001,4708.356741056716,4774.994402105743,4842.121972997581,4905.412203169695,4961.433799348464,5012.831018415328,5060.453117834223,5104.003112684613,5143.872411637053
W200,1662.270124209259,1689.8145462434322,1717.6892719004318,1749.0885722987396,1781.23478957541,1813.7855204235238,1846.3658278980474,1878.8491112597758,1911.1661149700212,1943.287745961562,1975.2007666861418,2006.9000377159728,2038.3840609491062
W201,1902.4417851793014,1906.3389935677628,1927.2165923191146,1947.218407901713,1968.9960354806608,1990.231561112717,2011.2769789878698,2031.8406384711056,2051.9782591914827,2071.661972670899,2090.908883665007,2109.7250248228083,2128.1220396962044
W202,4120.4529637555515,4123.1154337287035,4130.358570296727,4138.950038627545,4147.854833278428,4156.785555929306,4165.6509479193655,4174.42630874683,4183.104436813721,4191.684047717863,4200.165409806834,4208.549309173906,4216.836661454839
W203,5397.491460680243,5389.093279056565,5399.339615566807,5414.980294054526,5432.020176887795,5449.190649054017,5466.103612105758,5482.647484648635,5498.797900033745,5514.557659746963,5529.937763708118,5544.951421628415,5559.6121727780455
W204,7302.223235767096,7293.5995306367,7285.945576683308,7279.86314515037,7274.278241188662,7268.602967317811,7262.943880057927,7257.516510477844,7252.364024308067,7247.4322454761295,7242.683782056769,7238.117408356215,7233.740268869904
W205,12603.67875403207,12598.606593371554,12595.46552028166,12591.392699103304,12587.280262267856,12583.323547973094,12579.391750122664,12575.481712581426,12571.60871333257,12567.770735141115,12563.966204972734,12560.195459931663,12556.45850522077
W206,1024.115295955932,1018.897262144221,1004.5717376618425,996.828408759281,989.8393108504262,982.0114645703339,974.4703570943237,967.2902794237502,960.277455202001,953.4402343469501,946.7993715015891,940.342753136417,934.0613688435078
W207,11093.566925481677,11227.16344276643,11262.828422368515,11287.390445638837,11296.5750584246,11301.861130018893,11304.484717541187,11306.250061024703,11307.617334672757,11308.911287425855,11310.246723040176,11311.685904969909,11313.253300777578
W208,25625.30811348553,24821.092952198178,24909.931337038546,24651.845294896208,24140.78778526683,23819.059545737888,23582.71465916088,23283.65783887916,22982.312686560443,22723.212418871342,22476.39891905494,22229.32352949773,21994.277812755034
W209,4186.461299384261,4187.498030802875,4188.560400648663,4189.646667629399,4190.7566287380805,4191.890081449363,4193.046827324887,4194.226669603391,4195.429413189368,4196.6548646352885,4197.902832127683,4199.173125473331,4200.465556085576
W21,2457.1035089809375,2710.5417311626525,2885.6337158026367,3053.146973178323,3191.8029580752154,3302.1086537571155,3393.0812688869237,3468.2174793523145,3529.764020368946,3580.225387672127,3621.6474557891233,3655.618915099074,3683.461350679625
W210,7966.680754756826,7932.879677977371,7907.257465438184,7873.975826719682,7842.386575736156,7812.310491658327,7781.835433578926,7751.713467467165,7722.060358902088,7692.668795300737,7663.587388074072,7634.836733914474,7606.393982324995
W211,19117.407120962387,19274.240047272084,19423.87616818796,19571.976630462636,19719.321789864924,19867.161032081134,20015.910491611852,20165.904654012396,20317.302647177596,20470.21216449103,20624.697065513483,20780.80254334736,20938.561742333528
W212,5478.588945750122,5504.492975853998,5529.251074878541,5554.21133996442,5579.054306948618,5603.714404672426,5628.222641222088,5652.582309536994,5676.792345627151,5700.854102274313,5724.769003454778,5748.538278379441,5772.163157342526
W213,3244.1961186097064,3266.3276865274665,3290.5844360543683,3316.52480178906,3342.5308607995403,3368.3649706182077,3393.888800401155,3419.0724912907026,3443.9071922490675,3468.3942376728146,3492.53767683476,3516.3425473395655,3539.814133021821
W214,1854.9370377949338,1891.9788044977913,1919.402434057201,1946.7942526708289,1972.1393706664912,1996.3458850960933,2019.2945809886291,2041.1242165079398,2061.8796378575157,2081.6257069153307,2100.416115190052,2118.303626437396,2135.3374472722962
W215,2363.5298498144757,2363.875778087171,2364.274098431206,2364.655094279396,2365.0356403688966,2365.4167693968493,2365.797933737992,2366.179135414321,2366.5603901345194,2366.9416969303124,2367.3230554080837,2367.70446562263,2368.085927586061
W216,3145.4528711171142,3145.5521071150333,3145.7071880479652,3145.849345977441,3145.991274896733,3146.133815278683,3146.276632626942,3146.419726458862,3146.563104071922,3146.706764776037,3146.8507081546404,3146.9949339566224,3147.139441915664
W217,9952.974490034401,9976.837236700943,10004.742883322218,10019.894494835891,10032.534669503315,10041.085458279851,10047.82070227108,10052.960818712247,10057.170989509978,10060.696631933833,10063.783186442493,10066.564739026477,10069.144086901557
W218,9963.505475299524,9967.894369418414,9972.02178675726,9977.580281917364,9980.092464821008,9982.229733875107,9984.310081349673,9985.871692097766,9987.294538215881,9988.649248662721,9989.901525920186,9991.111873055457,9992.297653937343
W219,1049.0078852817705,1047.8276220150474,1046.2906354286522,1044.8667961632714,1043.5424326237712,1042.2785733319654,1041.0740780702556,1039.928163912553,1038.837385758106,1037.7985888509588,1036.8089880785078,1035.8659319856613,1034.9668984552322
W22,4019.1977027415614,3907.7219436310015,4034.9922204283694,4071.83681330801,4062.6236347109116,4105.139866864512,4133.781205278642,4146.658428362667,4168.960490472348,4188.836746089201,4203.408109716696,4218.705925150113,4232.9339469276565
W220,1787.9482016957563,1794.840287645525,1794.254802707583,1792.633927324127,1792.7124715709076,1793.224503153516,1793.264506766062,1793.092036240216,1793.017995805358,1793.0174885354415,1792.998474588511,1792.9550930141581,1792.9133105262545
W221,7559.856407463214,7589.121835518399,7574.836942720136,7568.964481773199,7559.887936685095,7551.769701309729,7543.594568574542,7535.696935343503,7527.986308518874,7520.486766948838,7513.187382066769,7506.086951955319,7499.181429582747
W222,7903.309042801031,7807.344344114509,7753.478194490992,7713.043591283364,7668.968345178782,7623.97582604265,7580.4250455832735,7538.077866080273,7496.59382897756,7455.964978284344,7416.216275483865,7377.331679136244,7339.2888568113485
W223,27593.853615177577,27547.11207425895,27502.50534824295,27457.935286059517,27413.5499317204,27369.413208898215,27325.51567583663,27281.854483504485,27238.42899113179,27195.23822417754,27152.281153344193,27109.5567683653,27067.064064643564
W224,1734.1759250462312,1748.9990649847723,1773.0751270813682,1794.5325110130163,1817.3136589630983,1839.2731947647608,1861.2123834748677,1882.7382248737752,1904.0126624040545,1924.9656003532468,1945.6321137284763,1966.0024088500807,1986.0866647845469
W225,1970.9985578454675,2047.3268922756233,2098.2551011577752,2141.263717901539,2187.2629066799036,2232.925064255514,2276.07347446346,2317.4216101309144,2357.4833808553403,2396.183615489546,2433.4780303568414,2469.439675198193,2504.1347287534218
W226,2918.03830908126,2927.649955523806,2935.7033277997316,2945.229279390137,2954.1365164285708,2963.39147155591,2972.4351461853585,2981.551439189306,2990.5852528956625,2999.6180198466586,3008.606200144042,3017.5730302422166,3026.5062954810155
W227,1373.7296568989555,1412.6229115437616,1453.6125094210067,1493.4789629277086,1532.175402959093,1570.114104017491,1607.2014525717916,1643.446639809994,1678.8844963153736,1713.5295524023509,1747.3990672864559,1780.5112031153035,1812.8829621814627
W228,7909.228675207666,7968.726702779688,7958.25663376128,7956.254685771192,7962.853762416059,7962.242299316522,7964.481523404878,7966.323007519624,7967.822099195498,7969.595040287692,7971.237795108663,7972.884791491215,7974.531492701686
W229,488.4162664301658,474.7150931517208,485.55973189982944,482.86997059382327,487.5323179546498,488.2159663923702,491.03798727429796,492.703223241022,494.98499392653696,496.9294145965763,499.0495060019,501.06939934276113,503.13745290036024
W23,806.9558408462947,861.395463158368,882.224468019215,909.9639921095845,943.5318720805135,970.8057169626222,995.9436866336036,1021.5490997237937,1045.6418566263214,1068.119948514006,1089.724962500486,1110.3530024185209,1129.8922171552517
W230,3163.8821630850534,3197.0333495647865,3250.913206168607,3295.132343569543,3337.5075262422934,3381.52991453725,3424.860009133171,3467.4830408075495,3509.835570148505,3551.8111317534267,3593.363888952963,3634.5310423437586,3675.3168048216867
W231,594.7975464082756,625.2126088240741,662.7317463096106,697.8978838475796,735.7450120127143,771.4021857407109,807.6504464464945,841.9848909407242,875.9439845112252,908.2471071981533,939.7511934615757,969.8103197711572,998.9088391558438
W232,1967.6972215025553,2029.4374608142557,2093.0925975944124,2156.5028830692263,2219.164068057959,2280.8829332698306,2341.618122817121,2401.365556215247,2460.1357041301208,2517.9429493949906,2574.802893491758,2630.7313164432117,2685.743882058016
W233,1044.6777965613016,1063.140549848518,1082.9267735325845,1102.0469194252744,1120.9863066456824,1139.6318435839428,1158.0159391532243,1176.1355794094684,1193.9962879301938,1211.6014436047094,1228.9548775419662,1246.060242997845,1262.9211694829419
W234,2152.511667491214,2264.3808876695794,2385.8069622194716,2530.0837528376933,2634.5287194465072,2734.0044194808443,2826.2748308117534,2906.10898917775,2978.837508551401,3044.3382329288656,3102.8390422158504,3155.552304322944,3202.9115716280116
W235,435.39457281413127,454.41871532555444,473.7236836632909,492.31032555843774,510.42832477972456,528.0504776878641,545.1938461068193,561.8719541608407,578.096867309222,593.8809340185059,609.2359835944319,624.1735697894256,638.7049281054103
W236,3359.872616099311,3407.7688426082104,3473.705732441652,3542.707055590086,3601.691599240969,3662.260543243141,3720.452370105023,3776.143817729904,3830.444644336688,3882.820083930925,3933.4546088463976,3982.4674887643723,4029.848423172778
W237,1124.7979685783716,1170.0002642784978,1218.3586953836657,1265.1535643581788,1310.5384223733354,1354.147937660759,1396.0420370214815,1436.2502876375383,1474.8378623537888,1511.8664685354163,1547.3986974867785,1581.494694020655,1614.212488402196
W238,390.2712654499303,410.164139553887,432.57529602585146,455.28420447362817,478.1486408570057,500.6761002368885,522.7529476951197,544.264069456989,565.1753376730574,585.467814022099,605.1426079170171,624.2076549090207,642.6761767781027
W239,3837.4812205023327,3901.0103037543686,3972.672292251984,4041.9122819810173,4111.7577540049215,4180.54375238642,4248.820602469057,4316.326072002794,4383.1629180393065,4449.294603458728,4514.74509106,4579.5145649659535,4643.613228592846
W24,8411.722526307134,9050.147649162946,9481.73942576284,9911.725223324172,10271.68707311347,10551.686650892016,10783.794786045048,10978.057131006854,11137.346753410367,11268.260681259486,11376.58629758514,11466.15486564864,11540.198165569678
W240,2577.568103012386,2611.1648839007134,2643.5434635680763,2675.7139587806373,2707.543519520528,2739.054506009025,2770.247656241537,2801.1266541375808,2831.6947363741433,2861.9551622902322,2891.9111493113805,2921.565882287074,2950.9225126007213
W241,1039.4818922186455,1046.9038123197856,1081.1049879458526,1097.9400804912884,1126.106692472155,1145.7973395276517,1170.3080613509928,1190.6177014120908,1212.8418630895235,1232.85977314614,1253.4825829179692,1272.8297714502503,1292.1964350352023
W242,1519.6854111432435,1573.0002841207738,1603.7924376131286,1635.7527371310598,1672.148066545606,1706.7655809460375,1740.1214103152033,1773.572422656457,1806.7265290541059,1839.3532832367277,1871.5987410527678,1903.493787135611,1935.0046370881437
W243,1231.117649762624,1289.5301975725777,1357.274277642854,1424.7937060043134,1493.3417530329143,1559.5572038720084,1624.1363069216925,1685.9463467313135,1745.3790747153903,1802.1024393915732,1856.3562677101925,1908.0930327687802,1957.4781744631105
W244,786.3685144386789,803.4675246644651,813.125843418906,829.4613920459016,841.4510776795436,856.974513308972,869.9412641491646,884.7449457201918,898.018035801117,912.2088326278764,925.4545772191295,939.1191722787578,952.1721679982162
W245,2377.825025584961,2421.879299398951,2456.263397011556,2493.805384280672,2531.3060014056905,2567.4299601847115,2603.0850548591675,2638.2755568416296,2672.859374049573,2706.886316203313,2740.3807863435213,2773.3409143280464,2805.775803109726
W246,1139.1229459124058,1150.289200642279,1177.8346481646133,1193.988643444303,1217.3004949339847,1234.0882028432734,1253.9738300361628,1270.0910323635248,1287.3802372450464,1302.3810682324417,1317.6283665250307,1331.3820734781598,1344.9482922900847
W247,4281.494994746129,4354.525960785828,4400.205003651812,4453.284590192946,4500.091334138624,4548.196683149375,4594.4042414664855,4640.394215652727,4685.436266223832,4729.912874733528,4773.664543574458,4816.7847522875045,4859.244722864241
W248,16236.32932070881,17493.666420764483,17481.374990270077,16476.288510770715,16529.070043315725,17395.44474215283,17380.583054541494,16699.178912672956,16751.878036885937,17350.646116856766,17338.036581579086,16878.220141282876,16927.60664583928
W249,21264.796728033434,21388.68539717106,21395.118578781687,21391.104760495517,21398.13374914814,21406.121542171295,21413.071544261293,21419.93397028667,21426.894295326532,21433.862985859374,21440.822814437644,21447.78221670621,21454.742792448662
W25,1448.7610114081517,1500.667444999498,1571.1314267980802,1630.4413351087337,1683.1967285440091,1732.3035884437918,1777.1933235683232,1818.1506533395404,1855.6254086511422,1889.9015193652826,1921.243859596991,1949.9075066017538,1976.1224366299507
W250,3315.202713678226,3239.0650796449313,3273.5221362812176,3319.536909998693,3297.2101505399596,3272.4362118173967,3289.576681112888,3305.382683100706,3295.673605034579,3288.502097097148,3296.7462051395605,3302.39949031094,3298.81038160851
W251,6737.573358307691,6741.928416562868,6745.794253781811,6749.87174058828,6753.93749144265,6758.024519035059,6762.114553952137,6766.207579326838,6770.301549810865,6774.396048545548,6778.490762351965,6782.585581098484,6786.68044743696
W252,8582.209426167881,8776.760129258093,8759.11982588264,8614.846704432168,8626.975698207245,8754.17457066461,8768.139091457511,8680.259001074752,8672.635154980933,8753.292994098538,8778.587247503156,8728.699246026117,8715.676249353306
W253,12320.145971276283,12365.785795658474,12376.836120932994,12360.010442946106,12357.405839423516,12373.640627054643,12385.512503529271,12385.707623955326,12386.055178250912,12393.126770248471,12401.46329514279,12406.199788480164,12409.48709867664
W254,5920.16525677282,5884.214232040356,5948.484235322482,5993.027861460561,5960.279328557249,5936.368315210035,5971.603660912824,6004.846806490974,5993.24595962758,5979.636791246342,5999.790605056938,6024.148833493881,6023.339850420965
W255,1920.2308738641905,1921.7970796852037,1924.8768051456525,1928.2128582060343,1931.3731435855336,1934.3542480876495,1937.253217510517,1940.1365311475108,1943.0268793825853,1945.9243401733434,1948.8237535673509,1951.721613346173,1954.6167370346204
W256,2693.3515380172485,2718.73722105754,2738.240135744872,2754.606012613871,2768.2827950661135,2779.8500750761405,2789.7355529508122,2798.2839920099073,2805.7689395438633,2812.4080534188165,2818.3744340680364,2823.8057583331374,2828.811526866606
W257,4020.1684770231345,4022.56906768429,4025.015830527411,4027.4551902446865,4029.8945631105466,4032.332534950043,4034.769329627659,4037.204907296917,4039.6392740646547,4042.0724283810882,4044.504370004534,4046.9350984727757,4049.3646133608736
W258,2127.992442255456,2128.9994236305574,2131.6112587455514,2134.142463084015,2136.749541031809,2139.340760453687,2141.9240657331197,2144.4945314350925,2147.052630308377,2149.5981693719104,2152.1312478083755,2154.6519300234027,2157.1602957997425
W259,6598.233646056779,6821.305700123746,7031.64780870835,7237.721865947281,7436.61362156823,7628.470947343719,7813.715775075758,7992.58887283541,8165.322592951188,8332.148436313717,8493.288511885137,8648.956269523938,8799.357203946987
W26,3427.058858199618,3839.594538632653,4182.018807611626,4522.70472339367,4820.336687132314,5083.740565412224,5320.196173279535,5531.168008521356,5719.376167042074,5887.441457938432,6037.490157444589,6171.454381659477,6291.073017365935
W260,274.25241296544436,190.3113302760123,29.87346208757822,-97.22122273525054,-206.36716437566372,-312.0515999202181,-404.6715554163435,-489.251841199469,-566.3755438354023,-636.2971626286976,-700.1669029927859,-758.5015766272018,-811.8947386910204
W261,4661.079117720545,4662.595267467246,4667.054732925777,4671.980112259178,4676.402211208639,4680.919612907563,4685.471255444364,4690.00165876328,4694.5351156152365,4699.0711415993055,4703.606882930277,4708.143260954402,4712.6803496858865
W262,4384.1755606849965,4388.647015940586,4393.657700376999,4399.022060819297,4404.488914482299,4410.009997277594,4415.551923594517,4421.105625259944,4426.6663601304635,4432.232578714377,4437.80356483922,4443.379050617634,4448.958910494107
W263,2366.0737583003565,2359.715993454602,2351.592721301734,2343.4886705235435,2335.8571375180695,2328.3857927575937,2321.0818332117597,2313.9721073275036,2307.042528472921,2300.285808403669,2293.6981359946303,2287.274373257529,2281.009470902619
W264,3958.4001433015646,3913.694191303916,3868.624477490822,3824.7998549499844,3782.7733149574933,3742.3406660265086,3703.425671388629,3665.949097103475,3629.8352946088385,3595.012761405502,3561.413730034666,3528.973989682384,3497.6326995988748
W265,2184.2939638758107,2175.9187156891203,2167.0208532638644,2158.477775602628,2150.0622422377614,2141.826018605948,2133.7491466928814,2125.8302477166217,2118.06338044561,2110.4439730329746,2102.9672953389227,2095.628844697973,2088.424241052043
W266,2178.1691647515545,2173.9290686895843,2169.3898241918378,2164.9987462244494,2160.6879223468186,2156.463309359934,2152.3204369466403,2148.2564602571297,2144.2684309934452,2140.3535399259104,2136.5090776018696,2132.732435533396,2129.021101759244
W267,3164.3296502472194,3122.0685914058117,3081.5993555962386,3042.663967437226,3005.21235485102,2969.168233574757,2934.46324594797,2901.0317671499415,2868.811474139688,2837.7430812973707,2807.7702067745927,2778.8392281668157,2750.899147767951
W268,1359.2433100571143,1352.2682193218163,1345.6070801806763,1339.1636131439843,1332.9147969711275,1326.8586489457875,1320.985928802367,1315.28902812335,1309.7605725250646,1304.3934798497535,1299.1809726676292,1294.1165569666596,1289.1940116401909
W269,1314.8509350784443,1314.1601397850254,1313.4455262117235,1312.5903210288466,1311.7713282762024,1310.9514874175177,1310.1317888581339,1309.3135770398153,1308.4964371678864,1307.6803599748382,1306.8653187030684,1306.0512745089861,1305.238193758871
W27,2118.6079822171323,2208.808005826639,2337.1957551158757,2454.5637980848023,2541.0023238735944,2622.173802263118,2692.5833300165423,2751.9080845833087,2804.0305703247664,2849.098895807153,2887.943351191837,2921.6654724202967,2950.853050428675
W270,8056.110244896112,8095.025858683699,8146.763736177696,8199.227650881054,8250.562895998202,8301.258054954167,8351.41767978716,8401.030778784345,8450.0998261157,8498.632725079431,8546.63684684831,8594.11920940909,8641.086748592976
W271,7789.625280937093,7843.967254273121,7904.3712252963305,7963.87353079924,8022.410242385084,8080.135278366057,8137.061769193173,8193.199902100998,8248.562497371391,8303.162189436534,8357.01135155629,8410.122156503372,8462.506580726475
W272,975.7971411645773,972.3953336038674,968.9019301503514,965.4885843955462,962.1218738865028,958.8140269656274,955.5616916645599,952.3646368712299,949.2214477783532,946.130938631611,943.0918564406935,940.102989180984,937.1631456264877
W273,6486.662853792142,6493.856744769102,6501.1813896757985,6508.5310766540715,6515.890563095003,6523.25991746997,6530.639253458112,6538.028588169942,6545.4279344891165,6552.837305764371,6560.256715407953,6567.686176849048,6575.125703534464
W274,827.4337154616453,825.5289123940786,822.8514374474405,820.2043421331302,817.5444475938143,814.9108222758125,812.3021220936881,809.7197536310282,807.1631619584324,804.6318733200011,802.1253279746468,799.6429786679096,797.184285410861
W275,8725.253155557431,8770.17183783412,8808.543178805065,8848.425031311204,8888.24377950842,8927.465414310704,8966.275257079555,9004.707366292876,9042.748519956222,9080.402357344641,9117.674947166877,9154.570661506123,9191.093757198556
W276,11216.49773423172,11190.981966771702,11160.226425271392,11131.353685977607,11103.127588852387,11075.321103676302,11048.032703651732,11021.249472764193,10994.957644637429,10969.15026499049,10943.819492011251,10918.957390141548,10894.556249043644
W277,3147.792825870087,3143.722307643319,3139.643371849979,3135.567257017708,3131.493625328479,3127.4224659982683,3123.3537683849518,3119.2875217836663,3115.2237155373086,3111.1623390351374,3107.1033817125435,3103.0468330508565,3098.992682577139
W278,1314.6221924595077,1308.1005506504475,1301.974466492468,1296.0540010827497,1290.306279588143,1284.7357599714078,1279.332665343429,1274.090079145076,1269.0012048915291,1264.059500403364,1259.2587158894376,1254.592864466788,1250.056213791647
W279,1280.5789584826402,1290.4603988557992,1299.3142128476743,1308.4689846413626,1317.3261268698288,1326.1317120891554,1334.781097699898,1343.320638292857,1351.73321014252,1360.028764264242,1368.2057720467592,1376.267548033241,1384.2153135917233
W28,4582.475476517328,4931.403487211969,5086.339988566056,5208.116323285913,5304.859613676855,5378.780991425996,5435.376293247808,5478.792443918921,5512.093551223653,5537.6367697605365,5557.2325204669905,5572.26843576399,5583.8083279225
W280,5394.111696047877,5395.183221631078,5393.966396012067,5393.384261540555,5393.018908042003,5392.545154198342,5392.096268709264,5391.688595594657,5391.299122706911,5390.930512497532,5390.585272980165,5390.262264114309,5389.961193751345
W281,1773.1304099770998,1767.8888896586839,1767.6671038168688,1767.5873792655345,1767.013972882719,1766.4648985206834,1765.9625558899627,1765.4553116939574,1764.9448764597923,1764.4360939493372,1763.9284294775402,1763.4214500950586,1762.9152338281765
W282,2134.6378851865884,2124.4990276712474,2115.9068779715126,2108.1394325414212,2100.894678857373,2093.9647605994724,2087.226441294055,2080.603729956594,2074.0502726286386,2067.537713195029,2061.0487213641654,2054.5727053632845,2048.103194382285
W283,345.7921978025829,349.1600768960549,353.3565843592004,358.2066440866631,363.54086381477873,369.2368931376312,375.19475914306076,381.33723030416695,387.6032468724849,393.9451108960709,400.32544906445276,406.7151009404171,413.0913550063643
W284,570.4384778876059,572.9873216855642,575.4462013967398,577.8955850288166,580.3327362870875,582.7561894098537,585.1661090791886,587.5625853922503,589.9456776741217,592.3154473646184,594.6719561566895,597.0152653939325,599.3454361273484
W285,736.9528152228627,775.5257915490492,813.7582800936405,851.3378540221297,888.2702480872008,924.5642280981099,960.2315581402017,995.2838528814134,1029.7325435322177,1063.5888498942481,1096.8637835460813,1129.568151391274,1161.712559451678
W286,10696.813299733927,10673.886210121364,10677.112115556656,10671.307775284866,10669.040228347108,10665.53605503677,10662.531883473335,10659.376519926767,10656.308959760083,10653.24008684947,10650.20268838891,10647.184512301326,10644.19001213462
W287,2216.0368042434106,2222.6898750995088,2229.2262470787455,2235.732527832229,2242.219097207384,2248.683058200183,2255.124250861906,2261.542908320607,2267.9391660111764,2274.3131472233604,2280.6649779211148,2286.994783675637,2293.3026892302064
W288,7827.659585207335,7834.698976106866,7841.807304794861,7848.987427497904,7856.177553921205,7863.3780429769895,7870.582632432002,7877.79135378814,7885.003560552047,7892.219243645969,7899.438324626289,7906.660789656533,7913.886617854079
W289,9966.830095322579,9953.111781208634,9944.481924587732,9956.348342525764,9955.604649488836,9956.708581316396,9960.111847966511,9961.852774422592,9964.017499114167,9966.460985775002,9968.727478935465,9971.106463075093,9973.552693419844
W29,816.0865073480654,859.59195069162,902.6103385559077,936.8051068416358,966.4113582580799,992.0110726965104,1013.9054505519543,1032.6751775385771,1048.7548119750136,1062.5081086870255,1074.257298922512,1084.2788978001777,1092.8108813697866
W290,15617.926301978017,15518.575266983364,15459.70291284761,15403.737195480982,15347.442427631933,15292.406044376476,15238.721081537533,15186.292371705515,15135.090153154426,15085.092502570777,15036.275192973182,14988.614209488933,14942.086141892521
W291,8298.30416331381,8280.410686357034,8268.649163619079,8257.057728698037,8245.896928614318,8235.036223206034,8224.479302747986,8214.217463645047,8204.245162432184,8194.556617086104,8185.146230175528,8176.008505530256,8167.13805724902
W292,18317.377791611867,18313.134000225687,18254.899793586002,18200.61741658325,18151.960340701025,18104.07069990274,18056.765037032885,18010.431369993363,17965.06986960672,17920.631128819125,17877.098216467657,17834.458798944666,17792.698122407357
W293,1876.798927365697,1923.301140336507,1920.5118035739172,1925.1962812566549,1929.5553749959672,1930.718453742799,1931.7030596824914,1932.8191532583705,1933.795039038727,1934.7269436783602,1935.6657472820327,1936.600687894753,1937.532084658965
W294,1524.3287681882607,1525.0751645760895,1533.4293677609119,1539.091688477172,1544.7111592529557,1550.4161100847252,1555.8874472253,1561.2331805439435,1566.453312277669,1571.5419521458098,1576.506549492081,1581.3501872470022,1586.0759850645925
W295,2881.6224524216077,2796.72319661446,2752.9815815491784,2710.4848597964206,2665.7490286385137,2625.0376994601793,2587.844487503098,2552.528472441857,2518.79449724185,2486.5432903568635,2455.5002491804303,2425.425726661992,2396.155917958064
W296,3091.1548494246827,2673.3499486482206,2868.005627134683,2908.4354802876683,2759.492291142028,2733.138726189593,2767.149553222326,2745.5569415654672,2717.709733996469,2717.702577766877,2716.5193462111465,2706.1406543069797,2699.6178924708192
W297,4972.5018628741,5027.779072942064,5295.879853913616,5173.021298765539,5029.804144857663,5067.811462777328,5094.197359009577,5049.813455645502,5025.754994134344,5032.6807496924475,5028.863881692256,5015.483446838235,5009.9126621512105
W298,3470.0509787412084,3405.4236314240275,3546.6781088364364,3508.47240242293,3450.9463521842904,3461.992326882492,3461.6247133177285,3441.7598632226754,3432.1143795106423,3427.051411803754,3417.8032844680965,3408.6831781917945,3401.43585878899
W299,3514.5463534563823,3115.5326566586714,3278.6640058672006,3318.361135025785,3204.1536956512396,3176.8891328035766,3194.592111010015,3179.8753150800776,3161.5702120071587,3159.361368908354,3158.1811689351903,3153.5389223549187,3151.034344463285
W3,9630.8332229612,9814.003617766466,9795.54316588525,9663.882099055474,9675.079387751324,9784.709786917563,9794.73478676549,9721.343781031916,9716.097131032131,9780.106206855151,9798.573024614223,9760.51721044617,9751.996087008718
W30,3933.1984937358907,4060.15616283442,4203.08392842415,4325.241873566261,4434.004219337572,4532.211922166555,4619.972283252928,4698.60292039386,4769.075996250946,4832.221049794453,4888.814565563136,4939.543294194788,4985.021733667515
W300,1873.3659810866736,1797.839766090832,1888.0657252720869,1868.607976960111,1829.409017528538,1839.9226002950038,1840.9420456894698,1828.07700701078,1824.8404115019582,1824.1097476664388,1819.6071220971664,1816.1829904976664,1814.310132472585
W301,2516.4148276323913,2546.917135997953,2524.778321463346,2519.5376349046655,2515.184107185882,2508.35300015344,2502.5845918849463,2496.914595812721,2491.2101375251796,2485.6387919063436,2480.13530366564,2474.6873017439398,2469.2957808351434
W302,2917.474339001299,2769.268368286669,2877.468478474445,2861.758934080391,2802.6612669674437,2803.159115396577,2805.6371779383444,2790.876476511465,2782.8841944687374,2780.691165485038,2776.0593220536502,2771.304221392053,2768.265500605463
W303,5474.527092274517,5335.0010469171,5475.702762517489,5426.436102741871,5361.491495219102,5359.276599703987,5347.935111164711,5325.60273074386,5311.961742478569,5301.280377023331,5289.3021175477925,5278.460141631856,5268.9257650129575
W304,3126.6035416906097,2744.238326419834,2942.948362908665,3031.7219910671097,2874.7932372143337,2821.243432477418,2871.6221834179723,2859.6479326042167,2813.7416202886093,2806.6766165817658,2811.4278019287754,2797.9019996487286,2783.824965119838
W305,3242.9856809752146,3209.0447222199673,3196.2306608080985,3179.8073299053713,3164.871079455364,3151.9882182859,3140.4030655282836,3129.865307897295,3120.2077317521394,3111.266278838884,3102.907791104493,3095.0252993144395,3087.5312810251608
W306,2468.959980662162,2369.9968779260967,2484.137468248193,2487.028168728563,2435.7868231994858,2441.4283235647904,2454.5404225811617,2444.329254417479,2437.3516319968835,2438.9063046086335,2437.3912423667866,2433.567121265208,2431.687472265024
W307,3495.8833921429127,3078.614873253882,3339.826235730566,3462.017430871576,3280.4339013871704,3229.682257906685,3309.8868829135754,3304.5245416485095,3252.8972885330772,3254.5596617829483,3271.122446648215,3259.940357152405,3247.659176611897
W308,2304.6507143089243,2223.4167619567957,2320.333399756853,2324.9831296682814,2287.149149489994,2300.7074098675716,2314.276437100345,2306.651674053651,2305.8666827686525,2311.307574308251,2311.769504991938,2311.241433387058,2312.9896174199484
W309,6091.60198879031,5878.8723921323935,6039.694450470158,5980.573912560506,5862.256051783489,5842.519302998772,5823.624850757575,5777.025128377224,5742.755828268556,5719.168330727348,5692.485290551763,5666.41327913768,5644.196668211545
W31,1074.9833462382303,1118.7441430952845,1191.0655928287738,1227.3358255630537,1264.9693069093662,1301.0753597222306,1331.64532888968,1359.214900145034,1384.0393776295555,1406.1365517807753,1425.9086192571053,1443.6063629526468,1459.4337276589858
W310,4329.361475230709,4353.743093563615,4430.991318448239,4240.095352126654,4196.227902988484,4175.164384329197,4113.426485662919,4077.842920754998,4050.269913821574,4018.2065878224744,3991.9912902029796,3968.770888573764,3945.9650674205513
W311,4848.523533744275,4414.29027745787,4658.328280998171,4759.022154246615,4616.576898084075,4572.898947786739,4616.642344143051,4611.8654165618,4582.348121536908,4578.387789705073,4582.622040632964,4577.102032690985,4571.094544647352
W312,4058.773260851338,4027.5113304916817,4018.922195926476,3970.9684377655894,3938.368722599472,3914.773919138366,3892.188738080069,3872.9311205433214,3856.886351469569,3843.0786860361113,3831.250209576799,3821.164207645105,3812.5329822672143
W313,2047.5978224457544,2048.6050789261617,2051.1973660028884,2051.3219073090972,2048.93967742495,2044.9586186725526,2039.7926582992761,2033.682416226221,2026.8399526583191,2019.43540676948,2011.597585998971,2003.4253044313648,1994.9950071310782
W314,7803.243078755798,7855.86965898989,8007.377557697915,7791.54898972117,7709.237311660864,7697.388293582179,7629.273294289673,7573.407508640932,7539.0939077191515,7500.911066848046,7465.3184133963405,7436.501755089103,7410.078107866523
W315,5247.09131497574,5182.486496708648,5116.599259268445,5058.7871574541405,5016.469376947215,4983.616741042828,4958.478854159833,4939.640483719424,4925.781364456939,4915.898111561979,4909.189525791862,4905.01326985022,4902.857635191713
W316,2712.8966063933785,2788.5450988716652,2844.409378628299,2760.0976987068675,2738.879792334249,2749.498346303259,2728.179653702988,2709.6227514848515,2704.165961353789,2694.9123985451447,2684.0404568748127,2676.745559395037,2670.1086475949737
W317,3866.5714006430826,3941.154236142583,3848.9155644620996,3800.7926139423334,3762.1068198168564,3715.9169015262974,3671.685082463648,3628.6021618778664,3585.5774141455977,3542.949712848406,3500.6751674067823,3458.653062964624,3416.859633453933
W318,3486.3756805412168,3465.797499778228,3445.9014415930797,3425.8415977896343,3405.943808527781,3386.1500848149035,3366.4358802346796,3346.784459588814,3327.182120091046,3307.618173747819,3288.084264774868,3268.5738549896846,3249.081829397743
W319,2166.471084399413,2232.2674721426247,2245.67861906472,2200.345905090485,2195.75591612689,2195.9401900685184,2183.641577639539,2176.2231788197496,2172.2262604995312,2166.6864580976767,2161.7763708402113,2158.066410918019,2154.5542338527544
W32,4506.490680661113,4679.107859307928,4884.697665799835,5075.642616659348,5247.357138269259,5410.410028005112,5563.259548071804,5705.710576673433,5839.066201070575,5963.856906231515,6080.555961564011,6189.726999809896,6291.861466675459
W320,2149.067167872751,1969.3200661990745,1955.6030015926276,1914.5359554654185,1866.6769266288939,1837.3611420732818,1815.8991602448095,1797.5322104338277,1783.1150369248603,1771.9639117311872,1763.0172844502843,1755.7760472878522,1749.894216773327
W321,5906.236548231028,5871.755492055838,5864.168090077559,5833.936317865311,5811.079080384038,5797.605598042641,5787.922152036755,5781.189966644141,5777.344969295657,5775.786370099805,5776.002200059706,5777.656839105135,5780.476708691468
W322,2244.2413944840937,2285.097601215039,2286.8135546300427,2276.8061998163457,2277.9351462637546,2278.2772686000812,2277.451689997076,2277.5762908908755,2278.0004898815337,2278.5024164913043,2279.216942886232,2280.1007871173315,2281.1092194075313
W323,4258.679185722306,4240.287047852337,4222.295172845812,4201.055884839502,4184.586535958181,4170.4768695386165,4157.996626185741,4146.90936348705,4136.885457284113,4127.679383312511,4119.108712854232,4111.029900446487,4103.331789837798
W324,2428.0905709357476,2332.102320804358,2360.595831792479,2355.677282040743,2334.9901969788934,2328.816892015348,2326.919666590786,2323.272345468822,2320.471259024859,2318.9727636179987,2317.8039884472128,2316.799098294316,2316.0467733202945
W325,3582.8352664984404,3684.8216926843565,3632.6673400858544,3580.6773610335367,3567.1389889732604,3550.0306869356755,3530.240310406542,3515.2738347487534,3502.4761657644,3490.3668538834404,3479.3880693300252,3469.3824778909757,3460.0128404577918
W326,3695.235784886819,3495.9071871683323,3507.0559528099643,3523.0674379329175,3496.161952181109,3475.0741094560194,3468.155497396676,3462.70010909556,3456.479481366685,3452.00722326219,3449.275803335644,3447.3449785985213,3445.9771551058666
W327,8554.011627030412,8546.285345084321,8559.86643654964,8500.865501508153,8467.794812064489,8446.419820673316,8421.013400662368,8398.552626872925,8379.210222693753,8361.00331319168,8344.064300159474,8328.353207681323,8313.5375952352
W328,2354.7858810055163,2312.243611335887,2406.3169170082056,2332.968351765408,2290.498745464713,2302.0304043744813,2284.7222334256767,2264.1063721107585,2258.2143426530274,2249.492313422773,2238.3484624872913,2230.5155879927847,2223.1061229600878
W329,9298.41358612597,8904.325970957027,9272.409418024617,9150.972810900765,8953.160814107825,8954.957570808629,8928.83370187384,8856.06060865628,8816.237371067698,8788.492017780702,8752.334938464764,8720.390819345468,8694.541696148368
W33,1589.5779755651993,1693.8996355510853,1775.2294757402171,1849.152579341233,1914.933434838259,1972.3732029586063,2022.8817568322552,2067.3599898334305,2106.4784609623985,2140.887802004224,2171.163003344565,2197.802012023793,2221.243653475948
W330,3452.6199911419726,3338.0358220310573,3365.4000180773423,3342.192295052077,3309.498829199481,3295.764492465246,3285.1628071977666,3273.856990208441,3264.8838140343255,3257.691541650446,3251.2424123909955,3245.460510329096,3240.27391770963
W331,5726.485680788087,5545.657002231799,5716.970163741273,5645.76363364095,5539.907611571623,5535.261284810113,5521.890118315192,5484.104268956554,5461.5194793770415,5446.988429445577,5428.491992659185,5411.124866890454,5396.882364999808
W332,3249.3678573584752,3173.9519936147694,3220.0444650603467,3239.176287042925,3240.355627966594,3248.5619063129516,3258.864309503745,3267.537271289427,3275.963958706878,3284.6264726527133,3293.226182026342,3301.727105688838,3310.194516846682
W333,2557.1333779577076,2432.048205801937,2476.5383952431393,2449.4546719473665,2404.14875922994,2387.120655096432,2374.126478909163,2357.700459183015,2344.5016126599107,2334.2736881414876,2324.870574845263,2316.3568119070037,2308.888838471116
W334,3724.1066722476626,3520.0534440466263,3632.8738537840873,3614.4475880983923,3559.9611438116513,3551.0391258931486,3542.302832150913,3525.4673175293246,3513.1093353563338,3503.44593779544,3493.562300790422,3484.367558667793,3476.0839531355596
W335,4027.030217990699,3952.393905579269,3955.8787601082986,3912.0784008126557,3878.674919187825,3856.8091013931303,3836.153297300688,3818.178890583698,3803.085240148125,3789.850084165363,3778.120237127429,3767.6611095953926,3758.2019669598744
W336,1624.3445250270802,1456.9688419969616,1592.2286798550285,1589.0584254601615,1501.2103776735453,1494.9128658842196,1509.3631047193674,1489.5473319089394,1471.9647493207813,1470.1838653121767,1465.75804971537,1456.9474217278819,1451.3686710364923
W337,1592.946549621418,1622.8234177895445,1647.813365862234,1648.641657634376,1657.242487253295,1668.587450172223,1675.312699807757,1681.537207773953,1688.1451180435613,1693.7723782988696,1698.7397101468907,1703.4350965080987,1707.7237718913557
W338,2012.30637252244,2038.0482524065173,2070.289901487831,2048.136424247324,2045.3048743477339,2056.3823074891443,2053.3720969009537,2050.126681815693,2052.4605813547482,2052.3132689568265,2050.6621818803965,2050.4432556755537,2050.0653242698204
W339,3963.642855603016,3732.094746685029,3877.6744472629293,3831.206927517985,3730.8998513429856,3714.7112181251505,3699.4414183596427,3663.9038036381075,3639.0511654466136,3622.0321565494073,3603.236717666271,3585.639428844736,3570.915632676283
W34,1283.6731455695249,1326.3237824585867,1367.4113105347913,1387.3232890633171,1413.276392738209,1440.2992398338752,1463.1957207964526,1485.3493989268795,1506.9592672839117,1527.1550853621775,1546.3061538629872,1564.5915016210997,1581.930056225926
W340,6070.9063318295,5806.593855490542,6258.040898834573,6100.577211169765,5939.04358437945,6043.096258625566,6028.177014901263,5963.026866455458,5976.478209558136,5977.559894884104,5954.770334602973,5951.536934820375,5951.637143481973
W341,5254.691338073282,4869.645189957757,5050.026424643564,5006.289054712815,4886.4763834295245,4865.126843927022,4849.742076354815,4815.484338009843,4793.144610282457,4779.533545753113,4765.772992745768,4754.223035525831,4745.865890631453
W342,1294.153897328657,1267.4256186471139,1245.9690414568968,1228.847733890743,1215.0852703676005,1203.9374344078044,1194.8252676323486,1187.2978756527948,1181.0042461617745,1175.67111275209,1171.0857347815002,1167.0824916218241,1163.5324460188465
W343,3568.127854790303,3392.162624391132,3510.589896831448,3499.40294891207,3429.620037185344,3417.632715363332,3416.2097246372623,3398.117476750404,3383.12748794462,3375.116431322616,3366.691730227497,3357.8322401485866,3350.560442862883
W344,3644.462009610077,3268.595853676314,3464.3074505570303,3541.9876981032526,3429.6496891127176,3415.8694086947835,3456.01075425577,3446.9508128949897,3431.5166681501905,3439.15347845626,3445.2633307311125,3444.1003210202057,3446.536351428179
W345,2995.0516400433607,2744.97759356431,2885.741974772564,2792.827554540752,2674.24228916167,2668.9974375379406,2648.4586369043313,2605.2399880591224,2584.360370524857,2570.0988397376077,2550.4616516077,2534.0244737301286,2521.03491953718
W346,5821.653514428417,5612.023482539895,5850.512411333603,5848.146519693841,5743.04365611972,5761.207688688448,5785.368372485703,5761.480631297239,5749.8244870099925,5754.038854788904,5749.772205026506,5742.409754345821,5739.721372192226
W347,3606.511985996293,3444.1647856167447,3723.327364719157,3740.793152969437,3602.9294702961506,3629.3922395186682,3692.7693314963444,3666.488094831089,3642.8834604589256,3662.2710666571907,3669.9336603829356,3659.045393238628,3658.063633660239
W348,4283.621708568464,4313.640305892472,4318.414923426617,4303.899377091284,4298.700330671462,4292.698374387705,4285.546092817593,4278.697998603328,4271.747415503633,4264.66150538922,4257.522526909735,4250.323818863129,4243.070666526123
W349,2874.0646471031655,2579.859376183559,2342.817632980168,2183.9311346444692,2068.6350549257218,1982.4642149727408,1912.9245514617166,1853.2215359252543,1799.1082194174955,1748.1923460755356,1699.0847776737962,1651.0007939215668,1603.4942144043455
W35,1144.419692577268,1265.4931682286538,1317.5548034080678,1353.514121921884,1392.9833277993553,1424.62805020855,1447.4881491631068,1465.9917465843516,1481.2806781595693,1493.3631768467476,1502.8874937809228,1510.5057967734977,1516.5807850698407
W350,4663.942185403785,3875.2308118467763,3599.8850049566863,3469.5999911823933,3367.1401104955658,3276.0397961543904,3191.9369052088605,3110.976827398483,3031.1234468874404,2951.660456346168,2872.3572125964624,2793.1223881770466,2713.9152249547706
W351,1714.2631615358023,1699.8257640838099,1736.8422170234242,1724.3423383097663,1711.6132498283737,1713.3726727841677,1710.8764696203696,1705.4269070904554,1702.0962119713465,1698.9930883446734,1695.204211009284,1691.5530045201988,1688.060140876443
W352,1178.6035852161456,1098.0351212678638,970.6724591584712,866.2057608818187,750.7996545399445,649.9762297971446,549.4891408770194,458.5780899167405,371.16476405285755,290.44600413516287,213.7181488282849,141.94555621843955,73.82864306516547
W353,1849.9261944046675,1667.6405824521019,1722.9049362182452,1716.9883396831424,1664.8083914428262,1648.6023859732259,1642.481094860766,1627.7727947621117,1615.8485273794422,1608.7004900442132,1601.9669354719251,1595.6989284440765,1590.7989113006024
W354,3335.2185193069604,3179.2688402357808,3219.759365590756,3222.953231445911,3184.003628488944,3165.046658231016,3159.1708162984623,3149.425244560892,3138.8769116172243,3131.21946333976,3124.7927804547344,3118.4686638021626,3112.581199808907
W355,2535.259418228078,2444.2697223441583,2431.9826561243076,2379.225891209078,2309.8236185120136,2262.764988051688,2217.5180627082736,2164.8587947129995,2115.26912713784,2069.1961250105305,2022.3823780702937,1975.8015532976003,1930.7390508820404
W356,4204.189800299186,4098.771515885808,4118.98538440593,4071.09767785255,4029.0157057321962,4006.662688342195,3984.3721664142204,3963.4149828482637,3946.014179800596,3930.436378750845,3916.0493409201576,3902.821511473181,3890.4689676738767
W357,3502.262072401218,3388.130445187438,3506.364116356528,3490.35675940069,3425.7548468357845,3433.146006025381,3438.2689264007527,3416.2214919300386,3405.090176418597,3402.4241216499277,3393.4467528811015,3383.86101597973,3377.70872285229
W358,5711.274706828476,5300.291486953935,5487.321218474928,5456.355342750169,5316.759251648385,5278.559857442207,5262.020602778978,5221.260971112394,5187.571215674979,5166.0570623077665,5145.342208831713,5125.423984295703,5108.800895530848
W359,3879.9301297632323,3428.86250202857,3638.6272264222725,3597.9045382593654,3410.1886964209284,3390.6708709400814,3380.961288683969,3313.9460331283394,3274.336002454482,3255.7901468975597,3226.263298826344,3198.886608308912,3180.430631110323
W36,15169.010636857376,14424.271381024846,14582.317063754148,14445.07371365924,14052.021313134008,13836.160035744324,13711.03992750811,13529.210464372803,13344.634579932974,13201.358347825797,13070.919595358358,12940.325857873611,12820.907160494178
W37,2896.3076900873657,2896.704522642426,2896.8178056745014,2897.0845829912287,2897.342074572343,2897.621699515677,2897.910497654478,2898.210617406053,2898.5209537288156,2898.8415854099894,2899.1723561930276,2899.513203789906,2899.864049684396
W38,3087.488822755536,3087.7037446436707,3086.963141337649,3086.2925642259074,3085.605278997024,3084.942591354912,3084.3011563925224,3083.682238753296,3083.0853089255197,3082.510007687534,3081.9559109817205,3081.422608473178,3080.9096948882266
W39,5839.686383351343,5841.983534103356,5845.463554400093,5848.796596575668,5852.228304160897,5855.649295973357,5859.07778276239,5862.504706978021,5865.931390411551,5869.357078524915,5872.78186553923,5876.205689393995,5879.628557854003
W4,2457.9301612693407,2550.333617637606,2646.0500366311044,2731.8641589305635,2811.3030643122897,2885.0517095635023,2953.3558038475003,3016.6330357986003,3075.2601875540877,3129.578302576923,3179.9050286490383,3226.534722320367,3269.7399314594422
W40,5835.645632564925,5837.989331768269,5841.433415080352,5844.749846495822,5848.1619370438675,5851.566258154772,5854.978335910074,5858.389288956771,5861.800109654748,5865.210018755538,5868.619069857866,5872.027194038092,5875.434394027824
W41,6206.777867202268,6212.072068638928,6217.388725614708,6222.689256569811,6227.972840329827,6233.2393618115075,6238.48889026723,6243.721502546736,6248.937276163854,6254.136288338427,6259.318615942231,6264.484335494923,6269.6335231652565
W42,6214.601420659376,6219.923421412924,6225.130990562524,6230.313140790527,6235.478945059896,6240.627755720417,6245.75955227659,6250.874418904066,6255.972434945061,6261.053678281492,6266.118226461242,6271.166156684718,6276.197545795264
W43,6210.748885880402,6216.010893379851,6221.26502785667,6226.502297266358,6231.722474182161,6236.925626455879,6242.111831962004,6247.281168576172,6252.433713828608,6257.569544893643,6262.688738590919,6267.7913713870075,6272.877519397041
W44,5831.547872442455,5834.105488479922,5837.520436700627,5840.849221880747,5844.243609575767,5847.633903335514,5851.02864880632,5854.422541675901,5857.815983057512,5861.208555737745,5864.600269826057,5867.99109239198,5871.381023583446
W45,2933.536184483588,2934.3686124560786,2935.09791464474,2935.7866947339253,2936.4737309218826,2937.160130368602,2937.8472262900395,2938.535017881645,2939.223550051574,2939.9128194061714,2940.602825535265,2941.293566247934,2941.985039514715
W46,3272.200234748054,3273.7404546237535,3272.903815823458,3272.3834152460986,3271.91117524863,3271.4368870099406,3270.97094584394,3270.5138300339486,3270.0651668652,3269.62489972005,3269.1929718819038,3268.769319051552,3268.3538780045533
W47,2932.206042452589,2933.034486079773,2933.764445633644,2934.4525162814894,2935.139011153693,2935.8248047209568,2936.511303072466,2937.198495591716,2937.8864304476933,2938.575103807261,2939.2645153966578,2939.954662999601,2940.645544586954
W48,2988.3206073476176,2986.2414457858267,2986.8341327294984,2987.3585740467215,2987.9771533259363,2988.5927655810315,2989.212651834966,2989.8333427827292,2990.4551439568886,2991.077927889419,2991.7017044546346,2992.326466289113,2992.9522110595162
W49,3224.9645250293715,3225.1846629378865,3224.806498117205,3224.5002560596013,3224.208248551889,3223.9216011236826,3223.642023645512,3223.369504455553,3223.103952352279,3222.8453158584157,3222.5935425882185,3222.348579893752,3222.1103756041184
W5,1770.0244759383172,1960.0303483111568,2099.5593667913863,2208.8646832362947,2290.389236253649,2351.461912305451,2397.281464984012,2431.5498581577826,2457.1121445122894,2476.114177303737,2490.170568419042,2500.498876195608,2508.0169683937665
W50,3226.4794198907075,3226.658613257289,3226.272093946179,3225.956305102659,3225.653873577259,3225.357041876408,3225.067396146637,3224.7849044415334,3224.50947948544,3224.241068863002,3223.9796190828934,3223.7250765336307,3223.4773880830044
W51,6553.373766601277,6538.4500172472235,6533.619205961009,6528.527708014283,6524.030227114427,6519.552115190525,6515.133447290259,6510.742067332234,6506.3796226631675,6502.0441505302815,6497.735553186934,6493.453555964731,6489.19798840643
W52,7060.266897866351,7068.72318681128,7075.298132928554,7081.778808043133,7088.231865987143,7094.630948124835,7100.975529012572,7107.266596097919,7113.504742970343,7119.690532360146,7125.824526690734,7131.907282736353,7137.939351201255
W53,1956.0031618639678,1983.4239022619454,2010.3431121442663,2038.607833444667,2066.7976990377174,2094.6338947255413,2122.218217561753,2149.5855776082717,2176.7321337403773,2203.6565491229658,2230.361046972907,2256.847916913169,2283.1191270927256
W54,2480.6301345808056,2473.196273395916,2467.145540706577,2461.6994784187377,2456.550165798444,2451.5380740124874,2446.5869978627984,2441.65970939645,2436.738151311667,2431.8135600051123,2426.8816958372327,2421.940518712051,2416.9890582627654
W55,5069.953641517417,5101.053471935201,5129.739265586475,5157.723336379311,5185.405587721285,5212.880046423038,5240.169667823356,5267.2808772207845,5294.216249059394,5320.97745406578,5347.565944349889,5373.983112717223,5400.230329766942
W56,3026.815620887802,3072.5951428473195,3111.199017459992,3143.118694978827,3168.1097515873907,3186.2480174311236,3197.663788556905,3202.5962848557806,3201.3688541489055,3194.382430681987,3182.103770116506,3165.0544315618245,3143.7993014638537
W57,2039.8961129418224,1915.177447050518,1796.0380428256879,1684.16810063726,1580.531906549845,1486.0860343380093,1401.5434170983644,1327.451793700524,1264.1730277246963,1211.897730946625,1170.651093611585,1140.3039669976126,1120.5842893359654
W58,3436.3027956588653,3453.0449183836477,3467.508428895575,3478.770348136363,3488.3760324094096,3496.5591792513237,3503.7033911390013,3509.9817772598963,3515.54288042713,3520.4871759225334,3524.896102154889,3528.8346820279876,3532.3577554026892
W59,2168.383750431283,1955.9456681723673,1844.095906607053,1764.1651429671765,1711.9527786786953,1677.0267061660572,1652.5809826812902,1634.7075115870903,1620.9343917519368,1609.714184035769,1600.0849684477125,1591.447244257365,1583.4273553096384
W6,612.3229637992106,689.9530024893575,749.7182085383444,810.0868427589545,861.3962654162626,905.067001353081,943.3813046624905,976.6874886472335,1005.5617969306232,1030.6608872301595,1052.4764491908595,1071.433651001329,1087.912835351215
W60,9037.402253835202,9033.949530906844,9029.017955378782,9023.807398101108,9018.556772586415,9013.310776658524,9008.077482465907,9002.858287163033,8997.653393460441,8992.462792614928,8987.286438800511,8982.124279846614,8976.976262636685
W61,10155.3319083957,11289.661443685756,11292.41875556078,10427.868402585365,10452.184650483268,11155.883954852343,11161.42226001832,10634.840164189925,10656.68194142013,11095.354664559687,11103.28214554154,10784.745622445036,10804.580482415251
W62,7182.660690942231,7141.083347983253,7122.382299630089,7106.046074229532,7088.862444234332,7072.593426846052,7057.4463230480505,7043.211814661966,7029.82299878669,7017.2505617926945,7005.454840312875,6994.395306246915,6984.034544386554
W63,6058.345850604373,6095.966968692489,6091.860106868338,6061.264490994984,6059.511569273628,6074.748191197827,6070.183291998337,6054.852322463874,6053.183970035717,6058.396188456401,6054.291091261051,6045.895917507468,6043.93481719786
W64,13713.28143744487,13046.536957413515,13334.217935799183,13685.896515058499,13463.858987689458,13260.809803862772,13397.00033174801,13488.256034562997,13382.345129000181,13322.781298092379,13375.879279979716,13390.282396613216,13341.59998517136
W65,19112.960244458976,18325.289851755413,18679.16940767059,19112.053755325505,18841.884696757952,18578.967355269044,18744.768584545927,18872.438709887774,18741.463990572393,18654.229982994224,18721.52971266031,18750.02774816999,18687.320887730493
W66,7347.901658595508,7537.132998142621,7520.307560910207,7377.7387768466,7387.622778198114,7512.666102854488,7527.061876763104,7438.799249233567,7429.010706484507,7508.800946805894,7534.564025137193,7483.566906824291,7468.318994828571
W67,13432.942139567733,13450.529162939463,13470.01637380914,13494.388136689206,13519.9736467478,13545.35819663751,13570.597613478363,13595.884333171987,13621.266314450897,13646.733440119184,13672.277101191728,13697.896356892415,13723.592258111783
W68,6914.38243982435,6918.862664164027,6924.224538659915,6929.9986363634835,6935.9634398616145,6942.013587198688,6948.099024000945,6954.195962721769,6960.2930956621185,6966.38504413179,6972.469246258808,6978.544478409477,6984.610152727848
W69,6924.616045372652,6930.908170232888,6937.279501827503,6943.7007173111215,6950.131112590014,6956.55811656378,6962.976286957308,6969.383507868044,6975.778921556642,6982.162177028862,6988.533123380049,6994.891689187176,7001.237834528563
W7,3940.465024588644,4619.908031172494,4815.0212372196265,4967.196133172554,5108.897743492384,5195.319100151916,5247.043193219762,5283.257170937622,5307.8777242735705,5323.608871309253,5333.718609834115,5340.219337079114,5344.235898320308
W70,2602.4973169013374,2593.0669354965626,2581.7129896693514,2569.738405857951,2557.4715859004236,2545.0907284531067,2532.661131174981,2520.211520028266,2507.75344642279,2495.291760426442,2482.828456424384,2470.364363089422,2457.89982327701
W71,1875.3406385385179,1829.0232269191238,1798.1376610240725,1763.6144060809725,1725.206139049625,1689.1336831256544,1654.7705941742913,1620.1327642577053,1585.6189975742213,1551.8103204915976,1518.4913712193684,1485.475446208603,1452.8331481725236
W72,1882.8411795445043,1839.2230934709555,1812.885251729001,1785.5014307461765,1751.358530017255,1718.121772509968,1688.1471944768277,1658.2098897912574,1627.320160841736,1596.8169676855414,1567.0988170625265,1537.593114722692,1508.123436347727
W73,1882.8618441564786,1839.1729312934194,1812.821456603497,1785.500653376601,1751.3692774862318,1718.0960955658825,1688.1183735633015,1658.2047381273107,1627.319924916137,1596.8077113871386,1567.0905120862808,1537.592810030564,1508.1261406087115
W74,5552.1431351734755,5164.880917142384,5211.596584769852,5226.28444429756,5144.373429351199,5079.386576174422,5037.0251784637,4990.411239712781,4940.38203918574,4893.083034262005,4847.786764199562,4803.094143983646,4759.258630867973
W75,23952.601242317505,23918.26932817701,23926.862594342434,23921.513367461353,23920.90377767608,23918.86517568117,23917.432143759463,23915.93283531365,23914.588390163393,23913.32531363179,23912.16732658909,23911.10607615533,23910.14379414825
W76,459.3236473275301,478.8138121442471,497.3299047573619,515.4921762581434,533.3080074009845,550.7787644156865,567.9078883262541,584.698805883726,601.1549023500243,617.2795290344106,633.0760037265422,648.5476110074615,663.6976025816807
W77,3786.3224065217305,3704.2403056215658,3628.2411828922022,3554.6107052600564,3485.7789018107273,3421.971788039513,3362.759517380433,3307.784971211939,3256.761257168985,3209.424218177236,3165.525092375442,3124.8313953940087,3087.126439673858
W78,3720.0236684155543,3637.8186423505576,3552.0331277298824,3475.0443773377265,3403.402462975481,3337.6367256724398,3277.06981775603,3221.380383511711,3170.1793081311316,3123.1317693024857,3079.9210343513555,3040.256409347439,3003.868676124721
W79,1492.500205596692,1517.6640126923312,1523.5250876645794,1521.117982840359,1515.1219485173235,1507.701764618554,1499.8282325667985,1491.9336150328438,1484.2043311704645,1476.7153008479218,1469.4911327411348,1462.534030374807,1455.836495744612
W8,2953.366590463274,3040.9471871400638,3145.039208740628,3207.4670637083395,3271.06977122658,3329.855649920788,3380.9964582115044,3427.2823215755325,3468.9542724385065,3506.290460414738,3539.8366570004855,3569.968538844135,3597.022921843084
W80,1565.4495764739956,1576.7720700737298,1574.0888554710343,1566.4474444449254,1556.6443158637096,1546.2412272218457,1535.8293365102534,1525.6804588330028,1515.8941304579673,1506.50206496853,1497.5043035413262,1488.888140089829,1480.6357680532105
W81,24420.126400267276,24480.49841893548,24469.617977620328,24483.378655107837,24487.960101826036,24495.850657029732,24502.585598518315,24509.797641730718,24516.89897533932,24524.103382950485,24531.333486002444,24538.61720609013,24545.944266420956
W82,4417.2551211356285,4417.906696143571,4419.410391909835,4421.301276326345,4423.371362501462,4425.52428215857,4427.715698058397,4429.925182688402,4432.143326952211,4434.36579654465,4436.590594738442,4438.816801530131,4441.043992873916
W83,5970.219768606062,5967.710799168616,5965.602740975561,5963.752056128349,5962.123581231655,5960.706314879372,5959.49456688281,5958.4838611792175,5957.670049576756,5957.049119234586,5956.61714983065,5956.37030303866,5956.30481899872
W84,5967.547350312339,5965.54357734834,5963.56287060338,5961.786685422897,5960.215024337942,5958.849351690849,5957.686274494265,5956.721942424173,5955.952385509361,5955.373676101565,5954.9819559968955,5954.7734428039985,5954.744430110086
W85,17248.97369217361,17244.88079633285,17244.935579887027,17248.400090655097,17254.181159999964,17261.67365041059,17270.399823908854,17280.03612431942,17290.349139449205,17301.174756265224,17312.39622711393,17323.930779947197,17335.71952695965
W86,17269.655750825797,17277.54038848565,17284.219870746885,17293.60002682949,17303.451371619958,17314.198146881998,17325.36436236065,17336.931451018558,17348.767456447153,17360.83075356879,17373.07442896828,17385.47411086461,17398.010221163375
W87,1078.3741428330463,1072.5513089811188,1066.8431065428333,1061.1602490475054,1055.5084208660553,1049.890693021171,1044.3061419312708,1038.7540958446396,1033.2340559111144,1027.7455157703823,1022.2879706807495,1016.860924848789,1011.4638906589073
W88,12017.485348607826,12030.263607166378,12043.6655503401,12056.205924461767,12068.977698950135,12081.754751609651,12094.540226066812,12107.3458507866,12120.168180430319,12133.00757883763,12145.864177633319,12158.737962304796,12171.628972614995
W89,1210.8587351724477,1212.3679720784162,1208.8623299894232,1210.8629663323795,1211.5444990816954,1212.035163266994,1212.7105215579725,1213.3200362788207,1213.906424258383,1214.4831613328415,1215.041137820618,1215.5820528767458,1216.1064729237737
W9,7569.749273311386,7736.113091483394,7896.019094923603,8003.368374061307,8119.173252727659,8228.232013086257,8327.56244179789,8421.379428431173,8509.207932135945,8591.19075068362,8667.927567033525,8739.710451006364,8806.842157859332
W90,1839.0017078789708,1843.7296283726182,1844.8618589378561,1846.740112307473,1848.6739231080144,1850.566844837404,1852.4591873725817,1854.350088829233,1856.2379986911255,1858.1231565536743,1860.0056139068233,1861.885370701497,1863.7624408400925
W91,19624.802493387764,19672.62457144639,19663.18978205247,19673.130005329534,19683.232380840058,19692.04549149257,19701.087815158586,19710.17417001364,19719.2397757646,19728.30861758206,19737.380490154126,19746.4538634737,19755.52902683497
W92,22531.555085814798,22490.511996619687,22485.842276947915,22496.139270770407,22499.900594836436,22504.566164867843,22509.391760503448,22514.11701727836,22518.862723858896,22523.611179532112,22528.35974585588,22533.110288739448,22537.862445955558
W93,1737.6097592516091,1736.2598327047453,1736.0912721756492,1738.1445090524387,1739.7130195186164,1740.1456582968008,1740.7631325888972,1741.9548828562974,1743.0799498615822,1743.912673163672,1744.7623701930545,1745.7568174600476,1746.7476872708073
W94,1817.614357801995,1818.081302694256,1819.3209385394568,1820.2508184603196,1821.0944678369274,1821.8098847662,1822.4097158541645,1822.8952819622332,1823.27012377874,1823.537220653975,1823.6995648929892,1823.7600465785251,1823.7214799862872
W95,1647.822293366747,1650.4628732702215,1651.9472405259778,1653.514237491817,1655.0029329290521,1656.4337163640835,1657.8055719126735,1659.1197948535032,1660.377425322414,1661.5795056753636,1662.7270573605742,1663.8210831543643,1664.8625673891208
W96,11320.82433562116,11312.961180127435,11320.230069035151,11329.238016387328,11334.785325673147,11341.09752861216,11347.835360991066,11354.29336016986,11360.760476919271,11367.280836247317,11373.784852800149,11380.28610055116,11386.793666130297
W97,477.1487856082149,480.6684586610015,485.68171418419024,493.0295096298405,499.41693627289715,505.89160075271957,512.3880162512128,518.8360766715055,525.2655669589708,531.6726715863774,538.0561904754043,544.4170005013568,550.755039893641
W98,607.9191250581548,610.9332500697924,614.8837853377013,620.5041145905266,625.5474449701715,630.6324937428581,635.731774313113,640.8102902725132,645.8804285602646,650.9409725240675,655.9914513478161,661.0321221131899,666.0629726876482
W99,15100.643687379032,15105.853718354669,15113.517172249172,15121.57582027924,15129.739733593606,15137.924903627229,15146.11517712044,15154.30669283323,15162.498632633777,15170.690811340124,15178.8831884186,15187.0757547223,15195.268508110159
