3.796095848083496094e-01 1.269531250000000000e-02
2.552132606506347656e-01 1.085281372070312500e-02
3.516237735748291016e-01 1.176929473876953125e-02
4.175560474395751953e-01 1.245284080505371094e-02
2.657628059387207031e-01 6.159305572509765625e-03
3.728280067443847656e-01 1.242828369140625000e-02
3.547191619873046875e-01 1.224017143249511719e-02
4.011390209197998047e-01 1.230621337890625000e-02
3.315887451171875000e-01 1.225185394287109375e-02
3.937199115753173828e-01 1.150178909301757812e-02
3.981642723083496094e-01 1.234459877014160156e-02
3.256647586822509766e-01 1.196646690368652344e-02
3.282861709594726562e-01 1.203036308288574219e-02
4.133017063140869141e-01 9.270191192626953125e-03
3.689489364624023438e-01 1.101708412170410156e-02
4.098067283630371094e-01 1.225066184997558594e-02
4.119558334350585938e-01 6.620168685913085938e-03
3.469450473785400391e-01 6.823301315307617188e-03
4.004023075103759766e-01 8.338928222656250000e-03
4.427304267883300781e-01 5.654811859130859375e-03
3.875660896301269531e-01 6.422758102416992188e-03
3.346188068389892578e-01 6.842851638793945312e-03
3.449320793151855469e-01 1.275062561035156250e-02
3.387489318847656250e-01 6.167888641357421875e-03
3.480005264282226562e-01 5.952596664428710938e-03
3.549606800079345703e-01 7.018566131591796875e-03
3.948969841003417969e-01 1.276326179504394531e-02
3.388941287994384766e-01 6.601572036743164062e-03
3.811347484588623047e-01 1.177859306335449219e-02
4.019029140472412109e-01 1.026701927185058594e-02
4.001100063323974609e-01 1.004838943481445312e-02
3.221504688262939453e-01 6.532669067382812500e-03
3.918261528015136719e-01 1.142191886901855469e-02
4.024682044982910156e-01 1.257038116455078125e-02
4.019536972045898438e-01 1.073980331420898438e-02
4.077041149139404297e-01 6.325721740722656250e-03
3.933358192443847656e-01 6.178855895996093750e-03
4.454510211944580078e-01 1.042342185974121094e-02
4.003324508666992188e-01 1.308560371398925781e-02
3.689217567443847656e-01 6.483554840087890625e-03
3.730609416961669922e-01 1.187300682067871094e-02
4.359107017517089844e-01 1.228642463684082031e-02
4.551787376403808594e-01 1.247978210449218750e-02
3.729491233825683594e-01 1.142644882202148438e-02
3.648684024810791016e-01 1.157903671264648438e-02
1.873955726623535156e-01 6.135463714599609375e-03
2.621908187866210938e-01 1.277875900268554688e-02
2.249453067779541016e-01 1.139259338378906250e-02
3.375077247619628906e-01 1.164579391479492188e-02
2.904272079467773438e-01 1.204586029052734375e-02
3.380899429321289062e-01 1.002120971679687500e-02
3.265593051910400391e-01 9.433984756469726562e-03
3.426074981689453125e-01 1.029253005981445312e-02
3.685171604156494141e-01 1.132583618164062500e-02
3.588969707489013672e-01 6.146907806396484375e-03
3.231208324432373047e-01 1.125407218933105469e-02
3.158884048461914062e-01 5.965709686279296875e-03
3.536884784698486328e-01 7.130384445190429688e-03
3.661544322967529297e-01 6.250858306884765625e-03
2.488996982574462891e-01 1.136684417724609375e-02
3.467760086059570312e-01 1.138567924499511719e-02
3.766586780548095703e-01 1.192688941955566406e-02
3.755147457122802734e-01 1.289892196655273438e-02
2.737653255462646484e-01 1.173782348632812500e-02
3.287241458892822266e-01 1.057171821594238281e-02
3.536422252655029297e-01 1.101827621459960938e-02
3.727748394012451172e-01 6.324768066406250000e-03
3.603827953338623047e-01 1.185417175292968750e-02
3.102316856384277344e-01 6.606817245483398438e-03
3.726015090942382812e-01 1.162481307983398438e-02
3.206143379211425781e-01 1.202321052551269531e-02
3.089401721954345703e-01 1.175427436828613281e-02
3.592879772186279297e-01 1.188325881958007812e-02
3.311369419097900391e-01 1.204466819763183594e-02
3.728380203247070312e-01 6.277799606323242188e-03
3.166241645812988281e-01 1.179671287536621094e-02
3.703429698944091797e-01 1.142001152038574219e-02
3.540484905242919922e-01 1.144242286682128906e-02
3.689212799072265625e-01 1.160335540771484375e-02
5.428326129913330078e-01 1.183176040649414062e-02
5.260334014892578125e-01 1.170253753662109375e-02
5.764555931091308594e-01 1.192045211791992188e-02
5.805566310882568359e-01 1.173472404479980469e-02
5.479154586791992188e-01 1.273894309997558594e-02
4.927144050598144531e-01 1.236486434936523438e-02
5.460414886474609375e-01 1.176333427429199219e-02
4.331865310668945312e-01 1.139330863952636719e-02
3.851525783538818359e-01 1.126360893249511719e-02
4.718637466430664062e-01 1.145792007446289062e-02
3.368139266967773438e-01 1.187062263488769531e-02
5.518147945404052734e-01 1.145458221435546875e-02
5.041029453277587891e-01 1.196360588073730469e-02
5.134968757629394531e-01 1.125216484069824219e-02
4.775238037109375000e-01 1.172542572021484375e-02
5.743801593780517578e-01 1.078462600708007812e-02
4.882144927978515625e-01 1.167416572570800781e-02
5.168712139129638672e-01 1.213073730468750000e-02
6.037845611572265625e-01 1.229834556579589844e-02
5.651280879974365234e-01 1.152038574218750000e-02
5.692965984344482422e-01 1.242136955261230469e-02
4.562284946441650391e-01 1.171517372131347656e-02
4.790413379669189453e-01 1.176357269287109375e-02
5.356228351593017578e-01 1.173925399780273438e-02
5.787937641143798828e-01 1.078629493713378906e-02
4.678351879119873047e-01 1.132297515869140625e-02
4.852969646453857422e-01 6.324291229248046875e-03
5.503954887390136719e-01 9.124279022216796875e-03
5.327579975128173828e-01 1.203203201293945312e-02
5.003201961517333984e-01 6.398916244506835938e-03
5.605962276458740234e-01 1.208257675170898438e-02
5.344829559326171875e-01 6.287336349487304688e-03
3.604507446289062500e-01 1.153397560119628906e-02
4.238255023956298828e-01 1.157784461975097656e-02
3.889586925506591797e-01 1.133728027343750000e-02
5.197119712829589844e-01 1.148295402526855469e-02
4.801716804504394531e-01 6.246089935302734375e-03
4.762856960296630859e-01 1.167106628417968750e-02
4.643592834472656250e-01 1.187109947204589844e-02
4.792397022247314453e-01 1.120805740356445312e-02
5.639510154724121094e-01 1.262116432189941406e-02
4.556279182434082031e-01 1.147150993347167969e-02
5.196177959442138672e-01 1.162242889404296875e-02
4.472856521606445312e-01 1.208186149597167969e-02
4.279110431671142578e-01 1.154756546020507812e-02
5.103542804718017578e-01 1.170134544372558594e-02
4.444251060485839844e-01 2.137112617492675781e-02
5.238554477691650391e-01 6.454229354858398438e-03
4.199447631835937500e-01 8.505105972290039062e-03
5.820505619049072266e-01 1.299905776977539062e-02
5.283296108245849609e-01 1.036787033081054688e-02
5.246715545654296875e-01 1.153326034545898438e-02
5.192410945892333984e-01 1.134037971496582031e-02
5.753214359283447266e-01 1.247954368591308594e-02
5.823171138763427734e-01 8.566856384277343750e-03
3.691220283508300781e-01 1.108670234680175781e-02
5.372178554534912109e-01 6.834268569946289062e-03
5.081305503845214844e-01 1.073861122131347656e-02
5.274331569671630859e-01 1.181411743164062500e-02
5.059406757354736328e-01 1.009130477905273438e-02
5.422942638397216797e-01 6.349325180053710938e-03
5.153934955596923828e-01 9.266138076782226562e-03
5.706527233123779297e-01 1.258850097656250000e-02
5.260579586029052734e-01 1.077842712402343750e-02
5.311889648437500000e-01 1.059341430664062500e-02
4.847853183746337891e-01 1.149106025695800781e-02
4.068117141723632812e-01 9.224414825439453125e-03
5.760881900787353516e-01 1.240706443786621094e-02
5.376594066619873047e-01 1.165914535522460938e-02
5.331423282623291016e-01 6.355285644531250000e-03
4.011850357055664062e-01 6.044864654541015625e-03
4.174387454986572266e-01 6.092548370361328125e-03
4.464335441589355469e-01 1.139044761657714844e-02
4.672789573669433594e-01 1.137304306030273438e-02
5.301439762115478516e-01 1.211690902709960938e-02
4.972510337829589844e-01 1.252675056457519531e-02
4.671161174774169922e-01 1.172876358032226562e-02
4.063942432403564453e-01 1.176953315734863281e-02
4.628987312316894531e-01 1.147913932800292969e-02
4.966640472412109375e-01 6.083726882934570312e-03
4.904375076293945312e-01 1.169347763061523438e-02
5.401425361633300781e-01 1.151227951049804688e-02
5.211126804351806641e-01 1.105904579162597656e-02
4.789087772369384766e-01 1.046347618103027344e-02
5.120058059692382812e-01 1.142311096191406250e-02
4.592854976654052734e-01 1.174473762512207031e-02
4.137494564056396484e-01 6.328582763671875000e-03
4.825990200042724609e-01 1.227784156799316406e-02
3.115029335021972656e-01 1.148629188537597656e-02
4.819290637969970703e-01 1.143169403076171875e-02
5.232584476470947266e-01 1.157855987548828125e-02
4.864199161529541016e-01 1.135420799255371094e-02
5.418634414672851562e-01 1.078987121582031250e-02
4.081778526306152344e-01 6.063222885131835938e-03
5.122053623199462891e-01 1.197504997253417969e-02
5.109355449676513672e-01 1.138210296630859375e-02
4.299156665802001953e-01 1.175427436828613281e-02
5.141794681549072266e-01 6.758689880371093750e-03
4.726173877716064453e-01 1.113247871398925781e-02
3.177616596221923828e-01 1.178383827209472656e-02
4.950826168060302734e-01 6.949663162231445312e-03
5.182754993438720703e-01 1.184773445129394531e-02
4.755542278289794922e-01 1.134729385375976562e-02
5.210344791412353516e-01 1.175761222839355469e-02
5.354187488555908203e-01 6.225585937500000000e-03
4.371528625488281250e-01 1.163339614868164062e-02
4.469707012176513672e-01 6.325483322143554688e-03
5.342524051666259766e-01 1.174211502075195312e-02
5.070364475250244141e-01 1.261329650878906250e-02
5.632677078247070312e-01 1.278281211853027344e-02
3.875341415405273438e-01 1.166224479675292969e-02
5.153341293334960938e-01 1.188969612121582031e-02
5.183582305908203125e-01 1.169848442077636719e-02
5.594191551208496094e-01 1.195764541625976562e-02
5.438404083251953125e-01 1.216864585876464844e-02
5.327026844024658203e-01 1.154685020446777344e-02
5.727758407592773438e-01 1.188921928405761719e-02
4.941918849945068359e-01 1.211142539978027344e-02
5.063948631286621094e-01 1.164388656616210938e-02
5.018448829650878906e-01 1.236724853515625000e-02
5.159893035888671875e-01 1.174616813659667969e-02
3.943438529968261719e-01 1.076173782348632812e-02
5.993652343750000000e-01 1.181244850158691406e-02
5.252428054809570312e-01 1.151418685913085938e-02
5.445435047149658203e-01 1.081681251525878906e-02
5.411679744720458984e-01 1.058197021484375000e-02
5.295350551605224609e-01 1.130151748657226562e-02
5.523152351379394531e-01 1.014637947082519531e-02
5.440208911895751953e-01 9.795665740966796875e-03
5.055606365203857422e-01 6.169319152832031250e-03
4.989547729492187500e-01 1.121830940246582031e-02
5.319192409515380859e-01 1.061034202575683594e-02
3.872864246368408203e-01 1.156401634216308594e-02
5.333316326141357422e-01 1.121044158935546875e-02
5.446074008941650391e-01 1.213073730468750000e-02
5.333161354064941406e-01 1.187729835510253906e-02
5.812685489654541016e-01 1.062297821044921875e-02
5.355939865112304688e-01 1.182222366333007812e-02
5.729887485504150391e-01 6.512880325317382812e-03
4.899792671203613281e-01 1.170086860656738281e-02
5.836749076843261719e-01 1.262974739074707031e-02
5.279314517974853516e-01 1.190233230590820312e-02
5.563025474548339844e-01 1.188135147094726562e-02
3.813817501068115234e-01 1.216340065002441406e-02
3.969655036926269531e-01 1.189494132995605469e-02
6.062691211700439453e-01 1.052021980285644531e-02
5.930540561676025391e-01 1.144719123840332031e-02
5.724599361419677734e-01 1.057434082031250000e-02
4.999172687530517578e-01 1.153850555419921875e-02
5.482316017150878906e-01 1.167631149291992188e-02
5.415143966674804688e-01 1.210403442382812500e-02
5.371458530426025391e-01 1.177668571472167969e-02
5.448226928710937500e-01 1.222252845764160156e-02
5.783960819244384766e-01 1.146173477172851562e-02
5.750331878662109375e-01 9.445667266845703125e-03
3.892536163330078125e-01 9.042739868164062500e-03
5.011413097381591797e-01 1.161813735961914062e-02
6.154105663299560547e-01 1.149010658264160156e-02
5.675644874572753906e-01 1.260709762573242188e-02
5.279707908630371094e-01 9.744167327880859375e-03
5.260777473449707031e-01 8.283138275146484375e-03
5.178589820861816406e-01 1.128292083740234375e-02
6.067354679107666016e-01 1.091957092285156250e-02
5.821709632873535156e-01 1.182889938354492188e-02
5.325293540954589844e-01 1.087355613708496094e-02
5.240809917449951172e-01 8.101463317871093750e-03
3.984632492065429688e-01 1.216745376586914062e-02
5.678470134735107422e-01 1.164913177490234375e-02
5.413415431976318359e-01 1.138567924499511719e-02
5.600683689117431641e-01 1.232838630676269531e-02
6.062223911285400391e-01 1.198387145996093750e-02
5.203232765197753906e-01 1.184678077697753906e-02
4.988741874694824219e-01 1.184463500976562500e-02
5.419638156890869141e-01 1.217508316040039062e-02
5.534064769744873047e-01 6.170988082885742188e-03
5.145213603973388672e-01 1.238346099853515625e-02
4.968614578247070312e-01 6.423950195312500000e-03
3.939170837402343750e-01 1.141262054443359375e-02
5.682611465454101562e-01 1.059079170227050781e-02
5.308024883270263672e-01 1.176381111145019531e-02
5.357577800750732422e-01 1.333618164062500000e-02
5.360095500946044922e-01 6.326436996459960938e-03
5.679256916046142578e-01 6.374120712280273438e-03
6.085038185119628906e-01 1.189708709716796875e-02
4.822802543640136719e-01 1.158189773559570312e-02
5.022907257080078125e-01 1.028013229370117188e-02
4.219334125518798828e-01 6.163835525512695312e-03
4.428391456604003906e-01 1.135540008544921875e-02
3.414633274078369141e-01 1.123499870300292969e-02
4.972996711730957031e-01 1.161026954650878906e-02
3.698759078979492188e-01 1.018023490905761719e-02
3.527903556823730469e-01 6.209850311279296875e-03
5.275869369506835938e-01 1.146316528320312500e-02
4.811666011810302734e-01 1.147699356079101562e-02
4.587855339050292969e-01 1.181149482727050781e-02
4.952416419982910156e-01 1.143336296081542969e-02
4.945685863494873047e-01 1.133227348327636719e-02
6.017484664916992188e-01 1.168203353881835938e-02
5.271301269531250000e-01 1.187348365783691406e-02
3.525972366333007812e-01 6.075382232666015625e-03
4.239079952239990234e-01 1.082086563110351562e-02
3.857107162475585938e-01 1.140308380126953125e-02
4.968762397766113281e-01 1.147079467773437500e-02
5.690259933471679688e-01 1.103878021240234375e-02
4.906888008117675781e-01 1.157116889953613281e-02
5.122158527374267578e-01 1.156878471374511719e-02
3.850336074829101562e-01 1.146030426025390625e-02
4.877164363861083984e-01 1.169991493225097656e-02
5.118787288665771484e-01 1.170706748962402344e-02
5.225532054901123047e-01 1.244235038757324219e-02
3.480370044708251953e-01 1.117682456970214844e-02
5.334215164184570312e-01 1.159620285034179688e-02
5.291006565093994141e-01 1.166605949401855469e-02
5.150876045227050781e-01 1.118278503417968750e-02
5.339012145996093750e-01 1.140093803405761719e-02
5.298626422882080078e-01 1.154112815856933594e-02
5.597629547119140625e-01 1.227807998657226562e-02
5.234835147857666016e-01 1.151704788208007812e-02
5.182266235351562500e-01 1.157855987548828125e-02
5.759990215301513672e-01 1.142454147338867188e-02
4.885964393615722656e-01 1.179027557373046875e-02
3.627202510833740234e-01 1.166725158691406250e-02
5.266404151916503906e-01 1.108455657958984375e-02
5.318913459777832031e-01 1.077580451965332031e-02
5.264422893524169922e-01 7.130622863769531250e-03
4.901485443115234375e-01 1.080751419067382812e-02
5.284671783447265625e-01 1.149225234985351562e-02
5.138099193572998047e-01 6.173372268676757812e-03
4.863867759704589844e-01 1.172947883605957031e-02
5.226318836212158203e-01 1.125264167785644531e-02
5.319931507110595703e-01 1.172137260437011719e-02
5.684168338775634766e-01 1.169228553771972656e-02
3.931403160095214844e-01 7.272720336914062500e-03
5.233547687530517578e-01 1.196861267089843750e-02
5.166935920715332031e-01 1.128625869750976562e-02
4.508030414581298828e-01 6.688356399536132812e-03
5.040009021759033203e-01 1.153302192687988281e-02
5.829145908355712891e-01 1.077389717102050781e-02
5.382707118988037109e-01 1.176309585571289062e-02
5.720446109771728516e-01 1.178121566772460938e-02
5.184261798858642578e-01 1.169562339782714844e-02
4.238684177398681641e-01 1.269960403442382812e-02
5.158305168151855469e-01 6.194829940795898438e-03
3.948576450347900391e-01 1.066207885742187500e-02
5.190427303314208984e-01 1.137208938598632812e-02
5.314929485321044922e-01 1.207947731018066406e-02
5.678365230560302734e-01 1.156330108642578125e-02
5.324792861938476562e-01 1.184034347534179688e-02
4.304323196411132812e-01 6.027936935424804688e-03
5.624530315399169922e-01 1.145124435424804688e-02
5.929927825927734375e-01 1.187062263488769531e-02
5.360770225524902344e-01 9.539365768432617188e-03
4.969878196716308594e-01 1.192522048950195312e-02
5.345835685729980469e-01 1.096653938293457031e-02
3.925034999847412109e-01 1.058268547058105469e-02
4.061586856842041016e-01 1.168870925903320312e-02
4.992713928222656250e-01 1.148676872253417969e-02
4.871852397918701172e-01 6.206989288330078125e-03
6.019830703735351562e-01 1.154303550720214844e-02
5.314798355102539062e-01 1.132392883300781250e-02
5.077192783355712891e-01 6.197214126586914062e-03
5.298504829406738281e-01 6.461620330810546875e-03
5.229964256286621094e-01 6.776571273803710938e-03
5.564579963684082031e-01 1.129555702209472656e-02
5.222291946411132812e-01 6.075382232666015625e-03
5.341339111328125000e-01 1.619100570678710938e-02
3.894577026367187500e-01 1.170468330383300781e-02
5.094852447509765625e-01 6.147146224975585938e-03
6.641128063201904297e-01 6.221532821655273438e-03
4.811804294586181641e-01 7.047414779663085938e-03
5.067434310913085938e-01 1.131749153137207031e-02
4.729948043823242188e-01 8.460044860839843750e-03
3.361141681671142578e-01 1.173567771911621094e-02
4.116845130920410156e-01 1.233506202697753906e-02
3.805587291717529297e-01 1.047301292419433594e-02
3.562791347503662109e-01 1.104068756103515625e-02
3.402807712554931641e-01 8.129596710205078125e-03
3.756392002105712891e-01 6.246328353881835938e-03
3.581371307373046875e-01 1.184082031250000000e-02
3.551919460296630859e-01 1.124644279479980469e-02
3.270101547241210938e-01 1.176118850708007812e-02
3.354053497314453125e-01 7.025241851806640625e-03
3.029272556304931641e-01 1.037502288818359375e-02
3.379137516021728516e-01 1.080727577209472656e-02
3.105049133300781250e-01 1.063537597656250000e-02
3.373012542724609375e-01 6.215095520019531250e-03
3.092350959777832031e-01 1.164102554321289062e-02
3.571133613586425781e-01 1.214241981506347656e-02
3.670909404754638672e-01 1.183342933654785156e-02
3.668310642242431641e-01 1.176548004150390625e-02
3.239128589630126953e-01 1.173424720764160156e-02
3.125953674316406250e-01 6.280183792114257812e-03
4.041769504547119141e-01 1.088523864746093750e-02
3.312187194824218750e-01 6.279945373535156250e-03
2.596204280853271484e-01 6.201744079589843750e-03
3.246529102325439453e-01 1.169776916503906250e-02
2.578573226928710938e-01 8.692026138305664062e-03
3.406383991241455078e-01 1.171422004699707031e-02
3.175156116485595703e-01 1.137709617614746094e-02
3.444497585296630859e-01 1.052784919738769531e-02
2.932779788970947266e-01 1.193594932556152344e-02
3.457117080688476562e-01 8.939504623413085938e-03
3.621363639831542969e-01 1.183485984802246094e-02
3.776936531066894531e-01 1.079654693603515625e-02
3.857786655426025391e-01 1.164627075195312500e-02
3.181307315826416016e-01 1.160621643066406250e-02
3.060748577117919922e-01 6.359815597534179688e-03
3.540380001068115234e-01 8.969306945800781250e-03
3.764050006866455078e-01 6.292819976806640625e-03
3.966565132141113281e-01 1.168608665466308594e-02
3.888592720031738281e-01 6.416559219360351562e-03
3.476061820983886719e-01 1.139593124389648438e-02
3.550825119018554688e-01 6.086826324462890625e-03
3.661801815032958984e-01 9.912729263305664062e-03
3.324558734893798828e-01 1.165199279785156250e-02
3.310358524322509766e-01 6.258964538574218750e-03
3.874483108520507812e-01 5.584239959716796875e-03
3.165767192840576172e-01 6.407737731933593750e-03
4.221870899200439453e-01 6.890058517456054688e-03
3.405871391296386719e-01 6.177186965942382812e-03
3.491494655609130859e-01 1.268434524536132812e-02
3.717927932739257812e-01 1.164007186889648438e-02
3.411583900451660156e-01 6.660223007202148438e-03
3.852658271789550781e-01 6.242990493774414062e-03
3.722200393676757812e-01 6.450176239013671875e-03
3.745059967041015625e-01 5.899190902709960938e-03
3.557660579681396484e-01 6.268978118896484375e-03
3.675105571746826172e-01 5.833864212036132812e-03
3.668038845062255859e-01 5.387783050537109375e-03
3.001840114593505859e-01 6.172895431518554688e-03
3.362808227539062500e-01 5.919694900512695312e-03
3.542950153350830078e-01 6.651639938354492188e-03
2.335844039916992188e-01 5.533695220947265625e-03
2.261841297149658203e-01 5.497217178344726562e-03
2.370967864990234375e-01 5.530357360839843750e-03
