2.158797947112999632e-02
5.157029185060483384e-02
2.286192679304499542e-02
7.558465219159677707e-03
1.540465083735971692e-02
3.007256438068519472e-02
2.779883754964106342e-03
1.157828795940870487e-02
2.936777581610431915e-03
8.168572363363331423e-03
3.633619121035369919e-03
4.122044492240189636e-03
7.136453259697191076e-02
6.848102482373000927e-03
1.079582627189375720e-02
6.613386320118665694e-03
3.078094576466472096e-02
3.074167958430181966e-02
2.870987282303909260e-02
2.688974552365222884e-02
1.424635306136956547e-02
4.756683978743257712e-03
1.492432854459617986e-01
3.264800770350485826e-02
1.331842814222572446e-01
7.980653129567643819e-03
5.990956520870205360e-02
5.211450328437169238e-02
6.100222971489938605e-03
1.770309439071043184e-02
1.022672757257130430e-02
1.896882071944063983e-02
3.036561077855634214e-02
2.767624992387920316e-03
5.101271720685115335e-02
9.427274716785243383e-03
2.936582905501606503e-03
8.343202355520979926e-03
3.434309716022983499e-03
5.241029038765222282e-03
5.492917719911680555e-03
1.824860918224356296e-02
4.761772529338098581e-03
6.478740531978148531e-02
3.351577263372008952e-02
2.874943598800666286e-02
3.115480259734193513e-02
3.285339051675456590e-02
1.326868513902038950e-02
5.808186919028763585e-03
1.480430711165036106e-01
1.232082839799549939e-01
1.002528901568007849e-02
1.157941681614874513e-01
9.386285480322574537e-02
8.621885887855800304e-03
1.269288757993509154e-01
2.743122957264453043e-02
1.191674067079147824e-02
2.000881557280446629e-02
3.119570775233650867e-02
2.912285802164217997e-03
1.590731821861292306e-02
1.596271210490670875e-02
5.825203054331558501e-03
6.363009213409419676e-03
3.879692452847339611e-03
1.336248555355016021e-01
5.847652734835335001e-03
6.914898425932662455e-03
8.700273347379269134e-03
1.685142309709953060e-02
7.481347425680980219e-03
2.311153948088138371e-02
2.329629728041264503e-02
2.133055311023316844e-02
3.340297297474870836e-02
2.130831475460309710e-02
1.892017563310763664e-02
1.250892995254034544e-02
8.011559811161873476e-03
6.347604940156038704e-03
1.037058286507489130e-01
5.473605683384847286e-03
6.459663646139864740e-03
1.630570298597207313e-02
3.383237264442872511e-02
5.723557193744913812e-02
3.431784135837626093e-03
4.055794488748309251e-02
6.742697891589859854e-03
1.454131693952220687e-02
8.280630973021384234e-02
2.009872842408489541e-02
4.344794142317824973e-03
8.318942239989930015e-03
2.653951170214805672e-02
3.901584326301728300e-02
1.341267452554484145e-02
8.209050132273094935e-02
3.015976637258738213e-01
1.863493057400007410e-02
1.054977969281430394e-01
3.694207975986671388e-02
2.276434622550463013e-02
8.516434356113354587e-02
3.282254628949164699e-02
3.333428798304144403e-02
1.148132233894632176e-01
5.654650147756885153e-02
2.553564723296497530e-01
3.372416595212922308e-02
1.258329182287412362e-01
2.578988759404912123e-01
3.767718213318602127e-02
1.364689366030740966e-02
8.340615269360612816e-02
2.505503557092070028e-03
2.029686648518835498e-02
1.070046041225285460e-01
1.278913749891173457e-01
1.016549233191408608e-01
4.291953741562892777e-02
2.869136277538085755e-01
1.245810271714681006e-01
5.782361017164456239e-03
4.951545169805794677e-02
7.603057342352913250e-02
2.821771743233174312e-02
2.049927298258791622e-02
1.570971603290342855e-02
1.453804411014113403e-02
2.996249735252209598e-02
2.029983046402970490e-02
1.337311155106061800e-01
6.848170135628916730e-03
4.103442836762197926e-02
5.662523047411840982e-02
1.677961135138974005e-02
3.301425924124194444e-01
8.648355954466868667e-02
7.402763283569892272e-02
1.777182683507276539e-01
7.447783223006552988e-02
2.041558779222685804e-01
9.869951431837141465e-02
1.188575146115399134e-01
4.226141881612627826e-01
2.263063078804799233e-01
1.826105149282083451e-01
1.255814671685610839e-01
6.229719755373027690e-01
1.200067265317349280e-01
1.065978156002680421e-01
4.704142260897654637e-01
1.821060271669405484e-01
2.546911469325516819e-01
2.120100463264133206e-01
3.003391590272928569e-01
1.227153537831642965e-01
5.156445342074965632e-01
3.127246390835773937e-01
1.200963055744613678e-01
3.431652122175233854e-01
2.111000392230384937e-01
1.973312083692526503e-02
3.045040454882487826e-02
5.016689339135267378e-01
2.642259136814250481e-02
5.233047558263847349e-02
1.476501141732014348e-02
1.783955939065113086e-02
8.524038227676429200e-03
1.195464951812673024e-02
1.260229880986631634e-01
1.440290297131380237e-02
5.374599321969932009e-02
8.950273136878778013e-02
4.359268735621583124e-01
4.501056298552167378e-01
1.382324831819412188e-02
3.222735928650274743e-03
2.255728241564480541e-01
6.193067503381917416e-02
8.938149549701586427e-02
7.059171829137610155e-02
1.667150326128628568e-01
5.712556624080174228e-02
5.334146337781479896e-02
4.307617666291364555e-01
2.820645218864371168e-02
2.940547400515999138e-02
3.255320237745459866e-02
1.742140007257516818e-02
1.535160066833176074e-01
1.061090379502419717e-01
3.040625009568080628e-02
3.652505413118049826e-02
5.680165166658256160e-02
5.906453993641557626e-02
4.008511057905392860e-01
8.540442659725696467e-03
5.194874599537361443e-02
1.206304831902620285e-02
4.890189310301925468e-02
4.106241445712221355e-02
1.956093126188669998e-02
3.079155260428683913e-02
4.499148971500420424e-02
6.926623042109874423e-03
1.286262469346005979e-02
5.321289149265191476e-01
4.504678238429893344e-02
6.646351821383333913e-02
6.670546980895090960e-02
1.868751082002519659e-01
1.778172006742028133e-01
7.923899898128848596e-02
1.193177295770818519e-01
1.277815804249662346e-01
1.283963487875638132e-01
9.743536595894829178e-02
1.434020942997911267e-02
2.720228867910917669e-01
1.062197246561642494e-01
1.171683676855135442e-01
1.160116159029513927e-01
1.151345891075780947e-01
1.280956916127405365e-01
1.568589397598553203e-01
1.409580363498674216e-01
1.092678939963681733e-01
1.137731211875367132e-01
1.200528598459395802e-01
3.981661452735107409e-01
1.625373064218200991e-01
1.092564506957488107e-01
1.031210814475772841e-01
7.512690187556068933e-02
8.127256497921034328e-02
8.793364592099271737e-02
7.905808863118957142e-02
9.052659686480241108e-02
8.137082250582293452e-02
1.438839537360990795e-01
3.691580942816402588e-01
1.802733619941911947e-01
9.373204429519102487e-02
1.238094293665066015e-01
2.634487457549168909e-01
2.280110661686660933e-01
1.405126395679994478e-01
1.207526272391881289e-01
1.463284630122783370e-01
2.818471629489258112e-01
1.390786952287981493e-01
3.726564319426210470e-01
1.266376276113322374e-01
1.278277671165398421e-01
9.166594756771581642e-02
1.701092007949777107e-01
1.670243037624805360e-01
1.764550346500812772e-01
1.920671814363320573e-01
1.953188175388989589e-01
2.431066685351205847e-01
1.025564026012400071e-01
3.335137154548185601e-01
1.391454063010578168e-01
1.035358805758792855e-01
8.117260943737264478e-02
1.379694643896146322e-01
1.163002561705973187e-01
1.145887822640743320e-01
1.025154786116218714e-01
1.074648267705485410e-01
1.284093354054852976e-01
7.984089488761429709e-02
3.906720283927278548e-01
1.173516665459569952e-01
1.463824714956636630e-01
7.981936180596721497e-02
1.375915217844436433e-01
1.658664312844062572e-01
8.988425599358794427e-02
1.213107941672826040e-01
1.030710011963092421e-01
9.558677458378392333e-02
1.425477887343530869e-01
1.703856760966270811e-01
1.366479625483870211e-02
1.916411656571197913e-02
2.183118756150912929e-02
2.252801499404830377e-01
2.210995262675552464e-02
2.118379405696821718e-02
2.099090996564063893e-02
2.108689584984206611e-02
2.229616695950006541e-02
3.378015823496911124e-02
5.481980622788643759e-02
3.360863501786364588e-02
2.712030277445289655e-02
3.082429046255321520e-02
2.263817482731396435e-01
3.078900848059272499e-02
1.689921766414188148e-02
1.850803078860156770e-02
6.500001663469272273e-02
4.776578063684923728e-03
7.410020026640457003e-02
3.751796523273111250e-02
3.045635809593252308e-01
8.419178320615400279e-02
1.901161933981884711e-01
4.463702208256284387e-01
3.939385306635389411e-02
2.913454421222069421e-02
2.476891651994581750e-02
2.666033529148829212e-02
5.436620009366141537e-02
4.572599033390426643e-02
1.632422020757724745e-02
1.231791721004728800e-02
2.863030852630732426e-02
2.745929932053527492e-02
2.563814903549584412e-01
1.191641892185794568e-02
4.416841488824259365e-02
3.124843262794291948e-02
2.755230256598609900e-02
3.105308001094583270e-01
2.604645470179176373e-02
9.734915984577003911e-01
1.226029218937951804e-01
1.203453575781409379e-01
1.761137465683891845e-01
4.456675125635492507e-01
1.180879901049154690e-01
2.899194992352506842e-02
3.397592534763584603e-03
3.539937674078637991e-02
1.318855938924158415e-02
2.416496359894163351e-02
1.997122577515334993e-02
9.896132370729081307e-03
5.575250634576324124e-03
7.557057015073623263e-02
1.525648921526233104e-01
1.030285403319198059e-02
8.380432774377081714e-03
2.231419443216208984e-02
4.749048233942344301e-03
1.005809581297105043e-01
8.937757761484538266e-02
4.531474828864575678e-03
3.782356037985866448e-02
2.769914214657855783e-02
1.025826700228037007e-02
