6.919288635253906250e-02 4.779744148254394531e-02
4.027056694030761719e-02 1.950144767761230469e-02
7.294106483459472656e-02 5.776906013488769531e-02
3.688693046569824219e-02 1.920485496520996094e-02
6.324529647827148438e-02 3.169703483581542969e-02
7.792758941650390625e-02 3.374743461608886719e-02
2.821683883666992188e-02 1.091265678405761719e-02
6.803035736083984375e-02 4.577589035034179688e-02
3.988838195800781250e-02 1.933598518371582031e-02
8.543181419372558594e-02 3.992986679077148438e-02
5.755257606506347656e-02 4.485845565795898438e-02
5.902123451232910156e-02 3.264164924621582031e-02
3.412103652954101562e-02 1.603507995605468750e-02
2.867960929870605469e-02 9.396314620971679688e-03
1.856994628906250000e-02 8.154630661010742188e-03
7.021570205688476562e-02 5.108833312988281250e-02
4.598021507263183594e-02 1.475501060485839844e-02
2.827930450439453125e-02 1.448178291320800781e-02
5.682611465454101562e-02 3.108882904052734375e-02
7.518339157104492188e-02 2.914714813232421875e-02
3.602933883666992188e-02 2.014303207397460938e-02
2.199053764343261719e-02 1.071667671203613281e-02
2.441096305847167969e-02 8.767604827880859375e-03
1.939702033996582031e-02 8.084058761596679688e-03
1.433157920837402344e-02 5.789995193481445312e-03
5.787134170532226562e-02 3.424382209777832031e-02
4.376769065856933594e-02 2.901124954223632812e-02
5.293250083923339844e-02 3.114795684814453125e-02
7.775878906250000000e-02 2.968478202819824219e-02
7.291817665100097656e-02 3.944683074951171875e-02
2.537679672241210938e-02 8.423566818237304688e-03
6.866955757141113281e-02 5.722784996032714844e-02
6.986045837402343750e-02 5.527782440185546875e-02
2.112317085266113281e-02 8.198976516723632812e-03
3.380465507507324219e-02 1.478648185729980469e-02
5.716323852539062500e-02 2.842164039611816406e-02
2.741503715515136719e-02 1.037359237670898438e-02
5.139684677124023438e-02 3.121876716613769531e-02
5.126285552978515625e-02 5.552172660827636719e-02
7.822203636169433594e-02 2.841734886169433594e-02
3.342342376708984375e-02 1.352787017822265625e-02
3.037261962890625000e-02 8.494138717651367188e-03
3.762960433959960938e-02 3.864574432373046875e-02
4.142618179321289062e-02 1.472783088684082031e-02
3.688883781433105469e-02 1.921248435974121094e-02
2.826619148254394531e-02 1.176476478576660156e-02
5.793929100036621094e-02 3.457164764404296875e-02
5.078101158142089844e-02 2.105259895324707031e-02
3.389787673950195312e-02 1.244807243347167969e-02
2.858281135559082031e-02 1.564812660217285156e-02
2.632808685302734375e-02 1.336717605590820312e-02
4.074621200561523438e-02 1.922369003295898438e-02
6.078982353210449219e-02 2.698254585266113281e-02
6.202387809753417969e-02 2.595663070678710938e-02
6.351900100708007812e-02 2.732467651367187500e-02
5.535626411437988281e-02 3.814244270324707031e-02
3.882837295532226562e-02 1.636028289794921875e-02
6.934857368469238281e-02 4.377675056457519531e-02
4.270076751708984375e-02 2.188396453857421875e-02
6.454539299011230469e-02 2.921366691589355469e-02
6.986260414123535156e-02 2.140426635742187500e-02
3.536939620971679688e-02 1.726269721984863281e-02
2.681446075439453125e-02 1.449275016784667969e-02
4.061651229858398438e-02 2.115368843078613281e-02
3.157854080200195312e-02 2.776527404785156250e-02
5.937075614929199219e-02 2.772808074951171875e-02
5.719828605651855469e-02 2.670502662658691406e-02
2.205276489257812500e-02 1.100468635559082031e-02
5.695676803588867188e-02 2.135515213012695312e-02
2.620196342468261719e-02 1.424455642700195312e-02
4.128575325012207031e-02 1.541161537170410156e-02
3.109717369079589844e-02 1.300144195556640625e-02
3.732848167419433594e-02 2.145719528198242188e-02
2.716779708862304688e-02 1.430296897888183594e-02
2.651929855346679688e-02 1.473569869995117188e-02
3.965449333190917969e-02 2.113366127014160156e-02
3.427004814147949219e-02 1.995182037353515625e-02
2.069354057312011719e-02 1.121902465820312500e-02
4.003715515136718750e-02 2.107262611389160156e-02
3.688907623291015625e-02 2.196335792541503906e-02
2.216076850891113281e-02 1.057767868041992188e-02
6.104421615600585938e-02 2.633786201477050781e-02
3.810167312622070312e-02 1.531314849853515625e-02
1.997423171997070312e-02 7.585763931274414062e-03
6.349372863769531250e-02 2.078390121459960938e-02
4.059410095214843750e-02 2.165436744689941406e-02
5.738806724548339844e-02 2.670454978942871094e-02
1.726055145263671875e-02 1.221179962158203125e-02
6.889677047729492188e-02 3.721499443054199219e-02
2.033209800720214844e-02 1.139616966247558594e-02
3.574299812316894531e-02 1.948833465576171875e-02
6.704163551330566406e-02 3.730607032775878906e-02
3.387475013732910156e-02 1.363563537597656250e-02
5.315518379211425781e-02 2.364540100097656250e-02
6.665754318237304688e-02 3.487110137939453125e-02
4.511523246765136719e-02 2.475929260253906250e-02
2.887654304504394531e-02 1.343250274658203125e-02
2.415442466735839844e-02 1.198697090148925781e-02
4.906201362609863281e-02 2.221727371215820312e-02
2.759003639221191406e-02 1.176857948303222656e-02
3.869915008544921875e-02 2.114272117614746094e-02
3.341984748840332031e-02 2.275657653808593750e-02
3.295135498046875000e-02 1.215982437133789062e-02
2.910256385803222656e-02 1.494860649108886719e-02
3.766679763793945312e-02 2.299547195434570312e-02
3.515911102294921875e-02 1.213073730468750000e-02
3.201603889465332031e-02 2.460408210754394531e-02
3.450942039489746094e-02 1.180720329284667969e-02
4.116606712341308594e-02 2.257466316223144531e-02
4.037570953369140625e-02 1.983666419982910156e-02
2.399611473083496094e-02 1.242661476135253906e-02
6.280255317687988281e-02 4.710292816162109375e-02
5.341672897338867188e-02 2.676820755004882812e-02
3.505206108093261719e-02 2.150750160217285156e-02
2.327752113342285156e-02 1.169657707214355469e-02
2.244305610656738281e-02 1.169776916503906250e-02
3.616237640380859375e-02 1.694655418395996094e-02
4.879951477050781250e-02 3.459167480468750000e-02
5.234384536743164062e-02 3.316235542297363281e-02
3.119468688964843750e-02 1.274514198303222656e-02
5.064702033996582031e-02 2.791333198547363281e-02
3.085327148437500000e-02 1.383423805236816406e-02
4.321742057800292969e-02 1.388573646545410156e-02
4.943609237670898438e-02 2.875161170959472656e-02
3.540611267089843750e-02 1.359677314758300781e-02
2.462625503540039062e-02 1.320219039916992188e-02
5.925583839416503906e-02 2.746152877807617188e-02
2.996897697448730469e-02 1.303482055664062500e-02
3.227925300598144531e-02 1.403403282165527344e-02
3.058648109436035156e-02 1.321005821228027344e-02
2.990984916687011719e-02 1.418089866638183594e-02
2.174425125122070312e-02 8.917808532714843750e-03
3.395342826843261719e-02 1.546144485473632812e-02
3.029084205627441406e-02 1.579427719116210938e-02
4.013085365295410156e-02 2.096748352050781250e-02
1.650643348693847656e-02 7.442235946655273438e-03
3.670835494995117188e-02 1.895928382873535156e-02
3.544783592224121094e-02 3.492474555969238281e-02
5.021691322326660156e-02 3.140234947204589844e-02
9.065604209899902344e-02 6.698298454284667969e-02
4.873943328857421875e-02 2.389240264892578125e-02
4.752516746520996094e-02 4.103708267211914062e-02
4.501175880432128906e-02 2.225089073181152344e-02
6.089496612548828125e-02 4.427957534790039062e-02
4.409193992614746094e-02 1.890301704406738281e-02
2.908205986022949219e-02 1.790618896484375000e-02
8.268046379089355469e-02 4.342985153198242188e-02
6.130599975585937500e-02 4.133391380310058594e-02
7.917213439941406250e-02 4.300403594970703125e-02
6.052637100219726562e-02 2.158045768737792969e-02
9.171342849731445312e-02 4.481577873229980469e-02
4.781794548034667969e-02 2.117562294006347656e-02
9.251928329467773438e-02 4.416298866271972656e-02
6.079506874084472656e-02 3.940105438232421875e-02
6.211018562316894531e-02 4.412245750427246094e-02
6.255102157592773438e-02 2.990865707397460938e-02
5.927014350891113281e-02 4.258418083190917969e-02
5.883955955505371094e-02 4.264640808105468750e-02
6.585240364074707031e-02 2.492117881774902344e-02
4.360675811767578125e-02 2.329659461975097656e-02
6.040120124816894531e-02 4.332041740417480469e-02
6.363749504089355469e-02 3.572344779968261719e-02
6.134557723999023438e-02 4.062962532043457031e-02
7.067084312438964844e-02 2.284026145935058594e-02
6.598663330078125000e-02 3.340625762939453125e-02
5.959844589233398438e-02 3.428125381469726562e-02
7.927536964416503906e-02 5.113339424133300781e-02
3.920865058898925781e-02 2.203631401062011719e-02
6.620717048645019531e-02 2.788710594177246094e-02
5.221009254455566406e-02 3.327369689941406250e-02
6.900691986083984375e-02 3.694772720336914062e-02
4.356288909912109375e-02 2.505707740783691406e-02
5.566000938415527344e-02 2.688622474670410156e-02
2.511453628540039062e-02 1.323699951171875000e-02
3.236865997314453125e-02 1.425075531005859375e-02
2.355217933654785156e-02 2.002406120300292969e-02
4.101324081420898438e-02 2.184891700744628906e-02
3.857946395874023438e-02 2.177333831787109375e-02
6.445837020874023438e-02 4.221272468566894531e-02
2.879261970520019531e-02 1.236963272094726562e-02
5.643057823181152344e-02 2.264547348022460938e-02
3.780364990234375000e-02 1.108145713806152344e-02
1.916980743408203125e-02 5.409240722656250000e-03
1.382899284362792969e-02 5.414724349975585938e-03
2.939176559448242188e-02 1.350188255310058594e-02
3.373646736145019531e-02 1.363420486450195312e-02
1.456642150878906250e-02 5.877733230590820312e-03
1.588225364685058594e-02 7.102966308593750000e-03
2.652001380920410156e-02 6.877183914184570312e-03
3.359293937683105469e-02 2.046704292297363281e-02
2.156376838684082031e-02 1.229190826416015625e-02
2.064728736877441406e-02 1.116251945495605469e-02
1.716160774230957031e-02 8.094787597656250000e-03
5.188298225402832031e-02 3.817534446716308594e-02
2.605128288269042969e-02 1.090574264526367188e-02
3.494858741760253906e-02 2.751469612121582031e-02
2.716350555419921875e-02 9.475469589233398438e-03
3.534007072448730469e-02 3.416109085083007812e-02
1.500487327575683594e-02 6.466627120971679688e-03
2.820801734924316406e-02 2.890467643737792969e-02
6.061124801635742188e-02 3.186225891113281250e-02
3.352928161621093750e-02 1.801872253417968750e-02
3.143358230590820312e-02 1.935267448425292969e-02
2.777934074401855469e-02 2.237772941589355469e-02
2.098226547241210938e-02 1.132464408874511719e-02
2.574062347412109375e-02 1.312470436096191406e-02
2.322077751159667969e-02 1.296973228454589844e-02
3.743267059326171875e-02 1.327228546142578125e-02
3.025960922241210938e-02 1.326870918273925781e-02
3.334593772888183594e-02 2.008485794067382812e-02
5.195331573486328125e-02 1.871109008789062500e-02
4.657554626464843750e-02 3.108644485473632812e-02
4.581856727600097656e-02 1.703548431396484375e-02
2.945256233215332031e-02 1.909995079040527344e-02
4.859638214111328125e-02 3.429722785949707031e-02
5.541157722473144531e-02 1.692581176757812500e-02
5.482935905456542969e-02 3.377437591552734375e-02
2.140498161315917969e-02 6.255149841308593750e-03
1.836299896240234375e-02 4.670143127441406250e-03
1.274180412292480469e-02 4.162311553955078125e-03
1.806044578552246094e-02 6.240844726562500000e-03
1.743531227111816406e-02 4.316568374633789062e-03
7.900834083557128906e-02 2.956056594848632812e-02
6.521439552307128906e-02 4.139614105224609375e-02
2.077746391296386719e-02 6.439685821533203125e-03
2.117514610290527344e-02 6.463766098022460938e-03
1.480245590209960938e-02 7.050991058349609375e-03
1.197528839111328125e-02 3.476142883300781250e-03
2.363228797912597656e-02 6.346225738525390625e-03
2.205538749694824219e-02 6.108760833740234375e-03
1.008963584899902344e-02 3.257274627685546875e-03
1.046752929687500000e-02 3.790140151977539062e-03
2.147865295410156250e-02 6.437778472900390625e-03
1.625013351440429688e-02 3.410816192626953125e-03
3.422212600708007812e-02 2.012515068054199219e-02
1.134943962097167969e-02 3.529548645019531250e-03
1.981377601623535156e-02 4.142284393310546875e-03
1.272797584533691406e-02 5.990505218505859375e-03
1.303935050964355469e-02 3.297567367553710938e-03
1.657700538635253906e-02 5.922794342041015625e-03
1.157426834106445312e-02 5.897521972656250000e-03
1.553916931152343750e-02 3.304004669189453125e-03
1.557254791259765625e-02 3.319025039672851562e-03
1.116299629211425781e-02 3.200531005859375000e-03
2.735328674316406250e-02 6.245613098144531250e-03
6.797313690185546875e-02 2.242422103881835938e-02
1.042532920837402344e-02 3.253459930419921875e-03
1.024532318115234375e-02 3.262758255004882812e-03
1.045513153076171875e-02 3.191471099853515625e-03
1.065826416015625000e-02 3.212213516235351562e-03
2.101087570190429688e-02 6.447076797485351562e-03
2.105140686035156250e-02 6.670475006103515625e-03
1.078343391418457031e-02 3.231763839721679688e-03
1.150846481323242188e-02 3.175497055053710938e-03
1.124143600463867188e-02 3.558158874511718750e-03
1.116394996643066406e-02 3.523588180541992188e-03
3.256201744079589844e-02 1.934266090393066406e-02
9.748220443725585938e-03 3.082752227783203125e-03
2.095556259155273438e-02 6.201028823852539062e-03
1.185894012451171875e-02 3.527402877807617188e-03
1.167988777160644531e-02 3.276348114013671875e-03
9.765863418579101562e-03 3.216743469238281250e-03
1.730442047119140625e-02 3.931522369384765625e-03
1.279783248901367188e-02 3.838300704956054688e-03
1.826024055480957031e-02 5.608081817626953125e-03
1.636624336242675781e-02 5.488395690917968750e-03
2.336382865905761719e-02 5.671977996826171875e-03
3.252935409545898438e-02 1.704764366149902344e-02
1.486945152282714844e-02 4.140853881835937500e-03
1.425147056579589844e-02 6.323099136352539062e-03
2.066397666931152344e-02 5.655765533447265625e-03
1.531386375427246094e-02 4.772186279296875000e-03
2.212977409362792969e-02 5.832195281982421875e-03
1.865482330322265625e-02 4.894495010375976562e-03
1.207613945007324219e-02 3.648519515991210938e-03
9.943008422851562500e-03 2.678155899047851562e-03
1.792573928833007812e-02 4.990816116333007812e-03
1.386761665344238281e-02 4.473447799682617188e-03
6.316280364990234375e-02 2.756428718566894531e-02
1.371860504150390625e-02 3.937244415283203125e-03
1.877140998840332031e-02 4.734754562377929688e-03
1.551246643066406250e-02 4.126548767089843750e-03
2.194547653198242188e-02 5.984306335449218750e-03
1.699638366699218750e-02 4.851341247558593750e-03
2.143478393554687500e-02 5.662441253662109375e-03
1.663780212402343750e-02 4.721879959106445312e-03
1.441335678100585938e-02 4.476547241210937500e-03
1.280689239501953125e-02 3.953218460083007812e-03
2.384924888610839844e-02 6.311893463134765625e-03
5.324482917785644531e-02 2.974581718444824219e-02
2.359557151794433594e-02 1.006031036376953125e-02
1.893663406372070312e-02 8.670568466186523438e-03
3.842186927795410156e-02 1.981043815612792969e-02
5.238437652587890625e-02 6.198287010192871094e-02
3.334832191467285156e-02 2.086567878723144531e-02
3.948879241943359375e-02 1.490449905395507812e-02
2.648067474365234375e-02 2.548527717590332031e-02
4.236483573913574219e-02 2.166748046875000000e-02
4.429078102111816406e-02 2.128529548645019531e-02
3.101825714111328125e-02 1.904916763305664062e-02
3.180551528930664062e-02 1.411390304565429688e-02
4.027819633483886719e-02 1.706719398498535156e-02
5.670475959777832031e-02 1.762938499450683594e-02
2.735996246337890625e-02 1.394891738891601562e-02
5.269908905029296875e-02 1.877546310424804688e-02
2.430438995361328125e-02 1.248955726623535156e-02
2.799391746520996094e-02 1.472425460815429688e-02
3.383827209472656250e-02 2.770829200744628906e-02
3.119277954101562500e-02 2.137827873229980469e-02
2.139711380004882812e-02 1.193022727966308594e-02
5.538105964660644531e-02 2.065420150756835938e-02
2.739763259887695312e-02 1.536393165588378906e-02
2.739620208740234375e-02 1.323080062866210938e-02
3.416943550109863281e-02 1.325297355651855469e-02
2.409195899963378906e-02 1.178383827209472656e-02
6.171369552612304688e-02 3.450417518615722656e-02
4.931163787841796875e-02 3.022646903991699219e-02
3.356528282165527344e-02 2.316784858703613281e-02
7.966160774230957031e-02 4.289126396179199219e-02
4.414272308349609375e-02 2.825760841369628906e-02
5.799746513366699219e-02 2.681422233581542969e-02
6.397891044616699219e-02 3.369593620300292969e-02
5.116820335388183594e-02 2.814412117004394531e-02
3.921175003051757812e-02 2.866268157958984375e-02
2.799439430236816406e-02 1.424217224121093750e-02
2.950692176818847656e-02 1.395392417907714844e-02
4.206943511962890625e-02 1.824736595153808594e-02
1.713800430297851562e-02 7.489442825317382812e-03
2.897524833679199219e-02 7.678031921386718750e-03
2.228498458862304688e-02 8.518457412719726562e-03
3.307080268859863281e-02 1.189589500427246094e-02
4.035830497741699219e-02 1.230382919311523438e-02
3.529691696166992188e-02 1.735925674438476562e-02
2.271556854248046875e-02 9.574651718139648438e-03
2.809333801269531250e-02 1.218152046203613281e-02
3.249096870422363281e-02 1.589012145996093750e-02
2.041673660278320312e-02 1.093840599060058594e-02
6.443405151367187500e-02 2.940940856933593750e-02
2.833580970764160156e-02 1.312780380249023438e-02
2.982378005981445312e-02 1.600956916809082031e-02
4.992413520812988281e-02 2.600169181823730469e-02
3.754663467407226562e-02 1.247620582580566406e-02
2.947640419006347656e-02 1.772379875183105469e-02
2.492022514343261719e-02 1.105213165283203125e-02
3.433156013488769531e-02 1.090145111083984375e-02
2.335262298583984375e-02 1.282072067260742188e-02
8.283424377441406250e-02 4.419803619384765625e-02
3.647375106811523438e-02 1.595902442932128906e-02
4.334354400634765625e-02 3.855752944946289062e-02
4.627847671508789062e-02 1.944017410278320312e-02
6.886863708496093750e-02 3.122234344482421875e-02
4.492187500000000000e-02 2.859210968017578125e-02
3.634524345397949219e-02 1.536703109741210938e-02
1.446557044982910156e-02 6.014347076416015625e-03
2.542591094970703125e-02 9.067296981811523438e-03
5.735874176025390625e-02 3.503465652465820312e-02
4.699850082397460938e-02 4.358029365539550781e-02
4.360318183898925781e-02 2.843356132507324219e-02
4.615378379821777344e-02 3.028464317321777344e-02
