3.529283361014970422e-02
2.136412893625981926e-02
2.465232907327294110e-01
1.069013419047398633e-01
6.589474184318028227e-02
2.014586699989538709e-01
6.847742633519099398e-02
9.161347093857961921e-02
5.927545209793740749e-02
2.399550872410323096e-02
1.985202747527325950e-01
2.905211088837566027e-02
1.548305223318674040e+00
3.044925056012495745e-02
1.060598894946267606e-01
8.496326329486077189e-02
5.606478767212364628e-02
1.016710323786558928e-01
3.188020421136345678e-02
2.798651574989760027e-01
5.279579478877870907e-02
6.520826400248441734e-02
2.440104250027159971e-01
2.318657261948554316e-01
2.670188702935006320e-01
1.171399132548319733e-01
6.904385133666618435e-02
1.696217516575957707e-01
9.122411222803288311e-01
9.615913369498635399e-01
6.531634141799447235e-01
1.418069076169875764e+00
8.869414177936899568e-01
8.009131373242791563e-01
5.169732596788068069e-02
6.660894309148922554e-01
2.091317640306857850e-01
7.672680947533185858e-01
8.151726598994203377e-01
3.704618003772596757e-01
2.657037779278863532e-01
9.792951463029186954e-01
4.840527308071625456e-01
5.134486749111720760e-01
8.016376510982308190e-01
3.746814728962104962e-02
5.685749250544945843e-01
6.902027369747446572e-01
2.915484996691586894e-01
4.224072196238089494e-01
5.988305246246233837e-01
1.884031996631875261e+00
7.637457251309803796e-01
6.816251600519457332e-01
3.175816616623453048e-01
3.614971344721467084e-01
4.708063488001117819e-02
3.262180197765177092e-01
3.972833120729812317e-01
3.834668853465137972e-01
1.044057562098285707e+00
2.623609993361157855e-01
7.010296414639355378e-01
2.817372233469651044e-01
2.977780440605539147e-01
8.729411589539388672e-01
9.695425499414742632e-01
4.295922818414926042e-02
4.575284259099235418e-01
1.235570299672764216e+00
7.619432154119887279e-01
5.679727874656020914e-01
1.692749245185828144e+00
4.941539251131508159e-01
2.735507896175121689e-01
2.450582832786297460e-01
1.305321779088042478e+00
4.032835809773246960e-01
2.129104438755898554e-01
1.337890323124675263e-01
6.882681728158009937e-01
2.813007880906207014e-01
1.312462443758434516e-01
7.163560383752139993e-01
2.482278394398663643e-02
1.264479575024170799e-01
1.311413438973026979e-01
1.529260184837177017e-01
1.696182903802033459e-01
2.875397876763248137e-02
1.241294337556976268e-01
1.768929483341947009e-02
4.928411405867067115e-03
1.645863881465166323e-01
1.353310835397990124e-02
1.442292289363693858e-01
1.646565716712126981e-01
2.689323422003505465e-03
1.436222321658575385e-01
1.690152560853299679e-01
1.203920263092527199e-01
1.951960840408442366e-01
2.526168455394128820e-02
2.752488011541443999e-02
1.993436087851163940e-01
1.444537164728430523e-01
1.890833679133004791e-02
1.682098224907159142e-02
2.314567328981425032e-01
1.553587992422418018e-01
1.927890131132517781e-01
7.807115575720181833e-02
7.188938534874321495e-02
1.483896271234726172e-01
1.728689166306008607e-01
1.489997540315729951e+00
1.582044903953945536e-01
8.832720079973492566e-02
2.105720286760886795e-01
1.691837050744645909e-01
1.687541730959342956e-01
1.758731243040894954e-01
4.183338354682634291e-02
3.804211544556710539e-02
1.231984118757480928e-01
1.192609689309114401e-01
1.432225406229871989e-01
1.393991915703069739e-01
1.866981260141324095e-01
1.949652284701686999e-01
1.751611002807390294e-01
1.326528013775477299e-01
1.384633813422962711e-01
1.944432093039890341e-01
2.327121122435850745e-02
1.840788184926708468e-02
8.720977740758079078e-02
7.015280730775185214e-01
4.275258511382705184e-01
9.364530115177370773e-01
1.435412520089179855e-01
1.660363202769155333e-01
1.436489817170603367e-01
3.974473769953896785e-01
9.906869932189553418e-02
2.841705621394270409e-01
9.474444213932503578e-01
1.402544971527427686e-01
1.688453690995511403e-01
8.044438434094877341e-03
1.691921399014577332e-02
2.169463159374131547e-02
8.057484996575044883e-03
1.614199687373238726e-02
1.292701308545997872e-02
2.347920860945069688e-01
4.025519844491105559e-01
7.440914299178470748e-02
4.002633688579868704e-03
1.205262776300153327e-02
1.120897123830107422e-01
3.936708878839261794e-01
1.456490624262219979e-01
1.918040594467147475e-01
1.332995566902127837e+00
1.642856910619094224e+00
9.952006066742141721e-01
4.412280700495060243e-02
1.154463847292245965e-01
1.104992638335924870e-01
1.916246754054954093e-01
2.101119767638894020e-01
6.038011098305856583e-02
1.407946484285646838e+00
1.337379658810218010e-02
1.386653539123186285e-01
1.612590517943844615e-01
1.816717999400859762e-01
2.008296350162700750e-01
1.453268661516461668e-01
8.172479927858301574e-01
1.733546090169990270e-02
2.767669545165598113e-02
4.515268131274549623e-03
2.917180369017717198e-02
3.200267930641599937e-03
1.327637058726777619e+00
9.351847123769528869e-01
3.424938586160801088e-03
1.069005864543432355e-01
1.835073042536491672e-01
4.760838698099820188e-01
1.662508398991649372e+00
1.303186967836148791e-01
5.977264256581987789e-03
1.118176640843516166e-02
7.603543370549750539e-03
2.592158053040302668e-02
1.535524427712045732e-02
1.110899962084216375e-01
6.583000674231976879e-01
9.014078841855009336e-03
2.100644899968818757e-01
1.277807841247401155e-02
2.086386070533345627e-01
1.157417445394278571e-01
2.067438338749794102e-01
2.783627505850541639e-02
8.044537567680726253e-03
1.364324308646201744e-01
1.711896746097772981e+00
4.551231990552497275e-01
2.188889958880959122e-02
1.626628299858508542e-01
2.642752822130314816e-02
1.071298147745941981e-01
1.214325981827587136e-01
1.829317433187522546e-01
8.335923433042329023e-02
1.431041763126669197e-01
1.242448634065004276e-01
2.247080827305253659e-01
9.562326408254044618e-02
5.290737498045858939e-02
1.675814985969817650e-01
1.741522545834547631e-01
9.520650573790952198e-02
2.198954571585392814e-01
2.175100958186979572e-01
1.228317440005437522e-01
1.355846026240077606e-01
1.971702806898840421e-01
1.522893947232852041e-01
1.951413495642710938e-01
3.693456350257677268e-01
1.657667565788204789e-01
7.096099168952409164e-02
9.403990540985096569e-02
3.006755608561266849e-02
2.444577733722820209e-02
2.203115944259552081e-02
2.948841622049255817e-02
2.452477301305056034e-02
1.418047852835200573e-01
3.284168907717033292e-02
3.633243440742539021e-01
1.754081722199517940e-02
2.793866087681259273e-03
1.868876433917712396e-02
1.400096835140769158e-01
1.200911734230125233e-01
5.712384307281966889e-01
7.920445530200795337e-02
1.709013941131230785e-01
1.754900316848966579e-01
2.701241029271168048e-01
2.171041288821626281e-02
2.556602591202588592e-01
2.284154027042304413e-01
4.359248326217907699e-01
4.329922700522603751e-01
3.502025131954689674e-01
5.207222827920512387e-01
1.424315699177407524e-01
3.014067216224330381e-01
1.610705528217154237e-01
1.658441144142558665e-01
2.615794255425893736e-02
3.075708358170647916e-01
5.415504717530580381e-01
3.774736585298062441e-01
3.971418181306502482e-01
1.922170278563379020e-01
4.590106050230999268e-01
4.910571362501263692e-01
2.510030280009549752e-01
3.531133619705589255e-01
6.051984785682470447e-01
8.910991875749535440e-02
3.652782908021824926e-01
2.247040875243833946e-01
2.818699763286167115e-01
2.315564234864840587e-01
3.169584423093904091e-01
2.259058743523561785e-01
4.194556851544179454e-01
2.858435849235351767e-01
6.677673294837648266e-01
1.456988314795651662e-01
1.607821823743281753e-01
5.111376204491467901e-01
6.240417775156755775e-01
2.349229465988739995e-01
3.098469035959466877e-01
1.589703593505175927e-01
1.625674271940981963e-01
8.030420013077824715e-01
2.483558361682502991e-01
2.049039805913748513e-01
4.240768054640683959e-01
1.337046188003911951e+00
1.249656839364859495e+00
2.170014642331813404e-01
1.724133072730244243e-01
4.937124347195926966e-01
8.501037576586409905e-01
4.301072699760409290e-01
4.700481077084433523e-01
3.750739759575514864e-01
1.814043104337368373e-01
3.273556445519503200e-01
6.737489199775720250e-02
2.434726463839887167e-01
2.343897133942903777e-01
2.434934397402548356e-01
2.047175987005544762e-01
2.600881791294842871e-01
5.450478044628495056e-01
3.832811561213265716e-01
2.821262568083469091e-01
3.245731928864881710e-01
4.911773712339561615e-01
5.213820458730161755e-02
1.993832039709647341e-01
2.468503738630435096e-01
1.466867344896083669e-01
2.134795413157286603e-01
3.978702933146292531e-01
3.718524898403840484e-01
2.021946449645811439e-01
4.272018738271080029e-01
3.447858035856725678e-01
3.474701513097592787e-01
3.200145215455015291e-01
1.613359389164426283e-01
6.954039513470341438e-01
1.978449833057820129e-01
1.856532917773822400e-01
1.749539358445129089e-01
3.632326774901552535e-01
4.496404829286483884e-01
1.225326992669877324e-01
3.732768640622762812e-01
5.026619824870556252e-01
2.345681016157511456e-01
2.019844785509495103e-02
2.750734332180924113e-01
2.856663885556328109e-01
2.023566673505915736e-01
2.709918231200730276e-01
3.862653346874047600e-01
3.423210115820213978e-02
2.689389974872566022e-02
1.077495649053279991e-01
2.608731519413286584e-02
1.266708832848401522e+00
2.589855263386229775e-02
1.757135722096453134e-01
1.094128386050566420e-01
4.656503721528200690e-01
1.052719450911445281e-01
2.852651439793770990e-02
1.475018797132162385e-01
7.231146380083507130e-02
2.988592870392539069e-01
2.679215272142086712e-02
1.697599890712638837e-01
1.119043498383436308e-01
5.526181617881888858e-02
4.967486661044826640e-02
1.387411523386474221e-01
2.496598467435087731e-02
9.078745353063315260e-02
8.685619476986516929e-02
4.320790366324944731e-02
1.190268568103176189e-01
1.057240714014411193e-01
6.798865325725141073e-02
1.338474601693555310e-01
1.621030834582841140e-01
9.653823353369141158e-02
3.877193262585344052e-02
1.662680604057180211e+00
3.083198869458497748e-02
3.056766608038816169e-01
1.910407781707285368e-01
1.030270610524887803e-01
5.580671080036849613e-02
2.628835763881801069e-01
1.370500154575227947e-01
2.118060455422886845e-01
3.022606552022065116e-02
8.991841519780681413e-02
7.109798307606605972e-02
1.928884438908663734e-01
4.122007658586269302e-02
1.982378382493484581e-01
2.675654323234233356e-01
2.195576725119125217e-01
1.026111468906025365e-01
2.951664318613711480e-02
3.590738949396690000e-02
9.104071226816323747e-02
1.120243280034584066e-01
5.333654245718510295e-02
4.851439298487273538e-02
8.466044161499795828e-02
3.869016177695767250e-02
2.689368562975699706e-01
1.840389082670074450e-01
1.179138752765835907e-01
1.834990082340501663e-02
2.735628027709561053e-02
7.265840002871758185e-02
