1.202588592226499031e+01
4.656995153972801837e+00
4.787932763348511145e+00
1.544979016317888476e+00
3.964534820995616382e+00
2.778080759951211398e+00
2.727100272161162020e-01
5.140008374257035051e+00
5.752850886778464456e-01
4.423251928061975313e+00
1.898294507951485688e+00
1.899925703664260501e+00
1.926725427947972302e-01
1.098741973244771408e+00
1.214507892138769307e+00
2.166949026113997867e+00
3.236731170225843890e-01
2.456896225404806344e+00
3.304117868453725126e+00
2.298565847444681065e+00
3.002769301430526117e+00
7.560813113519779805e-01
3.268712958666786239e+00
2.717103088920753695e+00
2.737685990041831108e+00
2.888767749485958714e+00
3.267784981982708170e-01
3.540865528658212469e-01
1.773447008505584899e+00
3.816245123241701620e+00
2.041375497301039399e+00
4.058655011272917612e+00
2.868734166036017719e+00
2.740690249671551837e-01
5.577861689705608583e+00
4.524375262279584753e+00
5.748246015853971658e-01
4.658992827996581099e+00
1.638167050176622341e+00
2.143529607307416374e+00
8.747294595094894376e-01
3.544645063616402414e+00
1.349603290214022699e+00
4.985498391868012358e-01
2.581714267209382463e+00
2.474856881025571553e+00
2.897829544174201466e+00
2.249292336276461413e+00
2.739764628452742379e+00
1.021757605230339871e+00
3.150445032853917748e+00
2.446433597755718559e+00
2.781587134694946339e+00
2.693729001523729738e-01
3.623335113065657143e-01
1.410621611892872940e+00
5.515753389827967368e+00
4.143904969895804591e+00
3.240490077461843921e+00
3.435141897199560646e+00
2.488690500369174607e+00
2.504297834951389468e-01
3.582479445580262212e+00
5.282924210893025219e+00
1.271662816005440622e+00
2.759382754638596058e+00
1.329328570555259770e+00
5.969457767382312596e+00
1.850060395599412155e+00
1.828606024433987676e+00
1.806505811261076344e+00
2.212594938173721992e+00
1.478852875580704884e+00
2.577637071552311143e-01
1.531395605551502559e+00
1.213966503604684277e+00
2.277628362217677616e+00
3.052716462619117888e+00
6.428214816356057071e+00
4.710819667226829210e+00
1.480888435147470927e+00
2.131004549201844345e+00
1.209018900725357559e+00
9.602715216255486297e-01
1.914441272856689524e+00
2.039967694439534185e+00
1.378777059089274282e+00
6.379174899138010169e+00
1.164604806249874835e+00
5.394002318774334448e+00
1.447532124889903127e+00
4.843110902718229305e+00
6.534904942830697117e+00
5.217540896075408163e+00
1.864119435455994900e+00
2.741633873202112159e+00
4.926910805828836004e+00
3.066790962904295093e+00
4.242716506680539457e-01
3.560181616095977830e+00
7.192844583930497748e-01
7.860019581484883888e-01
2.776355725043069267e+00
8.647537731056683663e-01
1.358521200184168887e+00
1.062726060285384966e+00
1.077499614437924524e+00
1.773809749379053002e+00
4.857142255253106278e+00
3.298842500068734029e+00
3.484749068395534444e+00
9.896730463042164416e+00
8.748964045783067522e-01
1.683064918887496431e+00
1.968832288329700475e+00
6.321608842860739763e-01
4.064301285575203870e+00
5.794501056098064762e-01
1.745032612390133631e+00
1.318461361772093943e+00
7.211613033786671956e+00
2.241085687451545905e+00
1.186138767842998121e+01
9.075601615989049575e-01
5.840370174809929260e+00
4.401388249514376128e+00
1.974319146504147637e+00
1.625454771433969992e+00
9.715412905787220721e-01
3.168150782968242485e+00
2.938515311171316480e+00
4.483543217576236306e-01
1.015875703696281551e+00
1.700469362004546570e+00
4.142530109374534808e-01
9.374193621641063734e-01
1.968939550529435145e+00
2.529513301219609378e+00
1.316326771063499601e+00
5.829960794785700173e+00
9.511006672300295062e-01
1.601470131476296022e+00
1.722326963028491420e+00
1.398928611735293037e+00
1.285026023766252745e+00
4.929228549859112074e-01
1.299022644651846470e+00
3.980836305501668893e+00
2.457953539559405876e+00
2.286138301745999524e+00
8.045886648881231951e-01
4.123955400098648916e+00
1.825205654464780558e+00
1.143455771515319297e+00
6.200227765439179528e+00
1.967465145257875303e+00
1.136743589457809511e+00
3.451520282707738030e+00
3.610230761794575916e+00
9.704583571776821405e-01
6.111237220679246462e+00
6.078867217346096474e+00
1.405823804148135681e+00
3.304168299651752960e+00
3.811728757937117074e+00
2.322787549120742145e+00
1.095598023182092007e+01
2.715249137960674908e+00
3.272304094255059415e+00
1.244606363325194032e+01
3.964598532244943296e+00
5.276523275296342241e+00
3.157715846736603105e+00
1.380152195488159039e+00
2.528658430945647240e+00
2.125056667459639392e+00
5.641040567347726409e+00
8.594356102639645334e-01
1.318575702544497297e+00
4.910201819774722698e-01
8.293668531572558900e-01
1.153223994627069482e+00
4.517683486487438671e+00
9.438980475317174657e-01
2.693175295155847859e+00
1.994530103885240990e+00
2.691118837936134600e+00
1.360353981817532087e+00
1.156839399694877590e+00
1.541634415125325175e+00
1.057987437377635676e+00
1.083131984193904884e+00
4.472026649606505089e+00
3.822562325507878445e+00
5.657132023636083140e+00
2.975931517478015209e+00
1.734845308949561904e+00
2.308171670063249525e+00
1.333796470037495352e+00
1.235939182292173033e+00
1.407993299718784064e+00
1.258570347417166335e+00
1.820775564948756475e+00
4.932416812057989208e-01
5.744321590162548841e-01
1.286774699498865582e+00
6.768182454301642226e-01
3.485459923212042899e+00
4.424705528365402429e+00
1.775546592157380976e+00
1.570053267209789771e+00
1.819943302609715596e+00
2.644729892313570030e+00
3.219756799794988744e+00
4.247045688552673504e+00
8.394522187118732548e-01
1.960846503717462941e+00
5.087339911434646256e-01
7.937553428409633849e-01
7.489858805253398755e-01
7.620665632324854499e-01
6.872314518634685676e-01
4.234559857618442891e+00
1.680025411332422447e+00
7.334689277080296277e-01
9.375949664942420103e-01
9.242733870011203834e-01
6.846885136694533802e-01
8.132133660164183597e-01
1.028622977566437058e+00
8.673149713079441048e-01
7.110395260257674765e-01
7.075962062189952162e-01
1.036342666953798508e+00
1.965107746554709323e+00
1.172002524780760835e+00
8.370751934893857493e-01
1.038533636204063582e+00
5.368004073370562512e-01
7.416789658100549909e-01
7.050280267092451369e-01
6.227628036999328653e-01
5.010283752513122746e-01
6.007289722510751329e-01
1.269308009771167089e+00
2.085491414202534255e+00
1.567421097692572429e+00
7.506072098119750402e-01
1.104405627580127724e+00
1.965651431924779535e+00
1.982670010270713101e+00
9.805250710928172797e-01
1.050802429669825289e+00
1.195379044496006182e+00
2.064075127230521556e+00
1.152361361041976950e+00
2.437777137028100061e+00
9.863296352040982207e-01
9.745878665508967975e-01
7.860261656509432981e-01
1.458383304979650186e+00
1.212281719838705030e+00
1.558844456637804798e+00
1.244837351475804654e+00
2.073693892207721490e+00
2.206425060742873256e+00
7.644321568904012265e-01
2.359020168497785175e+00
1.374182236485561814e+00
9.480442324252488229e-01
7.110793854682171400e-01
1.050255469518151408e+00
8.410633317737605807e-01
8.770817346574837359e-01
7.175121234727354080e-01
7.706442067153683739e-01
1.030166569906554308e+00
5.943310527574406921e-01
1.672514871665727432e+00
4.353774911726100427e-01
8.049248750999414836e-01
8.700870068708924654e-01
1.156622079188117214e+00
1.151808296326118031e+00
7.846983711445196796e-01
7.974116361010967768e-01
8.402362943211902913e-01
7.968375503644412605e-01
1.263682722099707334e+00
2.235802934686397236e+00
2.192322696539152016e+00
1.618009490324869182e+00
4.694139714676094144e+00
1.807646531478670493e+00
4.882929603413661113e+00
1.756388126538809269e+00
1.719698934019220360e+00
1.751683917841956095e+00
4.931973633066177420e+00
4.951539510819299217e+00
4.469157534736254433e+00
4.925706732958051504e+00
3.834164262972739490e+00
2.573931730684832608e+00
5.500883172540540489e-01
2.570413002276524139e+00
1.918501655844246701e+00
1.519468793302643839e+00
7.047451357660632354e-01
2.520364385326664958e-01
2.902041832344954386e+00
1.699984002315922726e+00
8.376631478477458259e+00
3.658898412238916542e+00
8.442754878382835448e-01
1.381384393643796393e+00
6.446994532771386233e+00
2.488237593131356284e+00
2.870448615294690420e+00
2.513017251896100923e+00
3.614175707960099793e+00
3.307209839858988421e+00
4.179668407193514845e+00
5.576921957941893382e+00
6.355200226235082184e+00
4.814281458098105482e+00
5.507130621848014274e-01
9.425462616033506436e-01
6.653369431620882457e-01
5.699847563704915077e-01
5.036791756267749998e-01
1.865698970705021864e+01
2.187022698060328896e+00
3.385598481065404286e+00
2.891747424454726989e+00
2.279371046546585955e+00
3.083983478659935606e+00
2.247607658072163339e+00
1.947624575341590392e+00
2.907429739339671748e+00
1.855852508900941666e+00
6.142167637290988580e+00
2.098423476209085425e+00
7.285522176976492403e+00
5.804031003798489685e+00
1.127745280486042168e+00
1.984489110136259171e+00
1.010519212877019735e+00
1.167445981902168306e+00
1.155566411655659431e+00
1.337878273454687017e+00
2.638743752605809068e+00
7.549274728803495593e-01
3.033999659805857618e+00
2.617452642767043702e+00
1.800939822215391173e+00
2.683311559931310097e-01
2.401660669218943500e-01
3.125660856606306659e+00
