4.455924034118652344e-02 1.615405082702636719e-02
4.657936096191406250e-02 1.729893684387207031e-02
4.286837577819824219e-02 1.661229133605957031e-02
4.225683212280273438e-02 1.551270484924316406e-02
4.214763641357421875e-02 1.553583145141601562e-02
4.239892959594726562e-02 1.694869995117187500e-02
4.147911071777343750e-02 1.397418975830078125e-02
4.124736785888671875e-02 1.648974418640136719e-02
4.832720756530761719e-02 2.064442634582519531e-02
3.145599365234375000e-02 1.127696037292480469e-02
4.464459419250488281e-02 1.472067832946777344e-02
4.664802551269531250e-02 2.094173431396484375e-02
4.144334793090820312e-02 1.579260826110839844e-02
3.578495979309082031e-02 1.264333724975585938e-02
4.293704032897949219e-02 1.479816436767578125e-02
2.878165245056152344e-02 1.227855682373046875e-02
4.062938690185546875e-02 2.141404151916503906e-02
4.491853713989257812e-02 1.942205429077148438e-02
4.890561103820800781e-02 1.403331756591796875e-02
3.731679916381835938e-02 1.428461074829101562e-02
3.087425231933593750e-02 1.566433906555175781e-02
3.863739967346191406e-02 1.109123229980468750e-02
2.432227134704589844e-02 1.081418991088867188e-02
3.498816490173339844e-02 1.145982742309570312e-02
4.479455947875976562e-02 1.819920539855957031e-02
2.878999710083007812e-02 1.117610931396484375e-02
2.640199661254882812e-02 1.076436042785644531e-02
2.609753608703613281e-02 1.083183288574218750e-02
2.810668945312500000e-02 1.102375984191894531e-02
2.442955970764160156e-02 1.142048835754394531e-02
3.211593627929687500e-02 1.084876060485839844e-02
2.537536621093750000e-02 2.458977699279785156e-02
3.644323348999023438e-02 1.076650619506835938e-02
3.332614898681640625e-02 1.094365119934082031e-02
2.786350250244140625e-02 1.121735572814941406e-02
3.612184524536132812e-02 1.262831687927246094e-02
4.944872856140136719e-02 2.090573310852050781e-02
2.652049064636230469e-02 1.563835144042968750e-02
2.694439888000488281e-02 1.085567474365234375e-02
4.483270645141601562e-02 2.124214172363281250e-02
4.831576347351074219e-02 1.950073242187500000e-02
4.538726806640625000e-02 2.072238922119140625e-02
2.640676498413085938e-02 1.059508323669433594e-02
2.434444427490234375e-02 1.077675819396972656e-02
2.439379692077636719e-02 1.067900657653808594e-02
2.815198898315429688e-02 1.106739044189453125e-02
2.316164970397949219e-02 1.370096206665039062e-02
2.361989021301269531e-02 1.085352897644042969e-02
4.830908775329589844e-02 2.098917961120605469e-02
2.506709098815917969e-02 1.097702980041503906e-02
2.598977088928222656e-02 1.094317436218261719e-02
4.481005668640136719e-02 2.078604698181152344e-02
3.751516342163085938e-02 1.204395294189453125e-02
2.688050270080566406e-02 1.133894920349121094e-02
3.229260444641113281e-02 1.073455810546875000e-02
3.884148597717285156e-02 1.522755622863769531e-02
4.210996627807617188e-02 2.017784118652343750e-02
2.654886245727539062e-02 1.075887680053710938e-02
2.550101280212402344e-02 1.075434684753417969e-02
3.436827659606933594e-02 1.448845863342285156e-02
4.325389862060546875e-02 1.643157005310058594e-02
4.077005386352539062e-02 1.434350013732910156e-02
4.016017913818359375e-02 1.546144485473632812e-02
3.277516365051269531e-02 2.069592475891113281e-02
2.424502372741699219e-02 1.068806648254394531e-02
2.398705482482910156e-02 1.061964035034179688e-02
4.033446311950683594e-02 1.820182800292968750e-02
3.041481971740722656e-02 1.056885719299316406e-02
4.015088081359863281e-02 1.067447662353515625e-02
5.934333801269531250e-02 2.234148979187011719e-02
2.531266212463378906e-02 1.061058044433593750e-02
2.528548240661621094e-02 1.056241989135742188e-02
3.141927719116210938e-02 2.097988128662109375e-02
2.791833877563476562e-02 1.820468902587890625e-02
3.998565673828125000e-02 1.773858070373535156e-02
4.471087455749511719e-02 2.069830894470214844e-02
2.788376808166503906e-02 1.123976707458496094e-02
2.950239181518554688e-02 2.044606208801269531e-02
4.449653625488281250e-02 2.686619758605957031e-02
5.801820755004882812e-02 1.413249969482421875e-02
4.351854324340820312e-02 2.238702774047851562e-02
3.603935241699218750e-02 1.604223251342773438e-02
3.856587409973144531e-02 1.465630531311035156e-02
4.302453994750976562e-02 1.544690132141113281e-02
4.566502571105957031e-02 1.522827148437500000e-02
3.701853752136230469e-02 1.349258422851562500e-02
4.896450042724609375e-02 2.451086044311523438e-02
2.921843528747558594e-02 1.339626312255859375e-02
5.839729309082031250e-02 1.878881454467773438e-02
2.230334281921386719e-02 1.006531715393066406e-02
3.877449035644531250e-02 1.372623443603515625e-02
3.508591651916503906e-02 1.362514495849609375e-02
4.442429542541503906e-02 2.590870857238769531e-02
2.715563774108886719e-02 1.327610015869140625e-02
5.129790306091308594e-02 1.821851730346679688e-02
2.776360511779785156e-02 1.422381401062011719e-02
4.715251922607421875e-02 2.270293235778808594e-02
3.635406494140625000e-02 1.613163948059082031e-02
3.910207748413085938e-02 1.330137252807617188e-02
2.702331542968750000e-02 1.352834701538085938e-02
4.064822196960449219e-02 1.540970802307128906e-02
3.324985504150390625e-02 1.521348953247070312e-02
4.824090003967285156e-02 1.939344406127929688e-02
3.922843933105468750e-02 1.314282417297363281e-02
4.457449913024902344e-02 1.854419708251953125e-02
3.434181213378906250e-02 1.428627967834472656e-02
4.372191429138183594e-02 1.833152770996093750e-02
3.201055526733398438e-02 2.002120018005371094e-02
3.072309494018554688e-02 1.551771163940429688e-02
4.898452758789062500e-02 3.550291061401367188e-02
5.257368087768554688e-02 3.102517127990722656e-02
2.427172660827636719e-02 1.149082183837890625e-02
5.081152915954589844e-02 1.226949691772460938e-02
3.055381774902343750e-02 1.444792747497558594e-02
5.971050262451171875e-02 2.618837356567382812e-02
4.442143440246582031e-02 1.799631118774414062e-02
3.582859039306640625e-02 1.611876487731933594e-02
2.973604202270507812e-02 1.557683944702148438e-02
2.915787696838378906e-02 1.438832283020019531e-02
5.382037162780761719e-02 1.497435569763183594e-02
4.055142402648925781e-02 1.546716690063476562e-02
3.379654884338378906e-02 2.833461761474609375e-02
2.969741821289062500e-02 1.402449607849121094e-02
2.543091773986816406e-02 1.092243194580078125e-02
3.913903236389160156e-02 1.475548744201660156e-02
2.783083915710449219e-02 1.367235183715820312e-02
3.783655166625976562e-02 1.512718200683593750e-02
4.345536231994628906e-02 2.007317543029785156e-02
4.938483238220214844e-02 1.877355575561523438e-02
2.687191963195800781e-02 1.323819160461425781e-02
4.958724975585937500e-02 1.342463493347167969e-02
2.681255340576171875e-02 1.349234580993652344e-02
4.681491851806640625e-02 1.776099205017089844e-02
3.157567977905273438e-02 1.499557495117187500e-02
3.582715988159179688e-02 1.482629776000976562e-02
3.274250030517578125e-02 1.485085487365722656e-02
4.717063903808593750e-02 1.528620719909667969e-02
3.172898292541503906e-02 1.515746116638183594e-02
3.472518920898437500e-02 1.331806182861328125e-02
3.066468238830566406e-02 1.337599754333496094e-02
4.510974884033203125e-02 1.883316040039062500e-02
3.047728538513183594e-02 1.453137397766113281e-02
4.819822311401367188e-02 2.087712287902832031e-02
3.554558753967285156e-02 1.510572433471679688e-02
3.618359565734863281e-02 1.379036903381347656e-02
2.378487586975097656e-02 1.060438156127929688e-02
4.972076416015625000e-02 2.636122703552246094e-02
4.582190513610839844e-02 2.003002166748046875e-02
3.205680847167968750e-02 1.435780525207519531e-02
2.722692489624023438e-02 1.311874389648437500e-02
5.092763900756835938e-02 2.550339698791503906e-02
2.753615379333496094e-02 1.320862770080566406e-02
4.770827293395996094e-02 1.415443420410156250e-02
2.800559997558593750e-02 1.399016380310058594e-02
4.473137855529785156e-02 1.681089401245117188e-02
2.940702438354492188e-02 1.355981826782226562e-02
3.954243659973144531e-02 1.485013961791992188e-02
3.501963615417480469e-02 1.454854011535644531e-02
3.305101394653320312e-02 1.357603073120117188e-02
2.708244323730468750e-02 1.351475715637207031e-02
5.804133415222167969e-02 2.765202522277832031e-02
4.963088035583496094e-02 2.348184585571289062e-02
2.604746818542480469e-02 1.279020309448242188e-02
2.578687667846679688e-02 1.244831085205078125e-02
5.143404006958007812e-02 1.898002624511718750e-02
4.587793350219726562e-02 1.404500007629394531e-02
5.426645278930664062e-02 2.614235877990722656e-02
2.269530296325683594e-02 1.044702529907226562e-02
3.034853935241699219e-02 1.441144943237304688e-02
2.901387214660644531e-02 1.357698440551757812e-02
2.740550041198730469e-02 1.369667053222656250e-02
2.732133865356445312e-02 1.380109786987304688e-02
5.056715011596679688e-02 2.019810676574707031e-02
3.532624244689941406e-02 1.515269279479980469e-02
4.629445075988769531e-02 1.858329772949218750e-02
3.268170356750488281e-02 1.452231407165527344e-02
4.283618927001953125e-02 1.361012458801269531e-02
2.796912193298339844e-02 1.365208625793457031e-02
3.063440322875976562e-02 1.225972175598144531e-02
2.798891067504882812e-02 1.326704025268554688e-02
5.091166496276855469e-02 2.029323577880859375e-02
3.420948982238769531e-02 1.490354537963867188e-02
3.487229347229003906e-02 1.462578773498535156e-02
2.880167961120605469e-02 1.434659957885742188e-02
5.287384986877441406e-02 2.347302436828613281e-02
3.054165840148925781e-02 1.489400863647460938e-02
5.071830749511718750e-02 2.666187286376953125e-02
3.132462501525878906e-02 1.323032379150390625e-02
3.585124015808105469e-02 1.446843147277832031e-02
2.364325523376464844e-02 1.120924949645996094e-02
4.879975318908691406e-02 1.666545867919921875e-02
4.827284812927246094e-02 2.674889564514160156e-02
4.254055023193359375e-02 1.903271675109863281e-02
3.249216079711914062e-02 1.492762565612792969e-02
4.464840888977050781e-02 1.323270797729492188e-02
2.790236473083496094e-02 2.559828758239746094e-02
4.941844940185546875e-02 2.645134925842285156e-02
5.270910263061523438e-02 2.655005455017089844e-02
4.366731643676757812e-02 2.557539939880371094e-02
4.503393173217773438e-02 1.685452461242675781e-02
3.734731674194335938e-02 2.102184295654296875e-02
5.127215385437011719e-02 2.749586105346679688e-02
5.131721496582031250e-02 2.653312683105468750e-02
5.014252662658691406e-02 1.620769500732421875e-02
4.554629325866699219e-02 2.654671669006347656e-02
4.979014396667480469e-02 2.754259109497070312e-02
5.008602142333984375e-02 2.753067016601562500e-02
3.307008743286132812e-02 1.362109184265136719e-02
5.188298225402832031e-02 2.029657363891601562e-02
3.804063796997070312e-02 1.847386360168457031e-02
3.361535072326660156e-02 2.117538452148437500e-02
4.512119293212890625e-02 2.280330657958984375e-02
3.892803192138671875e-02 2.758479118347167969e-02
4.367303848266601562e-02 1.416587829589843750e-02
3.782153129577636719e-02 2.604579925537109375e-02
4.717063903808593750e-02 1.331090927124023438e-02
2.804923057556152344e-02 1.503944396972656250e-02
3.239369392395019531e-02 1.853823661804199219e-02
4.958939552307128906e-02 1.946902275085449219e-02
2.878355979919433594e-02 1.367211341857910156e-02
4.886031150817871094e-02 2.894926071166992188e-02
2.799558639526367188e-02 1.366996765136718750e-02
4.205441474914550781e-02 2.054953575134277344e-02
2.774357795715332031e-02 1.035165786743164062e-02
5.075526237487792969e-02 1.432752609252929688e-02
2.808642387390136719e-02 1.398873329162597656e-02
4.609489440917968750e-02 1.776981353759765625e-02
3.184485435485839844e-02 1.414132118225097656e-02
3.039836883544921875e-02 1.381540298461914062e-02
2.731013298034667969e-02 1.385402679443359375e-02
3.442311286926269531e-02 1.470088958740234375e-02
2.760839462280273438e-02 1.338410377502441406e-02
3.944206237792968750e-02 1.666617393493652344e-02
2.953243255615234375e-02 2.101397514343261719e-02
4.159426689147949219e-02 1.571869850158691406e-02
3.383874893188476562e-02 1.561260223388671875e-02
4.977202415466308594e-02 2.621769905090332031e-02
4.934763908386230469e-02 2.622771263122558594e-02
3.418087959289550781e-02 1.454114913940429688e-02
2.820181846618652344e-02 2.525615692138671875e-02
5.353331565856933594e-02 2.054834365844726562e-02
3.477406501770019531e-02 1.563167572021484375e-02
5.007648468017578125e-02 2.636551856994628906e-02
4.651069641113281250e-02 1.368641853332519531e-02
4.189825057983398438e-02 1.498150825500488281e-02
2.561640739440917969e-02 1.114511489868164062e-02
5.193352699279785156e-02 2.816724777221679688e-02
2.832102775573730469e-02 1.473569869995117188e-02
5.490136146545410156e-02 2.490615844726562500e-02
3.012323379516601562e-02 1.412963867187500000e-02
4.762053489685058594e-02 2.058172225952148438e-02
3.778719902038574219e-02 1.752996444702148438e-02
4.658102989196777344e-02 1.975321769714355469e-02
4.628443717956542969e-02 1.388335227966308594e-02
4.796695709228515625e-02 1.391005516052246094e-02
3.100252151489257812e-02 1.914048194885253906e-02
4.168438911437988281e-02 1.657533645629882812e-02
3.246498107910156250e-02 1.325011253356933594e-02
4.373145103454589844e-02 2.312183380126953125e-02
2.860903739929199219e-02 1.389408111572265625e-02
5.139350891113281250e-02 2.173662185668945312e-02
2.964949607849121094e-02 1.370000839233398438e-02
5.496525764465332031e-02 2.088403701782226562e-02
2.841758728027343750e-02 1.327371597290039062e-02
5.189299583435058594e-02 2.934861183166503906e-02
5.956840515136718750e-02 1.346969604492187500e-02
4.961490631103515625e-02 1.985430717468261719e-02
3.604006767272949219e-02 1.099681854248046875e-02
2.867078781127929688e-02 1.382207870483398438e-02
3.741526603698730469e-02 1.394248008728027344e-02
5.435442924499511719e-02 1.405143737792968750e-02
3.722620010375976562e-02 1.461291313171386719e-02
4.080605506896972656e-02 2.818298339843750000e-02
3.935647010803222656e-02 1.334190368652343750e-02
4.081678390502929688e-02 1.376032829284667969e-02
3.439712524414062500e-02 1.358413696289062500e-02
4.953026771545410156e-02 2.276825904846191406e-02
3.522157669067382812e-02 1.515197753906250000e-02
3.890395164489746094e-02 1.103687286376953125e-02
3.393125534057617188e-02 1.400589942932128906e-02
2.947831153869628906e-02 1.363778114318847656e-02
2.859544754028320312e-02 1.332068443298339844e-02
3.834843635559082031e-02 2.708172798156738281e-02
3.984403610229492188e-02 1.317858695983886719e-02
3.915500640869140625e-02 2.655553817749023438e-02
2.900719642639160156e-02 1.292920112609863281e-02
2.766942977905273438e-02 1.277780532836914062e-02
2.539992332458496094e-02 1.279854774475097656e-02
3.088545799255371094e-02 1.385688781738281250e-02
2.528953552246093750e-02 1.172280311584472656e-02
4.336977005004882812e-02 1.387763023376464844e-02
3.019523620605468750e-02 2.070999145507812500e-02
2.828502655029296875e-02 1.346135139465332031e-02
2.798128128051757812e-02 1.389503479003906250e-02
4.396462440490722656e-02 1.355051994323730469e-02
4.209947586059570312e-02 2.686238288879394531e-02
3.493213653564453125e-02 1.415753364562988281e-02
2.754735946655273438e-02 1.910400390625000000e-02
5.160260200500488281e-02 2.700972557067871094e-02
5.211210250854492188e-02 2.718663215637207031e-02
4.245376586914062500e-02 2.088117599487304688e-02
5.182290077209472656e-02 2.701354026794433594e-02
5.419349670410156250e-02 2.790737152099609375e-02
5.396556854248046875e-02 2.819108963012695312e-02
5.087566375732421875e-02 2.792882919311523438e-02
5.442976951599121094e-02 2.671885490417480469e-02
5.412220954895019531e-02 1.560449600219726562e-02
4.214167594909667969e-02 1.356792449951171875e-02
3.799104690551757812e-02 1.437163352966308594e-02
4.027557373046875000e-02 2.689433097839355469e-02
5.533671379089355469e-02 1.866292953491210938e-02
2.646851539611816406e-02 2.051234245300292969e-02
4.938936233520507812e-02 2.618741989135742188e-02
5.098891258239746094e-02 2.551651000976562500e-02
4.922986030578613281e-02 2.584600448608398438e-02
4.859972000122070312e-02 1.892995834350585938e-02
4.891061782836914062e-02 2.759289741516113281e-02
5.119967460632324219e-02 1.897883415222167969e-02
2.937865257263183594e-02 1.374554634094238281e-02
5.248427391052246094e-02 2.660632133483886719e-02
5.352854728698730469e-02 2.694702148437500000e-02
2.964925765991210938e-02 1.406884193420410156e-02
4.891443252563476562e-02 1.856923103332519531e-02
4.505300521850585938e-02 3.326869010925292969e-02
4.884147644042968750e-02 1.442313194274902344e-02
3.077912330627441406e-02 1.414036750793457031e-02
5.305647850036621094e-02 2.362084388732910156e-02
2.817130088806152344e-02 1.321649551391601562e-02
3.686833381652832031e-02 1.346421241760253906e-02
2.922058105468750000e-02 1.331114768981933594e-02
4.147529602050781250e-02 1.751613616943359375e-02
3.281569480895996094e-02 2.599287033081054688e-02
4.696536064147949219e-02 1.811242103576660156e-02
4.517364501953125000e-02 1.128077507019042969e-02
4.215240478515625000e-02 1.800251007080078125e-02
5.129766464233398438e-02 2.481293678283691406e-02
4.296731948852539062e-02 1.646471023559570312e-02
3.096508979797363281e-02 2.385210990905761719e-02
5.724549293518066406e-02 2.936005592346191406e-02
4.668068885803222656e-02 1.339411735534667969e-02
4.507851600646972656e-02 1.789164543151855469e-02
4.431390762329101562e-02 2.667260169982910156e-02
6.471896171569824219e-02 3.125357627868652344e-02
3.696131706237792969e-02 1.413393020629882812e-02
5.260753631591796875e-02 1.512670516967773438e-02
2.869343757629394531e-02 1.355528831481933594e-02
5.091404914855957031e-02 1.968717575073242188e-02
3.759050369262695312e-02 2.647018432617187500e-02
5.989003181457519531e-02 2.754807472229003906e-02
3.168821334838867188e-02 1.401329040527343750e-02
5.017852783203125000e-02 2.735042572021484375e-02
3.020644187927246094e-02 1.046276092529296875e-02
4.448294639587402344e-02 2.249741554260253906e-02
4.035329818725585938e-02 1.050019264221191406e-02
3.373837471008300781e-02 1.043748855590820312e-02
2.429938316345214844e-02 1.057147979736328125e-02
4.548001289367675781e-02 2.189826965332031250e-02
4.637837409973144531e-02 2.107477188110351562e-02
4.113054275512695312e-02 1.614212989807128906e-02
2.398514747619628906e-02 1.107335090637207031e-02
3.927278518676757812e-02 1.418161392211914062e-02
4.295587539672851562e-02 2.082943916320800781e-02
4.281711578369140625e-02 1.762008666992187500e-02
3.708100318908691406e-02 2.155470848083496094e-02
4.449629783630371094e-02 3.484559059143066406e-02
4.975271224975585938e-02 2.176403999328613281e-02
4.220318794250488281e-02 1.436924934387207031e-02
2.425169944763183594e-02 1.535749435424804688e-02
5.032467842102050781e-02 2.091860771179199219e-02
3.145098686218261719e-02 1.136445999145507812e-02
4.386901855468750000e-02 2.075147628784179688e-02
3.168392181396484375e-02 1.081657409667968750e-02
7.144832611083984375e-02 1.869010925292968750e-02
3.964185714721679688e-02 1.890826225280761719e-02
2.764034271240234375e-02 1.205515861511230469e-02
5.131745338439941406e-02 1.800966262817382812e-02
4.638266563415527344e-02 1.546120643615722656e-02
2.413392066955566406e-02 1.108598709106445312e-02
3.999376296997070312e-02 1.908755302429199219e-02
3.622102737426757812e-02 1.005339622497558594e-02
3.954601287841796875e-02 2.467727661132812500e-02
2.822208404541015625e-02 1.072072982788085938e-02
4.303646087646484375e-02 2.172255516052246094e-02
2.340006828308105469e-02 1.081418991088867188e-02
3.158879280090332031e-02 1.061010360717773438e-02
4.181504249572753906e-02 2.027821540832519531e-02
4.024219512939453125e-02 1.494598388671875000e-02
4.049181938171386719e-02 1.164245605468750000e-02
4.151535034179687500e-02 1.745295524597167969e-02
4.103589057922363281e-02 1.069402694702148438e-02
3.865599632263183594e-02 1.454615592956542969e-02
2.536034584045410156e-02 1.057577133178710938e-02
3.669214248657226562e-02 1.072478294372558594e-02
2.367281913757324219e-02 1.063418388366699219e-02
2.047801017761230469e-02 9.610414505004882812e-03
3.419399261474609375e-02 1.339197158813476562e-02
3.882551193237304688e-02 2.044057846069335938e-02
4.090762138366699219e-02 1.611280441284179688e-02
3.316903114318847656e-02 1.941704750061035156e-02
3.266596794128417969e-02 1.740479469299316406e-02
2.226138114929199219e-02 9.906768798828125000e-03
2.298569679260253906e-02 1.074433326721191406e-02
4.026842117309570312e-02 1.468682289123535156e-02
3.473043441772460938e-02 1.070761680603027344e-02
2.914786338806152344e-02 1.108407974243164062e-02
3.404378890991210938e-02 2.030396461486816406e-02
2.133059501647949219e-02 9.970664978027343750e-03
2.558016777038574219e-02 1.158881187438964844e-02
4.316520690917968750e-02 1.038217544555664062e-02
2.986836433410644531e-02 1.047515869140625000e-02
3.102660179138183594e-02 9.835004806518554688e-03
4.136848449707031250e-02 1.582598686218261719e-02
4.216265678405761719e-02 1.632642745971679688e-02
4.208302497863769531e-02 1.450824737548828125e-02
