5.390640463839529994e-01
9.112914891468630874e-01
1.891809607700736695e+00
1.118356835494029200e+00
6.727428626162692549e-01
3.424188592995508262e+00
7.835324091326242302e-01
1.012611151219223071e+00
1.197843222261110840e+00
5.946545193236154603e-01
1.125883027452025731e+00
7.464111956804001524e-01
2.288375913166475684e+01
7.979013418027880444e-01
1.177423154699451358e+00
1.153712200843749924e+00
1.512982528090241141e+00
1.806675036836195458e+00
3.721639949133470626e-01
5.426775199004849171e+00
6.861573794789216363e-01
6.320628609647126472e-01
1.413037185469810941e+00
3.627312937061399900e+00
6.708120004398525182e+00
3.356558059376542058e+00
1.507118513902408363e+00
1.153887166444039547e+00
2.939280626345295300e+00
3.820336551976317274e+00
2.887937138568006379e+00
4.729969521139378408e+00
2.764322948745965736e+00
3.005231431789620267e+00
8.702559637917132163e-01
4.279038185380145132e-01
6.082646074842695816e-01
2.402006943102994008e+00
2.111735640707169903e+00
3.016316872960206341e-01
3.179385172656716829e-01
2.407278125381445921e+00
1.948206452213093742e+00
2.222437511295191293e+00
2.909490521474430658e+00
7.825276677862391672e-01
1.999871786490097447e+00
2.247008628082305393e+00
1.159815943307762831e+00
1.264663737127885712e+00
2.119380081351706302e+00
8.243489903774939620e+00
2.343468268770051210e+00
2.593136557803944697e+00
7.132367700538434496e-01
6.392292118274878199e-01
8.160675068644367425e-01
8.309422251962459427e-01
1.281233397991042855e+00
4.860651175858897721e-01
6.297986493895971094e+00
3.092238952125095919e-01
2.482322306582962490e+00
1.120379613517259232e+00
1.118838665279818345e+00
6.445716451301672478e+00
2.569032174538473878e+00
7.502637898109379977e-01
1.623778740756540495e+00
3.356506549819054896e+01
1.976708687616874460e+00
2.081171542700151367e+00
6.615285733273616131e+01
1.537286483675513571e+00
7.644030931087731906e-01
1.123494417076150498e+00
1.543582320333110580e+01
1.704886491135551907e+00
8.269637252247534320e+00
1.888185625530910627e+01
2.195709352875239162e+01
5.453706681348589314e+01
2.278186173564835926e+01
1.271974319597648062e+01
3.964993258667031562e+00
1.777799732225840046e+01
1.810248918068393920e+01
2.545169851013356421e+01
2.638416674253199901e+01
6.790352452211290135e-01
1.897276624593346739e+01
3.087385791091294518e+00
7.085626236310027082e+00
2.909259992260543015e+01
2.127965996336669718e+00
2.303474129315444685e+01
2.143832712705088994e+01
4.824862411950695318e+00
2.141475191044993309e+01
2.688743228720561262e+01
2.336665755992930471e+00
3.647600535316438908e+01
3.691789843259204673e+00
4.554116149874668729e+00
3.395597469500193455e+01
2.179789200869949184e+01
2.255570183352579416e+00
2.730803234890587294e+00
3.814542867751679012e+01
2.540018716692249612e+01
2.906445698766137298e+01
1.172399790832438837e+00
1.314728115142696607e+00
2.291721136794327407e+01
2.546843348512764749e+01
3.568350724766703053e+01
2.488876008218566227e+01
1.213277126252888571e+01
3.985016922433667474e+01
2.463886810819253981e+01
2.403564156778251260e+01
3.157286173598895473e+01
8.621090899801162166e+00
8.086012429650625277e-01
1.848516438831887143e+01
1.763800148560214964e+01
2.171856655482005038e+01
3.056079007355061350e+01
3.401138610033088838e+01
3.508052621556819872e+01
2.692004910969820486e+01
2.162931103261015409e+01
2.437378603856798875e+01
3.470821926646097921e+01
9.447115926447517964e-01
3.015104756879615877e+00
1.356222191529146848e+01
8.021688704495998579e+00
2.785182922029661778e+00
4.462396182741976958e+01
2.504638118653483758e+01
2.847805091851714110e+01
2.103105038185188391e+01
4.871930792766992369e+01
1.568377997020130721e+01
2.857005531051428626e+00
5.443863972971635690e+01
2.009834613619488408e+01
2.697966213230165522e+01
1.581397172255746053e+00
2.790771833042126726e+00
3.815287572168125418e+00
1.523220337631983945e+00
3.740934973184829371e+00
2.350071528983811664e+00
4.417465865639865541e+01
4.706148177751304118e+00
7.448648191962937704e-01
3.855098567934361231e+00
5.337472977156390463e+00
1.569262904503337808e+01
3.788434641293067617e+00
2.149102976034588863e+01
2.909229182321402973e+01
1.351087975882433057e+01
3.990814638468611975e+01
4.036760970197681075e+01
8.296845610212706390e-01
1.779480250321854129e+01
1.461690551432968377e+01
2.645112220726397112e+01
4.001893353195904979e+01
6.044466084213706125e+00
2.732310176533362522e+01
2.390053760893442902e+00
2.181421603590649383e+01
2.559673290016588254e+01
2.731854663264694238e+01
2.433664621588984556e+00
2.114965062886333769e+01
1.130442303758238438e+02
5.993458527425237214e+00
4.074765161976623418e+00
1.408371111613810900e+00
4.977409590624759517e+00
1.295126076917344937e+00
2.374312976162090294e+01
4.870229326860530961e+01
3.329310626019595709e+00
1.586200303666194467e+00
2.766792050631880073e+01
7.626005993488276680e+00
9.495610682466313790e+00
1.919935565869404215e+01
1.638967220544095715e+00
2.517624708408152223e+00
1.515112313471653316e+00
4.268298208137625949e+00
2.848329860495906196e+00
2.280345286037887931e+01
8.763320830189654131e+00
1.803880124630466986e+00
3.040083721042739739e+01
2.544756368542353542e+00
3.313053757454446924e+01
2.055824083363138044e+01
3.517844370513180507e+01
4.934560295015433695e+00
1.555972137201519390e+00
2.471666867591787664e+01
3.832631125579628417e+01
5.914120742162115363e+00
2.850895654769451060e+00
2.919883605326473131e+01
3.701044119455717318e+00
1.999994844065129129e+01
1.853411885540626969e+01
3.355135395252759878e+01
1.352216583852981380e+01
2.055202087536696709e+01
1.931491076997228973e+01
4.131479872641423157e+01
1.615984260111238635e+00
1.058233952888702589e+00
2.648756126336102312e+01
2.861688568029649815e+01
1.546457783621904447e+01
4.257728080152639905e+01
3.415771670576206986e+01
1.820374908738534003e+01
1.890110816508127911e+01
2.964669984355735011e+01
2.345500603793595928e+01
2.979778975936969232e+01
6.802440724731859234e+00
2.486626921271502155e+01
8.922313320085656585e+00
1.356222734600064150e+01
5.119161621804050988e+00
4.741895104025638297e+00
9.507397143970568010e+00
6.155018458472762966e+00
3.415115091885928322e+00
2.634831202936963024e+01
4.988890124438529305e+00
6.648851193013205041e+00
3.251370656664030800e+00
2.237019050421116706e+00
2.813437608365126241e+00
2.137738718393722337e+01
2.156182368901502855e+01
2.035754078600119144e+01
1.694435373525682564e+01
2.468153945669286742e+01
2.517436243898328030e+01
9.385012768613049117e-01
5.284942054738895889e-01
9.007442141096606569e-01
1.379022604145881292e+00
1.720550444156932146e+00
1.426113430457651932e+00
1.890482633147780422e+00
1.891362416943033642e+00
2.881694388124582118e-01
1.143554747369025515e+00
6.419131007851314186e-01
3.085597771510539822e-01
9.193537166562849583e-01
8.712689969567090076e-01
1.974222368621977974e+00
1.942156713851486138e+00
1.872924556072327329e+00
7.890981604036679808e-01
1.416317784035586280e+00
1.310066536742836130e+00
7.551619544778311877e-01
1.234033896070156677e+00
1.111213324688200776e+00
2.185586360360044278e+00
1.741585256654535119e+00
5.293318537052442707e-01
1.158630472437050418e+00
1.113498041853891563e+00
1.420712259071074568e+00
1.205464386691941892e+00
1.701892462722784716e+00
1.366525213323303456e+00
2.325680850290849921e+00
6.242946620942887437e-01
2.273458351277425127e+00
9.936242033332464141e-01
3.595445169188202783e+00
9.311392591856936241e-01
1.278492555283646359e+00
7.562146551495571023e-01
1.032859718427530327e+00
3.246189427566321228e+00
9.654212936648569610e-01
1.110959057859938870e+00
1.524862626932534715e+00
1.256038452639352521e+01
1.214357613130204072e+01
8.837323294430800003e-01
8.045254765020288801e-01
1.702947146135921352e+00
3.258696727401819260e+00
2.026919662654857124e+00
2.594344687903041624e+00
1.627942447641819834e+00
7.679778080713455246e-01
1.277544821909993189e+00
1.155508759508340200e+00
1.371085205226910908e+00
1.106087630765290042e+00
1.024486280347314926e+00
8.611301174049966756e-01
7.195964408671229329e-01
1.993459874139147825e+00
1.735874478291294265e+00
1.125403100681724444e+00
1.138052049275900979e+00
1.663533828231156031e+00
1.043664047549901275e+00
9.315120291186199664e-01
1.086865958026080214e+00
8.229066396480324563e-01
9.611388902281852165e-01
1.392428668182845275e+00
1.635618207324423867e+00
1.317374914539817699e+00
8.622504973060808320e-01
1.890826278476661848e+00
1.620881464611441558e+00
8.138195240679662490e+00
4.321603840115463946e+00
2.162643330842025424e+00
9.976207364103859554e-01
6.200221728838458679e-01
6.801368086660385393e-01
1.584343972279241175e+00
1.586087999768608148e+00
5.167512591135642319e-01
1.237813652402159237e+00
1.998277505348523109e+00
1.009333954901339370e+00
3.554231804808983264e-01
1.175665612604601673e+00
1.338117297690800456e+00
9.101715080701625604e-01
1.216018823920063774e+00
5.842831333109793635e-01
7.660767946859817767e-01
5.160667794330938696e-01
2.305003205501655383e+00
6.372122110598843481e-01
1.053703140626501700e+01
6.287881029255570908e-01
3.616235989992043098e+00
2.866684749138662891e+00
8.749472711145966031e+00
1.859025816942360798e+00
3.532472074546979535e-01
2.126492360143060534e+00
1.183392826916578544e+00
5.376205178822638153e+00
6.471236444713882596e-01
2.966517023969369227e+00
3.186042664874444874e+00
1.231032461513823284e+00
1.094905861789216894e+00
3.853831714562492294e+00
2.626840162078533103e-01
9.659481122916701024e-01
4.938520576999204659e-01
1.342368330041938895e+00
1.478416828098908287e+00
1.323299707192377994e+00
9.009302601777151587e-01
2.667210017932202692e+00
2.893714447761011943e+00
6.147522955580757564e-01
7.593593884714251452e-01
2.090574282200978473e+01
5.863374903453991704e-01
1.195476613261988286e+00
1.468108069746183242e+00
6.744867454324078304e-01
9.828438882958363543e-01
1.782593712011568465e+00
1.062502121033082281e+00
8.051975185603403418e+00
6.875323748285808723e-01
1.729290587329329387e+00
1.506507350955170299e+00
2.571178658470321121e+00
8.581395390762883713e-01
7.974401762650229486e-01
4.549543747816671591e+00
1.393114293090348177e+00
9.102971247818344436e-01
3.072790858326210350e-01
7.261001344298044780e-01
8.312745870928883729e-01
1.975434942461545829e+00
7.950873767441343221e-01
7.328029581790205249e-01
8.505641209728327379e-01
6.174030083828199178e-01
5.077525853232720543e+00
3.656677604638673973e+00
1.938484219971882139e+00
5.082846168774685092e-01
3.884380551819333061e-01
1.233527459796210701e+00
