id,0,1,2,3,4,5,6,7,8,9,10,11,12
W1,35409.54025192319,35392.18192854917,35374.82360517517,35357.46528180115,35340.10695842714,35322.748635053125,35305.39031167911,35288.031988305105,35270.67366493109,35253.31534155708,35235.957018183064,35218.59869480905,35201.240371435044
W10,5127.456491537743,5132.675883822539,5137.895276107333,5143.114668392129,5148.334060676924,5153.55345296172,5158.772845246515,5163.992237531311,5169.211629816105,5174.431022100901,5179.650414385696,5184.869806670492,5190.089198955287
W100,11381.891348788406,11383.094572644262,11384.297796500121,11385.501020355978,11386.704244211835,11387.907468067691,11389.110691923548,11390.313915779407,11391.517139635263,11392.72036349112,11393.923587346977,11395.126811202834,11396.330035058692
W101,9805.94166099173,9817.021948917773,9828.102236843815,9839.18252476986,9850.262812695903,9861.343100621945,9872.423388547988,9883.50367647403,9894.583964400073,9905.664252326116,9916.744540252159,9927.824828178203,9938.905116104246
W102,15923.025252997637,15942.36576024804,15961.706267498445,15981.04677474885,16000.387281999254,16019.727789249657,16039.068296500061,16058.408803750466,16077.74931100087,16097.089818251274,16116.430325501678,16135.770832752083,16155.111340002486
W103,4080.6226601197395,4082.3234420713425,4084.0242240229454,4085.725005974548,4087.425787926151,4089.126569877754,4090.8273518293568,4092.5281337809597,4094.2289157325627,4095.9296976841656,4097.630479635768,4099.331261587371,4101.032043538974
W104,1025.5097529202835,1021.096801891204,1016.6838508621246,1012.2708998330451,1007.8579488039655,1003.444997774886,999.0320467458065,994.619095716727,990.2061446876476,985.793193658568,981.3802426294885,976.967291600409,972.5543405713295
W105,9167.91874224933,9171.297484498658,9174.676226747988,9178.054968997316,9181.433711246646,9184.812453495973,9188.191195745303,9191.56993799463,9194.94868024396,9198.327422493288,9201.706164742618,9205.084906991946,9208.463649241276
W106,2150.9585910400256,2152.1301820800504,2153.3017731200757,2154.473364160101,2155.6449552001263,2156.816546240151,2157.9881372801765,2159.159728320202,2160.331319360227,2161.502910400252,2162.6745014402773,2163.8460924803026,2165.017683520328
W107,23904.85914659553,23935.32228092964,23965.785415263745,23996.248549597854,24026.71168393196,24057.17481826607,24087.637952600177,24118.101086934283,24148.564221268392,24179.0273556025,24209.49048993661,24239.953624270714,24270.416758604824
W108,15972.199228667181,15984.27759153602,15996.35595440486,16008.4343172737,16020.51268014254,16032.59104301138,16044.66940588022,16056.74776874906,16068.8261316179,16080.90449448674,16092.982857355579,16105.06122022442,16117.13958309326
W109,14212.29619106372,14222.944910323573,14233.593629583424,14244.242348843276,14254.891068103127,14265.539787362979,14276.18850662283,14286.837225882682,14297.485945142533,14308.134664402385,14318.783383662236,14329.432102922088,14340.080822181939
W11,324.6236141247449,324.6236141247449,324.6236141247449,324.6236141247449,324.6236141247449,324.6236141247449,324.6236141247449,324.6236141247449,324.6236141247449,324.6236141247449,324.6236141247449,324.6236141247449,324.6236141247449
W110,7334.270125760967,7354.009590961444,7373.74905616192,7393.488521362396,7413.2279865628725,7432.967451763348,7452.706916963824,7472.446382164301,7492.185847364777,7511.925312565253,7531.66477776573,7551.404242966206,7571.143708166682
W111,1070.2982492242747,1070.114178277938,1069.930107331601,1069.7460363852642,1069.5619654389272,1069.3778944925905,1069.1938235462535,1069.0097525999165,1068.8256816535797,1068.6416107072428,1068.457539760906,1068.273468814569,1068.0893978682323
W112,9517.83323125825,9534.369760892056,9550.906290525862,9567.44282015967,9583.979349793475,9600.515879427281,9617.052409061087,9633.588938694893,9650.125468328699,9666.661997962505,9683.198527596312,9699.735057230118,9716.271586863924
W113,741.0127296652671,741.0127296652671,741.0127296652671,741.0127296652671,741.0127296652671,741.0127296652671,741.0127296652671,741.0127296652671,741.0127296652671,741.0127296652671,741.0127296652671,741.0127296652671,741.0127296652671
W114,10550.808699997457,10557.9497677463,10565.090835495146,10572.231903243992,10579.372970992836,10586.514038741681,10593.655106490527,10600.796174239373,10607.937241988217,10615.078309737062,10622.219377485908,10629.360445234752,10636.501512983597
W115,11297.930001158113,11302.687874266792,11307.445747375474,11312.203620484153,11316.961493592835,11321.719366701514,11326.477239810196,11331.235112918877,11335.992986027557,11340.750859136238,11345.508732244918,11350.2666053536,11355.024478462281
W116,14462.022144632374,14476.929083246063,14491.836021859752,14506.74296047344,14521.64989908713,14536.556837700819,14551.463776314507,14566.370714928196,14581.277653541885,14596.184592155574,14611.091530769263,14625.998469382952,14640.90540799664
W117,7071.368702009373,7077.227404018745,7083.086106028118,7088.94480803749,7094.803510046862,7100.662212056234,7106.520914065607,7112.37961607498,7118.238318084352,7124.0970200937245,7129.955722103096,7135.814424112469,7141.673126121842
W118,1734.9591071305533,1736.0012142611065,1737.0433213916594,1738.0854285222126,1739.1275356527658,1740.169642783319,1741.211749913872,1742.253857044425,1743.2959641749783,1744.3380713055315,1745.3801784360844,1746.4222855666376,1747.4643926971908
W119,1024.27537128963,1023.7037294164014,1023.132087543173,1022.5604456699446,1021.9888037967162,1021.4171619234877,1020.8455200502593,1020.2738781770308,1019.7022363038025,1019.130594430574,1018.5589525573456,1017.9873106841171,1017.4156688108887
W12,1037.0145683428325,1037.0145683428325,1037.0145683428325,1037.0145683428325,1037.0145683428325,1037.0145683428325,1037.0145683428325,1037.0145683428325,1037.0145683428325,1037.0145683428325,1037.0145683428325,1037.0145683428325,1037.0145683428325
W120,877.7633268638122,877.7633268638122,877.7633268638122,877.7633268638122,877.7633268638122,877.7633268638122,877.7633268638122,877.7633268638122,877.7633268638122,877.7633268638122,877.7633268638122,877.7633268638122,877.7633268638122
W121,10386.526848319487,10397.213769495587,10407.900690671688,10418.587611847788,10429.274533023889,10439.961454199989,10450.64837537609,10461.33529655219,10472.02221772829,10482.709138904389,10493.39606008049,10504.08298125659,10514.76990243269
W122,369.5905933826162,369.6427663363368,369.6949392900574,369.747112243778,369.7992851974986,369.8514581512192,369.9036311049398,369.9558040586604,370.007977012381,370.0601499661016,370.1123229198222,370.1644958735428,370.2166688272634
W123,479.31260087688065,479.40162255493686,479.490644232993,479.57966591104923,479.6686875891054,479.7577092671616,479.84673094521776,479.9357526232739,480.0247743013301,480.1137959793863,480.2028176574425,480.29183933549865,480.38086101355486
W124,8476.032589477281,8474.60594755811,8473.179305638936,8471.752663719764,8470.32602180059,8468.899379881419,8467.472737962245,8466.046096043074,8464.6194541239,8463.192812204728,8461.766170285555,8460.339528366383,8458.91288644721
W125,10842.177245482042,10846.801701769868,10851.426158057691,10856.050614345515,10860.67507063334,10865.299526921164,10869.923983208988,10874.548439496813,10879.172895784637,10883.79735207246,10888.421808360286,10893.04626464811,10897.670720935934
W126,9528.066730741586,9538.495196778598,9548.923662815612,9559.352128852624,9569.780594889638,9580.20906092665,9590.637526963665,9601.065993000677,9611.49445903769,9621.922925074703,9632.351391111717,9642.77985714873,9653.208323185743
W127,11064.146016281902,11077.421832390117,11090.697648498333,11103.973464606548,11117.249280714765,11130.52509682298,11143.800912931196,11157.07672903941,11170.352545147627,11183.628361255842,11196.904177364058,11210.179993472275,11223.45580958049
W128,3574.501070304928,3575.9988221086032,3577.496573912279,3578.9943257159543,3580.4920775196297,3581.989829323305,3583.4875811269803,3584.985332930656,3586.4830847343314,3587.9808365380068,3589.478588341682,3590.976340145358,3592.474091949033
W129,1006.5611313763634,1002.2380976180929,997.9150638598225,993.5920301015519,989.2689963432815,984.945962585011,980.6229288267406,976.29989506847,971.9768613101996,967.6538275519291,963.3307937936587,959.0077600353882,954.6847262771178
W13,2506.9679744142095,2509.462948828419,2511.9579232426286,2514.4528976568386,2516.947872071048,2519.4428464852576,2521.937820899467,2524.4327953136767,2526.9277697278862,2529.4227441420962,2531.9177185563058,2534.4126929705153,2536.907667384725
W130,8169.165755070375,8172.43151014075,8175.697265211125,8178.963020281501,8182.228775351876,8185.494530422251,8188.760285492626,8192.026040563002,8195.291795633377,8198.557550703752,8201.823305774127,8205.089060844502,8208.354815914878
W131,2149.8650448284648,2151.0380896569295,2152.2111344853947,2153.3841793138595,2154.5572241423242,2155.730268970789,2156.903313799254,2158.076358627719,2159.2494034561837,2160.4224482846485,2161.5954931131137,2162.7685379415784,2163.941582770043
W132,22633.037104250005,22661.59381635857,22690.150528467133,22718.707240575695,22747.26395268426,22775.820664792824,22804.377376901386,22832.934089009952,22861.490801118514,22890.047513227077,22918.604225335643,22947.160937444205,22975.717649552767
W133,13830.326628524554,13842.489571475033,13854.65251442551,13866.81545737599,13878.978400326467,13891.141343276944,13903.304286227423,13915.4672291779,13927.63017212838,13939.793115078857,13951.956058029336,13964.119000979814,13976.281943930291
W134,12073.260578474674,12083.5424757627,12093.824373050726,12104.106270338752,12114.38816762678,12124.670064914806,12134.951962202831,12145.233859490858,12155.515756778885,12165.797654066911,12176.079551354936,12186.361448642963,12196.64334593099
W135,6206.7689888609175,6222.257977721836,6237.746966582754,6253.2359554436725,6268.72494430459,6284.213933165508,6299.702922026427,6315.191910887344,6330.680899748263,6346.169888609181,6361.658877470099,6377.147866331017,6392.636855191935
W136,6401.810460601307,6435.664294987704,6469.518129374102,6503.371963760499,6537.2257981468965,6571.079632533294,6604.933466919691,6638.787301306089,6672.641135692486,6706.494970078884,6740.348804465281,6774.202638851679,6808.056473238076
W137,7049.297152024546,7060.849502933356,7072.401853842167,7083.954204750978,7095.506555659787,7107.058906568598,7118.611257477409,7130.163608386219,7141.715959295029,7153.268310203839,7164.82066111265,7176.37301202146,7187.92536293027
W138,365.20906616683243,365.20906616683243,365.20906616683243,365.20906616683243,365.20906616683243,365.20906616683243,365.20906616683243,365.20906616683243,365.20906616683243,365.20906616683243,365.20906616683243,365.20906616683243,365.20906616683243
W139,7888.100985435616,7893.478254404861,7898.855523374105,7904.2327923433495,7909.610061312594,7914.987330281839,7920.364599251083,7925.741868220327,7931.119137189571,7936.496406158816,7941.87367512806,7947.2509440973045,7952.628213066549
W14,2433.9500924647264,2436.3057230506097,2438.661353636493,2441.0169842223763,2443.3726148082596,2445.728245394143,2448.0838759800263,2450.4395065659096,2452.795137151793,2455.1507677376762,2457.5063983235596,2459.862028909443,2462.217659495326
W140,8250.488781208493,8254.707920958248,8258.927060708005,8263.14620045776,8267.365340207516,8271.584479957271,8275.803619707027,8280.022759456782,8284.24189920654,8288.461038956295,8292.68017870605,8296.899318455806,8301.118458205561
W141,10847.565664486217,10858.169985433275,10868.77430638033,10879.378627327385,10889.98294827444,10900.587269221498,10911.191590168553,10921.795911115609,10932.400232062664,10943.004553009721,10953.608873956777,10964.213194903832,10974.817515850888
W142,5411.482189298932,5416.279378597864,5421.0765678967955,5425.873757195727,5430.670946494659,5435.468135793591,5440.265325092523,5445.062514391455,5449.859703690387,5454.656892989318,5459.45408228825,5464.251271587182,5469.048460886113
W143,11291.406734544635,11298.391469089273,11305.376203633909,11312.360938178546,11319.345672723182,11326.33040726782,11333.315141812456,11340.299876357094,11347.28461090173,11354.269345446366,11361.254079991004,11368.23881453564,11375.223549080278
W144,991.7052997445404,992.4538827570833,993.2024657696261,993.951048782169,994.6996317947118,995.4482148072547,996.1967978197974,996.9453808323403,997.6939638448831,998.4425468574259,999.1911298699688,999.9397128825116,1000.6882958950545
W145,8605.34370722094,8611.447690718001,8617.551674215065,8623.655657712128,8629.75964120919,8635.863624706253,8641.967608203317,8648.071591700378,8654.175575197442,8660.279558694505,8666.383542191566,8672.48752568863,8678.591509185693
W146,6721.000758118567,6727.717322629672,6734.433887140775,6741.15045165188,6747.867016162983,6754.583580674087,6761.3001451851915,6768.016709696295,6774.7332742073995,6781.449838718503,6788.166403229607,6794.882967740711,6801.599532251815
W147,131.22315123870317,131.22315123870317,131.22315123870317,131.22315123870317,131.22315123870317,131.22315123870317,131.22315123870317,131.22315123870317,131.22315123870317,131.22315123870317,131.22315123870317,131.22315123870317,131.22315123870317
W148,232.81177879956337,232.81177879956337,232.81177879956337,232.81177879956337,232.81177879956337,232.81177879956337,232.81177879956337,232.81177879956337,232.81177879956337,232.81177879956337,232.81177879956337,232.81177879956337,232.81177879956337
W149,4400.831743719184,4396.7494874383665,4392.667231157549,4388.584974876732,4384.502718595915,4380.420462315098,4376.338206034281,4372.255949753464,4368.173693472647,4364.09143719183,4360.009180911013,4355.926924630195,4351.844668349378
W15,4441.689942548602,4455.242491741846,4468.79504093509,4482.347590128333,4495.900139321577,4509.452688514821,4523.005237708065,4536.557786901309,4550.110336094553,4563.662885287797,4577.21543448104,4590.767983674284,4604.320532867528
W150,8024.453497071487,8023.9230656011505,8023.392634130813,8022.862202660476,8022.33177119014,8021.801339719803,8021.270908249466,8020.7404767791295,8020.210045308792,8019.679613838455,8019.149182368119,8018.618750897782,8018.088319427445
W151,6276.616502776541,6283.208528337462,6289.8005538983825,6296.392579459303,6302.984605020224,6309.576630581144,6316.168656142065,6322.7606817029855,6329.352707263906,6335.944732824827,6342.536758385748,6349.128783946669,6355.720809507589
W152,8551.599461622738,8560.338005000522,8569.076548378305,8577.81509175609,8586.553635133874,8595.292178511658,8604.030721889441,8612.769265267225,8621.507808645008,8630.246352022792,8638.984895400576,8647.723438778361,8656.461982156145
W153,2916.493109723368,2917.9527466053996,2919.4123834874313,2920.872020369463,2922.3316572514946,2923.791294133526,2925.250931015558,2926.7105678975895,2928.170204779621,2929.6298416616532,2931.089478543685,2932.5491154257165,2934.008752307748
W154,8578.478452942261,8543.656905884523,8508.835358826784,8474.013811769046,8439.192264711308,8404.37071765357,8369.54917059583,8334.727623538092,8299.906076480354,8265.084529422616,8230.262982364879,8195.441435307139,8160.619888249401
W155,4594.619028558323,4598.157057116647,4601.695085674969,4605.233114233292,4608.771142791616,4612.309171349939,4615.847199908262,4619.385228466585,4622.923257024908,4626.461285583231,4629.999314141554,4633.537342699878,4637.075371258201
W156,5454.778917349235,5457.146834698469,5459.514752047704,5461.882669396939,5464.250586746173,5466.618504095408,5468.9864214446425,5471.354338793877,5473.722256143112,5476.090173492346,5478.458090841581,5480.826008190816,5483.19392554005
W157,1424.6703338853479,1425.5918677706954,1426.5134016560432,1427.434935541391,1428.3564694267388,1429.2780033120864,1430.1995371974342,1431.121071082782,1432.0426049681298,1432.9641388534774,1433.8856727388252,1434.807206624173,1435.7287405095205
W158,16552.76065512981,16577.9243531872,16603.0880512446,16628.25174930199,16653.415447359384,16678.579145416777,16703.74284347417,16728.906541531564,16754.07023958896,16779.233937646353,16804.397635703746,16829.56133376114,16854.725031818532
W159,9220.310720134203,9227.504042240776,9234.697364347352,9241.890686453926,9249.084008560501,9256.277330667075,9263.47065277365,9270.663974880224,9277.8572969868,9285.050619093374,9292.24394119995,9299.437263306525,9306.630585413099
W16,4519.874772857643,4532.954408548002,4546.034044238361,4559.113679928721,4572.19331561908,4585.272951309439,4598.352586999799,4611.432222690159,4624.511858380518,4637.591494070877,4650.671129761236,4663.750765451596,4676.830401141955
W160,8002.827952691201,8008.90484821577,8014.981743740337,8021.058639264906,8027.135534789473,8033.212430314042,8039.289325838609,8045.366221363178,8051.443116887745,8057.520012412314,8063.5969079368815,8069.67380346145,8075.750698986018
W161,12089.180914072673,12098.463605880386,12107.746297688098,12117.02898949581,12126.311681303523,12135.594373111235,12144.877064918946,12154.159756726658,12163.442448534372,12172.725140342083,12182.007832149795,12191.290523957508,12200.57321576522
W162,4465.988699846649,4481.051399693298,4496.114099539947,4511.176799386596,4526.239499233246,4541.302199079895,4556.364898926544,4571.4275987731935,4586.490298619842,4601.552998466492,4616.615698313141,4631.67839815979,4646.74109800644
W163,3768.7127508491335,3765.836824551184,3762.960898253234,3760.084971955284,3757.209045657334,3754.3331193593845,3751.4571930614347,3748.581266763485,3745.7053404655353,3742.829414167585,3739.9534878696354,3737.0775615716857,3734.201635273736
W164,24630.86103433552,24643.110404983563,24655.359775631605,24667.609146279647,24679.85851692769,24692.10788757573,24704.357258223772,24716.606628871814,24728.855999519856,24741.105370167897,24753.35474081594,24765.60411146398,24777.853482112023
W165,3758.2229888040965,3758.2229888040965,3758.2229888040965,3758.2229888040965,3758.2229888040965,3758.2229888040965,3758.2229888040965,3758.2229888040965,3758.2229888040965,3758.2229888040965,3758.2229888040965,3758.2229888040965,3758.2229888040965
W166,2661.230168938568,2662.999219215671,2664.768269492774,2666.537319769877,2668.3063700469793,2670.075420324082,2671.844470601185,2673.613520878288,2675.382571155391,2677.151621432494,2678.9206717095967,2680.6897219866996,2682.4587722638025
W167,3033.5857775554537,3034.8868612282995,3036.187944901145,3037.4890285739903,3038.790112246836,3040.0911959196815,3041.3922795925273,3042.6933632653727,3043.994446938218,3045.295530611064,3046.5966142839093,3047.8976979567547,3049.1987816296005
W168,3591.1857908161273,3593.1385817689347,3595.0913727217426,3597.0441636745504,3598.996954627358,3600.9497455801657,3602.902536532973,3604.855327485781,3606.8081184385887,3608.760909391396,3610.713700344204,3612.666491297012,3614.619282249819
W169,1659.8927443885214,1660.9604887770429,1662.0282331655642,1663.0959775540857,1664.163721942607,1665.2314663311286,1666.2992107196499,1667.3669551081714,1668.4346994966927,1669.5024438852142,1670.5701882737355,1671.637932662257,1672.7056770507784
W17,12042.449832449533,12044.078216791782,12045.706601134032,12047.334985476282,12048.963369818532,12050.591754160781,12052.220138503031,12053.848522845281,12055.47690718753,12057.10529152978,12058.73367587203,12060.36206021428,12061.99044455653
W170,3596.1781601747643,3598.071320349529,3599.9644805242933,3601.857640699058,3603.7508008738223,3605.6439610485863,3607.537121223351,3609.4302813981153,3611.32344157288,3613.2166017476443,3615.109761922409,3617.0029220971733,3618.8960822719378
W171,6058.08733829441,6061.426676588821,6064.76601488323,6068.10535317764,6071.44469147205,6074.78402976646,6078.12336806087,6081.46270635528,6084.802044649689,6088.1413829441,6091.480721238509,6094.820059532919,6098.1593978273295
W172,3657.8015976499673,3661.3950870961858,3664.9885765424046,3668.582065988623,3672.175555434842,3675.7690448810604,3679.3625343272793,3682.9560237734977,3686.5495132197166,3690.143002665935,3693.736492112154,3697.3299815583723,3700.923471004591
W173,3356.4669949809313,3356.4669949809313,3356.4669949809313,3356.4669949809313,3356.4669949809313,3356.4669949809313,3356.4669949809313,3356.4669949809313,3356.4669949809313,3356.4669949809313,3356.4669949809313,3356.4669949809313,3356.4669949809313
W174,2813.8022294913694,2814.798826202815,2815.79542291426,2816.7920196257055,2817.788616337151,2818.7852130485962,2819.7818097600416,2820.778406471487,2821.7750031829323,2822.7715998943777,2823.768196605823,2824.7647933172684,2825.761390028714
W175,3253.6996904746175,3257.567899673959,3261.436108873301,3265.3043180726427,3269.172527271984,3273.040736471326,3276.908945670668,3280.7771548700093,3284.645364069351,3288.513573268693,3292.3817824680345,3296.2499916673764,3300.1182008667183
W176,2517.497575485842,2518.686217039227,2519.874858592612,2521.063500145997,2522.2521416993823,2523.4407832527672,2524.629424806152,2525.818066359537,2527.006707912922,2528.195349466307,2529.383991019692,2530.572632573077,2531.761274126462
W177,6588.073676110545,6589.176456821627,6590.279237532708,6591.382018243789,6592.484798954871,6593.587579665951,6594.690360377032,6595.793141088114,6596.895921799195,6597.998702510276,6599.101483221358,6600.204263932439,6601.30704464352
W178,1495.478417571509,1495.8924125841215,1496.306407596734,1496.7204026093466,1497.1343976219591,1497.5483926345717,1497.9623876471842,1498.3763826597967,1498.7903776724092,1499.2043726850218,1499.6183676976343,1500.0323627102468,1500.4463577228594
W179,2715.509585921086,2717.5301718421724,2719.5507577632584,2721.5713436843444,2723.5919296054303,2725.6125155265167,2727.6331014476027,2729.6536873686887,2731.6742732897746,2733.694859210861,2735.715445131947,2737.736031053033,2739.7566169741194
W18,4314.362400322538,4302.609813135072,4290.857225947605,4279.104638760139,4267.352051572673,4255.599464385207,4243.8468771977405,4232.094290010275,4220.341702822809,4208.589115635343,4196.836528447876,4185.08394126041,4173.331354072944
W180,7253.071281761995,7256.7105635239905,7260.349845285986,7263.989127047981,7267.6284088099765,7271.267690571972,7274.906972333967,7278.5462540959625,7282.185535857958,7285.824817619953,7289.4640993819485,7293.103381143944,7296.742662905939
W181,8793.04294728089,8797.63857060482,8802.23419392875,8806.829817252681,8811.425440576613,8816.021063900544,8820.616687224474,8825.212310548404,8829.807933872335,8834.403557196265,8838.999180520195,8843.594803844126,8848.190427168056
W182,1346.9205186880572,1342.9728313824423,1339.0251440768277,1335.0774567712128,1331.129769465598,1327.182082159983,1323.2343948543682,1319.2867075487536,1315.3390202431387,1311.3913329375239,1307.443645631909,1303.4959583262942,1299.5482710206795
W183,6078.575472491535,6081.675424667677,6084.775376843819,6087.875329019961,6090.9752811961025,6094.075233372245,6097.175185548386,6100.275137724528,6103.37508990067,6106.475042076811,6109.574994252954,6112.674946429095,6115.7748986052375
W184,4606.608254648526,4611.736588060283,4616.864921472039,4621.993254883796,4627.121588295553,4632.24992170731,4637.378255119067,4642.506588530823,4647.63492194258,4652.763255354337,4657.891588766094,4663.019922177851,4668.148255589607
W185,4063.3540455485727,4065.531143642487,4067.7082417364018,4069.8853398303163,4072.0624379242304,4074.239536018145,4076.4166341120595,4078.593732205974,4080.7708302998885,4082.947928393803,4085.1250264877176,4087.302124581632,4089.4792226755467
W186,1737.4796065063388,1734.6052130126775,1731.7308195190164,1728.8564260253552,1725.982032531694,1723.1076390380326,1720.2332455443716,1717.3588520507103,1714.484458557049,1711.6100650633878,1708.7356715697265,1705.8612780760654,1702.9868845824042
W187,920.7920444540358,917.7840889080717,914.7761333621075,911.7681778161434,908.7602222701792,905.752266724215,902.7443111782509,899.7363556322867,896.7284000863226,893.7204445403585,890.7124889943943,887.7045334484302,884.6965779024661
W188,2237.5055251728336,2235.5093976089156,2233.513270044998,2231.51714248108,2229.5210149171626,2227.5248873532446,2225.528759789327,2223.532632225409,2221.5365046614916,2219.5403770975736,2217.544249533656,2215.548121969738,2213.5519944058206
W189,1996.6162254583153,1996.6162254583153,1996.6162254583153,1996.6162254583153,1996.6162254583153,1996.6162254583153,1996.6162254583153,1996.6162254583153,1996.6162254583153,1996.6162254583153,1996.6162254583153,1996.6162254583153,1996.6162254583153
W19,2582.0991744148364,2582.0991744148364,2582.0991744148364,2582.0991744148364,2582.0991744148364,2582.0991744148364,2582.0991744148364,2582.0991744148364,2582.0991744148364,2582.0991744148364,2582.0991744148364,2582.0991744148364,2582.0991744148364
W190,446.34107066617054,444.60217673234104,442.8632827985115,441.124388864682,439.3854949308525,437.646600997023,435.9077070631934,434.1688131293639,432.4299191955344,430.6910252617049,428.95213132787535,427.21323739404585,425.47434346021635
W191,6498.335551542239,6498.335551542239,6498.335551542239,6498.335551542239,6498.335551542239,6498.335551542239,6498.335551542239,6498.335551542239,6498.335551542239,6498.335551542239,6498.335551542239,6498.335551542239,6498.335551542239
W192,1155.1883223817144,1155.1883223817144,1155.1883223817144,1155.1883223817144,1155.1883223817144,1155.1883223817144,1155.1883223817144,1155.1883223817144,1155.1883223817144,1155.1883223817144,1155.1883223817144,1155.1883223817144,1155.1883223817144
W193,5984.0462771254415,5988.023454250882,5992.000631376324,5995.977808501765,5999.954985627207,6003.932162752648,6007.90933987809,6011.886517003531,6015.863694128972,6019.840871254413,6023.818048379855,6027.795225505296,6031.772402630738
W194,478.3532913228263,474.9073526456527,471.461413968479,468.01547529130534,464.5695366141317,461.12359793695805,457.6776592597844,454.23172058261076,450.7857819054371,447.3398432282634,443.8939045510898,440.44796587391613,437.00202719674246
W195,943.4561019638647,944.3296604442395,945.2032189246144,946.0767774049891,946.9503358853639,947.8238943657386,948.6974528461135,949.5710113264882,950.444569806863,951.3181282872378,952.1916867676126,953.0652452479874,953.9388037283621
W196,9657.032713260469,9661.935726520938,9666.838739781408,9671.741753041879,9676.644766302348,9681.547779562818,9686.450792823287,9691.353806083756,9696.256819344226,9701.159832604695,9706.062845865166,9710.965859125636,9715.868872386105
W197,3314.876422331261,3268.8526216625223,3222.8288209937837,3176.805020325045,3130.781219656306,3084.7574189875672,3038.7336183188286,2992.70981765009,2946.6860169813513,2900.6622163126126,2854.638415643874,2808.614614975135,2762.590814306396
W198,2381.26574491644,2379.3925307121253,2377.5193165078113,2375.646102303497,2373.7728880991826,2371.8996738948686,2370.026459690554,2368.15324548624,2366.280031281926,2364.4068170776113,2362.5336028732972,2360.660388668983,2358.7871744646686
W199,750.3868434918157,726.9937061729835,703.6005688541512,680.207431535319,656.8142942164866,633.4211568976543,610.0280195788221,586.6348822599898,563.2417449411575,539.8486076223253,516.455470303493,493.06233298466077,469.6691956658285
W2,3473.5744755214864,3475.4899510429727,3477.405426564459,3479.3209020859454,3481.236377607431,3483.1518531289175,3485.067328650404,3486.98280417189,3488.8982796933765,3490.813755214863,3492.729230736349,3494.6447062578354,3496.5601817793217
W20,4120.870737846962,4121.25803753834,4121.645337229718,4122.032636921097,4122.419936612476,4122.807236303855,4123.194535995233,4123.581835686611,4123.96913537799,4124.356435069369,4124.743734760747,4125.131034452126,4125.518334143504
W200,1626.1899055179842,1583.4929310359685,1540.7959565539527,1498.0989820719367,1455.402007589921,1412.7050331079051,1370.0080586258894,1327.3110841438734,1284.6141096618576,1241.9171351798418,1199.220160697826,1156.5231862158103,1113.8262117337945
W201,1898.1753787588664,1899.5162141486758,1900.857049538485,1902.1978849282941,1903.5387203181035,1904.8795557079127,1906.220391097722,1907.5612264875313,1908.9020618773404,1910.2428972671498,1911.583732656959,1912.9245680467682,1914.2654034365776
W202,4134.165893190289,4134.165893190289,4134.165893190289,4134.165893190289,4134.165893190289,4134.165893190289,4134.165893190289,4134.165893190289,4134.165893190289,4134.165893190289,4134.165893190289,4134.165893190289,4134.165893190289
W203,5462.23907838966,5464.478156779321,5466.717235168981,5468.95631355864,5471.1953919483,5473.434470337961,5475.673548727621,5477.912627117281,5480.151705506941,5482.3907838966015,5484.629862286261,5486.868940675921,5489.108019065582
W204,7311.829180050651,7316.058360101301,7320.287540151952,7324.516720202602,7328.745900253253,7332.975080303904,7337.204260354554,7341.433440405205,7345.662620455855,7349.891800506506,7354.120980557157,7358.350160607807,7362.579340658458
W205,12745.472275029782,12855.88073667787,12966.289198325958,13076.697659974046,13187.106121622135,13297.514583270222,13407.92304491831,13518.3315065664,13628.739968214486,13739.148429862575,13849.556891510663,13959.96535315875,14070.373814806839
W206,1017.5768419552692,1018.2964126950723,1019.0159834348755,1019.7355541746787,1020.4551249144818,1021.174695654285,1021.8942663940882,1022.6138371338913,1023.3334078736945,1024.0529786134975,1024.7725493533007,1025.492120093104,1026.2116908329072
W207,11187.256488931984,11382.812977863969,11578.369466795952,11773.925955727937,11969.48244465992,12165.038933591903,12360.595422523887,12556.15191145587,12751.708400387854,12947.264889319838,13142.821378251821,13338.377867183804,13533.93435611579
W208,26686.441873114934,26709.845168853506,26733.248464592078,26756.65176033065,26780.05505606922,26803.458351807792,26826.861647546364,26850.264943284932,26873.668239023504,26897.071534762075,26920.474830500647,26943.87812623922,26967.28142197779
W209,4189.3015722416985,4193.141410998792,4196.981249755884,4200.821088512977,4204.66092727007,4208.500766027162,4212.340604784255,4216.180443541348,4220.020282298441,4223.860121055533,4227.699959812627,4231.539798569719,4235.3796373268115
W21,1966.0383777727618,1966.0400232636619,1966.0416687545621,1966.0433142454624,1966.0449597363624,1966.0466052272627,1966.048250718163,1966.0498962090633,1966.0515416999633,1966.0531871908636,1966.0548326817639,1966.056478172664,1966.0581236635642
W210,8027.511456742963,8035.1230687520465,8042.734680761131,8050.346292770215,8057.9579047792995,8065.569516788383,8073.181128797468,8080.792740806552,8088.404352815636,8096.01596482472,8103.627576833805,8111.239188842889,8118.850800851973
W211,19122.912526282693,19290.385052565383,19457.857578848078,19625.33010513077,19792.802631413462,19960.275157696156,20127.747683978847,20295.22021026154,20462.692736544235,20630.165262826926,20797.63778910962,20965.110315392314,21132.582841675005
W212,5452.202704067385,5456.074399772112,5459.946095476839,5463.8177911815665,5467.689486886294,5471.561182591021,5475.432878295748,5479.304574000475,5483.176269705203,5487.04796540993,5490.919661114657,5494.791356819384,5498.663052524112
W213,3239.7175543951876,3232.635108790375,3225.5526631855623,3218.4702175807497,3211.387771975937,3204.305326371124,3197.2228807663114,3190.1404351614988,3183.057989556686,3175.9755439518735,3168.893098347061,3161.8106527422483,3154.7282071374357
W214,1827.7143469374973,1828.713563288085,1829.7127796386726,1830.7119959892602,1831.7112123398479,1832.7104286904355,1833.7096450410231,1834.7088613916108,1835.7080777421984,1836.707294092786,1837.7065104433736,1838.7057267939613,1839.704943144549
W215,2367.1756845025398,2370.6685529174183,2374.1614213322964,2377.6542897471745,2381.147158162053,2384.640026576931,2388.1328949918093,2391.625763406688,2395.118631821566,2398.611500236444,2402.1043686513226,2405.5972370662007,2409.090105481079
W216,3149.365595978824,3152.9560354209057,3156.546474862988,3160.1369143050697,3163.7273537471515,3167.3177931892333,3170.9082326313155,3174.4986720733973,3178.089111515479,3181.679550957561,3185.269990399643,3188.860429841725,3192.4508692838067
W217,9819.763144781155,9819.763144781155,9819.763144781155,9819.763144781155,9819.763144781155,9819.763144781155,9819.763144781155,9819.763144781155,9819.763144781155,9819.763144781155,9819.763144781155,9819.763144781155,9819.763144781155
W218,9776.918802759681,9777.150386825595,9777.38197089151,9777.613554957425,9777.845139023339,9778.076723089252,9778.308307155166,9778.53989122108,9778.771475286996,9779.00305935291,9779.234643418824,9779.466227484738,9779.697811550652
W219,1050.624141433896,1050.624141433896,1050.624141433896,1050.624141433896,1050.624141433896,1050.624141433896,1050.624141433896,1050.624141433896,1050.624141433896,1050.624141433896,1050.624141433896,1050.624141433896,1050.624141433896
W22,3595.267890864148,3595.272514627139,3595.277138390131,3595.2817621531226,3595.2863859161143,3595.2910096791056,3595.2956334420974,3595.300257205089,3595.3048809680804,3595.309504731072,3595.314128494064,3595.3187522570556,3595.323376020047
W220,1794.5210867074843,1794.4919194199658,1794.4627521324476,1794.433584844929,1794.4044175574106,1794.3752502698921,1794.3460829823737,1794.3169156948554,1794.287748407337,1794.2585811198185,1794.2294138323,1794.2002465447815,1794.1710792572633
W221,7594.267940459976,7599.48504917007,7604.702157880163,7609.919266590257,7615.136375300352,7620.353484010446,7625.570592720539,7630.787701430633,7636.004810140727,7641.221918850822,7646.439027560916,7651.656136271009,7656.873244981103
W222,7929.011493846107,7934.9229876922145,7940.834481538321,7946.745975384428,7952.657469230535,7958.568963076642,7964.480456922748,7970.391950768855,7976.303444614962,7982.214938461069,7988.1264323071755,7994.037926153283,7999.94941999939
W223,27664.221727287753,27684.440986313974,27704.660245340197,27724.87950436642,27745.09876339264,27765.318022418865,27785.53728144509,27805.75654047131,27825.975799497533,27846.195058523757,27866.414317549978,27886.6335765762,27906.852835602425
W224,1656.2260857249894,1611.5439016272835,1566.8617175295776,1522.1795334318717,1477.4973493341658,1432.81516523646,1388.132981138754,1343.4507970410482,1298.7686129433423,1254.0864288456364,1209.4042447479305,1164.7220606502246,1120.0398765525188
W225,1922.013785783132,1922.013785783132,1922.013785783132,1922.013785783132,1922.013785783132,1922.013785783132,1922.013785783132,1922.013785783132,1922.013785783132,1922.013785783132,1922.013785783132,1922.013785783132,1922.013785783132
W226,2832.222726952293,2771.556558039929,2710.890389127565,2650.2242202152006,2589.5580513028362,2528.8918823904723,2468.225713478108,2407.5595445657436,2346.8933756533793,2286.227206741015,2225.561037828651,2164.8948689162867,2104.2287000039223
W227,1315.765258480449,1317.1149364404837,1318.4646144005185,1319.8142923605533,1321.163970320588,1322.5136482806229,1323.8633262406577,1325.2130042006925,1326.5626821607273,1327.912360120762,1329.2620380807969,1330.6117160408317,1331.9613940008664
W228,7919.880014406717,7919.880014406717,7919.880014406717,7919.880014406717,7919.880014406717,7919.880014406717,7919.880014406717,7919.880014406717,7919.880014406717,7919.880014406717,7919.880014406717,7919.880014406717,7919.880014406717
W229,449.39014681202895,434.4175168115292,419.44488681102945,404.47225681052976,389.49962681003,374.52699680953026,359.5543668090305,344.58173680853076,329.609106808031,314.63647680753127,299.6638468070315,284.69121680653177,269.718586806032
W23,759.5495543813742,759.5681794144981,759.5868044476222,759.6054294807461,759.6240545138702,759.6426795469941,759.6613045801182,759.6799296132422,759.6985546463662,759.7171796794902,759.7358047126143,759.7544297457382,759.7730547788623
W230,3077.908023371472,3077.908023371472,3077.908023371472,3077.908023371472,3077.908023371472,3077.908023371472,3077.908023371472,3077.908023371472,3077.908023371472,3077.908023371472,3077.908023371472,3077.908023371472,3077.908023371472
W231,559.3261277222714,568.8045984471318,578.2830691719922,587.7615398968526,597.240010621713,606.7184813465735,616.1969520714339,625.6754227962944,635.1538935211548,644.6323642460152,654.1108349708757,663.5893056957361,673.0677764205965
W232,1912.1,1912.1,1912.1,1912.1,1912.1,1912.1,1912.1,1912.1,1912.1,1912.1,1912.1,1912.1,1912.1
W233,1020.8881411700659,1020.8881411700659,1020.8881411700659,1020.8881411700659,1020.8881411700659,1020.8881411700659,1020.8881411700659,1020.8881411700659,1020.8881411700659,1020.8881411700659,1020.8881411700659,1020.8881411700659,1020.8881411700659
W234,1882.715525526437,1882.715525526437,1882.715525526437,1882.715525526437,1882.715525526437,1882.715525526437,1882.715525526437,1882.715525526437,1882.715525526437,1882.715525526437,1882.715525526437,1882.715525526437,1882.715525526437
W235,386.8579269526935,379.61053139786225,372.363135843031,365.11574028819973,357.86834473336853,350.6209491785373,343.373553623706,336.12615806887476,328.8787625140435,321.63136695921224,314.383971404381,307.1365758495498,299.88918029471847
W236,3254.5839433145356,3254.5839433145356,3254.5839433145356,3254.5839433145356,3254.5839433145356,3254.5839433145356,3254.5839433145356,3254.5839433145356,3254.5839433145356,3254.5839433145356,3254.5839433145356,3254.5839433145356,3254.5839433145356
W237,1079.4,1079.4,1079.4,1079.4,1079.4,1079.4,1079.4,1079.4,1079.4,1079.4,1079.4,1079.4,1079.4
W238,369.53636391922834,368.5035238591208,367.47068379901316,366.43784373890554,365.405003678798,364.37216361869037,363.3393235585828,362.3064834984752,361.27364343836757,360.24080337826,359.2079633181524,358.1751232580448,357.1422831979372
W239,3764.963019935523,3764.963019935523,3764.963019935523,3764.963019935523,3764.963019935523,3764.963019935523,3764.963019935523,3764.963019935523,3764.963019935523,3764.963019935523,3764.963019935523,3764.963019935523,3764.963019935523
W24,6756.301348221706,6756.301348221706,6756.301348221706,6756.301348221706,6756.301348221706,6756.301348221706,6756.301348221706,6756.301348221706,6756.301348221706,6756.301348221706,6756.301348221706,6756.301348221706,6756.301348221706
W240,2540.637826653879,2540.6474952001636,2540.6571637464476,2540.6668322927317,2540.676500839016,2540.6861693853,2540.6958379315843,2540.7055064778688,2540.715175024153,2540.724843570437,2540.7345121167214,2540.7441806630054,2540.7538492092895
W241,971.489023838323,966.0458941165922,960.6027643948615,955.1596346731309,949.7165049514001,944.2733752296695,938.8302455079388,933.387115786208,927.9439860644774,922.5008563427466,917.057726621016,911.6145968992853,906.1714671775545
W242,1482.8839748909686,1482.8839748909686,1482.8839748909686,1482.8839748909686,1482.8839748909686,1482.8839748909686,1482.8839748909686,1482.8839748909686,1482.8839748909686,1482.8839748909686,1482.8839748909686,1482.8839748909686,1482.8839748909686
W243,1223.4465821810675,1261.4179773063524,1299.3893724316374,1337.3607675569224,1375.3321626822074,1413.3035578074923,1451.2749529327775,1489.2463480580623,1527.2177431833475,1565.1891383086322,1603.1605334339174,1641.1319285592024,1679.1033236844873
W244,777.9768294135904,784.7746353664552,791.57244131932,798.3702472721848,805.1680532250496,811.9658591779144,818.7636651307791,825.5614710836439,832.3592770365087,839.1570829893735,845.9548889422383,852.7526948951031,859.5505008479679
W245,2326.925964025665,2326.9347707914803,2326.943577557295,2326.9523843231104,2326.9611910889257,2326.969997854741,2326.978804620556,2326.987611386371,2326.9964181521864,2327.0052249180017,2327.014031683817,2327.0228384496318,2327.031645215447
W246,1073.2980817804507,1059.8166598197217,1046.3352378589927,1032.8538158982637,1019.3723939375346,1005.8909719768056,992.4095500160765,978.9281280553475,965.4467060946185,951.9652841338896,938.4838621731606,925.0024402124316,911.5210182517025
W247,4204.67588701955,4259.24452751907,4313.813168018591,4368.381808518111,4422.950449017631,4477.519089517152,4532.087730016672,4586.656370516193,4641.225011015714,4695.793651515234,4750.3622920147545,4804.930932514275,4859.499573013795
W248,16806.27045365373,16835.19045548343,16864.110457313127,16893.030459142825,16921.950460972526,16950.870462802224,16979.790464631922,17008.71046646162,17037.630468291318,17066.550470121016,17095.470471950714,17124.39047378041,17153.310475610113
W249,21267.416891292803,21277.001066698016,21286.585242103225,21296.169417508438,21305.75359291365,21315.337768318863,21324.921943724075,21334.506119129288,21344.090294534497,21353.67446993971,21363.258645344922,21372.842820750135,21382.426996155347
W25,1303.9211825160476,1303.9211825160476,1303.9211825160476,1303.9211825160476,1303.9211825160476,1303.9211825160476,1303.9211825160476,1303.9211825160476,1303.9211825160476,1303.9211825160476,1303.9211825160476,1303.9211825160476,1303.9211825160476
W250,3294.618010283565,3299.025862147294,3303.4337140110233,3307.8415658747526,3312.2494177384815,3316.657269602211,3321.06512146594,3325.472973329669,3329.8808251933983,3334.2886770571276,3338.6965289208565,3343.104380784586,3347.5122326483147
W251,6723.748808647517,6711.497617295034,6699.246425942551,6686.995234590067,6674.744043237584,6662.492851885101,6650.241660532618,6637.990469180135,6625.739277827652,6613.4880864751685,6601.236895122685,6588.985703770202,6576.734512417719
W252,8664.729203559655,8676.605485900413,8688.48176824117,8700.358050581926,8712.234332922684,8724.110615263442,8735.9868976042,8747.863179944958,8759.739462285715,8771.615744626473,8783.49202696723,8795.368309307987,8807.244591648745
W253,12319.324156642147,12327.648313284293,12335.97246992644,12344.296626568588,12352.620783210736,12360.944939852881,12369.269096495029,12377.593253137176,12385.917409779324,12394.24156642147,12402.565723063617,12410.889879705765,12419.214036347912
W254,5952.1350208185295,5962.341070461347,5972.547120104165,5982.753169746982,5992.959219389799,6003.165269032616,6013.371318675434,6023.5773683182515,6033.783417961069,6043.989467603887,6054.195517246704,6064.401566889522,6074.607616532339
W255,1917.5203140625636,1913.0406281251271,1908.5609421876907,1904.0812562502545,1899.601570312818,1895.1218843753816,1890.6421984379451,1886.1625125005087,1881.6828265630722,1877.2031406256358,1872.7234546881994,1868.2437687507631,1863.7640828133267
W256,2644.978443575296,2647.4675520985106,2649.956660621726,2652.445769144941,2654.934877668156,2657.423986191371,2659.913094714586,2662.402203237801,2664.8913117610164,2667.380420284231,2669.8695288074464,2672.3586373306616,2674.8477458538764
W257,4010.9069368657206,4004.785966972309,3998.664997078897,3992.5440271854854,3986.4230572920737,3980.302087398662,3974.18111750525,3968.060147611838,3961.9391777184264,3955.8182078250147,3949.697237931603,3943.5762680381913,3937.4552981447796
W258,2126.1533478329175,2126.8066956658354,2127.460043498753,2128.1133913316703,2128.766739164588,2129.4200869975057,2130.073434830423,2130.726782663341,2131.3801304962585,2132.033478329176,2132.686826162094,2133.3401739950114,2133.993521827929
W259,6319.072773208165,6326.081397415992,6333.09002162382,6340.098645831647,6347.107270039474,6354.115894247302,6361.124518455129,6368.133142662957,6375.1417668707845,6382.150391078611,6389.159015286439,6396.167639494267,6403.176263702094
W26,2739.2009959895067,2739.2009959895067,2739.2009959895067,2739.2009959895067,2739.2009959895067,2739.2009959895067,2739.2009959895067,2739.2009959895067,2739.2009959895067,2739.2009959895067,2739.2009959895067,2739.2009959895067,2739.2009959895067
W260,601.8327568000636,569.684317582658,537.5358783652523,505.3874391478467,473.238999930441,441.0905607130354,408.94212149562975,376.7936822782241,344.6452430608184,312.49680384341275,280.34836462600714,248.19992540860147,216.0514861911958
W261,4646.12995186091,4638.440480307502,4630.751008754095,4623.061537200687,4615.37206564728,4607.6825940938725,4599.993122540464,4592.303650987057,4584.614179433649,4576.924707880242,4569.235236326834,4561.5457647734265,4553.856293220019
W262,4380.895491804699,4379.486114518851,4378.076737233002,4376.667359947153,4375.257982661305,4373.848605375456,4372.439228089607,4371.029850803759,4369.62047351791,4368.211096232061,4366.8017189462125,4365.392341660364,4363.982964374516
W263,2381.296590959685,2381.5974812661916,2381.8983715726986,2382.1992618792056,2382.500152185712,2382.801042492219,2383.1019327987256,2383.4028231052325,2383.7037134117395,2384.004603718246,2384.305494024753,2384.60638433126,2384.9072746377665
W264,4008.4963127750766,4008.4963127750766,4008.4963127750766,4008.4963127750766,4008.4963127750766,4008.4963127750766,4008.4963127750766,4008.4963127750766,4008.4963127750766,4008.4963127750766,4008.4963127750766,4008.4963127750766,4008.4963127750766
W265,2195.9682588337087,2195.9682588337087,2195.9682588337087,2195.9682588337087,2195.9682588337087,2195.9682588337087,2195.9682588337087,2195.9682588337087,2195.9682588337087,2195.9682588337087,2195.9682588337087,2195.9682588337087,2195.9682588337087
W266,2184.4546870564955,2184.4546870564955,2184.4546870564955,2184.4546870564955,2184.4546870564955,2184.4546870564955,2184.4546870564955,2184.4546870564955,2184.4546870564955,2184.4546870564955,2184.4546870564955,2184.4546870564955,2184.4546870564955
W267,3220.8407590812026,3220.8407590812026,3220.8407590812026,3220.8407590812026,3220.8407590812026,3220.8407590812026,3220.8407590812026,3220.8407590812026,3220.8407590812026,3220.8407590812026,3220.8407590812026,3220.8407590812026,3220.8407590812026
W268,1369.9892171311226,1369.9892171311226,1369.9892171311226,1369.9892171311226,1369.9892171311226,1369.9892171311226,1369.9892171311226,1369.9892171311226,1369.9892171311226,1369.9892171311226,1369.9892171311226,1369.9892171311226,1369.9892171311226
W269,1316.74048795626,1316.74048795626,1316.74048795626,1316.74048795626,1316.74048795626,1316.74048795626,1316.74048795626,1316.74048795626,1316.74048795626,1316.74048795626,1316.74048795626,1316.74048795626,1316.74048795626
W27,1795.2374189094821,1795.242994730396,1795.24857055131,1795.2541463722239,1795.2597221931378,1795.2652980140517,1795.2708738349656,1795.2764496558796,1795.2820254767935,1795.2876012977074,1795.2931771186213,1795.2987529395352,1795.3043287604492
W270,8001.590882427392,8006.981764854783,8012.372647282175,8017.763529709567,8023.154412136959,8028.545294564351,8033.936176991742,8039.3270594191345,8044.717941846526,8050.108824273918,8055.49970670131,8060.890589128701,8066.2814715560935
W271,7729.919168276798,7735.106360156198,7740.293552035599,7745.480743914999,7750.6679357943985,7755.855127673799,7761.042319553199,7766.2295114326,7771.416703312,7776.603895191401,7781.791087070801,7786.9782789502015,7792.165470829602
W272,979.8102920068569,980.0305840137138,980.2508760205708,980.4711680274277,980.6914600342845,980.9117520411414,981.1320440479983,981.3523360548552,981.5726280617122,981.7929200685691,982.0132120754259,982.2335040822828,982.4537960891397
W273,6508.731417781955,6539.663079967713,6570.594742153472,6601.526404339231,6632.458066524989,6663.3897287107475,6694.321390896506,6725.253053082264,6756.184715268023,6787.116377453782,6818.04803963954,6848.979701825298,6879.911364011057
W274,829.97,829.97,829.97,829.97,829.97,829.97,829.97,829.97,829.97,829.97,829.97,829.97,829.97
W275,8673.641905466702,8678.328277980963,8683.014650495223,8687.701023009484,8692.387395523743,8697.073768038004,8701.760140552264,8706.446513066523,8711.132885580784,8715.819258095044,8720.505630609305,8725.192003123564,8729.878375637823
W276,11324.249813766142,11379.191374151242,11434.132934536343,11489.074494921444,11544.016055306545,11598.957615691645,11653.899176076746,11708.840736461847,11763.782296846948,11818.723857232048,11873.665417617149,11928.60697800225,11983.548538387351
W277,3152.027883400933,3152.027883400933,3152.027883400933,3152.027883400933,3152.027883400933,3152.027883400933,3152.027883400933,3152.027883400933,3152.027883400933,3152.027883400933,3152.027883400933,3152.027883400933,3152.027883400933
W278,1324.5655816373614,1324.5655816373614,1324.5655816373614,1324.5655816373614,1324.5655816373614,1324.5655816373614,1324.5655816373614,1324.5655816373614,1324.5655816373614,1324.5655816373614,1324.5655816373614,1324.5655816373614,1324.5655816373614
W279,1272.5225436807953,1273.2879218522025,1274.0533000236096,1274.818678195017,1275.5840563664242,1276.3494345378315,1277.1148127092385,1277.8801908806458,1278.6455690520531,1279.4109472234604,1280.1763253948675,1280.9417035662748,1281.707081737682
W28,4864.421174717234,4864.430949298151,4864.440723879068,4864.450498459985,4864.4602730409015,4864.470047621819,4864.479822202736,4864.489596783653,4864.49937136457,4864.509145945487,4864.518920526404,4864.528695107321,4864.538469688238
W280,5400.358484491053,5403.372424418998,5406.386364346944,5409.400304274889,5412.414244202834,5415.428184130779,5418.442124058724,5421.45606398667,5424.4700039146155,5427.483943842561,5430.497883770506,5433.511823698451,5436.525763626396
W281,1768.9295640319765,1768.9295640319765,1768.9295640319765,1768.9295640319765,1768.9295640319765,1768.9295640319765,1768.9295640319765,1768.9295640319765,1768.9295640319765,1768.9295640319765,1768.9295640319765,1768.9295640319765,1768.9295640319765
W282,2139.553564416814,2132.9746108336285,2126.3956572504426,2119.8167036672567,2113.2377500840707,2106.6587965008853,2100.0798429176994,2093.5008893345134,2086.9219357513275,2080.342982168142,2073.764028584956,2067.18507500177,2060.6061214185843
W283,344.4249332593311,345.25866451866216,346.09239577799326,346.9261270373243,347.7598582966554,348.5935895559865,349.42732081531756,350.26105207464866,351.0947833339797,351.9285145933108,352.7622458526419,353.59597711197296,354.42970837130406
W284,567.8928066672141,567.9619849580672,568.0311632489202,568.1003415397732,568.1695198306263,568.2386981214794,568.3078764123325,568.3770547031854,568.4462329940385,568.5154112848916,568.5845895757446,568.6537678665977,568.7229461574507
W285,698.286678162221,698.286678162221,698.286678162221,698.286678162221,698.286678162221,698.286678162221,698.286678162221,698.286678162221,698.286678162221,698.286678162221,698.286678162221,698.286678162221,698.286678162221
W286,10697.342708613542,10721.962233536493,10746.581758459444,10771.201283382396,10795.820808305347,10820.440333228298,10845.05985815125,10869.6793830742,10894.29890799715,10918.918432920102,10943.537957843053,10968.157482766004,10992.777007688956
W287,2209.62,2209.62,2209.62,2209.62,2209.62,2209.62,2209.62,2209.62,2209.62,2209.62,2209.62,2209.62,2209.62
W288,7826.521475413059,7831.744342146125,7836.96720887919,7842.190075612255,7847.4129423453205,7852.635809078386,7857.858675811452,7863.081542544517,7868.304409277583,7873.527276010647,7878.750142743713,7883.973009476778,7889.195876209844
W289,9932.677265269833,9937.242359876362,9941.80745448289,9946.37254908942,9950.937643695946,9955.502738302475,9960.067832909004,9964.632927515533,9969.198022122062,9973.76311672859,9978.32821133512,9982.893305941649,9987.458400548177
W29,709.8961005677945,709.8961005677945,709.8961005677945,709.8961005677945,709.8961005677945,709.8961005677945,709.8961005677945,709.8961005677945,709.8961005677945,709.8961005677945,709.8961005677945,709.8961005677945,709.8961005677945
W290,15666.206856682036,15677.530282924074,15688.853709166111,15700.177135408148,15711.500561650186,15722.823987892223,15734.14741413426,15745.470840376298,15756.794266618335,15768.117692860373,15779.44111910241,15790.764545344447,15802.087971586485
W291,8343.82973686571,8349.149572861941,8354.469408858175,8359.789244854408,8365.10908085064,8370.428916846873,8375.748752843107,8381.068588839338,8386.388424835572,8391.708260831805,8397.028096828037,8402.34793282427,8407.667768820502
W292,18298.73810940364,18311.11557880116,18323.49304819868,18335.870517596202,18348.247986993727,18360.625456391248,18373.00292578877,18385.38039518629,18397.75786458381,18410.135333981332,18422.512803378853,18434.890272776374,18447.267742173895
W293,1691.9199997848,1692.7403034396489,1693.5606070944978,1694.3809107493464,1695.2012144041953,1696.0215180590442,1696.841821713893,1697.662125368742,1698.4824290235908,1699.3027326784397,1700.1230363332884,1700.9433399881373,1701.7636436429862
W294,1513.6684618142453,1514.1570754772454,1514.6456891402452,1515.1343028032452,1515.622916466245,1516.1115301292448,1516.6001437922448,1517.0887574552446,1517.5773711182444,1518.0659847812444,1518.5545984442442,1519.0432121072442,1519.531825770244
W295,2944.2347258886784,2944.2347258886784,2944.2347258886784,2944.2347258886784,2944.2347258886784,2944.2347258886784,2944.2347258886784,2944.2347258886784,2944.2347258886784,2944.2347258886784,2944.2347258886784,2944.2347258886784,2944.2347258886784
W296,2991.5305731599565,2991.5305731599565,2991.5305731599565,2991.5305731599565,2991.5305731599565,2991.5305731599565,2991.5305731599565,2991.5305731599565,2991.5305731599565,2991.5305731599565,2991.5305731599565,2991.5305731599565,2991.5305731599565
W297,5237.496448910142,5237.496448910142,5237.496448910142,5237.496448910142,5237.496448910142,5237.496448910142,5237.496448910142,5237.496448910142,5237.496448910142,5237.496448910142,5237.496448910142,5237.496448910142,5237.496448910142
W298,3471.9518833449947,3471.9518833449947,3471.9518833449947,3471.9518833449947,3471.9518833449947,3471.9518833449947,3471.9518833449947,3471.9518833449947,3471.9518833449947,3471.9518833449947,3471.9518833449947,3471.9518833449947,3471.9518833449947
W299,3213.6289204206537,3213.6289204206537,3213.6289204206537,3213.6289204206537,3213.6289204206537,3213.6289204206537,3213.6289204206537,3213.6289204206537,3213.6289204206537,3213.6289204206537,3213.6289204206537,3213.6289204206537,3213.6289204206537
W3,9717.899717666904,9727.563173694836,9737.22662972277,9746.890085750703,9756.553541778636,9766.216997806569,9775.880453834503,9785.543909862436,9795.207365890368,9804.8708219183,9814.534277946235,9824.197733974168,9833.8611900021
W30,3650.7426090370127,3650.7426090370127,3650.7426090370127,3650.7426090370127,3650.7426090370127,3650.7426090370127,3650.7426090370127,3650.7426090370127,3650.7426090370127,3650.7426090370127,3650.7426090370127,3650.7426090370127,3650.7426090370127
W300,1829.046677335467,1829.046677335467,1829.046677335467,1829.046677335467,1829.046677335467,1829.046677335467,1829.046677335467,1829.046677335467,1829.046677335467,1829.046677335467,1829.046677335467,1829.046677335467,1829.046677335467
W301,2500.494229175447,2500.494229175447,2500.494229175447,2500.494229175447,2500.494229175447,2500.494229175447,2500.494229175447,2500.494229175447,2500.494229175447,2500.494229175447,2500.494229175447,2500.494229175447,2500.494229175447
W302,2864.855457436379,2864.855457436379,2864.855457436379,2864.855457436379,2864.855457436379,2864.855457436379,2864.855457436379,2864.855457436379,2864.855457436379,2864.855457436379,2864.855457436379,2864.855457436379,2864.855457436379
W303,5390.090503665975,5390.090503665975,5390.090503665975,5390.090503665975,5390.090503665975,5390.090503665975,5390.090503665975,5390.090503665975,5390.090503665975,5390.090503665975,5390.090503665975,5390.090503665975,5390.090503665975
W304,2977.8707050243925,2977.8707050243925,2977.8707050243925,2977.8707050243925,2977.8707050243925,2977.8707050243925,2977.8707050243925,2977.8707050243925,2977.8707050243925,2977.8707050243925,2977.8707050243925,2977.8707050243925,2977.8707050243925
W305,3180.2374951712645,3180.2374951712645,3180.2374951712645,3180.2374951712645,3180.2374951712645,3180.2374951712645,3180.2374951712645,3180.2374951712645,3180.2374951712645,3180.2374951712645,3180.2374951712645,3180.2374951712645,3180.2374951712645
W306,2423.745356776758,2423.745356776758,2423.745356776758,2423.745356776758,2423.745356776758,2423.745356776758,2423.745356776758,2423.745356776758,2423.745356776758,2423.745356776758,2423.745356776758,2423.745356776758,2423.745356776758
W307,3305.4878993868933,3305.4878993868933,3305.4878993868933,3305.4878993868933,3305.4878993868933,3305.4878993868933,3305.4878993868933,3305.4878993868933,3305.4878993868933,3305.4878993868933,3305.4878993868933,3305.4878993868933,3305.4878993868933
W308,2228.211636432229,2228.211636432229,2228.211636432229,2228.211636432229,2228.211636432229,2228.211636432229,2228.211636432229,2228.211636432229,2228.211636432229,2228.211636432229,2228.211636432229,2228.211636432229,2228.211636432229
W309,6199.900719480502,6199.900719480502,6199.900719480502,6199.900719480502,6199.900719480502,6199.900719480502,6199.900719480502,6199.900719480502,6199.900719480502,6199.900719480502,6199.900719480502,6199.900719480502,6199.900719480502
W31,922.6711325956437,922.6711325956437,922.6711325956437,922.6711325956437,922.6711325956437,922.6711325956437,922.6711325956437,922.6711325956437,922.6711325956437,922.6711325956437,922.6711325956437,922.6711325956437,922.6711325956437
W310,4457.9397189837,4457.9397189837,4457.9397189837,4457.9397189837,4457.9397189837,4457.9397189837,4457.9397189837,4457.9397189837,4457.9397189837,4457.9397189837,4457.9397189837,4457.9397189837,4457.9397189837
W311,4621.339127055446,4621.339127055446,4621.339127055446,4621.339127055446,4621.339127055446,4621.339127055446,4621.339127055446,4621.339127055446,4621.339127055446,4621.339127055446,4621.339127055446,4621.339127055446,4621.339127055446
W312,4086.3776167426568,4086.3776167426568,4086.3776167426568,4086.3776167426568,4086.3776167426568,4086.3776167426568,4086.3776167426568,4086.3776167426568,4086.3776167426568,4086.3776167426568,4086.3776167426568,4086.3776167426568,4086.3776167426568
W313,2023.5842360725405,2023.5842360725405,2023.5842360725405,2023.5842360725405,2023.5842360725405,2023.5842360725405,2023.5842360725405,2023.5842360725405,2023.5842360725405,2023.5842360725405,2023.5842360725405,2023.5842360725405,2023.5842360725405
W314,8129.298151613357,8129.298151613357,8129.298151613357,8129.298151613357,8129.298151613357,8129.298151613357,8129.298151613357,8129.298151613357,8129.298151613357,8129.298151613357,8129.298151613357,8129.298151613357,8129.298151613357
W315,5218.16344631746,5218.16344631746,5218.16344631746,5218.16344631746,5218.16344631746,5218.16344631746,5218.16344631746,5218.16344631746,5218.16344631746,5218.16344631746,5218.16344631746,5218.16344631746,5218.16344631746
W316,2889.6627654563276,2889.6627654563276,2889.6627654563276,2889.6627654563276,2889.6627654563276,2889.6627654563276,2889.6627654563276,2889.6627654563276,2889.6627654563276,2889.6627654563276,2889.6627654563276,2889.6627654563276,2889.6627654563276
W317,3906.803362956194,3890.2126941283786,3873.622025300563,3857.031356472747,3840.4406876449316,3823.850018817116,3807.2593499893005,3790.668681161485,3774.0780123336694,3757.4873435058535,3740.896674678038,3724.3060058502224,3707.715337022407
W318,3475.7191596807256,3475.7191596807256,3475.7191596807256,3475.719159680725,3475.719159680725,3475.719159680725,3475.719159680725,3475.719159680725,3475.719159680725,3475.719159680725,3475.719159680725,3475.719159680725,3475.7191596807247
W319,2184.5685210640927,2184.5685210640927,2184.5685210640927,2184.5685210640927,2184.5685210640927,2184.5685210640927,2184.5685210640927,2184.5685210640927,2184.5685210640927,2184.5685210640927,2184.5685210640927,2184.5685210640927,2184.5685210640927
W32,4095.1758761389906,4095.1758761389906,4095.1758761389906,4095.1758761389906,4095.1758761389906,4095.1758761389906,4095.1758761389906,4095.1758761389906,4095.1758761389906,4095.1758761389906,4095.1758761389906,4095.1758761389906,4095.1758761389906
W320,2222.2717964898748,2222.2717964898748,2222.2717964898748,2222.2717964898748,2222.2717964898748,2222.2717964898748,2222.2717964898748,2222.2717964898748,2222.2717964898748,2222.2717964898748,2222.2717964898748,2222.2717964898748,2222.2717964898748
W321,6045.650794061516,6045.650794061516,6045.650794061516,6045.650794061516,6045.650794061516,6045.650794061516,6045.650794061516,6045.650794061516,6045.650794061516,6045.650794061516,6045.650794061516,6045.650794061516,6045.650794061516
W322,2255.922940124586,2255.922940124586,2255.922940124586,2255.922940124586,2255.922940124586,2255.922940124586,2255.922940124586,2255.922940124586,2255.922940124586,2255.922940124586,2255.922940124586,2255.922940124586,2255.922940124586
W323,4125.1215946452585,4125.1215946452585,4125.1215946452585,4125.1215946452585,4125.1215946452585,4125.1215946452585,4125.1215946452585,4125.1215946452585,4125.1215946452585,4125.1215946452585,4125.1215946452585,4125.1215946452585,4125.1215946452585
W324,2329.207952244178,2329.207952244178,2329.207952244178,2329.207952244178,2329.207952244178,2329.207952244178,2329.207952244178,2329.207952244178,2329.207952244178,2329.207952244178,2329.207952244178,2329.207952244178,2329.207952244178
W325,3792.523692181203,3792.523692181203,3792.523692181203,3792.523692181203,3792.523692181203,3792.523692181203,3792.523692181203,3792.523692181203,3792.523692181203,3792.523692181203,3792.523692181203,3792.523692181203,3792.523692181203
W326,3559.352662689007,3559.352662689007,3559.352662689007,3559.352662689007,3559.352662689007,3559.352662689007,3559.352662689007,3559.352662689007,3559.352662689007,3559.352662689007,3559.352662689007,3559.352662689007,3559.352662689007
W327,8545.93665756369,8545.93665756369,8545.93665756369,8545.93665756369,8545.93665756369,8545.93665756369,8545.93665756369,8545.93665756369,8545.93665756369,8545.93665756369,8545.93665756369,8545.93665756369,8545.93665756369
W328,2602.377491536905,2740.6567406943022,2878.9359898516996,3017.2152390090964,3155.4944881664937,3293.773737323891,3432.0529864812884,3570.3322356386852,3708.6114847960826,3846.89073395348,3985.169983110877,4123.4492322682745,4261.728481425672
W329,9156.819076556201,9156.819076556201,9156.819076556201,9156.819076556201,9156.819076556201,9156.819076556201,9156.819076556201,9156.819076556201,9156.819076556201,9156.819076556201,9156.819076556201,9156.819076556201,9156.819076556201
W33,1449.6172454106636,1449.6172454106636,1449.6172454106636,1449.6172454106636,1449.6172454106636,1449.6172454106636,1449.6172454106636,1449.6172454106636,1449.6172454106636,1449.6172454106636,1449.6172454106636,1449.6172454106636,1449.6172454106636
W330,3388.899594839001,3388.899594839001,3388.899594839001,3388.899594839001,3388.899594839001,3388.899594839001,3388.899594839001,3388.899594839001,3388.899594839001,3388.899594839001,3388.899594839001,3388.899594839001,3388.899594839001
W331,5717.012911706042,5717.012911706042,5717.012911706042,5717.012911706042,5717.012911706042,5717.012911706042,5717.012911706042,5717.012911706042,5717.012911706042,5717.012911706042,5717.012911706042,5717.012911706042,5717.012911706042
W332,3141.008585274856,3141.008585274856,3141.008585274856,3141.008585274856,3141.008585274856,3141.008585274856,3141.008585274856,3141.008585274856,3141.008585274856,3141.008585274856,3141.008585274856,3141.008585274856,3141.008585274856
W333,2507.73961367054,2507.73961367054,2507.73961367054,2507.73961367054,2507.73961367054,2507.73961367054,2507.73961367054,2507.73961367054,2507.73961367054,2507.73961367054,2507.73961367054,2507.73961367054,2507.73961367054
W334,3512.973745136821,3512.973745136821,3512.973745136821,3512.973745136821,3512.973745136821,3512.973745136821,3512.973745136821,3512.973745136821,3512.973745136821,3512.973745136821,3512.973745136821,3512.973745136821,3512.973745136821
W335,3927.955826340338,3927.955826340338,3927.955826340338,3927.955826340338,3927.955826340338,3927.955826340338,3927.955826340338,3927.955826340338,3927.955826340338,3927.9558263403383,3927.9558263403383,3927.9558263403383,3927.9558263403383
W336,1563.7944384129664,1563.7944384129664,1563.7944384129664,1563.7944384129664,1563.7944384129664,1563.7944384129664,1563.7944384129664,1563.7944384129664,1563.7944384129664,1563.7944384129664,1563.7944384129664,1563.7944384129664,1563.7944384129664
W337,1591.8405956821684,1591.8405956821684,1591.8405956821684,1591.8405956821684,1591.8405956821684,1591.8405956821684,1591.8405956821684,1591.8405956821684,1591.8405956821684,1591.8405956821684,1591.8405956821684,1591.8405956821684,1591.8405956821684
W338,2014.380983937249,2014.380983937249,2014.380983937249,2014.380983937249,2014.380983937249,2014.380983937249,2014.380983937249,2014.380983937249,2014.380983937249,2014.380983937249,2014.380983937249,2014.380983937249,2014.380983937249
W339,3910.6050339418616,3910.6050339418616,3910.6050339418616,3910.6050339418616,3910.6050339418616,3910.6050339418616,3910.6050339418616,3910.6050339418616,3910.6050339418616,3910.6050339418616,3910.6050339418616,3910.6050339418616,3910.6050339418616
W34,1236.9199769927438,1236.9199769927438,1236.9199769927438,1236.9199769927438,1236.9199769927438,1236.9199769927438,1236.9199769927438,1236.9199769927438,1236.9199769927438,1236.9199769927438,1236.9199769927438,1236.9199769927438,1236.9199769927438
W340,6052.552598407956,6052.552598407956,6052.552598407956,6052.552598407956,6052.552598407956,6052.552598407956,6052.552598407956,6052.552598407956,6052.552598407956,6052.552598407956,6052.552598407956,6052.552598407956,6052.552598407956
W341,5099.782283175928,5099.782283175928,5099.782283175928,5099.782283175928,5099.782283175928,5099.782283175928,5099.782283175928,5099.782283175928,5099.782283175928,5099.782283175928,5099.782283175928,5099.782283175928,5099.782283175928
W342,1325.5014451267696,1325.5014451267696,1325.5014451267696,1325.5014451267696,1325.5014451267696,1325.5014451267696,1325.5014451267696,1325.5014451267696,1325.5014451267696,1325.5014451267696,1325.5014451267696,1325.5014451267696,1325.5014451267696
W343,3510.042919520094,3510.042919520094,3510.042919520094,3510.042919520094,3510.042919520094,3510.042919520094,3510.042919520094,3510.042919520094,3510.042919520094,3510.042919520094,3510.042919520094,3510.042919520094,3510.042919520094
W344,3321.6977912301154,3324.731695794165,3327.765600358214,3330.7995049222636,3333.833409486313,3336.867314050363,3339.9012186144123,3342.9351231784617,3345.969027742511,3349.0029323065605,3352.03683687061,3355.0707414346593,3358.1046459987087
W345,3133.612312166215,3133.612312166215,3133.612312166215,3133.612312166215,3133.612312166215,3133.612312166215,3133.612312166215,3133.612312166215,3133.612312166215,3133.612312166215,3133.612312166215,3133.612312166215,3133.612312166215
W346,5795.323670317885,5795.323670317885,5795.323670317885,5795.323670317885,5795.323670317885,5795.323670317885,5795.323670317885,5795.323670317885,5795.323670317885,5795.323670317885,5795.323670317885,5795.323670317885,5795.323670317885
W347,3666.609390970643,3666.609390970643,3666.609390970643,3666.609390970643,3666.609390970643,3666.609390970643,3666.609390970643,3666.609390970643,3666.609390970643,3666.609390970643,3666.609390970643,3666.609390970643,3666.609390970643
W348,4294.696456710709,4294.696456710709,4294.696456710709,4294.696456710709,4294.696456710709,4294.696456710709,4294.696456710709,4294.696456710709,4294.696456710709,4294.696456710709,4294.696456710709,4294.696456710709,4294.696456710709
W349,3284.972680170135,3284.972680170135,3284.972680170135,3284.972680170135,3284.972680170135,3284.972680170135,3284.972680170135,3284.972680170135,3284.972680170135,3284.972680170135,3284.972680170135,3284.972680170135,3284.972680170135
W35,1070.7164099339334,1070.7164099339334,1070.7164099339334,1070.7164099339334,1070.7164099339334,1070.7164099339334,1070.7164099339334,1070.7164099339334,1070.7164099339334,1070.7164099339334,1070.7164099339334,1070.7164099339334,1070.7164099339334
W350,5658.824211324444,5652.24501438063,5645.665817436817,5639.0866204930035,5632.50742354919,5625.928226605376,5619.349029661563,5612.7698327177495,5606.190635773935,5599.611438830122,5593.032241886309,5586.453044942496,5579.873847998681
W351,1594.566751720877,1596.257109429913,1597.947467138949,1599.637824847985,1601.328182557021,1603.018540266057,1604.708897975093,1606.3992556841288,1608.0896133931649,1609.7799711022008,1611.4703288112369,1613.1606865202727,1614.8510442293086
W352,1315.25117243572,1344.0272409663442,1372.803309496968,1401.579378027592,1430.355446558216,1459.13151508884,1487.9075836194638,1516.6836521500877,1545.4597206807118,1574.2357892113357,1603.0118577419598,1631.7879262725837,1660.5639948032076
W353,1752.883692604336,1752.883692604336,1752.883692604336,1752.883692604336,1752.883692604336,1752.883692604336,1752.883692604336,1752.883692604336,1752.883692604336,1752.883692604336,1752.883692604336,1752.883692604336,1752.883692604336
W354,3281.200646042568,3281.200646042568,3281.200646042568,3281.200646042568,3281.200646042568,3281.200646042568,3281.200646042568,3281.200646042568,3281.200646042568,3281.200646042568,3281.200646042568,3281.200646042568,3281.200646042568
W355,2617.991224655558,2617.991224655558,2617.991224655558,2617.991224655558,2617.991224655558,2617.991224655558,2617.991224655558,2617.991224655558,2617.991224655558,2617.991224655558,2617.991224655558,2617.991224655558,2617.991224655558
W356,4130.499436922821,4130.499436922821,4130.499436922821,4130.499436922821,4130.499436922821,4130.499436922821,4130.499436922821,4130.499436922821,4130.499436922821,4130.499436922821,4130.499436922821,4130.499436922821,4130.499436922821
W357,3471.7145381918835,3471.7145381918835,3471.7145381918835,3471.7145381918835,3471.7145381918835,3471.7145381918835,3471.7145381918835,3471.7145381918835,3471.7145381918835,3471.7145381918835,3471.7145381918835,3471.7145381918835,3471.7145381918835
W358,5602.641148823772,5602.641148823772,5602.641148823772,5602.641148823772,5602.641148823772,5602.641148823772,5602.641148823772,5602.641148823772,5602.641148823772,5602.641148823772,5602.641148823772,5602.641148823772,5602.641148823772
W359,3820.9520304262833,3820.9520304262833,3820.9520304262833,3820.9520304262833,3820.9520304262833,3820.9520304262833,3820.9520304262833,3820.9520304262833,3820.9520304262833,3820.9520304262833,3820.9520304262833,3820.9520304262833,3820.9520304262833
W36,16029.734229738275,16042.201254024278,16054.668278310279,16067.135302596282,16079.602326882283,16092.069351168284,16104.536375454287,16117.003399740288,16129.47042402629,16141.937448312292,16154.404472598293,16166.871496884296,16179.338521170297
W37,2896.6947794079724,2895.778649824445,2894.862520240917,2893.9463906573897,2893.030261073862,2892.114131490335,2891.1980019068073,2890.2818723232795,2889.365742739752,2888.4496131562246,2887.533483572697,2886.6173539891697,2885.701224405642
W38,3088.8,3088.8,3088.8,3088.8,3088.8,3088.8,3088.8,3088.8,3088.8,3088.8,3088.8,3088.8,3088.8
W39,5842.61168608548,5849.91337217096,5857.21505825644,5864.5167443419205,5871.8184304274,5879.1201165128805,5886.42180259836,5893.7234886838405,5901.02517476932,5908.3268608548005,5915.62854694028,5922.930233025761,5930.23191911124
W4,2304.2268754902584,2304.2367767892742,2304.2466780882905,2304.2565793873064,2304.2664806863227,2304.276381985339,2304.286283284355,2304.296184583371,2304.3060858823874,2304.315987181403,2304.3258884804195,2304.3357897794353,2304.3456910784516
W40,5838.804327155185,5846.273654310371,5853.742981465556,5861.212308620741,5868.681635775927,5876.150962931112,5883.620290086297,5891.089617241483,5898.558944396668,5906.028271551853,5913.497598707039,5920.966925862224,5928.436253017409
W41,6204.328477707106,6207.176955414212,6210.025433121318,6212.873910828424,6215.722388535531,6218.570866242637,6221.419343949743,6224.267821656849,6227.1162993639555,6229.964777071062,6232.813254778169,6235.661732485275,6238.510210192381
W42,6212.75242217367,6215.56484434734,6218.377266521011,6221.1896886946815,6224.002110868352,6226.814533042022,6229.626955215693,6232.4393773893635,6235.251799563034,6238.064221736704,6240.876643910375,6243.689066084045,6246.501488257716
W43,6208.540168221437,6211.370336442875,6214.200504664312,6217.0306728857495,6219.860841107186,6222.691009328624,6225.521177550061,6228.351345771499,6231.181513992936,6234.011682214374,6236.841850435811,6239.672018657248,6242.502186878685
W44,5834.918602929765,5842.477205859531,5850.035808789296,5857.594411719062,5865.153014648828,5872.711617578592,5880.270220508358,5887.828823438123,5895.387426367889,5902.946029297655,5910.50463222742,5918.063235157186,5925.621838086951
W45,2934.1063206567046,2936.91062167277,2939.7149226888355,2942.5192237049014,2945.323524720967,2948.1278257370323,2950.9321267530977,2953.736427769163,2956.5407287852286,2959.345029801294,2962.1493308173594,2964.9536318334253,2967.7579328494908
W46,3274.659036009939,3276.110778058375,3277.562520106811,3279.0142621552473,3280.466004203683,3281.917746252119,3283.369488300555,3284.821230348991,3286.272972397427,3287.724714445863,3289.1764564942987,3290.628198542735,3292.0799405911707
W47,2932.7591201856167,2935.5613354039665,2938.363550622316,2941.1657658406657,2943.967981059015,2946.770196277365,2949.5724114957143,2952.374626714064,2955.1768419324135,2957.9790571507633,2960.7812723691127,2963.5834875874625,2966.385702805812
W48,2992.8678566469307,2994.545999289702,2996.224141932474,2997.9022845752456,2999.580427218017,3001.2585698607886,3002.9367125035606,3004.614855146332,3006.2929977891035,3007.971140431875,3009.649283074647,3011.3274257174185,3013.00556836019
W49,3227.610277038044,3229.028534041703,3230.446791045362,3231.865048049021,3233.2833050526797,3234.701562056339,3236.1198190599976,3237.5380760636567,3238.9563330673154,3240.3745900709746,3241.7928470746333,3243.2111040782925,3244.629361081951
W5,1442.8758924619592,1442.8758924619592,1442.8758924619592,1442.8758924619592,1442.8758924619592,1442.8758924619592,1442.8758924619592,1442.8758924619592,1442.8758924619592,1442.8758924619592,1442.8758924619592,1442.8758924619592,1442.8758924619592
W50,3229.0996779068278,3230.518523744158,3231.937369581488,3233.356215418818,3234.775061256148,3236.193907093478,3237.6127529308083,3239.0315987681383,3240.4504446054684,3241.8692904427985,3243.2881362801286,3244.706982117458,3246.1258279547883
W51,6562.521673485061,6564.343346970121,6566.1650204551825,6567.986693940243,6569.808367425304,6571.630040910364,6573.451714395425,6575.273387880486,6577.095061365547,6578.916734850607,6580.738408335668,6582.5600818207295,6584.38175530579
W52,7055.513159421309,7057.100424909742,7058.6876903981765,7060.274955886611,7061.862221375045,7063.449486863478,7065.036752351913,7066.624017840347,7068.21128332878,7069.798548817214,7071.385814305649,7072.973079794082,7074.560345282516
W53,1909.9043899760086,1909.9087799520173,1909.9131699280258,1909.9175599040343,1909.9219498800428,1909.9263398560515,1909.93072983206,1909.9351198080685,1909.939509784077,1909.9438997600857,1909.9482897360942,1909.9526797121027,1909.9570696881115
W54,2485.8723997589523,2481.744799517904,2477.6171992768564,2473.4895990358086,2469.3619987947604,2465.2343985537127,2461.106798312665,2456.979198071617,2452.851597830569,2448.7239975895213,2444.596397348473,2440.4687971074254,2436.3411968663777
W55,5072.49416676671,5115.988333533419,5159.482500300129,5202.976667066838,5246.470833833548,5289.965000600257,5333.4591673669665,5376.9533341336755,5420.447500900385,5463.941667667094,5507.435834433804,5550.930001200513,5594.424167967223
W56,3036.354889342765,3095.70977868553,3155.064668028295,3214.41955737106,3273.774446713825,3333.1293360565896,3392.4842253993547,3451.83911474212,3511.194004084885,3570.54889342765,3629.9037827704146,3689.2586721131797,3748.613561455945
W57,2039.5980271590854,1909.1560720864366,1778.714117013788,1648.272161941139,1517.8302068684904,1387.3882517958418,1256.946296723193,1126.5043416505443,996.0623865778957,865.6204315052469,735.1784764325982,604.7365213599496,474.29456628730077
W58,3408.5167956903947,3409.03359138079,3409.5503870711846,3410.0671827615797,3410.5839784519744,3411.1007741423696,3411.6175698327643,3412.1343655231594,3412.651161213554,3413.167956903949,3413.684752594344,3414.2015482847387,3414.718343975134
W59,2296.920543712022,2296.920543712022,2296.920543712022,2296.920543712022,2296.920543712022,2296.920543712022,2296.920543712022,2296.920543712022,2296.920543712022,2296.920543712022,2296.920543712022,2296.920543712022,2296.920543712022
W6,477.6870473500128,477.6870473500128,477.6870473500128,477.6870473500128,477.6870473500128,477.6870473500128,477.6870473500128,477.6870473500128,477.6870473500128,477.6870473500128,477.6870473500128,477.6870473500128,477.6870473500128
W60,9034.15,9034.15,9034.15,9034.15,9034.15,9034.15,9034.15,9034.15,9034.15,9034.15,9034.15,9034.15,9034.15
W61,10692.643743058825,10697.891390032912,10703.139037006998,10708.386683981085,10713.634330955172,10718.881977929259,10724.129624903346,10729.377271877433,10734.62491885152,10739.872565825606,10745.120212799693,10750.367859773782,10755.615506747868
W62,7203.559708551053,7206.616511772423,7209.6733149937945,7212.730118215165,7215.786921436536,7218.843724657908,7221.900527879278,7224.95733110065,7228.014134322021,7231.070937543392,7234.127740764763,7237.184543986134,7240.241347207505
W63,6066.000737520395,6068.432199727918,6070.863661935439,6073.295124142962,6075.7265863504845,6078.158048558007,6080.58951076553,6083.020972973051,6085.452435180574,6087.883897388097,6090.315359595619,6092.746821803142,6095.178284010664
W64,13490.212687309642,13512.805603845063,13535.398520380482,13557.991436915901,13580.584353451322,13603.177269986742,13625.77018652216,13648.363103057582,13670.956019593,13693.54893612842,13716.14185266384,13738.73476919926,13761.32768573468
W65,18882.145962083134,18910.58197742617,18939.017992769204,18967.454008112243,18995.89002345528,19024.326038798314,19052.76205414135,19081.198069484384,19109.63408482742,19138.07010017046,19166.506115513494,19194.94213085653,19223.378146199564
W66,7421.7278444335825,7431.495882637614,7441.263920841645,7451.031959045677,7460.799997249707,7470.568035453738,7480.33607365777,7490.1041118618,7499.872150065831,7509.640188269863,7519.408226473894,7529.176264677925,7538.944302881956
W67,13424.73572688091,13468.471453761818,13512.207180642728,13555.942907523638,13599.678634404549,13643.414361285457,13687.150088166367,13730.885815047277,13774.621541928185,13818.357268809095,13862.092995690005,13905.828722570914,13949.564449451824
W68,6894.155303019483,6876.580606038967,6859.00590905845,6841.431212077933,6823.856515097417,6806.2818181169005,6788.707121136384,6771.132424155868,6753.557727175351,6735.983030194835,6718.408333214318,6700.833636233801,6683.2589392532855
W69,6902.296783948346,6885.523567896692,6868.7503518450385,6851.977135793384,6835.203919741731,6818.430703690076,6801.657487638423,6784.884271586769,6768.111055535115,6751.337839483461,6734.564623431807,6717.791407380153,6701.0181913285
W7,3018.5001108551655,3018.5001108551655,3018.5001108551655,3018.5001108551655,3018.5001108551655,3018.5001108551655,3018.5001108551655,3018.5001108551655,3018.5001108551655,3018.5001108551655,3018.5001108551655,3018.5001108551655,3018.5001108551655
W70,2606.7294333298246,2604.0588666596486,2601.388299989473,2598.7177333192976,2596.047166649122,2593.376599978946,2590.7060333087707,2588.035466638595,2585.364899968419,2582.6943332982437,2580.023766628068,2577.3531999578922,2574.6826332877167
W71,1912.265065821892,1897.645682212969,1883.0262986040461,1868.4069149951233,1853.7875313862003,1839.1681477772775,1824.5487641683546,1809.9293805594316,1795.3099969505088,1780.690613341586,1766.071229732663,1751.45184612374,1736.832462514817
W72,1918.1360940274997,1906.4430568801754,1894.7500197328511,1883.056982585527,1871.3639454382028,1859.6709082908785,1847.9778711435542,1836.28483399623,1824.5917968489057,1812.8987597015816,1801.2057225542574,1789.512685406933,1777.8196482596088
W73,1919.173834510808,1908.4347267452636,1897.695618979719,1886.9565112141745,1876.21740344863,1865.4782956830854,1854.739187917541,1844.0000801519964,1833.260972386452,1822.5218646209075,1811.782756855363,1801.0436490898185,1790.304541324274
W74,5694.333979622823,5701.977744172794,5709.621508722764,5717.265273272735,5724.909037822706,5732.5528023726765,5740.196566922647,5747.840331472617,5755.484096022588,5763.127860572559,5770.77162512253,5778.415389672501,5786.059154222472
W75,24154.841115345735,24221.89464664086,24288.948177935985,24356.00170923111,24423.055240526235,24490.10877182136,24557.162303116485,24624.21583441161,24691.269365706736,24758.32289700186,24825.376428296986,24892.42995959211,24959.483490887236
W76,408.2361578055182,367.5647013050917,326.8932448046652,286.2217883042387,245.55033180381224,204.87887530338574,164.20741880295924,123.53596230253277,82.8645058021063,42.19304930167982,1.5215928012532913,-39.14986369917318,-79.82132019959965
W77,3931.7135848702233,3936.9171697404463,3942.1207546106693,3947.3243394808924,3952.5279243511154,3957.7315092213385,3962.9350940915615,3968.1386789617845,3973.342263832008,3978.545848702231,3983.749433572454,3988.953018442677,3994.1566033129
W78,3838.4525826560007,3843.5238181039417,3848.5950535518823,3853.6662889998233,3858.737524447764,3863.8087598957045,3868.8799953436455,3873.951230791586,3879.022466239527,3884.0937016874677,3889.1649371354083,3894.2361725833493,3899.30740803129
W79,1430.0,1430.0,1430.0,1430.0,1430.0,1430.0,1430.0,1430.0,1430.0,1430.0,1430.0,1430.0,1430.0
W8,2790.1358734014307,2790.1358734014307,2790.1358734014307,2790.1358734014307,2790.1358734014307,2790.1358734014307,2790.1358734014307,2790.1358734014307,2790.1358734014307,2790.1358734014307,2790.1358734014307,2790.1358734014307,2790.1358734014307
W80,1530.0,1530.0,1530.0,1530.0,1530.0,1530.0,1530.0,1530.0,1530.0,1530.0,1530.0,1530.0,1530.0
W81,24583.447122208334,24652.881437598207,24722.315752988077,24791.750068377947,24861.184383767817,24930.61869915769,25000.05301454756,25069.48732993743,25138.921645327304,25208.355960717174,25277.790276107044,25347.224591496917,25416.658906886787
W82,4416.357157164406,4414.395314328813,4412.433471493218,4410.471628657624,4408.509785822031,4406.547942986436,4404.586100150842,4402.624257315248,4400.662414479654,4398.70057164406,4396.738728808466,4394.776885972872,4392.815043137278
W83,6006.810213107037,6039.920426214075,6073.030639321112,6106.14085242815,6139.251065535187,6172.361278642224,6205.471491749261,6238.5817048562985,6271.691917963336,6304.802131070373,6337.912344177411,6371.022557284448,6404.132770391486
W84,5980.300381409044,5990.400762818089,6000.501144227133,6010.601525636178,6020.7019070452225,6030.802288454267,6040.9026698633115,6051.003051272356,6061.103432681401,6071.203814090444,6081.304195499489,6091.404576908533,6101.504958317578
W85,17242.64889342658,17224.29778685316,17205.94668027974,17187.595573706316,17169.244467132896,17150.893360559476,17132.542253986056,17114.191147412635,17095.840040839215,17077.488934265795,17059.137827692375,17040.78672111895,17022.43561454553
W86,17264.57076611576,17256.904313263396,17249.237860411027,17241.57140755866,17233.904954706293,17226.238501853924,17218.572049001556,17210.90559614919,17203.23914329682,17195.572690444453,17187.906237592088,17180.23978473972,17172.57333188735
W87,1084.6050885929942,1084.5159435735386,1084.4267985540832,1084.3376535346279,1084.2485085151723,1084.159363495717,1084.0702184762615,1083.981073456806,1083.8919284373505,1083.8027834178952,1083.7136383984396,1083.6244933789842,1083.5353483595288
W88,12025.990173927561,12044.319256171604,12062.648338415649,12080.977420659692,12099.306502903737,12117.635585147782,12135.964667391825,12154.29374963587,12172.622831879915,12190.951914123958,12209.280996368003,12227.610078612046,12245.93916085609
W89,1211.09885118368,1211.09885118368,1211.09885118368,1211.09885118368,1211.09885118368,1211.09885118368,1211.09885118368,1211.09885118368,1211.09885118368,1211.09885118368,1211.09885118368,1211.09885118368,1211.09885118368
W9,7266.175886996952,7266.175886996952,7266.175886996952,7266.175886996952,7266.175886996952,7266.175886996952,7266.175886996952,7266.175886996952,7266.175886996952,7266.175886996952,7266.175886996952,7266.175886996952,7266.175886996952
W90,1840.0461533429936,1841.4334543146103,1842.8207552862268,1844.2080562578433,1845.59535722946,1846.9826582010764,1848.369959172693,1849.7572601443096,1851.144561115926,1852.5318620875425,1853.9191630591592,1855.3064640307757,1856.6937650023922
W91,19648.939706693545,19657.338803799656,19665.737900905766,19674.13699801188,19682.53609511799,19690.9351922241,19699.33428933021,19707.73338643632,19716.13248354243,19724.53158064854,19732.930677754655,19741.329774860766,19749.728871966876
W92,22632.186263398286,22607.27793031973,22582.369597241177,22557.461264162623,22532.55293108407,22507.644598005514,22482.736264926963,22457.82793184841,22432.919598769855,22408.0112656913,22383.102932612746,22358.194599534192,22333.286266455638
W93,1735.6639028731868,1736.7048057463735,1737.7457086195604,1738.7866114927474,1739.8275143659341,1740.868417239121,1741.909320112308,1742.9502229854947,1743.9911258586817,1745.0320287318684,1746.0729316050554,1747.1138344782423,1748.154737351429
W94,1813.7502704884391,1812.9813323542642,1812.2123942200894,1811.4434560859147,1810.67451795174,1809.905579817565,1809.1366416833903,1808.3677035492155,1807.5987654150408,1806.8298272808659,1806.0608891466911,1805.2919510125164,1804.5230128783417
W95,1643.0896465186613,1643.0896465186613,1643.0896465186613,1643.0896465186613,1643.0896465186613,1643.0896465186613,1643.0896465186613,1643.0896465186613,1643.0896465186613,1643.0896465186613,1643.0896465186613,1643.0896465186613,1643.0896465186613
W96,11333.803008215913,11344.06529631556,11354.327584415207,11364.589872514855,11374.8521606145,11385.114448714146,11395.376736813794,11405.63902491344,11415.901313013088,11426.163601112734,11436.42588921238,11446.688177312028,11456.950465411674
W97,471.13596994530434,471.22872639422917,471.32148284315406,471.4142392920789,471.5069957410037,471.59975218992855,471.6925086388534,471.78526508777827,471.8780215367031,471.97077798562793,472.06353443455276,472.1562908834776,472.2490473324024
W98,603.9850372014228,604.1199370021706,604.2548368029184,604.3897366036662,604.5246364044141,604.6595362051619,604.7944360059097,604.9293358066575,605.0642356074053,605.1991354081531,605.3340352089009,605.4689350096487,605.6038348103965
W99,15059.843277602891,15018.656555205784,14977.469832808674,14936.283110411567,14895.096388014457,14853.90966561735,14812.72294322024,14771.53622082313,14730.349498426023,14689.162776028914,14647.976053631806,14606.789331234697,14565.60260883759
