7.091435670852661133e+00 3.407011032104492188e+00
7.348275899887084961e+00 3.516814231872558594e+00
7.562283992767333984e+00 3.526316642761230469e+00
7.551304101943969727e+00 3.439738750457763672e+00
7.220299720764160156e+00 3.434238910675048828e+00
6.706587076187133789e+00 3.291543483734130859e+00
7.287061452865600586e+00 3.420388221740722656e+00
7.343180418014526367e+00 3.390923976898193359e+00
7.270265817642211914e+00 3.502988815307617188e+00
6.899667024612426758e+00 3.405808448791503906e+00
7.415528774261474609e+00 3.433778762817382812e+00
6.957180500030517578e+00 3.622152805328369141e+00
6.914605617523193359e+00 3.400265455245971680e+00
6.958213329315185547e+00 3.434530019760131836e+00
7.156200170516967773e+00 3.483969688415527344e+00
7.009190082550048828e+00 3.623172044754028320e+00
6.757210493087768555e+00 3.249321460723876953e+00
6.916150331497192383e+00 3.356118202209472656e+00
6.977997779846191406e+00 3.471233606338500977e+00
6.770622014999389648e+00 3.442308425903320312e+00
7.188583850860595703e+00 3.422164440155029297e+00
7.251594781875610352e+00 3.442858219146728516e+00
7.823102235794067383e+00 3.466945886611938477e+00
6.858188152313232422e+00 3.346111536026000977e+00
6.757898569107055664e+00 3.451642751693725586e+00
6.855432748794555664e+00 3.354282617568969727e+00
7.101971626281738281e+00 3.435901165008544922e+00
7.171384811401367188e+00 3.412669181823730469e+00
7.688884973526000977e+00 3.448459148406982422e+00
7.502266645431518555e+00 3.372179508209228516e+00
7.454350471496582031e+00 3.559630393981933594e+00
7.247320413589477539e+00 3.379963159561157227e+00
7.571169853210449219e+00 3.275003671646118164e+00
7.466519832611083984e+00 3.214120626449584961e+00
7.098842382431030273e+00 3.432818174362182617e+00
8.933916091918945312e+00 3.418654203414916992e+00
8.231012344360351562e+00 3.387862920761108398e+00
8.106095790863037109e+00 3.425258159637451172e+00
8.000612735748291016e+00 3.408753156661987305e+00
7.914465665817260742e+00 3.352266788482666016e+00
7.705131530761718750e+00 3.373992681503295898e+00
7.903466701507568359e+00 3.350044250488281250e+00
7.763216018676757812e+00 3.344031333923339844e+00
7.598249197006225586e+00 3.380790948867797852e+00
7.727725744247436523e+00 3.636361122131347656e+00
6.921966552734375000e+00 3.420699119567871094e+00
7.909562110900878906e+00 3.478847980499267578e+00
7.964044809341430664e+00 3.492849349975585938e+00
7.484562635421752930e+00 3.590260505676269531e+00
7.659583091735839844e+00 3.412184238433837891e+00
7.472986221313476562e+00 3.419306039810180664e+00
7.442906379699707031e+00 3.343385219573974609e+00
7.846173763275146484e+00 3.526477336883544922e+00
7.663416147232055664e+00 3.446785926818847656e+00
7.579001665115356445e+00 3.384921312332153320e+00
7.374915361404418945e+00 3.378489017486572266e+00
6.863144397735595703e+00 3.312540769577026367e+00
7.379182815551757812e+00 3.367885351181030273e+00
7.394252777099609375e+00 3.452636957168579102e+00
7.806936979293823242e+00 3.504474878311157227e+00
7.596101045608520508e+00 3.354786872863769531e+00
7.635845184326171875e+00 3.451087713241577148e+00
7.428353071212768555e+00 3.487845182418823242e+00
7.772317647933959961e+00 3.431814908981323242e+00
7.830203294754028320e+00 3.276833295822143555e+00
7.432927370071411133e+00 3.005660533905029297e+00
7.820874214172363281e+00 3.452882766723632812e+00
6.942367792129516602e+00 3.345844745635986328e+00
7.863089561462402344e+00 3.063286781311035156e+00
7.310360908508300781e+00 3.407538414001464844e+00
7.813097238540649414e+00 3.177413463592529297e+00
7.720756769180297852e+00 3.098954200744628906e+00
7.303849697113037109e+00 3.092378616333007812e+00
7.893219232559204102e+00 3.339267253875732422e+00
7.677403450012207031e+00 3.142958164215087891e+00
7.865970849990844727e+00 3.448453903198242188e+00
7.497330665588378906e+00 3.063224077224731445e+00
7.757690906524658203e+00 3.102950096130371094e+00
6.912523508071899414e+00 3.214723587036132812e+00
9.543660640716552734e+00 3.658963918685913086e+00
9.563409805297851562e+00 3.406909704208374023e+00
9.428184986114501953e+00 3.370466709136962891e+00
9.244294404983520508e+00 3.254694700241088867e+00
9.291785240173339844e+00 3.558569431304931641e+00
9.354331493377685547e+00 3.665977478027343750e+00
9.395107269287109375e+00 3.252769708633422852e+00
9.400579452514648438e+00 3.232969999313354492e+00
9.238534688949584961e+00 3.304250478744506836e+00
9.280597925186157227e+00 3.352714300155639648e+00
6.818506956100463867e+00 3.430380821228027344e+00
9.326234102249145508e+00 3.305934667587280273e+00
9.217775344848632812e+00 3.472423791885375977e+00
8.668046712875366211e+00 3.423389196395874023e+00
9.420958995819091797e+00 3.458689451217651367e+00
9.319887638092041016e+00 3.144320487976074219e+00
9.224237918853759766e+00 3.203608512878417969e+00
9.513326168060302734e+00 3.114805459976196289e+00
9.430205106735229492e+00 3.393863439559936523e+00
9.381067991256713867e+00 3.266558885574340820e+00
9.417332887649536133e+00 3.214037895202636719e+00
6.937952756881713867e+00 3.073401927947998047e+00
9.310154438018798828e+00 3.064430475234985352e+00
9.144196510314941406e+00 3.068980216979980469e+00
9.468055963516235352e+00 3.370669126510620117e+00
9.352121591567993164e+00 3.330849885940551758e+00
9.464054346084594727e+00 3.341610908508300781e+00
9.353869199752807617e+00 3.421832799911499023e+00
9.419813394546508789e+00 3.242571115493774414e+00
9.416877746582031250e+00 3.256043910980224609e+00
9.307099580764770508e+00 3.078129529953002930e+00
9.248096227645874023e+00 3.380638837814331055e+00
6.749287128448486328e+00 3.140772104263305664e+00
6.811460018157958984e+00 3.435285568237304688e+00
9.501552104949951172e+00 3.115951538085937500e+00
9.277591705322265625e+00 3.223698139190673828e+00
9.374273061752319336e+00 3.418697357177734375e+00
9.266030311584472656e+00 3.296829938888549805e+00
9.350525856018066406e+00 3.349113464355468750e+00
9.261848688125610352e+00 3.276638984680175781e+00
9.371482849121093750e+00 3.414844036102294922e+00
9.184985160827636719e+00 3.358858108520507812e+00
9.217309713363647461e+00 3.336500167846679688e+00
9.037942409515380859e+00 3.648720979690551758e+00
7.068046569824218750e+00 3.498298168182373047e+00
9.221145153045654297e+00 3.471421003341674805e+00
9.259558439254760742e+00 3.484224557876586914e+00
9.450664281845092773e+00 3.070591688156127930e+00
9.472528934478759766e+00 3.457651138305664062e+00
9.135841369628906250e+00 3.079574108123779297e+00
9.275440931320190430e+00 3.129637718200683594e+00
9.297832250595092773e+00 3.122936964035034180e+00
9.550981998443603516e+00 3.412777423858642578e+00
9.127999782562255859e+00 3.026021957397460938e+00
9.256298303604125977e+00 3.071456432342529297e+00
6.914496183395385742e+00 2.957709312438964844e+00
9.074531555175781250e+00 3.223110437393188477e+00
9.362613677978515625e+00 3.449699163436889648e+00
1.034856414794921875e+01 3.263492822647094727e+00
9.549201011657714844e+00 3.325943708419799805e+00
9.035001277923583984e+00 3.360745668411254883e+00
9.267905712127685547e+00 3.195006132125854492e+00
9.329452753067016602e+00 3.328806638717651367e+00
9.304888010025024414e+00 3.431920766830444336e+00
9.657464265823364258e+00 3.171747207641601562e+00
9.237709999084472656e+00 3.079271793365478516e+00
6.936950445175170898e+00 3.404041051864624023e+00
9.283048391342163086e+00 3.263650417327880859e+00
9.390240907669067383e+00 3.132216930389404297e+00
9.237096786499023438e+00 3.404401779174804688e+00
9.405300140380859375e+00 3.201605796813964844e+00
9.418422937393188477e+00 3.431448459625244141e+00
9.402906179428100586e+00 3.286088466644287109e+00
9.097847461700439453e+00 3.326313257217407227e+00
9.263025760650634766e+00 3.411546468734741211e+00
9.169727087020874023e+00 3.154993295669555664e+00
9.265912771224975586e+00 3.395622730255126953e+00
6.823330163955688477e+00 3.177572727203369141e+00
1.098086690902709961e+01 3.297739028930664062e+00
9.192752122879028320e+00 3.444191694259643555e+00
9.168535947799682617e+00 3.467425584793090820e+00
9.278311491012573242e+00 3.098100900650024414e+00
9.392214536666870117e+00 2.953656911849975586e+00
9.463476181030273438e+00 3.109237909317016602e+00
9.205711841583251953e+00 3.403390645980834961e+00
9.267390966415405273e+00 3.095123529434204102e+00
9.396368026733398438e+00 2.987368345260620117e+00
9.166350364685058594e+00 3.025194406509399414e+00
6.896806955337524414e+00 2.931822538375854492e+00
9.157325267791748047e+00 3.382069349288940430e+00
9.266991376876831055e+00 3.432562828063964844e+00
9.289211273193359375e+00 3.365242719650268555e+00
9.199463367462158203e+00 3.154552698135375977e+00
9.589544773101806641e+00 3.169158220291137695e+00
9.228173017501831055e+00 3.082332849502563477e+00
9.348190546035766602e+00 3.389644145965576172e+00
9.251391887664794922e+00 3.308677434921264648e+00
9.164404392242431641e+00 3.120182514190673828e+00
9.266800165176391602e+00 3.193909645080566406e+00
6.935893297195434570e+00 3.000779390335083008e+00
9.490535736083984375e+00 3.054112434387207031e+00
9.474207878112792969e+00 3.129016160964965820e+00
9.342396259307861328e+00 3.245447874069213867e+00
9.046923637390136719e+00 3.117023468017578125e+00
9.240822792053222656e+00 3.204278469085693359e+00
9.061692476272583008e+00 2.999536991119384766e+00
9.509318590164184570e+00 3.292951822280883789e+00
9.405924081802368164e+00 3.435392141342163086e+00
9.162579059600830078e+00 3.404468297958374023e+00
9.258907794952392578e+00 3.397915124893188477e+00
6.843056201934814453e+00 3.120839595794677734e+00
9.316606760025024414e+00 3.462507963180541992e+00
9.764797925949096680e+00 3.021199464797973633e+00
9.807543992996215820e+00 3.081359863281250000e+00
9.324272871017456055e+00 2.936305999755859375e+00
9.379028558731079102e+00 2.991323947906494141e+00
9.542130708694458008e+00 3.110316514968872070e+00
9.380517482757568359e+00 3.406458377838134766e+00
9.403404474258422852e+00 3.004010200500488281e+00
9.115157842636108398e+00 3.289516448974609375e+00
9.323825836181640625e+00 2.988946914672851562e+00
6.911914587020874023e+00 2.971240997314453125e+00
9.348576784133911133e+00 3.393948316574096680e+00
9.493005990982055664e+00 3.220779418945312500e+00
9.293565034866333008e+00 3.271562576293945312e+00
9.290032625198364258e+00 3.414826869964599609e+00
9.197292089462280273e+00 3.456813573837280273e+00
9.188913583755493164e+00 3.148194551467895508e+00
9.138134717941284180e+00 3.210733890533447266e+00
9.404984712600708008e+00 3.146300792694091797e+00
9.309433221817016602e+00 3.169474124908447266e+00
9.069498300552368164e+00 3.249202013015747070e+00
6.843405485153198242e+00 3.114982604980468750e+00
9.372710466384887695e+00 3.370175123214721680e+00
9.243445396423339844e+00 3.157765626907348633e+00
9.142737150192260742e+00 3.007985830307006836e+00
9.203024387359619141e+00 3.054623365402221680e+00
9.201883077621459961e+00 3.161561250686645508e+00
9.140187263488769531e+00 3.294734477996826172e+00
9.120094299316406250e+00 3.521179437637329102e+00
9.223057508468627930e+00 3.321800708770751953e+00
9.077476978302001953e+00 3.569295406341552734e+00
9.191331863403320312e+00 3.401790857315063477e+00
6.900696992874145508e+00 3.321410179138183594e+00
6.775071144104003906e+00 3.274219274520874023e+00
9.291483163833618164e+00 2.970249176025390625e+00
9.263826131820678711e+00 2.940096616744995117e+00
9.239681005477905273e+00 2.988869428634643555e+00
9.404647350311279297e+00 3.080434083938598633e+00
9.268342018127441406e+00 3.123001575469970703e+00
9.365517139434814453e+00 3.159863233566284180e+00
9.223367929458618164e+00 3.055880308151245117e+00
9.252456665039062500e+00 3.296679496765136719e+00
9.402759552001953125e+00 2.995364189147949219e+00
9.199405670166015625e+00 3.435380220413208008e+00
6.871677637100219727e+00 3.103056430816650391e+00
9.302917242050170898e+00 3.081847667694091797e+00
9.422556161880493164e+00 3.196906089782714844e+00
8.904244661331176758e+00 3.331292390823364258e+00
9.080567359924316406e+00 3.206619262695312500e+00
9.263926506042480469e+00 3.258583068847656250e+00
9.192125797271728516e+00 3.250071287155151367e+00
9.109574556350708008e+00 3.416866064071655273e+00
9.250547647476196289e+00 3.139614105224609375e+00
9.488873243331909180e+00 3.134550571441650391e+00
9.264082908630371094e+00 3.079116821289062500e+00
6.979931592941284180e+00 2.979450941085815430e+00
9.055153608322143555e+00 3.134972095489501953e+00
9.438274383544921875e+00 3.078989505767822266e+00
9.267723083496093750e+00 3.075027704238891602e+00
9.216386079788208008e+00 3.168795108795166016e+00
9.330070972442626953e+00 3.288547277450561523e+00
9.250372648239135742e+00 3.257975816726684570e+00
9.337156772613525391e+00 3.310744047164916992e+00
9.244060993194580078e+00 3.102066755294799805e+00
9.359558582305908203e+00 3.384106397628784180e+00
1.102192449569702148e+01 3.234433174133300781e+00
6.836477994918823242e+00 2.961415290832519531e+00
1.126601815223693848e+01 2.996586322784423828e+00
1.089049696922302246e+01 2.987588167190551758e+00
1.114961552619934082e+01 3.118108034133911133e+00
1.114757823944091797e+01 3.125147342681884766e+00
1.108218646049499512e+01 3.177129507064819336e+00
1.067645955085754395e+01 3.177821397781372070e+00
1.079547548294067383e+01 3.439044713973999023e+00
1.188552498817443848e+01 3.070221662521362305e+00
1.085979270935058594e+01 3.364601850509643555e+00
1.093295073509216309e+01 3.420611143112182617e+00
7.010946512222290039e+00 2.975868701934814453e+00
1.075719881057739258e+01 3.285941362380981445e+00
1.030478000640869141e+01 3.207453727722167969e+00
1.050703120231628418e+01 3.298973560333251953e+00
1.043193006515502930e+01 3.180571317672729492e+00
1.068367171287536621e+01 3.289804458618164062e+00
1.049877619743347168e+01 3.304127931594848633e+00
1.032245373725891113e+01 3.102277040481567383e+00
1.044468235969543457e+01 3.456754684448242188e+00
1.084409332275390625e+01 3.104994773864746094e+00
1.086134600639343262e+01 3.072260856628417969e+00
6.954778194427490234e+00 3.321457147598266602e+00
1.058650231361389160e+01 3.082621335983276367e+00
1.099279260635375977e+01 3.129649162292480469e+00
1.076552724838256836e+01 3.275987386703491211e+00
1.055038571357727051e+01 3.211208105087280273e+00
1.046229410171508789e+01 3.268486976623535156e+00
1.108774113655090332e+01 3.134135007858276367e+00
1.086046767234802246e+01 3.277686595916748047e+00
1.111885309219360352e+01 3.424753904342651367e+00
1.050857257843017578e+01 3.272437810897827148e+00
1.157816886901855469e+01 2.972677946090698242e+00
6.832832336425781250e+00 3.219541788101196289e+00
1.054762411117553711e+01 2.953379631042480469e+00
1.129718422889709473e+01 3.309935092926025391e+00
1.084725666046142578e+01 3.096471309661865234e+00
1.074763703346252441e+01 3.051367282867431641e+00
1.132750511169433594e+01 3.370799064636230469e+00
1.068133258819580078e+01 3.174924373626708984e+00
1.161438441276550293e+01 3.252255916595458984e+00
1.092208886146545410e+01 3.448634147644042969e+00
1.094242095947265625e+01 3.269521236419677734e+00
1.092094421386718750e+01 3.424630880355834961e+00
6.818499565124511719e+00 3.200236320495605469e+00
1.140249538421630859e+01 3.150904178619384766e+00
1.124713397026062012e+01 3.145160675048828125e+00
1.089503836631774902e+01 3.362091541290283203e+00
1.121852779388427734e+01 3.130878448486328125e+00
1.043281745910644531e+01 3.315800905227661133e+00
1.060679721832275391e+01 3.285537481307983398e+00
1.078077292442321777e+01 3.268102169036865234e+00
1.144611167907714844e+01 3.428299665451049805e+00
1.063183927536010742e+01 3.027810811996459961e+00
1.106496572494506836e+01 3.070203304290771484e+00
6.912631750106811523e+00 3.038694143295288086e+00
1.064195322990417480e+01 3.380359172821044922e+00
1.074920296669006348e+01 3.114050626754760742e+00
1.144543838500976562e+01 3.218139171600341797e+00
1.115109825134277344e+01 3.232978582382202148e+00
1.084111833572387695e+01 3.122547388076782227e+00
1.082850241661071777e+01 3.239262342453002930e+00
1.165127944946289062e+01 3.400866031646728516e+00
1.059275913238525391e+01 3.272312879562377930e+00
1.082057237625122070e+01 3.211859226226806641e+00
1.139724397659301758e+01 3.005994319915771484e+00
6.897213697433471680e+00 3.024974584579467773e+00
1.170690560340881348e+01 2.969960451126098633e+00
1.145820808410644531e+01 2.987736701965332031e+00
1.146337270736694336e+01 3.072860002517700195e+00
1.139203977584838867e+01 3.088182210922241211e+00
1.137541508674621582e+01 3.117400407791137695e+00
1.165271282196044922e+01 3.176958084106445312e+00
1.122107028961181641e+01 3.414517879486083984e+00
1.097440409660339355e+01 3.525979280471801758e+00
1.101433873176574707e+01 3.246424436569213867e+00
1.137989234924316406e+01 3.309640169143676758e+00
6.751757621765136719e+00 3.452082872390747070e+00
6.839457035064697266e+00 3.012954950332641602e+00
1.091873812675476074e+01 3.334829568862915039e+00
1.116198539733886719e+01 3.320120334625244141e+00
1.108414435386657715e+01 3.243070125579833984e+00
1.063638186454772949e+01 3.117143869400024414e+00
1.127536535263061523e+01 3.156717300415039062e+00
1.069204473495483398e+01 3.394118070602416992e+00
1.125475239753723145e+01 3.522956609725952148e+00
1.086430215835571289e+01 3.429126501083374023e+00
1.026002192497253418e+01 3.093826293945312500e+00
1.122829723358154297e+01 3.127288818359375000e+00
6.881187438964843750e+00 3.165002822875976562e+00
1.071494674682617188e+01 3.184047222137451172e+00
1.128411245346069336e+01 3.198894977569580078e+00
1.146589064598083496e+01 3.256241321563720703e+00
1.064855432510375977e+01 3.096284627914428711e+00
1.116228795051574707e+01 3.279682874679565430e+00
6.960486888885498047e+00 3.420114994049072266e+00
6.837335824966430664e+00 3.113582134246826172e+00
7.032196760177612305e+00 3.055331945419311523e+00
6.876966238021850586e+00 3.020093441009521484e+00
7.050078630447387695e+00 2.992790460586547852e+00
6.818979740142822266e+00 3.436625242233276367e+00
6.766765832901000977e+00 3.000355958938598633e+00
6.819185495376586914e+00 2.996462345123291016e+00
6.792347431182861328e+00 3.035160064697265625e+00
6.861806154251098633e+00 3.012681484222412109e+00
6.812107324600219727e+00 3.030004978179931641e+00
7.020747423171997070e+00 3.133929967880249023e+00
6.875361919403076172e+00 3.129975080490112305e+00
6.813041687011718750e+00 3.373303413391113281e+00
7.087093591690063477e+00 3.221705913543701172e+00
6.815999269485473633e+00 3.379927396774291992e+00
6.898824214935302734e+00 3.322036743164062500e+00
7.584827899932861328e+00 3.205083608627319336e+00
7.186183214187622070e+00 3.234087228775024414e+00
7.040584087371826172e+00 3.359887123107910156e+00
7.293825864791870117e+00 3.178709506988525391e+00
6.912022829055786133e+00 3.331324815750122070e+00
7.280563592910766602e+00 3.056622505187988281e+00
7.060918807983398438e+00 3.073902845382690430e+00
6.905180454254150391e+00 3.463910102844238281e+00
6.982378244400024414e+00 3.355488538742065430e+00
7.179963588714599609e+00 3.016844987869262695e+00
6.812951564788818359e+00 3.371224403381347656e+00
6.793711185455322266e+00 3.038915157318115234e+00
7.395067930221557617e+00 3.097278833389282227e+00
6.795237302780151367e+00 3.292032718658447266e+00
6.914715766906738281e+00 2.996910572052001953e+00
6.971297502517700195e+00 3.063955068588256836e+00
7.451842546463012695e+00 3.155792236328125000e+00
8.491305589675903320e+00 3.124729156494140625e+00
7.564582347869873047e+00 2.923755168914794922e+00
7.041421651840209961e+00 2.948951721191406250e+00
7.386747598648071289e+00 2.843167781829833984e+00
7.140050649642944336e+00 2.805584430694580078e+00
6.837196588516235352e+00 2.559880733489990234e+00
6.707488775253295898e+00 2.667510747909545898e+00
6.666924238204956055e+00 2.250325441360473633e+00
6.731759071350097656e+00 2.316018342971801758e+00
6.801272869110107422e+00 2.111808300018310547e+00
6.827558517456054688e+00 2.234020709991455078e+00
7.261004924774169922e+00 2.036331892013549805e+00
7.562449932098388672e+00 1.886411666870117188e+00
7.292427778244018555e+00 2.019574642181396484e+00
7.057748556137084961e+00 2.017487525939941406e+00
7.572689533233642578e+00 1.840270519256591797e+00
7.139060735702514648e+00 1.820776939392089844e+00
6.405039310455322266e+00 2.108107566833496094e+00
6.108744382858276367e+00 2.065147876739501953e+00
6.205410718917846680e+00 1.954098463058471680e+00
6.115889072418212891e+00 1.958819627761840820e+00
6.630943536758422852e+00 1.772671937942504883e+00
6.394695281982421875e+00 1.852198123931884766e+00
6.226455926895141602e+00 1.944079399108886719e+00
6.412025690078735352e+00 1.727906227111816406e+00
6.361282825469970703e+00 1.861117124557495117e+00
6.275774240493774414e+00 1.842475891113281250e+00
6.313765287399291992e+00 1.629650115966796875e+00
5.966162443161010742e+00 1.738309144973754883e+00
