4.209996146663925326e-02
3.858665230900242687e-02
1.362045100532548181e-01
7.515653420370460580e-02
1.464775376769935356e-01
7.212798563529987383e-02
1.163071863435091169e-01
5.187443751050102581e-02
4.997535490549057796e-02
4.023488762483608261e-02
1.755806998525396845e-01
2.538748810695637403e-02
4.735163825357047163e-02
2.888071077270234696e-02
7.655858935605505677e-02
1.008022664787578959e-01
4.935142339341643675e-02
4.253478172110423255e-02
1.031354180528704090e-01
4.056506105816439639e-02
8.924886373956808505e-02
6.216173876316431063e-02
4.661390088643138085e-01
2.734107811844864108e-02
6.281817575598717951e-02
2.553088991542059108e-02
5.579860286399049296e-02
8.990285670857618705e-02
4.438240015795187898e-01
3.456907995507309539e-01
2.275261185470908165e-01
2.005048303068349691e-01
4.511535174740359810e-01
1.384497941374015495e-01
5.138987387814608621e-02
7.771543533755936872e-01
3.740068531729396906e-01
4.469585310665538103e-01
3.540958815257555514e-01
6.834700497754132575e-01
4.263034080547227767e-01
4.062435870786629266e-01
2.102908134145323460e-01
2.135689489283475739e-01
1.746892469246686952e-01
1.800934845227188108e-01
3.573299503838507363e-01
2.738863426100630605e-01
2.019498396438024201e-01
4.221429897325983949e-01
3.670754573112675057e-01
2.437859203817943354e-01
6.949629332174535046e-01
5.424726977480257561e-01
5.499971654451494274e-01
2.672658742826326539e-01
3.465914455577609465e-02
2.481250948440295312e-01
5.359552844885793199e-01
5.886199783861796320e-01
3.543445472405093999e-01
3.125273475242933974e-01
5.673866579557617085e-01
1.360556016644637600e-01
2.119176470828469105e-01
4.322847967659084190e-01
3.025319496258327967e-01
6.762931762763414734e-02
4.743182567150682760e-01
2.964062695733988284e-01
6.032515998689164105e-01
1.537113705477475556e-01
3.984241623477022265e-01
2.746820843896717323e-01
7.491825678774666208e-01
1.677964241716926319e-01
5.509321469702223029e-01
1.318496659100539536e-01
2.224365972854303042e-02
1.034633414159921716e-02
2.911666178129398985e-02
4.018776567586855065e-03
2.692028875794134218e-03
4.865055591808654240e-03
3.531971834042478813e-03
6.208949939076960356e-03
3.207108327378541558e-03
4.571889475630019732e-03
4.331678175389807976e-03
2.904222703899119254e-02
3.407276053111004625e-03
6.103295774999683253e-03
1.484619566010914743e-03
3.119423759449319478e-03
5.512865442899272418e-03
5.043845519535960185e-03
3.800776729699587714e-03
1.312074998299895537e-03
2.884291084769372276e-03
4.861016532277643090e-03
2.183909678622056316e-02
3.288427476463050888e-03
2.360509362862504585e-03
3.515280534844329816e-03
2.221682469321579426e-03
6.235505981701038730e-03
5.554103705341103571e-03
5.863125533950513425e-03
5.660337169220058633e-03
2.768450238924998266e-03
3.385902155785459281e-03
1.127298646908604790e-01
3.020600532052613099e-02
3.996601514725573595e-03
5.707171792522829946e-03
2.653043836126363353e-03
5.408941942782248546e-03
4.311080346506262172e-03
2.992458564496177590e-03
3.608874600189215798e-03
5.684094755489805910e-03
3.453992266459462914e-03
9.482187766694046352e-03
5.064055951329048816e-02
6.332933161625434182e-03
4.782427998859709907e-03
8.619268636027127908e-03
8.646332234146122259e-03
4.291736829295172452e-03
3.676395171615859814e-03
4.251238553158162570e-03
4.483228011822451564e-03
2.330157993422659907e-03
4.218692141355780828e-03
4.420578813629679610e-02
3.785584265598848728e-03
4.136920462549667499e-03
2.195574348225467765e-01
9.353016650768087442e-03
2.342836866041589621e-03
2.445727184078804687e-03
2.645331651067761233e-03
9.005937271706124930e-03
2.266307075761539447e-02
1.081722247551459605e-02
5.325484927657992557e-02
4.404480511459783927e-03
8.632110334195095339e-03
4.724583641269711892e-03
1.006076085511050343e-02
3.205902536599369163e-03
3.269325065288518958e-03
2.533055939208992031e-03
9.122097997538674077e-03
3.814851332672529460e-03
5.416789604653461827e-03
4.485098492865880609e-02
3.204383316362616890e-02
3.853739573071682245e-03
3.127081705905724804e-03
3.830560181130939022e-03
3.355136939028086074e-03
6.021655221229955252e-03
4.114461332524600549e-03
4.448065685784529169e-03
2.415842608673238624e-03
3.521358703288695116e-03
7.448924330936269878e-02
6.742109661673891495e-03
6.051015603742104787e-03
3.159429893143604704e-03
4.824619545687552045e-03
2.401992470314834750e-03
1.375978998542569560e-02
6.810353181717288679e-03
3.466467603628958435e-03
2.436098316871204011e-03
3.751570467270041748e-03
5.695502710632749377e-02
1.040645237660755597e-02
5.714079123195728999e-02
4.958072231441790212e-03
9.524656825837122046e-03
3.285866929046366014e-03
9.597743736399757739e-03
2.148290614478639594e-03
8.635342128299049180e-03
2.543709370133488430e-03
7.152739719994410418e-03
3.897318366682193252e-02
3.604698389429874996e-03
2.063381564648211070e-02
2.264647224419074137e-02
4.119124553818361879e-03
4.437132628423927361e-03
5.117056266895844002e-03
5.429726404565839333e-03
8.714790814432027063e-03
3.876761090243412838e-03
1.091544487763301818e-02
1.019220089810314867e-01
3.543317088577768639e-03
4.018525478999615368e-03
5.187374097703281901e-03
3.729163225339238771e-03
8.774876231807083107e-03
3.230161252166358164e-03
5.269466566565682818e-03
6.191200582110953192e-03
9.832195831221697546e-03
1.036281159717534518e-02
9.598083994595152380e-02
3.314453351059542304e-03
8.842386557845300157e-03
5.071387334810713125e-03
4.312001342262606479e-03
8.117323625371361540e-03
5.891844898066368914e-03
7.096105038085931231e-03
3.877327361391499482e-03
4.548521646945789289e-03
3.431595562678634980e-03
1.139516504397758423e-01
5.705851836609019540e-02
3.745740198305130136e-03
2.908649782925352284e-03
3.084403828482731955e-03
6.388848987177261733e-03
3.958295134164489977e-03
7.429309136181572355e-03
3.526179428960638657e-03
3.059068637017792105e-03
8.115782254160023093e-03
3.774109829723542794e-03
5.416256722965587939e-02
6.792828965497027700e-03
6.451687539753399314e-03
5.648925157190775974e-03
9.012210323179684068e-03
8.948859916734054967e-03
6.808862594577975991e-03
1.463856509018457604e-02
4.846814092845620585e-03
7.112311267003609827e-03
2.404829877374151017e-03
4.686798602642629902e-02
3.950414034334146819e-03
5.258152866842499135e-03
5.571195175161122726e-03
2.365696970723139923e-03
5.028792834129248990e-03
6.814555426632437629e-03
7.026095128671229484e-03
8.116897406078139518e-03
8.181000358992050400e-03
3.015522024674398005e-01
1.049398448877762458e-01
3.312464837491397307e-01
2.018229019933109047e-01
1.312988615642410317e-01
8.208687822850745386e-01
1.154712860490807874e-01
4.315689807523477306e-01
6.425021393769725364e-01
3.438552213126688240e-01
2.309947376576568512e-01
7.518568315844532668e-01
7.062113891922992825e-02
3.236917598949327624e-01
5.410808046942721106e-01
3.198748028884510486e-01
3.293776073820890438e-01
2.559209541636568996e-01
3.530837066631106747e-01
4.542272196537512907e-01
5.264312152401515732e-01
2.208830706253742948e-01
8.592748975155424240e-01
6.734875884126524659e-02
3.542841362323247978e-01
2.232719599123947907e-01
2.911269701422040668e-01
4.380138335691003415e-01
3.231419857819349262e-01
1.884558302079581971e-01
8.733430238298875992e-01
1.194991768388498493e-01
3.397736401845179444e-01
9.706517166135515684e-02
5.957913518683832788e-02
3.563628523642405344e-01
3.567744410681218947e-01
1.006545198398244717e-01
2.345400193682042611e-01
1.481870719384157098e-01
1.713283005446035456e-01
4.425409518519163865e-01
2.658513732651558992e-01
1.564246216669097078e-01
5.459175889839685825e-01
1.791077117599862711e-01
5.372206687881445619e-01
2.472820563356736001e-01
1.852506581832332466e-01
3.374615320727234469e-01
5.238539029290879556e-01
2.213380582214882486e-01
3.010646996222165472e-01
2.231850858662179915e-01
2.313628415709822750e-01
3.093413479297593138e-01
2.123700945952557706e-01
1.811175210686390702e-01
3.156355930282850331e-01
2.720980499368219063e-01
1.901432340367249785e-01
3.035880789132940905e-01
4.647462410421900891e-01
3.225434264720481448e-01
3.315823624157193117e-01
3.651984740842139643e-01
3.989279983462478696e-01
5.927420661380802119e-02
2.020052142791348704e-01
4.123884957375552607e-01
1.224306293744420460e-01
1.391252373719350788e-01
4.119445703798196301e-01
4.717913650083982446e-01
3.263788555852599749e-01
4.461157234646493386e-01
2.382673766244426117e-01
3.872765527734993163e-01
4.179237795757353296e-02
4.285535745401406610e-02
7.423184807114416861e-01
2.120601748380293028e-01
2.524944836171965079e-01
1.977862920737531727e-01
2.122402758223903840e-01
2.998196853375014181e-01
1.600075944104166759e-01
3.067392162625506291e-01
5.109303891504884954e-01
2.261642487094409903e-01
1.452779180933111147e-01
2.790869158870030176e-01
1.328894765280532464e-01
1.641052578021849340e-01
2.562489663698296893e-01
1.861399260207645401e-01
3.246380915386123250e-02
3.993221160787716051e-02
8.348271245380389782e-02
3.098318976678194822e-02
4.064045878018250624e-02
2.376297893442541956e-02
9.343822690499777039e-02
4.915944842223668454e-02
1.084820197177486234e-01
4.225828717510086291e-02
1.014625976904631327e-01
3.240567909342396274e-02
7.227843426344854327e-02
1.104955044140652626e-01
1.385049575348840378e-01
8.843351692468333358e-02
2.434343251844597530e-02
8.935443891177385911e-02
3.411316840220340180e-02
3.212453492689149731e-02
4.758855572490977570e-02
1.097544297254812173e-01
2.117392761519718281e-01
3.472483036479336038e-02
6.166424955613005604e-02
4.925669281447717790e-02
9.841435234305635771e-02
3.634318660821387464e-02
3.762773836417396961e-02
1.099453335922920827e-01
7.652639170709424343e-02
1.146454371091154972e-01
2.653750717400863920e-02
2.175370111424189956e-01
1.731838009256848887e-01
1.044404257607985803e-01
6.776479208528068954e-02
9.195815610791864547e-02
1.565651735737269845e-01
2.032596646502247625e-02
2.683005194618526268e-02
3.400564359553617105e-02
2.650434177419613846e-02
4.264492962400436710e-02
4.644447292075462586e-02
2.963351874097728267e-01
2.149224547185452083e-02
2.950997258479706731e-01
8.679986124181331142e-02
1.553226514965871108e-01
2.801999848296540807e-02
1.920399296326361915e-01
4.693667300053377955e-02
7.302784368973164186e-02
4.469307261545648474e-02
1.156037046256103845e-01
7.865184916634863910e-02
8.911762585160472316e-02
6.679371882352057310e-02
2.865983819009966793e-01
2.893288313009281798e-02
3.670870837462685693e-02
6.598082941703233006e-02
