6.637301728061123507e-01
1.659556235149246550e+00
8.171157561701407612e-01
8.608304188812340163e-01
1.435444425973537053e+00
1.336356060300980531e+00
1.287054652941505228e+00
5.288714784257042556e-01
9.715029527109542151e-01
9.456951401869245766e-01
9.791352655866609744e-01
6.088219395217430163e-01
9.915710712194650833e-01
7.188908697399944980e-01
8.143606985933997677e-01
1.341766856551225073e+00
1.362449724440677468e+00
7.554629433578419206e-01
1.181318939086671627e+00
6.426762032325051832e-01
1.161423471072369651e+00
6.154650274017294809e-01
2.643940334364469180e+00
4.558236317484907762e-01
1.237651660019921662e+00
7.068944266303427426e-01
1.241381736716833606e+00
6.504273835798652925e-01
1.213714853041552910e+00
1.141536243271253026e+00
6.356987983471665826e-01
5.375321787997022760e-01
9.716628918938383652e-01
3.046458851230332554e-01
8.517014605104722413e-01
4.115788936901070838e-01
1.019246521860277754e+00
4.846190307897790261e-01
6.984182771890548036e-01
6.797468817864016355e-01
6.764548937040667509e-01
3.509945569315184866e-01
6.781786287579704142e-01
6.690702154509200472e-01
3.584531058561331585e-01
3.893746733591594289e+00
1.232435420203830345e+00
3.052583189285508758e-01
4.581523814485715662e-01
1.150376640699926512e+00
7.314981500443730189e-01
4.287870844158174766e-01
2.189326095332796207e+00
1.936843207592840121e+00
1.032388841889950504e+00
6.797864788142927717e-01
6.273226735098044182e-01
4.569369620291370282e-01
1.465604185160858997e+00
5.042849834001514875e-01
9.301886693340393197e-01
4.051009181099775591e-01
1.365450267794968031e+00
3.389431848247299039e-01
7.315910688625124614e-01
1.227565890111449454e+00
5.033853602115084813e-01
1.170639879021086793e+00
1.286214415004291345e+00
1.210376264524072543e+00
1.158153120997499785e+00
3.738329947060603509e-01
1.066111535688251788e+00
6.796731986076517407e-01
2.648413954126048520e+00
3.678257824265740994e-01
1.317048025227727015e+00
4.329083418192804511e-01
9.479247364052292291e-01
1.233731082379128985e+00
1.275327933833633853e+00
5.847825808572957307e-01
4.057285321975181991e-01
1.183218830433707541e-01
4.995236495547460409e-01
7.170831158262681582e-01
3.850668140150889651e-01
6.361712285971259373e-01
5.488780165482106677e-01
6.812348790676897581e-01
4.359457538711069002e-01
1.149469945755027700e+00
2.073695849971773697e+00
4.504209084194010226e-01
8.186550414300050038e-01
6.397419068918009932e-01
4.119713827016432961e-01
2.315494124985373325e+00
3.556249134075705753e-01
6.692278221940298755e-01
4.880641488490690127e-01
5.080091886776133547e-01
2.986608875671214469e-01
5.260341868334252879e-01
3.097821171948411667e-01
7.587994742545848270e-01
6.024567318754832090e-01
9.361590425529351389e-01
7.346488471257803798e-01
3.725768411077671760e-01
4.038506485194595097e-01
1.685419100129705861e+00
5.158975752134691284e-01
5.022822441430888629e-01
6.448256474967154483e-01
8.263664321576759397e-02
7.077392612261778071e-01
6.901578901132155996e-01
4.363618074138842506e-01
4.483155415102969554e-01
6.324667340279765959e-01
5.042109785559455437e-01
1.707223618636550366e+00
1.123675232637136423e+00
7.880327893926937222e-01
6.064137607104326255e-01
1.144563640668717852e+00
1.682068013501397230e+00
5.807096704205770843e-01
5.205940232421772951e-01
4.955732038971856768e-01
6.126121887751841966e-01
3.360096695687669888e-01
7.697714552839455271e-01
1.744102489262761013e+00
4.832232000955851703e-01
5.568935773022039015e-01
1.377891122110595834e+00
4.335432795894796076e-02
4.511005441716458425e-02
3.385410092004502158e-01
3.692942238829563517e-01
1.087168500216384004e+00
2.044468788638388101e+00
1.475032717735433874e+00
6.092893151532583484e-01
1.056338457352029303e-01
1.027676047022397343e+00
6.209169063428455759e-01
2.045285949065669850e+00
4.707028344723477864e-01
5.433880189701043584e-01
4.388852176772185532e-01
2.355417121737793273e+00
6.337760249190544926e-01
7.557556364975726027e-01
6.327391650605318496e-01
3.157924295944739557e-01
3.856047703295606865e+00
1.396042747324019784e+00
4.702543765463554903e-01
2.358599674315906003e-02
7.268942150955128856e-01
5.348562136580292670e-01
7.063563944305419062e-02
6.155087566716860303e-02
6.537270072377936170e-02
1.404413965325480129e+00
9.048745482208746527e-01
6.851345823115256861e-01
3.536574805287604484e-01
7.299413605589544218e-01
2.411963671455240876e-01
3.070040621290281435e-01
1.183093765454369839e+00
4.733616976329778070e-01
3.273162797992039685e-01
4.714346901635717013e-01
7.749306993246178887e-01
1.304015041702671240e+00
3.683760974857968495e+00
1.724179756022793386e+00
1.320582665376565545e+00
1.012213407483165684e+00
1.485903136720446716e+00
8.740722107405092256e-01
2.023436206753250755e-01
4.937618869143889366e-02
6.838160399600926809e+00
5.824466346688771390e-01
4.515111871357274653e-01
2.402920266594128773e-01
1.173525245942970696e-01
5.189841144424209851e-01
1.164340938759972133e+00
1.098482984755508651e+00
1.099144862086455010e+00
1.291222964668108153e+00
7.470228401088224723e-01
2.118186648035552899e+00
1.967858479728244125e+00
6.438715353770145811e-01
4.843513644646851857e-01
1.085903642029071525e+00
4.576863024120116918e-01
1.248708029649394424e+00
4.557982568076373031e-01
8.455807469215572691e-01
1.237260273107726238e+00
1.554120306819426034e+00
1.623898479567553177e-01
1.539794772726548189e+00
3.898555368732988802e-01
1.361282632165774498e+00
6.540630793694331979e-01
7.225246782239210797e-01
1.051965100076170723e+00
8.216668518703130752e-01
9.753425052843274212e-01
4.357456550629988934e-01
5.947789200698908596e-01
4.752656922344761781e-01
1.944779871026261153e+00
1.051855665418775398e+00
5.077914989662543066e-01
3.898307587714451850e-01
4.248421540792325368e-01
9.162117310476580734e-01
5.073755145293572522e-01
8.867427237229478232e-01
4.240641640713461724e-01
3.562888202905953872e-01
1.084636712584177598e+00
4.498669332232321794e-01
1.145011831422365622e+00
8.453958489667323661e-01
7.460123606889705883e-01
6.844210265224882628e-01
1.448673035626579786e+00
1.490483554123051668e+00
2.675430565768007973e+00
3.049172587945138790e+00
5.537585846801131861e-01
1.116553422399009676e+00
3.632752036861203182e-01
9.715971391701599957e-01
6.717365794547133229e-01
4.187296497618873126e+00
7.085566509312603012e-01
3.021788299507344178e-01
7.629156960426678458e-01
1.435365976699847779e-01
1.309842519395979732e+00
1.009709436538946958e+00
1.038570660684520197e+00
9.733574454490884209e-01
2.231206973582472219e+00
1.225085047436896168e+00
1.227369396578789518e+00
4.835383883701741548e-01
2.762239974374756990e+00
5.728454725679168469e-01
1.356007743742261962e+00
1.185474175122678941e+00
1.226827039074877890e+00
8.889424553081688440e-01
1.246462312724047727e+00
2.481938800193963957e+00
1.106850038481418164e+00
1.997255581086174070e+00
1.743939984989185232e+00
1.661691423206966167e+00
9.752344153102372459e-01
1.081025998037222546e+00
1.310597765261617642e+00
2.098282286933962126e+00
8.334215832284314063e-01
2.013118566492428929e+00
1.615966916183502633e+00
1.732831954645420725e+00
4.931606268888888422e-01
1.264521742615410949e+00
1.721554137531523976e+00
1.647781730437975600e+00
9.457401751971241666e-01
3.155048896375313827e+00
5.661214947512758222e-01
7.838825631312187348e-01
4.075198968148408540e-01
8.866656162581153522e-01
8.408143293515772942e-01
1.450678455712895554e+00
3.506100304716728289e-01
1.073308441915132860e+00
6.819930527616842042e-01
1.098457163392882574e+00
1.007922068743487554e+00
1.010624296611174033e+00
7.447596828089302345e-01
1.601678518885800706e+00
2.343125092525961239e+00
1.481618106947699687e+00
1.009463540300374884e+00
9.133935615023786037e-01
1.352602690755137838e+00
2.258350391427746295e+00
7.970950905305480561e-01
1.714136848043291028e+00
6.633330056177638712e-01
8.316173525740316874e-01
1.156564653028081313e+00
3.819663009222244110e+00
9.585169693071106112e-01
1.517340999004317847e+00
1.132777049814077452e+00
7.791395783639428751e-01
8.400978946254166191e-01
1.720122036805254551e+00
1.429599327723189983e+00
1.293995567831165427e+00
1.360406819750466179e+00
1.576942111540941882e+00
1.099826317660252073e+00
9.557426963297181999e-01
1.422078654280696464e+00
6.494950732535180737e-01
6.238802313439527625e-01
1.592339041242226028e+00
1.818070998821688544e+00
1.964043049139311936e+00
1.246589907288598642e+00
1.346080128694741251e+00
2.047565850602439230e+00
8.533962156179369929e-01
9.846528255047876099e-01
2.534446846400489228e+00
1.098668534070965652e+00
9.317097953740722804e-01
7.365273995579568744e-01
8.100545150407538753e-01
1.270105964414990574e+00
6.942114754396881970e-01
1.046394222325464973e+00
2.101834254203933217e+00
1.052998382158804036e+00
2.534389708632251104e+00
1.234610796230118712e+00
5.638744009624426790e-01
7.244769075224598565e-01
1.284042237154909838e+00
3.130440676305044634e-01
7.229791296598589989e-01
8.381319294052674840e-01
1.816073616352445574e+00
7.448591754728682846e-01
4.450365355407673307e-01
5.622128555805390171e-01
1.596731387568620653e+00
1.145589759808081975e+00
1.512481443896114053e+00
7.553666881496609031e-01
1.317070677904890186e+00
5.482506358519150247e-01
1.185472490476472629e+00
1.552497694981597842e+00
3.415461287543035684e+00
1.732908400242549440e+00
6.721893238139894367e-01
2.171053277426872263e+00
7.778048550211941192e-01
9.892450587568100140e-01
4.879135636555086419e-01
1.273863236190961645e+00
1.324388763239167988e+00
1.098648330147443453e+00
7.642386184437218732e-01
6.090289996179826248e-01
1.470587277024912209e+00
8.139878705936165471e-01
6.810263724844980437e-01
7.125341173588870536e-01
1.603969312873718467e+00
1.860038601587428397e+00
4.738301889728213645e-01
9.422569360728955123e-01
1.315607089375102179e+00
6.405849509567788092e-01
1.154605706589523439e+00
5.351964948833158875e-01
1.246363833530038878e+00
8.531091401915368300e-01
6.140366755717446834e-01
7.315700971034787559e-01
5.290960518354655973e-01
6.383973916902371259e-01
9.967222436769308525e-01
1.153523472414414774e+00
3.010832551959879422e-01
1.859627627814282258e+00
7.779496479835952272e-01
1.755987141629296477e+00
5.907507522556019186e-01
1.855770034385669787e+00
8.557286635671230712e-01
1.068791975533314620e+00
6.165094945253369874e-01
1.304738152244738769e+00
1.300375828262432920e+00
1.894419253883252940e+00
1.376472036620191464e+00
4.521615138293791247e+00
8.892595530187467068e-01
5.228678931733655721e-01
1.085392284678321495e+00
