5.654607534408569336e+00 8.415746688842773438e-01
3.009948968887329102e+00 8.262555599212646484e-01
6.082456588745117188e+00 8.210911750793457031e-01
1.871148347854614258e+00 8.129899501800537109e-01
6.215527057647705078e+00 8.396501541137695312e-01
6.421981096267700195e+00 8.966515064239501953e-01
1.826950311660766602e+00 8.165330886840820312e-01
5.977346897125244141e+00 8.820381164550781250e-01
2.362809896469116211e+00 8.277218341827392578e-01
6.234806299209594727e+00 9.496278762817382812e-01
6.036098957061767578e+00 8.217701911926269531e-01
6.170671701431274414e+00 9.493083953857421875e-01
3.071737766265869141e+00 1.010417222976684570e+00
1.811112403869628906e+00 8.467466831207275391e-01
1.808630943298339844e+00 8.077957630157470703e-01
6.277941226959228516e+00 8.464422225952148438e-01
3.239739179611206055e+00 9.152107238769531250e-01
3.353795766830444336e+00 9.490520954132080078e-01
6.181597948074340820e+00 8.799304962158203125e-01
6.444634437561035156e+00 1.027578830718994141e+00
2.779389619827270508e+00 8.200292587280273438e-01
2.355900287628173828e+00 9.282138347625732422e-01
1.680742502212524414e+00 9.152011871337890625e-01
2.012195825576782227e+00 8.242945671081542969e-01
1.750795602798461914e+00 9.252810478210449219e-01
6.075303554534912109e+00 8.295087814331054688e-01
6.375197649002075195e+00 9.062888622283935547e-01
6.258309125900268555e+00 8.520622253417968750e-01
6.204586029052734375e+00 8.182985782623291016e-01
6.146862268447875977e+00 8.351669311523437500e-01
1.880996942520141602e+00 8.377449512481689453e-01
6.366560459136962891e+00 9.935140609741210938e-01
6.362552881240844727e+00 8.672060966491699219e-01
1.752792596817016602e+00 8.084008693695068359e-01
2.524392366409301758e+00 8.637876510620117188e-01
6.010856389999389648e+00 9.301195144653320312e-01
2.397577285766601562e+00 9.108004570007324219e-01
6.233184814453125000e+00 8.466613292694091797e-01
5.969502687454223633e+00 8.642840385437011719e-01
5.970388412475585938e+00 8.344507217407226562e-01
1.728130578994750977e+00 8.172910213470458984e-01
1.776767015457153320e+00 9.157052040100097656e-01
4.582801818847656250e+00 9.248445034027099609e-01
3.213335990905761719e+00 9.003243446350097656e-01
3.166539669036865234e+00 8.291165828704833984e-01
2.638729333877563477e+00 8.435003757476806641e-01
4.816000461578369141e+00 8.681509494781494141e-01
4.645939826965332031e+00 8.448503017425537109e-01
2.741544723510742188e+00 8.953213691711425781e-01
3.235436916351318359e+00 8.182017803192138672e-01
3.229805707931518555e+00 9.078698158264160156e-01
3.298620462417602539e+00 9.202990531921386719e-01
4.588795661926269531e+00 9.509296417236328125e-01
4.803636074066162109e+00 8.731620311737060547e-01
4.602674245834350586e+00 8.529925346374511719e-01
4.499303579330444336e+00 9.828269481658935547e-01
2.689282894134521484e+00 8.276238441467285156e-01
4.487004041671752930e+00 8.328738212585449219e-01
4.692807197570800781e+00 9.576268196105957031e-01
4.809108018875122070e+00 9.256021976470947266e-01
4.837110757827758789e+00 9.052603244781494141e-01
3.195141792297363281e+00 8.284289836883544922e-01
3.261596918106079102e+00 9.401421546936035156e-01
4.468926191329956055e+00 8.645431995391845703e-01
3.121545314788818359e+00 8.323810100555419922e-01
4.588543653488159180e+00 8.828766345977783203e-01
4.559337377548217773e+00 9.432141780853271484e-01
2.625816583633422852e+00 9.365196228027343750e-01
4.593008518218994141e+00 9.094669818878173828e-01
3.245739936828613281e+00 8.779020309448242188e-01
3.120141983032226562e+00 9.007759094238281250e-01
1.820933103561401367e+00 8.980612754821777344e-01
4.533081531524658203e+00 8.408570289611816406e-01
3.302486181259155273e+00 8.901078701019287109e-01
3.264836788177490234e+00 8.371160030364990234e-01
4.478239059448242188e+00 8.718245029449462891e-01
4.648056030273437500e+00 9.313130378723144531e-01
2.850284576416015625e+00 8.296878337860107422e-01
2.405954122543334961e+00 1.006014585494995117e+00
4.594132900238037109e+00 9.502658843994140625e-01
2.319578170776367188e+00 9.169626235961914062e-01
6.167623996734619141e+00 9.127197265625000000e-01
2.392140150070190430e+00 8.324463367462158203e-01
1.796721696853637695e+00 9.117677211761474609e-01
4.646484136581420898e+00 8.504388332366943359e-01
4.664579868316650391e+00 8.548119068145751953e-01
4.720826864242553711e+00 1.039821863174438477e+00
1.772565126419067383e+00 9.007794857025146484e-01
4.630897998809814453e+00 8.461511135101318359e-01
2.393377542495727539e+00 8.230311870574951172e-01
2.340087175369262695e+00 8.869397640228271484e-01
4.655096769332885742e+00 8.423154354095458984e-01
1.825449705123901367e+00 8.176333904266357422e-01
4.618040084838867188e+00 9.772038459777832031e-01
4.476596355438232422e+00 9.156212806701660156e-01
4.540027141571044922e+00 8.385784626007080078e-01
1.837136983871459961e+00 8.219187259674072266e-01
2.799716711044311523e+00 8.677244186401367188e-01
2.817116260528564453e+00 9.601697921752929688e-01
2.740073442459106445e+00 8.571040630340576172e-01
5.169143676757812500e+00 9.240291118621826172e-01
2.740965366363525391e+00 8.991608619689941406e-01
2.809763193130493164e+00 9.395616054534912109e-01
2.771064758300781250e+00 9.635045528411865234e-01
2.800420761108398438e+00 1.025662422180175781e+00
2.817487478256225586e+00 9.154572486877441406e-01
2.755538463592529297e+00 8.493010997772216797e-01
2.782470464706420898e+00 8.469669818878173828e-01
2.742041826248168945e+00 8.929696083068847656e-01
2.663797616958618164e+00 9.582719802856445312e-01
2.695472478866577148e+00 9.960711002349853516e-01
4.540626049041748047e+00 8.105108737945556641e-01
4.870790958404541016e+00 8.517994880676269531e-01
2.811630010604858398e+00 8.724966049194335938e-01
2.846242427825927734e+00 8.238310813903808594e-01
2.819345235824584961e+00 8.496010303497314453e-01
2.808203220367431641e+00 9.118623733520507812e-01
3.901872396469116211e+00 8.456077575683593750e-01
3.128561019897460938e+00 8.882539272308349609e-01
3.137881994247436523e+00 9.548177719116210938e-01
3.073431253433227539e+00 8.528978824615478516e-01
3.204975843429565430e+00 9.110927581787109375e-01
2.858021974563598633e+00 8.390209674835205078e-01
4.958389997482299805e+00 8.863780498504638672e-01
3.305951595306396484e+00 9.418067932128906250e-01
2.959479331970214844e+00 9.487938880920410156e-01
3.179079771041870117e+00 8.175282478332519531e-01
3.189609527587890625e+00 8.926289081573486328e-01
3.078597307205200195e+00 9.492952823638916016e-01
3.001877546310424805e+00 9.981427192687988281e-01
2.992059469223022461e+00 8.792514801025390625e-01
2.141814470291137695e+00 8.435642719268798828e-01
2.166318893432617188e+00 8.871815204620361328e-01
2.368779182434082031e+00 9.325592517852783203e-01
4.898830413818359375e+00 8.290870189666748047e-01
1.998061656951904297e+00 8.390161991119384766e-01
3.499228000640869141e+00 9.072866439819335938e-01
3.366851568222045898e+00 9.154160022735595703e-01
3.586962223052978516e+00 8.572604656219482422e-01
7.193242311477661133e+00 8.991312980651855469e-01
4.844479799270629883e+00 8.665370941162109375e-01
4.567633390426635742e+00 8.294384479522705078e-01
4.747312545776367188e+00 8.663594722747802734e-01
4.694554328918457031e+00 8.315684795379638672e-01
4.927211046218872070e+00 8.604047298431396484e-01
4.944136142730712891e+00 9.995648860931396484e-01
4.838976144790649414e+00 9.009425640106201172e-01
4.416437864303588867e+00 9.271073341369628906e-01
4.706519365310668945e+00 9.082624912261962891e-01
4.650430679321289062e+00 1.033619403839111328e+00
4.825922250747680664e+00 8.172073364257812500e-01
4.803865909576416016e+00 8.242831230163574219e-01
4.628867626190185547e+00 8.813960552215576172e-01
4.634645223617553711e+00 8.160612583160400391e-01
4.536262273788452148e+00 8.420965671539306641e-01
4.709376573562622070e+00 8.818600177764892578e-01
5.106020689010620117e+00 8.185348510742187500e-01
4.643077611923217773e+00 9.494190216064453125e-01
4.599876880645751953e+00 9.098999500274658203e-01
4.953171968460083008e+00 9.584715366363525391e-01
4.701562643051147461e+00 8.334519863128662109e-01
4.615340948104858398e+00 8.846471309661865234e-01
4.813343524932861328e+00 9.032897949218750000e-01
4.631468772888183594e+00 8.411631584167480469e-01
4.681354045867919922e+00 9.851522445678710938e-01
5.979195594787597656e+00 8.768348693847656250e-01
5.380620956420898438e+00 8.421003818511962891e-01
4.700660705566406250e+00 8.624110221862792969e-01
6.110409975051879883e+00 9.163448810577392578e-01
5.274157047271728516e+00 9.110999107360839844e-01
5.692308425903320312e+00 8.560483455657958984e-01
5.138293266296386719e+00 8.334889411926269531e-01
3.832340717315673828e+00 8.956081867218017578e-01
2.485723257064819336e+00 8.383195400238037109e-01
2.525167226791381836e+00 8.690032958984375000e-01
2.591733217239379883e+00 8.585457801818847656e-01
2.413289070129394531e+00 8.092567920684814453e-01
2.649548292160034180e+00 8.376526832580566406e-01
4.965273141860961914e+00 8.457484245300292969e-01
2.715021371841430664e+00 9.096593856811523438e-01
2.569683551788330078e+00 9.483354091644287109e-01
2.450090408325195312e+00 8.585031032562255859e-01
1.606058597564697266e+00 8.162372112274169922e-01
1.580610036849975586e+00 9.245698451995849609e-01
1.860073566436767578e+00 8.948612213134765625e-01
1.815159559249877930e+00 8.915576934814453125e-01
1.659326791763305664e+00 8.078358173370361328e-01
1.828143596649169922e+00 9.111175537109375000e-01
1.791028738021850586e+00 9.106137752532958984e-01
4.939855575561523438e+00 8.846673965454101562e-01
3.140630006790161133e+00 8.172354698181152344e-01
3.119577169418334961e+00 8.740651607513427734e-01
1.834203481674194336e+00 8.914470672607421875e-01
4.048651456832885742e+00 9.103438854217529297e-01
1.872602224349975586e+00 1.012619018554687500e+00
3.209281444549560547e+00 8.880801200866699219e-01
1.904526948928833008e+00 9.759972095489501953e-01
4.478810071945190430e+00 8.287899494171142578e-01
1.846021413803100586e+00 8.949391841888427734e-01
3.339482069015502930e+00 8.215830326080322266e-01
4.992396831512451172e+00 9.056775569915771484e-01
4.692073583602905273e+00 9.421253204345703125e-01
2.702634096145629883e+00 8.965299129486083984e-01
2.725757360458374023e+00 8.306691646575927734e-01
2.786440610885620117e+00 9.751079082489013672e-01
2.935481071472167969e+00 8.734345436096191406e-01
3.086836814880371094e+00 9.015834331512451172e-01
2.999853610992431641e+00 9.403684139251708984e-01
2.917821884155273438e+00 9.463777542114257812e-01
2.895542860031127930e+00 8.371787071228027344e-01
3.483370065689086914e+00 9.084584712982177734e-01
4.799875736236572266e+00 9.118690490722656250e-01
3.560834884643554688e+00 8.950240612030029297e-01
3.781877994537353516e+00 9.394304752349853516e-01
3.738389253616333008e+00 9.507870674133300781e-01
3.957073211669921875e+00 9.414064884185791016e-01
3.836703300476074219e+00 8.354558944702148438e-01
1.243932962417602539e+00 8.787674903869628906e-01
1.239432811737060547e+00 9.084231853485107422e-01
1.237797737121582031e+00 9.109055995941162109e-01
1.301022052764892578e+00 9.457693099975585938e-01
1.229243993759155273e+00 8.183264732360839844e-01
5.944742441177368164e+00 1.015496015548706055e+00
4.791095256805419922e+00 8.933205604553222656e-01
1.270159721374511719e+00 8.254237174987792969e-01
1.257900238037109375e+00 8.900222778320312500e-01
1.239100456237792969e+00 9.138944149017333984e-01
1.316543340682983398e+00 8.922100067138671875e-01
1.293135643005371094e+00 9.154145717620849609e-01
1.264646768569946289e+00 9.095103740692138672e-01
1.279902935028076172e+00 9.108486175537109375e-01
1.276060581207275391e+00 9.175660610198974609e-01
1.235085010528564453e+00 8.455100059509277344e-01
1.290829181671142578e+00 9.144322872161865234e-01
4.927421092987060547e+00 8.741443157196044922e-01
1.309101581573486328e+00 9.103474617004394531e-01
1.218865633010864258e+00 9.010195732116699219e-01
1.278228521347045898e+00 9.336731433868408203e-01
1.274199962615966797e+00 8.898186683654785156e-01
1.215346336364746094e+00 8.213236331939697266e-01
1.269759654998779297e+00 8.857624530792236328e-01
1.276079416275024414e+00 9.006831645965576172e-01
1.270877599716186523e+00 8.839888572692871094e-01
1.291412830352783203e+00 8.939354419708251953e-01
1.260101556777954102e+00 8.975729942321777344e-01
4.813383340835571289e+00 9.067511558532714844e-01
1.252062082290649414e+00 9.310643672943115234e-01
1.271915197372436523e+00 9.504978656768798828e-01
1.289867639541625977e+00 8.867406845092773438e-01
1.263443946838378906e+00 8.984861373901367188e-01
1.268732786178588867e+00 8.903942108154296875e-01
1.293922424316406250e+00 9.541313648223876953e-01
1.266171693801879883e+00 9.015803337097167969e-01
1.294007301330566406e+00 9.083302021026611328e-01
1.276567697525024414e+00 9.056413173675537109e-01
1.296132087707519531e+00 8.897442817687988281e-01
4.905088901519775391e+00 9.348928928375244141e-01
1.298424243927001953e+00 9.261093139648437500e-01
1.225836753845214844e+00 8.333351612091064453e-01
1.279731750488281250e+00 8.192265033721923828e-01
1.275907278060913086e+00 8.949046134948730469e-01
1.270344972610473633e+00 9.417793750762939453e-01
1.299090147018432617e+00 9.407367706298828125e-01
1.281731367111206055e+00 8.956079483032226562e-01
1.223578453063964844e+00 8.362269401550292969e-01
1.227250099182128906e+00 8.916893005371093750e-01
1.279089689254760742e+00 9.382250308990478516e-01
4.924618721008300781e+00 9.000577926635742188e-01
1.273841142654418945e+00 8.998608589172363281e-01
1.309554815292358398e+00 9.013326168060302734e-01
1.277446508407592773e+00 8.972291946411132812e-01
1.280402660369873047e+00 8.846647739410400391e-01
1.283583879470825195e+00 9.047963619232177734e-01
1.277642011642456055e+00 9.002149105072021484e-01
1.264292478561401367e+00 8.879456520080566406e-01
1.281454801559448242e+00 8.871359825134277344e-01
1.267900943756103516e+00 9.334321022033691406e-01
1.262592792510986328e+00 9.207408428192138672e-01
5.071375131607055664e+00 9.110641479492187500e-01
1.302274942398071289e+00 9.334938526153564453e-01
1.232831716537475586e+00 8.238449096679687500e-01
1.274729013442993164e+00 9.233233928680419922e-01
1.266320228576660156e+00 9.055824279785156250e-01
1.296192407608032227e+00 9.159948825836181641e-01
1.240509510040283203e+00 9.766733646392822266e-01
1.289048194885253906e+00 9.029879570007324219e-01
1.220765352249145508e+00 8.266575336456298828e-01
1.292890071868896484e+00 8.526988029479980469e-01
1.224753141403198242e+00 8.920943737030029297e-01
3.226526260375976562e+00 9.197909832000732422e-01
2.045021057128906250e+00 8.513777256011962891e-01
2.137638807296752930e+00 8.406062126159667969e-01
4.397799968719482422e+00 1.033543825149536133e+00
7.479129791259765625e+00 8.476426601409912109e-01
4.319387912750244141e+00 8.688316345214843750e-01
3.194432020187377930e+00 8.348608016967773438e-01
3.201405525207519531e+00 9.421081542968750000e-01
3.049130678176879883e+00 8.368015289306640625e-01
4.310155630111694336e+00 9.623825550079345703e-01
3.775204896926879883e+00 9.346091747283935547e-01
3.209778070449829102e+00 8.355941772460937500e-01
3.838468790054321289e+00 9.285082817077636719e-01
3.761273384094238281e+00 8.236446380615234375e-01
3.269416809082031250e+00 8.498501777648925781e-01
5.048942089080810547e+00 9.452545642852783203e-01
3.085941791534423828e+00 9.447689056396484375e-01
3.174652576446533203e+00 9.070003032684326172e-01
3.111204147338867188e+00 9.133944511413574219e-01
3.725591421127319336e+00 8.964970111846923828e-01
2.825599908828735352e+00 8.487839698791503906e-01
4.653329133987426758e+00 8.771438598632812500e-01
3.316168069839477539e+00 8.164751529693603516e-01
1.710495710372924805e+00 8.321731090545654297e-01
2.362396955490112305e+00 8.896486759185791016e-01
1.809247970581054688e+00 8.186056613922119141e-01
4.976703643798828125e+00 9.617235660552978516e-01
6.060425281524658203e+00 9.328815937042236328e-01
4.743446111679077148e+00 8.957364559173583984e-01
6.256861686706542969e+00 5.868444442749023438e-01
5.979442119598388672e+00 8.946268558502197266e-01
6.231064081192016602e+00 5.611028671264648438e-01
5.952863693237304688e+00 5.069253444671630859e-01
5.403099775314331055e+00 4.993574619293212891e-01
3.998427391052246094e+00 7.514653205871582031e-01
2.341330766677856445e+00 9.178926944732666016e-01
1.960725784301757812e+00 8.339979648590087891e-01
4.822882890701293945e+00 5.594849586486816406e-01
2.064671754837036133e+00 9.793407917022705078e-01
2.002959728240966797e+00 9.110615253448486328e-01
2.053327083587646484e+00 8.517119884490966797e-01
2.020981788635253906e+00 8.192605972290039062e-01
2.561013221740722656e+00 8.837068080902099609e-01
2.626534461975097656e+00 8.810198307037353516e-01
1.532589197158813477e+00 8.647651672363281250e-01
2.707038640975952148e+00 9.412105083465576172e-01
2.683464050292968750e+00 9.654219150543212891e-01
2.543354511260986328e+00 9.855146408081054688e-01
4.723160743713378906e+00 4.612834453582763672e-01
2.558800458908081055e+00 9.304392337799072266e-01
2.589715480804443359e+00 8.797857761383056641e-01
3.480489253997802734e+00 5.507874488830566406e-01
2.010007619857788086e+00 8.818373680114746094e-01
1.942202329635620117e+00 8.194508552551269531e-01
2.441062927246093750e+00 8.739631175994873047e-01
2.390039682388305664e+00 6.472446918487548828e-01
1.823288679122924805e+00 5.517601966857910156e-01
4.768055677413940430e+00 4.710671901702880859e-01
2.687132835388183594e+00 4.803302288055419922e-01
3.793148279190063477e+00 4.539356231689453125e-01
2.816070795059204102e+00 4.904146194458007812e-01
4.608052492141723633e+00 4.093530178070068359e-01
4.187043905258178711e+00 4.117558002471923828e-01
1.949586868286132812e+00 4.672482013702392578e-01
1.465268135070800781e+00 7.131021022796630859e-01
1.599956989288330078e+00 5.469627380371093750e-01
3.877536058425903320e+00 4.194726943969726562e-01
4.020101547241210938e+00 3.762876987457275391e-01
3.979639768600463867e+00 4.035644531250000000e-01
3.924518346786499023e+00 4.703028202056884766e-01
