1.080020348392553053e+01
6.083152885005286947e+00
4.968190935115023521e+00
1.571643692689211891e+00
2.217153241649411299e+00
2.845382303190799433e+00
1.249152965084066480e+00
4.812499959945582440e+00
5.410699836160502985e-01
8.557999317412942730e+00
3.468949127420395406e+00
2.938240546627160388e+00
2.667524925939668279e-01
4.861027533547129131e+00
5.287313281718532210e+00
4.467908775478077743e+00
6.037752470051296338e-01
3.687841349370070354e+00
2.343514431545142607e+00
3.592047454726776667e+00
2.920432985773786516e+00
5.997128941587924755e-01
3.198842712620252549e+00
1.729631583243473436e+00
2.544690103206836973e+00
5.305100815671177195e+00
4.603264842780509514e-01
3.182765978377912197e-01
3.595954567701028726e+00
3.667502858322356118e+00
1.987075744837229818e+00
2.648509080954888351e+00
2.758892983179790814e+00
1.418463818760384854e+00
3.215623650023395008e+00
3.819496614656700206e+00
1.026175944555337338e+00
8.882210573882982629e+00
4.483571889421725132e+00
4.468395097062169974e+00
2.590755547385589885e+00
6.730778526842839504e+00
4.625812937914616008e+00
6.585920332309217473e-01
1.683434118338598795e+00
2.319304334527235056e+00
2.039892914700801363e+00
3.300198307094371231e+00
2.579231627862013987e+00
1.215270857754229272e+00
2.412821227920152189e+00
2.885928919870055953e+00
5.012582214563770400e+00
8.583508046772231337e-02
2.099512898444650666e-01
1.516768228846009814e+00
9.021000992755622505e+00
2.363388726606224566e+00
3.840174627476334646e+00
2.544432744689733017e+00
2.137888960718360210e+00
3.915279787061547445e+00
4.438522723537562165e+00
5.043269875771080990e+00
2.385943210744563725e+00
6.038947147737994570e+00
2.067376896344610859e+00
9.079476300608401829e+00
5.014988859133717725e+00
2.145009370585078123e+00
1.124473663233001908e+01
3.592869537422101356e+00
1.491479654856826542e+00
2.488406100877303961e-01
1.915217042090672894e+00
1.470909176514625827e+00
5.616357375117047468e+00
3.324700889783691160e+00
4.814923291064561184e+00
5.611051260216657788e+00
2.372029876380148394e+00
3.260480529071137390e+00
9.277893604081315360e-01
1.040696181824688704e+00
3.528435896590360166e+00
1.314100367879587949e+00
9.555279720294406198e-01
5.388481548413753153e+00
1.980825388419660493e+00
9.777784992762578398e+00
2.351261486059025074e+00
4.182078244541406420e+00
7.832565838441018613e+00
6.834337934097699296e+00
4.242425641779580481e+00
3.152498745153260895e+00
2.480042718875395291e+00
1.396124423935205749e+00
1.094882398789180922e+00
2.256053130519455774e+00
4.539241996833084936e-01
1.135945504412820606e+00
9.691487127002959001e-01
6.422527977533160071e-01
1.688230776485960538e+00
1.099033536700509739e+00
4.961267906542303208e-01
3.328986687916082765e+00
7.160185163348521398e-01
4.717028899155568666e+00
1.429074106222944396e+00
6.950992880280012720e+00
1.662800470586125678e+00
4.663698036818754167e-01
5.893363445643330367e-01
1.056622950034161956e+00
3.669461423602129457e+00
5.917993377774596331e-01
6.853023066074205083e+00
1.991762942393460190e+00
1.162458176801014886e+01
2.372231439568972977e+00
1.527498079125705743e+01
7.568111512325009782e-01
5.972762812774798036e+00
4.186647028888322097e+01
2.046474951426780375e+00
1.410201598328606698e+00
3.246503578120292666e+00
5.704125548713013139e+00
4.504209075976268295e+00
4.452382940003012379e-01
9.901815963980821200e-01
2.516601123166826603e+00
4.503593866018967273e-01
8.588033054980318548e-01
1.833989821501739170e+00
2.620254362726755826e+00
3.632620324433673886e+00
2.240852012422892781e+00
8.413327996417233612e-01
1.848401281751908876e+00
1.803708437955641619e+00
2.054073567219762531e+00
7.847349019640017520e-01
8.172389717180602586e-01
1.680349985769424181e+00
4.264498210227300135e+00
2.426970052031043323e+00
2.195067365031655449e+00
7.673626533467681199e-01
3.238130782199702296e+00
1.840175109466115622e+00
9.938837241398268407e-01
6.067271197536802774e+00
1.936315987473043787e+00
1.318915377480997853e+00
4.059410258762021328e+00
2.762745423043413417e+00
9.498526661010091576e-01
7.148079653976432191e+00
6.950728102615326698e+00
1.346930777007421920e+00
1.646873368805073179e+00
4.209895827457147632e+00
3.967876160158173793e+00
1.175066086771224860e+01
1.488262154560355155e+00
3.000646770125328544e+00
1.111601344214165543e+01
8.492406577801101975e+00
5.508657118678670805e+00
6.677089364458228538e+00
4.430389473921104049e+00
3.569247688251253603e+00
1.099383738670518529e+00
5.904234878083361338e+00
2.753726756949173016e+00
9.618510971395637377e-01
3.209315587622059152e-01
2.840759058745030874e+00
1.641332425092860703e+00
4.276665515123010408e+00
1.086165354341927847e+00
2.417560775732483513e+00
2.142013808546221476e+00
3.023340023808899435e+00
1.317538507542231674e+00
1.766555577674654209e+00
6.274288596550607888e-01
1.065348731561815754e+00
1.636413499281023309e+00
3.189057980426319716e+00
8.557300622045465488e+00
7.089285821181125158e+00
3.784441015621792026e+00
1.572536238460205738e+00
1.724796287124299443e+00
1.184688755205438371e+00
1.068998347652433401e+00
2.174304571199312974e+00
1.686307438417125049e+00
1.444675845954525029e+00
7.810690838795559809e-01
7.516410441856528069e-01
1.414166920986251297e+00
9.276903206517096434e-01
4.257595363174548453e+00
3.495920282786827649e+00
2.346005800413570874e+00
1.416535757063515977e+00
1.550290832157696697e+00
2.535393478350862928e+00
4.291049017569091184e+00
5.279021151702114167e+00
7.592007513229799276e-01
2.564532192535998512e+00
7.536818528250159854e-01
8.373718113126008555e-01
6.626896055581460443e-01
7.532843315601468470e-01
7.558822661576989344e-01
7.331576992866070341e+00
1.171937155087736437e+00
8.220196978425261536e-01
1.439225239174221294e+00
1.312596650994776848e+00
7.259983768671126603e-01
8.248973842511773125e-01
1.299071435578299294e+00
8.131534417735046816e-01
6.928402134663792511e-01
7.195137912331537322e-01
1.889117650382583058e+00
1.425664467833281046e+00
2.162166176057308764e+00
9.505574917749314290e-01
1.081749454407579636e+00
8.430460125615691913e-01
1.220925667088254229e+00
7.225353295266032649e-01
1.426957937999642656e+00
6.624171416395265855e-01
4.804362880347721187e-01
1.127704685507754157e+00
1.027853796271431808e+00
1.314576760570179470e+00
1.145781902994591261e+00
2.074903762975072841e+00
2.735621524107407332e+00
2.245233939223878927e+00
1.509469805660238029e+00
9.935975131675821581e-01
1.656260432731957666e+00
1.317127924985357579e+00
1.015093112479993342e+00
1.047690494747190337e+00
1.542163435032174901e+00
1.376998540996391851e+00
8.697295823978730134e-01
1.501661165797108843e+00
1.480010140898810000e+00
1.241689825538589975e+00
1.225669277298795823e+00
2.253789363681142799e+00
2.611709036155845709e+00
8.499511289423894445e-01
2.185254250767636908e+00
1.072152016559828391e+00
1.048667518699776702e+00
1.111309633271508668e+00
1.351170463141582179e+00
8.902532973690872042e-01
1.387938935308427268e+00
9.374697922601127331e-01
6.803275771241723557e-01
1.261470595407286011e+00
1.512083301830054571e+00
1.168336529551609937e+00
9.854735218712403766e-01
9.543478172627304357e-01
3.071362075655633017e+00
1.761790980683759944e+00
1.317166731348814013e+00
6.805678336407786633e-01
9.867910924214674528e-01
1.283194319363832214e+00
9.196691528686944395e-01
1.244165130283131582e+00
1.882644941617519940e+00
4.685763485792349137e+00
1.050843744925460399e+00
3.518027892834711068e+00
1.513958773537161129e+00
3.974993770909182267e+00
1.337245187023647253e+00
1.215085291378827703e+00
1.233367959094463062e+00
3.409897681045229056e+00
4.457413832298430911e+00
4.606734290929207276e+00
4.842663327807128049e+00
3.374056307698252599e+00
2.949530347434111466e+00
5.427573254719201268e-01
2.431954044696581718e+00
1.831923054977584675e+00
2.788210331401293374e+00
7.969011692275781433e-01
9.727681213036166730e-01
1.888831649358383657e+00
1.820795328016629133e+00
6.801218821247427826e+00
2.453272197917863995e+00
7.166764669324113823e-01
5.949287454995554336e-01
6.757113480125989113e+00
3.653775367000619223e+00
3.134194305288250160e+00
4.243385249140247950e+00
5.523766249664565642e+00
4.307339588889303350e+00
8.811848027446572473e+00
1.968806744653841889e+01
1.507722866348780943e+00
1.365074271436749642e+00
8.125439116400268169e-01
3.310030254992913257e+00
2.844858262038863495e-01
1.517998305814369342e+00
1.582689473469814700e+00
8.874413295420024994e+00
2.694088170533371684e+00
1.273058326903821369e+00
3.133257665969717110e+00
3.217443356329647841e+00
2.736842159682660647e+00
1.635980883751019688e+00
1.584589073435439532e+00
2.717149899344692976e+00
3.186380763556211360e+00
2.337254899179175727e+00
1.950287263928801806e+00
2.166188487209417701e+00
1.338556749578629690e+00
2.373383095664828968e+00
3.072293107176509608e+00
1.484222214032783649e+00
7.698073780205346717e-01
1.004517904282645757e+00
1.599731417012370427e+00
3.595707219948969691e+00
6.260092567796634588e-01
3.896642363761651406e+00
1.569193239023607189e+00
3.377432344528100483e+00
4.562135533353310901e-01
5.301732182734362198e-01
5.111271656951449138e+00
