id,0,1,2,3,4,5,6,7,8,9,10,11,12
W1,36206.198311692635,36097.78708360333,36438.66451032106,36361.81494706316,36355.89994926906,36513.26766523872,36376.32817715335,36401.29867769064,36554.11842165318,36416.29822300464,36442.14943410509,36594.96917806762,36457.148979419086
W10,5120.575409178997,5092.662445008046,5087.517873371195,5086.942933772292,5088.000912791029,5080.3735510915385,5053.2419284408825,5041.244781464424,5038.781671416324,5033.349618932449,5013.322820214436,5004.821983803761,5013.787899830857
W100,11383.176879186536,11392.485142610472,11359.764905708415,11387.255852905948,11395.004235976157,11373.232564175543,11396.366448272547,11390.645431006309,11384.666395593658,11388.597979441134,11366.749660678202,11356.469365247503,11358.172911634589
W101,9884.823069092468,9883.68403543236,9854.311731003472,9889.25873022717,9855.316334030726,9825.732908760909,9855.212766907214,9901.848039057517,9903.148906895663,9877.709264168703,9901.456247667451,9940.062871089034,9931.318468183792
W102,15872.870772156803,15880.597505492631,15889.752983936622,15889.400909596288,15895.772803567157,15904.088466051624,15905.277771076251,15911.649665047122,15919.96532753159,15921.154632556216,15927.526526527085,15935.842189011553,15937.03149403618
W103,4075.967725474704,4077.9485600888625,4062.384274796831,4053.1214616362195,4061.560936151692,4056.9948458385884,4062.800843904885,4059.240601005286,4056.856458216854,4044.4148463265396,4058.498370462148,4051.4626467876637,4050.2629998695993
W104,1028.4123153270868,1024.3475823393858,1018.5697623306664,1015.7876734072555,1013.7628097965446,1011.6420205862983,1009.3592656689609,1007.1464022924017,1004.9335389158423,1002.7206755392831,1000.5078121627238,998.2949487861646,996.0820854096053
W105,9149.79425304209,9159.821597090038,9155.796934142083,9167.776203964602,9175.500923810316,9190.239508208258,9194.876558837736,9188.034181307994,9190.438885278882,9194.686681878264,9193.5612935623,9200.513666679562,9196.534324456105
W106,2152.8032625266433,2152.632635086762,2154.733993314039,2155.5258565132654,2157.132808336473,2157.429029142361,2158.3590849094917,2159.0783253444847,2159.9442918203786,2160.7102674416574,2161.576233917551,2162.34220953883,2163.2081760147234
W107,23850.628724977498,23859.321182642216,23868.01364030693,23876.706097971648,23885.398555636366,23894.091013301084,23902.783470965802,23911.47592863052,23920.168386295238,23928.860843959956,23937.553301624674,23946.24575928939,23954.93821695411
W108,15927.731463334287,15931.776739589533,15886.61406715737,15870.986897619787,15905.491344551161,15924.13929352669,15916.325727355055,15908.355230822704,15970.479825262197,15929.101584641496,15924.519293778663,15975.92215575541,15952.542800049543
W109,14199.140247282785,14185.894851006637,14137.528049517616,14157.6988020603,14193.591211139501,14210.25728456747,14162.420532123739,14189.122231349957,14223.565950047308,14217.306365406072,14211.00985877153,14205.648611749592,14234.114339801841
W11,313.84171574349534,321.28767546365907,301.49101927926824,329.37263884552283,340.3616480480697,321.9833137730485,302.3000082782561,314.64341815458215,301.36207981198925,309.9552048648303,290.24003153414276,322.88028435200783,320.1224780892428
W110,7240.740052520195,7258.638667967757,7319.217702384193,7245.89276427611,7233.559711684475,7231.084446415381,7207.44313215215,7220.311196489585,7226.168204066083,7240.415940498975,7249.919197311228,7265.811721973906,7240.343588661279
W111,1059.4156787190223,1048.567021267561,1038.6437730585128,1042.2618768117643,1030.3500430361125,1037.0532434605782,1029.6321802846342,1025.6084317888076,1019.2132462485896,1021.9950104054666,1018.7235206276289,1015.1838299365122,1006.6993945383335
W112,9439.108641750252,9409.585067549748,9405.978364008004,9417.93583155299,9465.66770483171,9448.308535689534,9418.839063537036,9411.617488514144,9464.731488327754,9492.6075738406,9457.36444091485,9423.921126803205,9425.296204102677
W113,720.3230284812103,709.9499935970954,707.5401529827511,700.1893084725999,691.6941236578143,688.2208455372667,689.4438730874442,688.1063655660279,688.53075184366,690.8913288354113,681.0085448638993,674.2258726519806,671.0472632594274
W114,10597.254774209603,10665.21165383245,10604.373660926045,10645.98405386439,10723.190859745591,10676.697988896622,10740.998160353543,10677.195343737258,10813.242018083285,10915.443310811617,10876.478365757259,10948.020880762544,10920.101394260946
W115,11286.060755686021,11292.506750084423,11244.407907876604,11177.47739934524,11208.889774284762,11175.06860517686,11207.339715276525,11291.738669146707,11224.550860351173,11313.454074631316,11210.263455370634,11203.755826228771,11198.75864369928
W116,14752.118026499356,14641.441536206734,14383.654815768583,14517.242001793762,15073.556199888602,14728.357118514888,14898.970732007512,15305.068879930706,15642.088173485452,15223.812894650338,15038.221560002276,14975.766846006965,15323.48814958199
W117,7065.062149854825,7068.915712937021,7083.558619397747,7085.963969993269,7085.57822625516,7099.9070570750655,7104.363600839546,7106.4748429888,7121.5170881943,7124.148365771043,7123.874791740697,7138.97350907811,7142.735761092205
W118,1741.3491386175842,1743.6434788938948,1733.9672806775247,1735.2707862159898,1742.9790718762745,1746.6841438241051,1744.4254935676718,1742.582281519754,1747.182422863972,1748.8773965906,1740.1044069253596,1741.2925766067403,1749.7279906565466
W119,1017.0637237004016,1053.0307838466986,1038.1393045424657,1022.9883539602436,1051.1600282014488,1035.8495628116557,1002.8790585435736,1019.9756197079606,1033.3138401534293,1006.799556580237,1013.7345106231446,1025.5253087056117,997.1175373760595
W12,1066.8033398173009,1072.053313773119,1065.966712996048,1096.8647448743307,1089.331494609168,1089.2775527689105,1086.8146036352573,1083.3040232903356,1076.3140800738142,1069.4436190297056,1062.4976761377322,1056.2714228948096,1050.542012979453
W120,873.0905721496821,877.6717527721032,883.9972482303493,899.109734152298,927.2230276379792,875.8498658522259,865.9894788840172,877.8534896015618,891.1301208885029,919.916653633767,884.8119615395286,878.6629159401978,883.7887227795159
W121,10356.603719081006,10357.152032218693,10360.629411800648,10364.679280544939,10368.918823618631,10373.802281418259,10377.461391305484,10381.120501192707,10384.199177893464,10387.85828778069,10391.517397667913,10395.176507555138,10398.83561744236
W122,377.86602808244857,384.08319288638745,379.8184484361275,385.7624983121318,378.1638940115529,387.38500787072576,375.5689414397377,389.6177928229263,374.84228302316114,389.80975070932914,381.7545547349157,388.76711501409386,384.03383492111857
W123,470.80800285854093,475.39569852397585,476.02750152601175,472.89203439473863,470.3719427585843,475.67074642212947,476.5333300738689,475.3865763684744,477.5247034388649,479.6971740278159,479.5767048531834,479.2270318309918,479.32598680427327
W124,8498.774433015993,8513.421345029086,8505.883055788112,8499.537992701109,8517.025813093212,8509.796604925703,8521.878824451884,8519.414655915107,8533.330359398577,8537.23290978084,8550.661593002827,8559.861059140741,8552.139348268593
W125,10860.21256151607,10840.918770457303,10862.381754418795,10869.721509725316,10869.023999002213,10873.249943595065,10881.849853717344,10885.333068412168,10888.7717590376,10894.33541950932,10902.199695687828,10908.049233890935,10911.157242511903
W126,9609.780061123527,9599.337268063004,9595.296381692955,9574.405732004916,9596.280532173801,9605.27882027559,9604.99087662469,9609.070726229013,9598.011735795166,9569.998380045117,9588.490407168367,9625.157677757008,9625.125002903997
W127,10979.774063325893,10958.243453349543,10936.24401234076,10931.805361430796,10974.992147249532,10990.47374132774,10976.90425255782,10973.853028700902,10976.01755143022,10980.449017972815,10983.74588308346,10987.042748194106,10990.339613304752
W128,3623.7272881435183,3583.4823538222245,3546.045342292795,3561.797529743244,3576.3716632909936,3590.7487007287627,3590.0677856234324,3585.5933822300894,3590.394993410946,3593.8269245519236,3591.9081058502143,3595.6940472914653,3598.054599705603
W129,1008.5134242420351,1002.3586076639364,999.5799769855198,997.8528547980135,995.959942154109,994.168992992974,993.2000600013077,991.9727367247489,991.1255138825588,988.6131548129852,986.2516395525429,984.3645816889791,982.0455533513903
W13,2332.767467683166,2340.121991436021,2334.0500924125768,2370.9297153445505,2357.5082831631594,2383.326564971601,2371.707744228443,2384.468595150999,2355.4360605071424,2385.6921525830653,2354.197409734399,2382.6851558204635,2358.8378728518587
W130,8156.321565173748,8160.273670533807,8161.398771956287,8161.564741784021,8164.918946679503,8170.429299185269,8173.575214873366,8175.475441792306,8179.243093721029,8183.131241679548,8185.562233571989,8189.523222684799,8192.944368972947
W131,2152.06932600305,2149.6496952171387,2149.426201264985,2150.128382456294,2147.4976573729446,2148.1997663937673,2148.65630020842,2144.0328120372283,2146.2093927792457,2144.302270105193,2145.94510420579,2148.8936063148876,2146.2969385074107
W132,22582.292430090958,22590.409572092838,22598.526714094714,22606.643856096594,22614.76099809847,22622.87814010035,22630.995282102227,22639.112424104107,22647.229566105987,22655.346708107863,22663.463850109743,22671.58099211162,22679.6981341135
W133,13792.70030259369,13763.863979250918,13783.329254236452,13794.186198514903,13777.675096430692,13783.586748550493,13803.869992565309,13805.324018668536,13805.522427942691,13814.691807575211,13822.037386560263,13824.946819770114,13830.67788471558
W134,12052.919276962954,12026.735892874185,12035.883829044047,12040.213248940472,12030.279660704273,12037.081452688772,12049.412285941926,12052.279374073853,12055.509157719582,12059.051918760473,12065.768627514506,12076.181166470466,12072.31817355565
W135,6192.910921041028,6191.939183603379,6200.782490471751,6203.815552541137,6202.996552639632,6213.347812380229,6215.823583981271,6224.858988188796,6228.480639792277,6237.495730515147,6241.1173821186285,6250.1324728415,6253.754124444981
W136,6358.873862996725,6359.917129107294,6363.736625285646,6367.49672242771,6371.277418991547,6375.077515362642,6378.877611733737,6382.677708104831,6386.477804475926,6390.277900847021,6394.077997218115,6397.87809358921,6401.678189960307
W137,6999.377394398739,6999.732928268306,6973.805905894687,6977.60200019401,6972.950240167342,6981.590050026944,6986.433950415039,6985.110129204088,6993.024609940139,6993.873399689391,7004.081716335055,7004.788430873157,7010.9218144645
W138,330.95471332808347,356.0515906281565,351.002511639863,337.80680997171146,318.5407018942539,335.65807919595665,334.7589024793502,342.99556867368096,336.3648716690238,309.86676974768625,315.66336615804914,322.6537928351596,335.83062529994993
W139,7865.335722466507,7820.786260746496,7820.48232224305,7825.40944879237,7816.396341029582,7745.2722594467505,7721.490711083369,7698.643786050642,7875.183445470366,7934.3877358393875,7907.692286777959,7853.17788768114,7882.768240508304
W14,2374.2453023649077,2365.110129028793,2382.731248775287,2392.0297524749476,2392.48921929497,2396.4633943571016,2391.6954921259467,2400.0890741998796,2396.1288111855306,2404.1490609427024,2399.381158711547,2407.77474078548,2403.814477771131
W140,8219.588840886801,8245.00518431506,8199.507650470232,8207.08110891156,8204.907954789032,8239.790034639322,8213.86091449146,8222.191080871322,8251.305180513866,8229.159118872572,8162.94975143589,8123.698592939452,8090.103390918567
W141,11218.008268582682,10979.173112019696,11052.195663160286,11030.682006168894,11101.925770506758,11437.24843879437,11189.817205570454,11326.44270680306,11385.84392924069,11392.887507625097,11230.619783415432,11059.177021095278,11136.782924678708
W142,5413.549950332383,5398.310280713096,5376.014602315521,5382.597309967398,5396.1223856865745,5418.751430526509,5413.081992758973,5412.684482038546,5424.0085185472135,5422.702837131559,5441.336900324979,5432.762747049704,5445.847597134924
W143,11273.791534374212,11284.201310241166,11280.146984155508,11303.662728073541,11292.059336748283,11296.353057090362,11295.026540866753,11296.415964143784,11323.340361335906,11327.942321006783,11320.108007923847,11339.3140231781,11354.854100550263
W144,1002.0189882018618,1010.6999076891868,1039.505959486911,1036.8501498907135,1039.8716527724812,1029.0140022580208,1037.5017839182253,1039.1335988556266,1043.2055466399725,1038.1622858980384,1040.017066557978,1045.295989689705,1046.0521038851764
W145,8315.76538714163,8388.148562157172,8452.53452973577,8358.070152231754,8322.2163101505,8522.386013544774,8380.658573412471,8251.750811770464,8466.92231618338,8234.77638651877,8424.042784061701,8412.641424638787,8576.269045058463
W146,6729.404068462905,6656.6123892168835,6687.240330756781,6732.201192267591,6699.679405965744,6670.700962816971,6707.167618245694,6731.799776115717,6688.954225924941,6703.58704579267,6745.428052522124,6724.565553836011,6692.805478260468
W147,123.11810075372148,120.94300867137838,120.0424247933563,116.85722444343605,119.69135968257046,118.05972338713286,116.61581048692392,118.99607184726699,120.34542485774648,120.30174159469414,119.24607494432007,118.25818556271406,118.36390174950657
W148,223.76821378825616,224.19909943893526,225.6000841560624,225.23798772820305,224.9276982821441,224.584788847425,224.0790020355821,224.05035157728958,223.76425735402472,223.62749999403695,223.1725169337226,223.18814393939147,222.847794068339
W149,4393.570816997606,4388.605544587498,4389.745284032442,4387.479198575373,4386.971361661067,4407.651161394537,4391.536737469452,4397.509289002065,4395.0058869773475,4397.720145368502,4397.895831828604,4420.085636487078,4402.728974355905
W15,4119.066213567023,3953.004728469511,3525.9900691678586,3376.442292140685,3444.200901198785,3344.479830073681,3177.2159753780306,3202.2145025423397,3303.130123778953,3292.092315659351,3364.0778247919266,3442.6632547794798,3571.161301944835
W150,8106.468252008461,8075.620739841303,8071.212663453274,8095.876985157539,8181.887541462955,8132.700788414591,8148.504983946513,8183.461991196106,8165.4395266007705,8168.296703555232,8182.909618515808,8166.020257126131,8215.976563241262
W151,6278.254912543525,6287.677595880692,6273.7254273526205,6302.489332560091,6316.588171228034,6290.950348105638,6303.673678488558,6311.573067437244,6294.118856426269,6319.285104501814,6332.998696169758,6307.43122494878,6320.154555331701
W152,8383.908903408941,8403.655512855374,8405.243435334294,8418.773679469612,8404.702046081702,8408.415551137638,8413.153567890216,8434.65221139,8438.365716445935,8441.366521279408,8427.92114736568,8431.634652421615,8436.060857700013
W153,2925.821063666293,2996.660857468707,2908.3684153285394,2915.6632501460113,2934.3133963283203,2973.8071794699945,2967.378870621165,2977.261885148472,2988.6391952426275,2927.988442523253,2987.605607507977,2967.290425324858,2981.1025943734808
W154,8694.65233939782,8705.955352602025,8717.258365806229,8728.561379010433,8739.864392214637,8751.16740541884,8762.470418623045,8773.773431827249,8785.076445031453,8796.379458235657,8807.68247143986,8818.985484644065,8830.288497848269
W155,4613.682585615783,4628.68381357828,4632.605417848867,4629.701833176141,4631.130225595246,4636.647134139606,4633.333545446036,4654.372212370741,4642.610746446803,4646.673230578206,4652.543660911035,4639.875960623803,4639.00050208525
W156,5442.496977997122,5449.981995435578,5449.181840808989,5453.262126527205,5456.5069070903855,5464.725600906511,5468.268599603249,5468.692133270076,5467.959271833371,5470.608850675644,5473.787544801437,5478.467862245023,5481.6344222057505
W157,1434.4601831135979,1441.33762920527,1443.2459595499877,1436.1976216906503,1437.856514348899,1440.9686846324803,1442.4403087950213,1440.4479021846487,1438.2164825979353,1440.7746510535253,1445.5266510289857,1454.1541502380835,1454.1702560902636
W158,16498.246955838044,16505.378860436555,16512.510765035062,16519.64266963357,16526.774574232077,16533.906478830588,16541.0383834291,16548.170288027606,16555.302192626114,16562.434097224625,16569.566001823136,16576.697906421643,16583.82981102015
W159,9231.521481384649,9207.499275068212,9219.491111420322,9213.757433534698,9227.923170673836,9220.71409134153,9229.334953185937,9230.329184675005,9231.156180210739,9229.223075892569,9229.347811430773,9229.055247784205,9243.372898408086
W16,4118.309397725547,3986.4867579010834,3666.2552271692393,3375.4267875681303,3392.2498786351935,3383.5676226862042,3337.8808220481096,3171.2220035718206,3229.7840187226366,3274.6321134151826,3307.7277585316365,3398.710489783597,3723.067846694076
W160,8006.972687805989,7979.33324067088,7981.383852153353,7993.945519848979,7935.977942682106,7918.419551007819,7911.286096955293,7923.2624883193575,7930.522205242346,7938.385507217183,7938.135106612855,7934.69730786729,7938.510164126805
W161,12054.88512477945,12084.65866079107,12096.069719293917,12095.874443590099,12110.359360704997,12121.097994654217,12128.285169359755,12137.31148904776,12146.337808735761,12155.364128423766,12164.390448111768,12173.41676779977,12182.443087487774
W162,4366.36258847022,4354.031492636388,4328.172452382826,4296.921617986453,4271.921040216516,4268.408381681857,4286.068918838495,4291.604190319128,4295.801167131894,4315.621572935763,4299.943452096439,4295.536229596924,4292.533942898045
W163,3759.7022747784795,3745.6425258935146,3737.339211516102,3730.323496761316,3724.9753865663843,3717.826478411212,3711.0800241048214,3704.333569798431,3697.5871154920405,3690.8406611856503,3684.0942068792597,3677.3477525728695,3670.601298266479
W164,24767.058611519435,24651.36691410138,24586.18739465642,24560.018748666742,24710.570061006525,24820.554909301987,24696.31104567935,24637.41150393537,24612.189691469,24752.80725641933,24868.495675864295,24744.25181224166,24685.352270497682
W165,3800.186436926653,3630.418069652387,3758.312949678757,3588.5476491747895,3709.004264565324,3667.076477617561,3639.6469606669957,3693.6135122618934,3692.4586135448894,3664.1652325811356,3743.978445018463,3797.6412945811194,3824.401226694735
W166,2689.36874494751,2701.723450453948,2702.9910163752534,2683.1783690154357,2662.5855100480744,2660.964565879824,2662.6704636641034,2688.2730974572746,2705.5513722604305,2711.7507659839216,2694.842323576947,2679.4983495353736,2674.3926881623966
W167,3053.2775680644663,3043.899232115111,3038.969179769957,3068.230927503992,3056.5513212860883,3078.0973529456173,3062.9956618549236,3068.0693277207088,3040.467808467321,3052.7611278258805,3049.721858831351,3060.5080575358597,3057.4083592631796
W168,3612.086736151694,3455.873362549732,3281.7346278612495,3243.5143462730603,3278.552219933863,3308.5424237583047,3329.5192317626293,3386.4540082035082,3382.6280409866267,3406.4776632463754,3473.533710464299,3490.700231260291,3468.2139681209514
W169,1664.143970158285,1658.4698108846485,1651.3205145599431,1658.4970305253912,1663.3951035931266,1661.0939297424281,1659.8075181427657,1660.9078490053032,1668.3842453135426,1673.5588593498842,1666.7641833263303,1659.7412174761603,1667.4395298777636
W17,12070.13289481945,12095.961054431229,12079.963753535278,12091.104484173005,12123.04510666044,12142.439501169472,12141.545747012888,12155.900549209155,12168.342618383249,12174.704385568457,12188.941471445502,12223.981272650655,12240.610735841328
W170,3587.6553816784094,3589.1348954322248,3590.418629128149,3594.2018575006778,3596.059129598945,3595.4198439843535,3597.1479345440166,3600.4365977223924,3603.0330876914186,3603.754614221266,3605.0770033271324,3606.3607370230566,3610.143965395586
W171,6043.549481722266,6043.919114859689,6044.6761002677,6042.426551076635,6045.277800177989,6046.353387020683,6047.322746542869,6049.426899372966,6050.5502995627685,6052.501530054896,6053.717702173624,6055.668932665752,6056.885104784482
W172,3662.4047500531533,3663.6811865906066,3660.8943860803865,3660.7235648695573,3661.7492335846846,3665.2057588756024,3667.0784022652438,3667.1782472900236,3668.6604393875327,3669.7157831515515,3670.9749553606953,3672.234127569838,3673.493299778982
W173,3348.049637642042,3492.4732851768017,3453.384147551984,3421.636830413312,3364.8226368069636,3461.4202734456626,3363.7195379289283,3579.249609222511,3609.061344078638,3671.1614230047994,3288.7067557845066,3399.7494685617876,3349.9348169222003
W174,2810.4334294964438,2801.2548118406503,2807.8100291983624,2800.165404342891,2809.2965475919964,2803.7224607024114,2805.8691275907154,2811.6506440897665,2807.3440232334488,2818.249460875746,2812.1475688122314,2812.793135511756,2814.4105739940665
W175,3252.386547012184,3248.995452570656,3249.867189327956,3251.5702657458605,3253.6012891469386,3255.3386781790446,3257.076067211151,3258.8134562432574,3260.550845275364,3262.28823430747,3264.025623339576,3265.7630123716826,3267.5004014037886
W176,2540.181068748777,2471.1681455300777,2479.5826398895015,2524.835400665902,2562.3510460038083,2520.0364199342403,2463.3283099049168,2470.8279865962386,2533.853622152107,2544.274686702135,2498.2920159993005,2479.365235852169,2531.7311260662614
W177,6716.497981721784,6656.703620049731,6709.8887139871895,6737.091958899664,6748.821367920951,6751.67875108684,6755.263325910311,6769.794959484663,6766.236957033334,6756.413977928336,6752.937936174544,6768.850692549967,6799.9227908021885
W178,1491.1783717490555,1498.1651880739041,1501.9112836536754,1503.3215740993332,1482.1007951394083,1474.2775067972254,1481.1325921109062,1490.6788663585166,1495.8086723767547,1468.1190416462032,1465.3785835342578,1471.2424080141473,1482.360462728937
W179,2706.1055083793303,2706.8401783795885,2706.949830423988,2712.296704372606,2711.0891884842954,2715.1520446252734,2712.555416228888,2717.3936342230663,2713.147077397257,2713.529319397772,2718.11985454422,2719.2773394974,2715.550833672027
W18,4344.451588381226,4356.778612205798,4369.105636030369,4381.4326598549405,4393.759683679512,4406.086707504085,4418.4137313286565,4430.740755153228,4443.067778977799,4455.394802802371,4467.721826626942,4480.048850451515,4492.3758742760865
W180,7237.00894556881,7238.073840890947,7238.359864840266,7237.524557273379,7242.757427162928,7241.793058996558,7243.783374452834,7244.083813012568,7246.64715128048,7246.840561610814,7251.961989183209,7251.343455794618,7253.333771250895
W181,8812.12106228876,8814.223449215402,8813.746048235425,8819.29066654992,8823.37549469151,8835.368590398828,8836.12886295252,8844.263380163953,8839.988084621771,8864.184704528032,8866.843005343679,8854.352968962969,8873.9056657145
W182,1354.1231598337934,1349.6589693588026,1343.8841780299936,1334.484893027177,1324.7224888862909,1322.7006847957068,1298.6941871018578,1293.6607786821526,1268.2719241800005,1258.452216872543,1252.33361250424,1252.288660972704,1251.3171885037568
W183,6087.863591966906,6043.988542350741,6047.640232012801,6051.908610683018,6045.076183842325,6037.780384715866,6047.371675832689,6050.590886939132,6057.824856085722,6066.045094838917,6083.214834476055,6075.777341395967,6068.420065670745
W184,4599.956201431935,4605.003287026675,4606.368283365711,4608.588967626739,4610.251382867024,4612.257261723976,4613.503300239753,4615.950088701015,4617.4642056315415,4614.850357066488,4613.490157590511,4612.445913872464,4612.939491673643
W185,4066.9873864059673,4061.4870598849648,4069.7547837763505,4065.9228592601107,4073.556841917684,4071.4746505514213,4074.926147379779,4073.1592227725364,4068.952511979553,4073.340110092283,4074.3248348987704,4075.4897259789486,4077.505570276599
W186,1737.107230184656,1736.8316473875973,1743.2813460639986,1748.259404651066,1745.3041032899955,1746.0733471802366,1742.8443970962371,1742.2179419720435,1741.65963069221,1743.408004849126,1748.266651696149,1752.3773381451638,1748.8114058629767
W187,928.6924290061781,932.8083935302652,921.8014236561341,920.9985569503299,925.6736408361788,928.3626932912034,919.045872568873,916.5122367836926,924.9599063213216,925.3892762600765,919.6658337139157,920.5454190276466,919.2729224462993
W188,2278.093756061089,2286.4119506214042,2306.806218068807,2316.4570276089853,2293.257976620657,2236.0327082171348,2273.548563692715,2285.572911829897,2323.0277275033227,2280.3434261368766,2231.948450433918,2252.071278987009,2271.928488306006
W189,2017.7621682596116,2044.8766086048008,2087.001265445138,2109.0342082205048,2096.3221245730997,2088.071395937352,2117.2824808883097,2088.558324397704,2098.697073549609,2112.4266585616206,2102.0412099460327,2077.7593888724477,2105.4735156659026
W19,2788.538934966228,3014.137482682175,2966.500188852744,2847.3504522727826,2799.277492676355,3069.114951731659,3700.336232238824,3601.5515372102886,3521.817578488851,3634.411459593854,3710.422487259528,4039.150791240096,3879.414406400019
W190,448.0730913060739,449.79516629247473,447.0351965727118,451.85245013377096,445.991738010135,443.67393147965214,448.3460207239656,442.42080674331726,438.981728255934,442.3995383608918,439.9240833124725,439.6887231201559,438.90169348152637
W191,6481.551901165933,6745.993303118901,6993.009950842438,7010.679651809224,7186.919188286582,7365.637491203232,7226.019865751022,7077.441690989439,7096.822619684608,7085.478240725697,6982.856212083882,6966.984271696032,6969.1909232671405
W192,1126.406434647471,1163.0027907549313,1153.9430093076398,1130.3336393542384,1121.0107551125088,1120.2517996405359,1099.9733784085602,1107.5356783159355,1122.0292747570077,1136.590975828145,1142.1872053967966,1150.3790169490296,1165.540472925562
W193,5975.605374138931,5969.534268582559,6060.96072530269,6113.530138119604,6109.463050784282,6043.255274890553,6048.540496572327,6008.5296809374295,6004.292549727287,6021.303600147798,6088.533641281239,6120.3147480258995,6079.759555644038
W194,479.7137428512272,474.39520425913366,470.5102304340397,467.47420218735886,462.7660590237791,459.2723144077446,456.73094169926054,451.36301028514305,451.76807966765807,443.84771589204723,443.50574193915094,437.0514681301224,433.38232590445443
W195,970.1627776503976,971.3682498664164,972.5737220824349,973.7791942984534,974.9846665144721,976.1901387304908,977.3956109465094,978.6010831625279,979.8065553785466,981.0120275945651,982.2174998105836,983.4229720266023,984.6284442426211
W196,9578.953858834097,9593.523939041874,9416.47806719797,9380.630624521247,9299.867236190143,9351.912787638776,9341.25687400583,9377.24855261811,9363.974441972332,9383.316562332118,9410.682465563228,9366.905780919125,9297.769891364655
W197,3364.0891645873126,3398.188506512532,3424.791761504788,3386.7572423507645,3361.957605978347,3382.8716342193566,3399.204240209221,3412.6072042258515,3400.1976437904545,3411.89865255777,3403.255021719924,3410.488309409255,3401.6092328384916
W198,2348.067349691816,2333.299201537093,2249.9433511629577,2272.4945046683665,2287.1901225848715,2315.4139151420554,2312.634046305855,2270.760104445173,2274.8975525182673,2292.444803896737,2317.1420282792355,2322.2372839529326,2272.835037904234
W199,793.8282934849867,834.5571164284343,840.5021563726004,839.8693442336712,844.657765937176,832.5470456405808,834.8184727626331,839.485717276347,841.6998507739811,836.021490455799,838.3097445091996,846.1470841278017,843.3297236495143
W2,3505.0175206230924,3540.8699395454128,3553.69679836809,3544.5307014844807,3548.993684592894,3548.1314808746397,3548.7343404646513,3550.648610101533,3552.562879738415,3554.477149375297,3556.391419012179,3558.305688649061,3560.219958285943
W20,4023.098414782444,3746.082159956057,4035.488447559139,4181.524076919362,4716.476019656278,4728.062826455803,4623.703274374074,4702.1474674825595,5050.282985378728,5222.270784636621,5449.005273028611,5114.580222334161,5159.305675224963
W200,1805.6396557809812,1745.1765994597554,1813.536353699711,1756.0051898484253,1840.4710442856149,1687.3904204874088,1880.8718888031372,1898.6398622906681,1883.59709661927,1917.8954807603004,1840.6333894937907,1739.762536811706,1816.2861926814448
W201,1972.8455658865453,1975.1093001955066,1977.3730345044685,1979.6367688134299,1981.9005031223912,1984.164237431353,1986.427971740315,1988.6917060492763,1990.9554403582376,1993.2191746671995,1995.4829089761613,1997.7466432851227,2000.010377594084
W202,4118.9192522280655,4083.738272002957,4099.61333944749,4087.0768262482393,4106.095471806463,4095.143991242651,4057.956221593571,4091.626276329423,4086.231796123915,4084.681479739903,4102.163311937458,4078.7368158765266,4096.299349466795
W203,5367.945915127207,5360.179955516502,5413.151010488181,5409.431850230113,5394.481484213249,5416.674719112585,5399.293437811637,5399.699368701254,5400.323901952938,5394.441090456885,5478.919839851147,5490.80553611554,5489.135855850278
W204,7305.685723406483,7306.385085721365,7308.423966386691,7311.09132476904,7314.702709124416,7321.618393570046,7326.483469997359,7329.452002014062,7333.012488647491,7335.7750089384745,7343.238668596277,7348.061139494828,7351.162936396349
W205,12549.770058452745,12436.703420076454,12444.929544416953,12396.857944990456,12458.644493114247,12539.07164969151,12542.670941098178,12540.230590368952,12584.169254446686,12577.788933191148,12599.242201242692,12588.783011136431,12611.843898867603
W206,995.9189700821707,958.6585357128024,911.9015800703958,894.2451163554515,948.0421448361512,938.8022681731766,887.0044753347513,944.4453800455673,933.4897860337486,885.6986766703294,939.043794811419,927.7368556673325,890.4135323050735
W207,11029.164283146749,11045.354575580264,11028.139863526983,11112.689315547852,11227.395055013652,11173.108118803611,11148.774056358552,11156.408836932518,11245.947300860087,11243.173314014688,11252.486211819734,11236.727668401134,11206.774034088052
W208,25223.660283558733,26682.90528971394,26479.56208539765,26367.670088076862,27348.08618833183,26637.520290777305,26904.82624258201,26714.98094722991,26891.246456759465,26880.876564471364,26831.35927093692,26977.051976883136,26826.49628433538
W209,4185.2131134308665,4226.167871327342,4253.750974614205,4267.124978424679,4262.584940179455,4260.785370858246,4256.329837415864,4282.323687808898,4286.572536378522,4284.284363202128,4284.668954542221,4283.741607100303,4282.4924497459615
W21,2474.497067095923,2219.0985229460257,2465.5214428246272,2976.695159605028,3320.0225217132916,3233.20809221023,2978.4346261912297,3371.2996469029754,3642.1732614030157,3585.75268616358,3532.3485463832717,3977.572789342941,4033.844603118665
W210,8026.605722283268,8030.266690195018,8033.927658106769,8037.58862601852,8041.24959393027,8044.910561842021,8048.571529753772,8052.232497665522,8055.893465577273,8059.554433489024,8063.215401400774,8066.876369312525,8070.537337224276
W211,18851.394510042912,18863.314284459346,18875.23405887578,18887.153833292217,18899.073607708655,18910.99338212509,18922.913156541523,18934.832930957957,18946.75270537439,18958.67247979083,18970.592254207266,18982.5120286237,18994.431803040134
W212,5429.502084488753,5440.500172328616,5444.711800050831,5437.140989339154,5442.270999597873,5466.219889259679,5464.698812512544,5457.588763488195,5481.536371380364,5495.040989043013,5484.631056637385,5490.846227641217,5512.225813334471
W213,3216.9673798901304,3250.1193227284793,3243.355483652237,3264.5491662859285,3253.199432671432,3259.582707033993,3265.3233940064156,3272.1395998316857,3271.925197564993,3273.5076171966375,3277.2137718421172,3281.028337403164,3284.5484647506364
W214,1893.6174896219952,2011.9831259104826,2006.4423687455208,2039.511882647501,2037.5418541252532,2033.3440418185678,2032.4402496959374,2036.701817614507,2042.4333088547987,2050.0749517818404,2044.2086397611295,2044.3551083993975,2047.1230388449067
W215,2357.1270901137405,2347.686687088491,2348.6679309498045,2343.589507081944,2349.0565808645206,2349.0393015285526,2348.785786022943,2347.0602844959985,2349.1798395292735,2343.7823779671494,2348.8067178967945,2346.5509456174236,2344.7124649190014
W216,3144.7941569292375,3144.8551818395267,3145.022434776644,3145.412590599329,3145.3883234788573,3144.5603932044587,3144.8609934356573,3145.307472653475,3145.626189418198,3143.400272910298,3138.9107293990005,3128.7165016133567,3130.1232395278294
W217,9800.89951881245,9804.183530710052,9844.287055920999,9861.653149586667,9857.849455561778,9851.893908468826,9854.50710677917,9856.679315095962,9858.836798379321,9860.99428166268,9863.15176494604,9865.3092482294,9867.466731512759
W218,9871.091405778581,9872.783592506079,9873.980678989838,9875.109664324202,9876.238649658568,9877.367634992934,9878.4966203273,9879.625605661666,9880.75459099603,9881.883576330396,9883.012561664762,9884.141546999128,9885.270532333494
W219,1043.2808818987246,1047.5643105239578,1045.089472067599,1038.6823324983604,1044.9583620897545,1039.775754668034,1035.9336822738949,1047.58110235237,1040.1808936618643,1032.856028065674,1032.9737571140636,1038.3181653878005,1034.7417434579088
W22,4139.147197598259,4328.229945603508,4135.843556804156,4167.80189193468,3971.8296441080493,4035.631226266582,3907.480692336617,4006.361383738388,3874.774150217495,4137.452112598404,3865.733938574029,4225.595825985555,3564.586985703677
W220,1800.070226628015,1796.5595460714924,1789.3642867179647,1799.0831981923454,1795.3117097834495,1789.6049441101404,1796.2764058462787,1796.2550212942672,1789.5834698134745,1795.8828475897938,1795.3464783248405,1789.4301009253957,1796.0368639529963
W221,7580.892400201377,7398.257338582098,7308.754615680112,7277.588094356468,7252.765359184786,7283.356364282219,7399.666630635238,7355.694371146903,7225.708443495086,7220.557874107805,7281.925357167379,7392.324850546424,7327.232904553832
W222,7812.476726787164,7788.559058219804,7697.517660882966,7684.108442589225,7742.651054717854,7766.897630781894,7735.475727162923,7746.502798066721,7766.666891632054,7783.068336949707,7750.675421893768,7758.154579446262,7785.283316842427
W223,27611.138107096922,27595.53050069515,27600.702326972707,27543.72852701783,27403.594591489436,26872.375569280543,26857.509511195334,25804.974293583815,25526.98591504325,25341.252635570985,25129.605985084403,25106.548316056345,25003.66904336732
W224,1732.053331098981,1732.5418591048772,1733.0303871107728,1733.518915116669,1734.0074431225646,1734.4959711284607,1734.9844991343568,1735.473027140253,1735.961555146149,1736.4500831520447,1736.9386111579404,1737.4271391638365,1737.9156671697326
W225,1996.1999527549083,1957.6196851238271,1989.9962529195343,1962.189575269917,1977.4758078202176,1966.2767715663251,1974.9078728064403,1972.9454876855193,1975.577327688642,1976.8594729173456,1975.6058684946345,1974.7082001750607,1971.3391406373762
W226,2852.8848743206036,2836.1102548056742,2782.4541583508567,2819.0285773452133,2807.7616562314442,2811.9076482946125,2814.667372872569,2816.731236345518,2819.1463200040967,2821.2818659516493,2823.1954850410552,2825.5002761322176,2826.2053956016566
W227,1311.020328232126,1301.8186987976594,1310.7597064372044,1310.5236206885013,1310.8829973789427,1311.2423740693841,1311.601750759826,1311.9611274502674,1312.3205041407093,1312.6798808311507,1313.0392575215922,1313.398634212034,1313.7580109024755
W228,8011.759470994536,7954.731634956931,7777.952043549833,7720.475913814262,7646.896418803606,7367.813584305144,7783.047243848885,7387.632210546215,7578.20819828538,7298.993009374816,7745.900261255441,7386.210142519037,7529.525956692573
W229,487.45471252632115,475.1455187736634,484.4366611144019,480.8023673449153,486.6678593169845,483.2945214480628,489.09023868642043,480.1523736215803,482.2431554416811,480.271560132171,486.81523089083805,489.420860622301,491.1732577828153
W23,803.8360263252873,793.4249428006163,825.7878527023595,798.5542456324301,838.4339379785544,858.0249254645072,820.4057288949266,836.7604182749145,837.3907356961673,926.3338289519202,906.64748857993,928.199065292617,963.293163350897
W230,3223.388169335788,3191.2864944341445,3309.166579879111,3645.5309874300083,3431.677686287655,3675.5468357454265,3537.935195275478,3582.128984738968,3459.7678678017755,3420.743179795487,3356.6128300477076,3292.4802839427393,3294.14338165998
W231,575.5546177309568,586.9180135070612,596.9035749342656,594.7368857421668,591.8480235197667,581.8559796624838,585.1876402770174,587.251302734102,596.2260422673774,594.5357279481368,593.6507382214986,583.7199026906619,586.6614922435306
W232,1907.2623706864242,1908.9655388928131,1910.668707099202,1912.3718753055919,1914.0750435119817,1915.7782117183697,1917.4813799247595,1919.1845481311493,1920.8877163375382,1922.5908845439271,1924.294052750317,1925.9972209567059,1927.7003891630948
W233,1032.1043985420135,1030.4717196842003,1030.8434826702542,1031.2152456563072,1031.587008642361,1031.9587716284145,1032.330534614468,1032.7022976005214,1033.074060586575,1033.4458235726283,1033.8175865586818,1034.1893495447353,1034.5611125307887
W234,1878.5737765206663,1881.8415726007115,1900.0869420946512,1900.674652498272,1903.1780277351247,1901.4668391445716,1900.94451342053,1902.5714029135745,1900.4016981270674,1902.2639305009995,1901.0836028461836,1902.4323971122565,1902.7733494718143
W235,412.6057644026688,396.71101729146835,388.45363292631487,408.2855780175928,404.8320764994404,385.11127732699094,396.36555959529665,402.04919969012906,426.14963672124475,417.34727082287384,436.98455959434864,474.3463658338396,490.4589633744281
W236,3251.2538744882672,3249.4590044541205,3248.2343835911665,3246.2834232167957,3247.412590872382,3248.5417585279697,3249.6709261835563,3250.8000938391438,3251.9292614947303,3253.058429150318,3254.1875968059044,3255.316764461491,3256.4459321170784
W237,1094.6788317113057,1102.763422711104,1142.9177515081888,1122.1468901546561,1112.1567667685308,1121.1133885338336,1135.9123186706709,1118.4567571875011,1115.8917258181384,1132.3113412890482,1125.598538358263,1112.5451688517524,1126.7128359725498
W238,367.49164201629367,367.23523108748327,367.605870152781,368.3152224011268,368.5736314652444,368.83204052936173,369.0904495934793,369.3488586575967,369.60726772171427,369.8656767858316,370.1240858499492,370.38249491406657,370.64090397818416
W239,3757.4426276508157,3761.208546814757,3764.3315803335618,3767.4546138523665,3770.577647371171,3773.700680889976,3776.8237144087807,3779.9467479275854,3783.06978144639,3786.192814965193,3789.315848483998,3792.4388820028025,3795.5619155216054
W24,7689.900330447864,7386.276014672868,7962.676789328833,8906.405595423259,7805.3561625237135,8272.983987675634,9264.407129439425,8515.960001669988,9429.38364052974,8988.653119674247,9385.152860223538,9573.826293797574,9797.847786495828
W240,2451.1936059431223,2449.3035540853916,2441.293100719496,2437.5008771078387,2409.5344337699275,2389.8221068722537,2399.1353615366825,2425.3095248807076,2437.1175701664206,2450.4260548049033,2449.492268608403,2426.764430554162,2405.329574062028
W241,1019.8203999704352,1024.977124543927,1016.0153215683167,1022.0907239939266,1023.2493349605127,1020.5183494161528,1023.103160718031,1023.4658578279925,1023.8285549379541,1024.1912520479152,1024.5539491578768,1024.9166462678384,1025.2793433777995
W242,1492.2316270901265,1467.5596816932066,1476.8100404241754,1459.7252736073929,1482.6605603754615,1486.7720072995612,1502.7648156187147,1505.0029677659059,1502.8046785693668,1479.5148031524377,1461.9451008194333,1467.5008108369602,1493.8332020692683
W243,1213.679499532218,1239.308147604008,1249.5710850743912,1242.3708402779037,1201.2490573157538,1187.8865678683985,1174.7520125826582,1204.9290895716138,1243.3578024951078,1254.3611797665424,1282.6077507231034,1325.9615674868814,1343.0792563490895
W244,768.205604225581,765.6706442097502,770.8460344910213,769.7311533923935,769.1787726344576,768.655663568054,774.8805906299926,773.073843818968,771.569236339788,770.615617213964,775.9855370502335,775.4996301652593,773.9950226860792
W245,2341.1731513547766,2341.6140893754946,2343.051523719476,2344.488958063457,2345.9263924074385,2347.3638267514198,2348.801261095401,2350.2386954393824,2351.6761297833636,2353.113564127345,2354.5509984713262,2355.9884328153075,2357.425867159289
W246,1090.782841666015,1056.7616848077146,1193.2492086286088,1141.5386845290366,1222.0343835051194,1246.0657321170575,1354.37619410558,1252.9030470523862,1302.3513509351299,1222.7106504517458,1271.9836497270471,1199.949104198789,1253.0268592197947
W247,4247.985696663573,4411.575343037816,4541.285778758342,4416.609737616362,4432.474210972614,4377.1572181554275,4410.254925927395,4437.497562249281,4407.309334171343,4402.341207721611,4454.11460684608,4426.6447008503,4420.241837619134
W248,15940.213850449647,15973.3097927015,16856.961872066324,17021.510557799622,16102.472021085263,15950.033514068402,16866.023312189507,17043.83320242912,16111.649985917637,15961.83800359316,16877.903988245693,17056.543896443403,16123.454475442395
W249,21993.479171888812,22111.27759274735,21957.77872941194,22126.036053925374,22236.47644043345,22261.39424227507,22233.71548801133,22142.405847879207,22101.225370631677,22086.434304923205,22129.173976914273,22137.15534070867,22145.136704503064
W25,1325.9653530395776,1293.8360396274988,1413.1946095303624,1514.5964127302934,1730.4806891849057,1908.2015257278294,1768.6993909745502,1796.7018635440143,1893.4883538979104,2036.547169372035,1947.0160648572182,2248.6406757192112,2202.638130541418
W250,3314.673386706616,3138.316131129849,3187.9240486597737,3292.1325534027,3325.8208460046526,3178.4819510705834,3204.4353763215604,3313.0000593158143,3369.6550366501588,3167.6107368424437,3188.714992419218,3282.159922526718,3328.6320072591207
W251,6713.254122260154,6699.953769538029,6672.765753210293,6669.781121684025,6665.305493415466,6653.675165771703,6650.577029583776,6666.208459752184,6656.466700361283,6703.406557379497,6710.071395585328,6756.610075144015,6712.747307884647
W252,8435.476687897764,8545.72423753109,8577.985405201141,8500.039680617274,8427.528901836997,8490.028541585112,8595.855142654678,8553.71384300831,8434.863459526914,8499.424249952206,8637.102074656725,8593.147862476928,8445.7219504783
W253,12292.155468855175,12302.068256454453,12348.12817810662,12372.492314535251,12370.502867406296,12374.146342530763,12352.869747351157,12341.343258514902,12322.850513796144,12375.988890019771,12406.240694307822,12405.456776519895,12408.65110866047
W254,5878.683555556443,5826.940549369045,5899.410780314327,5943.803740389768,5921.414763001379,5853.172491536263,5886.684578117693,5923.051880175932,5919.470796570812,5905.646692911199,5903.351534269395,5898.552781638903,5897.287623592361
W255,1925.3292236517677,1931.4661796631115,1939.0233077667992,1938.2807019439892,1938.1352702450101,1938.3074061773943,1940.5828376490222,1944.1307194834947,1949.424695523589,1952.486192468781,1951.981212062957,1953.124375894578,1953.9277155458271
W256,2708.288064356381,2803.3678959951226,2825.404381100861,2859.877568720121,2876.3791270031097,2912.392639624362,2921.594520947744,2958.6253738191276,3003.1655188412556,3034.1393086384765,3046.8166457231423,3083.422479308913,3000.5009960525235
W257,4026.474786836424,4032.3265551336362,4038.1783234308486,4044.030091728061,4049.8818600252735,4055.733628322484,4061.5853966196964,4067.437164916909,4073.2889332141212,4079.1407015113336,4084.992469808546,4090.8442381057566,4096.696006402969
W258,2133.9746740756673,2132.1303399951207,2134.5302829267725,2140.2385626877494,2141.7864335181725,2143.106549725476,2130.4457508727237,2125.9849535872727,2127.2577789629586,2131.6818353276262,2136.3384554720037,2139.5099174538077,2146.0778395235666
W259,7064.769783795375,7572.598514658759,7466.969419824404,7893.264254998861,7874.120906560868,8097.989933833439,7843.050251705377,8052.363406059547,8130.852718560327,7887.63990697469,8111.047219666179,8091.141469962596,7944.511179058236
W26,2882.170275085604,2929.795262631601,3095.656272126178,3242.982612790687,3167.6339355621567,3187.5589508867433,3314.268462685352,3237.5154377706654,3429.2770897103155,3266.6122890719244,3494.5917918591463,3397.9874509830247,3541.604857831253
W260,616.0684721461887,551.2372518617044,614.0868290838869,584.4202152004307,595.8598982841636,562.9551462640393,551.4594868706017,539.3772305463472,527.2949742220926,515.212717897838,503.13046157358167,491.0482052493271,478.96594892507255
W261,4738.939752606244,4833.268355783284,4800.376958022784,4833.549452156227,4838.639442877131,4857.972083805018,4872.225039398296,4889.482471420852,4904.8035646132985,4905.9118529735515,4901.168363991912,4906.858054668289,4907.961508225156
W262,4385.834966982993,4386.99647441997,4392.813434308209,4398.447847353759,4402.302493020115,4395.560965569009,4394.721317924482,4392.848557856586,4405.473321953541,4423.040930590932,4431.506374184884,4422.190334575284,4426.241707181015
W263,2395.0405152541457,2372.3927989075905,2351.4988243696366,2349.949882337382,2354.4153618681516,2369.6718961855677,2380.0088619266594,2399.275049862841,2386.0462093145607,2328.601723168152,2316.4455278095843,2301.516182692479,2349.050246663628
W264,3954.828318885315,3907.676240730043,3915.2745548995103,3906.273188437147,3902.0863904787493,3865.4774462971036,3846.3826313211957,3837.021713561754,3809.562119253684,3809.617236209802,3761.4077505665723,3783.6818846629913,3736.0524982153997
W265,2203.9917846405456,2201.0392382928558,2196.1512674076216,2179.403533538516,2157.665840142679,2157.1429952587537,2212.5182751413895,2197.4495512339945,2161.7352787154155,2149.7116947165277,2145.249043834388,2171.4765984505334,2165.2214672247105
W266,2184.1195440675747,2183.0804786988406,2185.7367287958596,2202.9608544281637,2217.588867887259,2210.4176883969917,2204.739074288387,2191.174452446244,2196.0804202612258,2190.968599026547,2194.907644550736,2190.710676360912,2187.95837243189
W267,3108.5188343666973,3027.574581105683,3054.3786295569093,3202.0599620611074,3139.5176015466386,3102.7374300125234,2958.0444959026017,3001.8013613444514,3043.400867668216,3009.7164867201755,2999.13033999596,3004.5220265621883,3008.977483045729
W268,1369.3760820696027,1381.9976347316049,1388.3498647614388,1360.7922794118103,1364.6533135583772,1368.8869341804864,1385.9948449288834,1366.967397768899,1370.7155175751163,1358.1990957922521,1357.8298313577125,1352.7293810609992,1361.5401766030204
W269,1323.669623007197,1323.8268869969957,1343.323540844067,1356.9466972900238,1361.9351524630576,1378.5322351802076,1408.6659897383138,1379.5483176512114,1361.2753504847533,1331.4552850796388,1337.4407791199149,1317.5310949705356,1390.2985112753213
W27,1808.847784393708,2198.7066046928644,2588.312344373472,2288.731704873638,2785.801162363423,2469.479295242006,2767.195771751266,3072.921150999939,2917.9685236300593,3050.889513629621,3114.725659179318,3632.665751036433,3665.1005312060774
W270,8031.624614122417,7958.727968503228,7921.780111294334,7974.652854009059,7998.296370931341,8037.570418669076,8020.471853808065,8024.647671652938,8040.102530485932,8030.85468169897,8043.779726586519,8031.448218512311,8067.512544929876
W271,7614.1094865149635,7573.190299493588,7522.85384658554,7549.015509337451,7536.568304570858,7583.116479735998,7614.329575733537,7567.8934171912315,7564.049181821227,7583.427613046044,7634.315511677368,7655.935627337358,7610.160670116145
W272,977.8934006495589,976.6700648463321,974.9782031254081,974.4748070348616,974.9326119987327,973.5914106855859,972.2200017457267,970.821007373513,969.5906312583224,969.7130188730805,969.0388686659237,967.6888770536654,966.2008539344322
W273,6454.647311593251,6453.889149282794,6454.184863405724,6454.530991904716,6454.43645143237,6454.341910960024,6454.2473704876775,6454.152830015331,6454.058289542986,6453.963749070641,6453.869208598295,6453.774668125949,6453.6801276536025
W274,833.880148999729,859.8538722230246,871.77757180083,854.3311704855716,859.9421388852694,874.3860037457405,862.7312897465695,859.0496563871866,867.9152722765416,857.1135935349023,854.5692023440886,866.3620911235903,854.3958054807563
W275,8678.507892924032,8743.952610099579,8903.181063698199,8954.825813841595,9034.401879066323,8956.864132283325,9067.791076040257,8909.98993264498,8926.57376598297,8782.44584966878,9005.349190951038,9153.344281790733,9080.419835512857
W276,11255.093739426291,11280.645088944322,11280.52912259199,11283.663436719435,11286.797750846883,11289.932064974331,11293.066379101776,11296.200693229224,11299.335007356673,11302.469321484117,11305.603635611566,11308.73794973901,11311.872263866459
W277,3183.0344022164895,3197.139672311004,3222.3694557136396,3215.6501927102713,3194.5620770461524,3185.2891462005023,3166.3212795028758,3171.632639617702,3176.298531989795,3198.798743403614,3186.78323669111,3168.033712910782,3160.8186339184294
W278,1299.0019359318615,1308.8666038867284,1307.2258310982465,1319.404593422527,1304.8708802555593,1314.8945285628977,1276.6286652015326,1357.8382879700969,1278.620513408453,1319.613612731499,1270.8899454554128,1350.489077684151,1274.885647591404
W279,1252.187780800322,1233.2460809347522,1273.8579223211239,1263.2732191927448,1232.6958905614658,1278.215444926478,1267.338455101643,1240.9380924922148,1274.1012463323623,1269.6576514616013,1239.3642961962028,1278.8387264483877,1272.2631577437855
W28,4992.099891075046,6186.325345105097,6870.103214471318,6253.146946235022,6504.610793394991,6759.024195044317,6966.926530805732,6613.008646467524,6132.586173394883,6591.207761715495,6380.63909365661,6978.298001138069,7265.522410977186
W280,5380.233959531375,5381.41314201822,5387.658981048689,5393.956711754253,5397.949519462446,5399.076502774423,5404.0568386354635,5407.369307298003,5409.359694879794,5413.691620312304,5417.104817742993,5419.1012749942365,5423.363688079502
W281,1792.882644801497,1797.761596103381,1829.6278535398599,1822.713246147653,1801.1801219675178,1824.3473790666715,1796.7768768658173,1816.1144046461125,1796.8304187923004,1821.4758844507792,1801.002137097856,1810.7157621322863,1793.7772607452382
W282,2128.15224652977,2118.669758881976,2110.9650188532214,2104.822658874017,2108.4700060680293,2106.5167666187335,2081.7258514259856,2062.456654527293,2057.708059568111,2063.1838846684823,2069.770073696025,2060.0994050801946,2035.3012534855857
W283,344.0419159940111,344.52879130785107,350.37785898501556,352.98991919770276,350.1034594327647,347.0254010810554,350.7670766949984,347.0242939700579,344.186016830914,351.8378736033228,366.97618000128,381.50817504119846,374.274823844303
W284,567.4201997643478,566.4044584117667,565.7170027299998,565.2043912921981,564.6828371971371,564.1134930872228,563.291627962356,562.6358112018662,561.8931204141204,561.3183289629512,560.3793051351037,559.8443368831591,559.6726822867985
W285,713.5099911973625,705.2920540390214,715.9052489734727,721.9699457402385,717.6088023791094,725.840656801015,723.7612365833334,730.0124639606665,733.2502454189384,729.8123803149015,738.239869026278,737.2646683225598,743.1322881090023
W286,10777.047292010706,10915.9083379373,10893.259852437523,10902.352027602135,10906.868029052028,10926.123684706992,10919.504227311638,10938.759882966606,10932.14042557125,10951.396081226216,10944.77662383086,10964.032279485826,10957.41282209047
W287,2220.838048165468,2235.62690162974,2230.6210344133024,2224.5172444004284,2235.5552111220504,2243.518330327764,2238.5448166707893,2234.0724896356624,2246.0735110563264,2252.7226382302583,2247.5510501976732,2244.539580085183,2257.474305316713
W288,7833.105826228945,7841.169739274101,7848.6220445068975,7856.945312006816,7865.4564016235145,7872.841358280303,7880.975067086461,7889.486156703162,7896.871113359949,7905.004822166109,7913.515911782808,7920.900868439597,7929.034577245755
W289,9803.487057197894,9817.22173930564,9740.628707245405,9716.63190270579,9830.313545896432,9905.7200579529,9949.311150634725,9970.872855370919,9947.260258458653,9936.68216702273,9878.483022436025,9903.558885794359,9822.851962924018
W29,600.5527625897809,649.6014811487013,669.1038921151973,749.6568796132219,719.2002704368053,800.9224798388466,741.481644095102,846.5798487996358,853.3350473746826,909.8079581227812,899.5540310542799,906.772302822479,994.1133496016879
W290,15538.107888056886,15385.2026320798,15504.369320437949,15572.51494350728,15585.672005229588,15485.154592775727,15592.721655836045,15623.450491410527,15503.175387714306,15625.57924124852,15583.858857225336,15567.040319640742,15741.305106343048
W291,8478.554222151713,8379.515826507715,8469.086995545566,8446.641777191442,8460.461300065668,8517.410879584328,8537.20126483515,8603.431798681999,8743.535248833447,8766.954326771387,8635.177891663438,8548.612547311297,8615.228263609228
W292,17920.54685057448,17714.16791246559,18177.25799511497,18402.993650160774,18597.733028804396,19128.154084678874,19270.80919453961,18756.3748517367,18573.814551036256,18655.4312465627,19268.015051137685,19368.533322424977,18739.229148492348
W293,1889.1230886002047,2601.00326311801,1926.472267994211,1899.4854732413287,2714.3943584739245,2063.559790245293,1831.9944157320208,1984.5132776791302,2070.222313631635,2005.481560655894,1949.5807701953293,1878.4189794699862,2166.822619616204
W294,1525.0966595948917,1517.4339316305445,1537.2138489604004,1526.0411639462434,1623.379769229788,1600.5215339085921,1610.6008620372977,1610.137456735092,1638.5287513503868,1619.3532864885774,1637.9288765860836,1617.4201644281216,1644.4371417896514
W295,3096.156728363806,2999.4925247069855,2762.189959306141,2854.3238111579926,2725.685087482418,3148.3379527426177,2694.587615002343,2984.219979746836,2376.633783591186,3246.764250726681,2916.6201714017816,2597.1043780590703,2515.3827079231123
W296,2816.6130657290196,2743.970554172527,2825.3863290436,2723.2664081809658,2572.347285302391,2837.6733932958273,2859.289156915143,2579.2619142287854,2773.7651817158926,2819.6962614861695,2624.073455274262,2661.294682208157,2981.301691303328
W297,4602.677274261602,4083.2177528129396,4369.623439170184,4830.9270007032355,4456.240893459914,4488.947947609,4978.726734880451,5095.9975100797,4978.0044486638535,5003.919801746367,5121.163654301454,5010.012796472105,5006.444900785279
W298,3478.803445850913,3580.4100342240963,3492.563659751522,3671.925252226909,3601.652266057195,3523.2453582981707,3449.1153588841994,3569.7444554617896,3617.927098452882,3522.1219964838247,3411.338021214251,3527.155492030003,3596.5190836849497
W299,3298.7582635255517,3208.2478562587903,3012.430185630567,3057.633186708861,3257.7040281293957,3265.376322503517,3114.2902509376468,3225.3786380215656,3210.7178155180495,3156.921726230661,3258.7843146038445,3248.507880379747,3103.2305853727144
W3,9494.028585555163,9621.109973902843,9751.09163006155,9705.987236535912,9556.37608733954,9548.377233656758,9604.948607092314,9684.398640462703,9662.401527561113,9554.792514190336,9513.518998051586,9660.80931932307,9763.861908563906
W30,3571.6176608253127,3947.1093272514904,3802.0285000654007,3932.6112488940053,4215.858121723215,4189.998018966957,4522.502730558176,4455.882421247729,4585.980989237505,4585.506833175933,4407.428361415473,4253.977124876723,4515.716212126922
W300,1981.745641959681,2007.2152581106411,1894.8020103375525,1773.5299963666193,1738.7219722691043,1913.2180080872008,1944.9090517112043,1950.7029380918887,1950.2453030473507,1949.1674736521327,1944.6196499531172,1943.8315446319734,1942.9312516174398
W301,2595.4275488748244,2503.089084857009,2408.2400983356774,2404.149296413502,2230.021314345992,2119.206401547116,2119.438059774963,2123.859078410688,2180.616292897327,2152.879401547116,2161.293527074542,2141.940737693389,2143.460723628691
W302,2719.3939773089546,2736.701192498828,2634.963442475386,2615.283247491795,2487.8384632442567,2468.9079931082983,2775.2020827004217,2588.043233442725,2533.2319908110644,2470.9255936708855,2712.400716174402,2657.483519274887,2545.667703328645
W303,4980.157355836849,5260.815354430379,4988.148452883262,5329.5299606188455,5535.027631504922,5531.286947960618,5240.908151898734,5467.314330520394,5520.0181856540075,5262.564711673698,5369.69287341772,5428.390661040788,5260.461656821378
W304,2924.5156497890293,2794.430644585091,2933.7670340129034,2689.163660501641,2626.6504181590867,2363.7424348804475,2410.627809071729,2814.7561019924988,2794.578102906704,2479.7141747069845,2411.995580379746,2533.560186333802,2679.9160200890756
W305,3049.2833477730896,3331.3731187998133,3300.2513312705114,3344.5541112986402,3289.5204809188936,3346.2311730895453,3375.303823534927,3221.360152086264,3410.6530670417255,3434.3264567276137,3256.1514891701827,3511.6147313642737,3311.133658602907
W306,2377.407595053915,2364.467490271918,2119.1569808954505,2190.71569092827,2190.5246146272857,2190.4283789263945,2287.1374357712148,2416.1328488045015,2448.2945696202532,2208.7652599624935,2174.331897093296,2148.7982184716357,2214.251239568683
W307,3170.803294303797,3150.6534999999994,3504.832932489451,3475.109757383966,3414.9549282700427,3358.484262658227,3123.338049578058,3011.202237341772,2956.316139240506,3188.3445042194085,3195.211184599156,3128.762258438818,3302.7406898734175
W308,2010.308086029067,2118.216718940459,2460.3975053914673,2026.5395154711673,2105.728250117206,2428.72979113924,2093.0161188466936,2137.696824894514,2350.4759603844345,2006.524700890764,2087.749398968589,2635.5353223159887,2334.400024144398
W309,6017.194475550867,6113.795633942802,5602.435663173931,5484.519914908577,5272.403190951711,5353.5648356305655,5196.04195065635,5103.235643225502,5126.299082301918,5173.044141139237,5266.738889287387,5077.016528199718,5013.335241819031
W31,1013.7893687223169,1083.7306350861288,1203.9211794159676,1191.1082137090511,1158.2349709985947,1323.5585533724372,1327.4348223570482,1348.0851852800288,1318.8269179720935,1381.4200952562644,1415.6913581663177,1468.1865165539562,1518.8266996026055
W310,4289.564559212376,3753.530703797469,3787.667994749178,3719.3708929676523,3700.8653318331003,3662.263286826068,3651.10734252227,3627.5339281762776,3586.2743259259264,3580.8745143928745,3415.8440817627743,3735.872880168776,3491.964721800281
W311,4517.874079254571,4734.819688232536,4763.564620464134,4551.391118940459,4326.902772362869,4451.901730801687,4405.675848305203,4271.5613178473195,4479.544638569307,4283.052367139395,4540.900341343178,4299.2879234997645,4628.575508138771
W312,4471.648757805909,4501.219393131743,4648.071263103613,4393.58300042194,4439.74461427567,4562.487379442101,4687.725118260668,4544.730854078762,4612.3902108767,4417.843329371776,4378.3685872714495,4484.49183748242,4872.4079742615995
W313,1938.5702851617432,2019.1888386310359,1948.344194889826,2005.3565399437407,1907.7815137365205,1988.4780851148612,1888.3022509376458,1965.8676051570553,1866.7957379043592,1944.7831189873414,1873.9384752461317,1930.9508203000464,1833.3757940928263
W314,8306.74471293952,8465.10694141995,10144.15038646038,8917.742520886079,8919.861358391943,9083.052365658703,10140.915393530235,10318.143192158916,9244.009231387716,9021.81683401313,9093.89551375997,9340.330044631977,9733.170048159867
W315,5005.663653649789,4849.112471448664,4934.735959071731,4790.374246882326,4779.960229554618,4562.198268663854,4422.061521864354,4193.402826855758,4229.502276293169,4195.751768729488,4156.985400890761,4326.527430707923,4118.831993858412
W316,2893.2659905532114,2830.299080454758,2701.097700351617,2584.018868652132,2605.745703469291,2681.436151242381,2375.855871851851,2275.833179535865,2517.8551561884665,2319.7927685028903,2313.9104722222223,2281.120626676043,2356.8069913502095
W317,3883.5641987185504,4520.17699296765,4068.3469720581343,3976.1871861853424,3915.4658277543376,3634.3002860759493,3421.6130772620722,3420.288003375528,3565.675303328645,4152.998607313642,3700.3665920300054,3989.6951080168783,3462.353824660104
W318,4165.675006329114,4080.7252784810116,3834.539875949367,3438.5715666666665,3820.9024630801687,3677.9160037974684,3556.469067088607,3828.8571759493666,3587.4412253164564,3592.5982291139235,3372.3874949367087,3786.855996202532,3630.493994936709
W319,2372.2510693389586,2353.6180898030934,2270.367315541491,2178.0632609704644,2142.9791022503514,2396.321230731364,2324.7279552039377,2293.35944718706,2228.327874050633,2191.8627627988744,2228.8541571026726,2237.450947116737,2198.747177566807
W32,4616.800299095747,4275.6028692970285,4910.953650838056,4765.165696553245,5070.2398293493,5401.676269928586,5231.307678275516,5430.911112569481,5577.954863007153,5589.910243801514,5588.225136125763,5830.5912979225905,5944.697570063499
W320,2370.670760806379,2258.3150636661967,2495.3101650257804,2536.0138612283117,2330.941741209562,2289.9440183778697,2327.5684622597255,2337.2785599624913,2286.666776558835,2329.87514824191,2332.9657610876675,2282.3539776840107,2325.5623493670864
W321,6186.831776711205,6301.80659292077,6413.347184723061,6677.195434499531,6510.314521724098,6811.065611521331,6334.751657208159,6506.4848507735605,6748.365737577019,6568.36553708392,6806.1273153891225,6424.119349683547,6616.317507665263
W322,2047.2483263009854,2197.436988279419,2028.1151420534457,2050.2920876699486,1906.5309737458986,1867.9059034224117,1884.9663581809655,1939.6922498827944,1890.3544969526492,1917.7497454289735,1939.5436868260665,1887.4628799812472,1917.346196249414
W323,4002.4707514064694,3674.9197531645577,3674.2036420534473,3571.76673909986,3618.1497222222215,3602.1231504922634,3552.64583368495,3595.657743319269,3555.739682137833,3547.8320988045007,3572.707268284107,3539.8532461322075,3535.227825597749
W324,2463.9016939756207,2149.4619614392873,2216.853459915611,2254.6666773714637,2207.0360793483355,2242.3616672526955,2154.129667252695,2208.0957791842475,2252.3005998593526,2208.726207337084,2263.2195662212844,2163.6480237927794,2250.5579825363334
W325,3940.639282700422,4090.6247578059074,4097.890805625879,4092.2017907172985,4117.657925738396,4133.871970745429,4114.239592686357,4198.76007257384,3945.0850171589304,4121.232002250355,4072.470151898732,4106.939949929675,3903.5398919831227
W326,3984.8667387716837,3934.215282137836,3737.747509610875,3704.7656144397556,3701.9748502712478,3657.765877074543,3644.749798124707,3591.3509207688703,3618.6352069385844,3656.019494514768,3582.9036244725735,3665.6514800750124,3727.0964626347877
W327,8465.27229615565,8075.161338646664,8799.641602484764,8329.897090506329,7669.139208813877,8380.951990787624,7897.498523316143,7691.864713881854,7721.064996527584,7112.635849146744,7508.85426747773,7388.126882584782,7823.889052076886
W328,2100.4646008438813,2311.804332489452,2206.5892995780596,2143.932556118143,2036.6578092827003,2007.580996624472,2220.4960936708862,2130.8980679324895,2018.9975928270037,2083.9911042194094,2012.1397624472575,1909.6346548523202,2115.1296506329113
W329,10476.098285021098,10448.45098279888,11134.784593248944,11024.670220464133,11265.759677004218,10482.29797573839,10767.69180696202,10294.333344092824,10982.767434599158,11411.689329957808,11301.539182278484,10247.33702236286,10321.49033059071
W33,1657.2088660166114,1671.7015535941498,1947.1435852235095,1914.139075760717,2263.4501384800024,2075.7676463628645,2063.573807059643,2283.582721074695,2239.1541707072174,2276.6636585330466,2407.0506019819313,2441.856355544424,2520.7276667915066
W330,3199.4096386310366,3293.5343623066105,3019.7300680731373,2976.7364412564466,3016.2009972808255,2891.1732210032815,3036.9923754336623,2847.8830130332854,2792.117295452413,3296.013062353493,2984.5702837318318,3014.63918931083,2911.2835570557904
W331,6088.100149085797,5895.739389029536,5775.094543741209,5677.795927144866,5940.178263009845,5770.298196624472,5463.873994655415,5692.6664225035165,5137.306824472574,4547.951783966249,4452.471147679328,4898.978797468355,4918.96248129395
W332,3094.1425548992033,3271.344165494609,3043.4612042194103,3124.536211631506,3031.106856779185,3147.874873844351,3053.585503895922,3164.76078026723,3070.9493662025325,3180.760387393343,3087.2708383075487,3197.0818594983593,3103.592310412565
W333,2560.368644022504,2739.5344553211435,2517.0756558134085,2644.464719315518,2314.360117346461,2448.800092381622,2487.306203891233,2393.3671736755746,2379.6805800281295,2482.629240764182,2438.0244568682606,2431.0499747304266,2491.410291983122
W334,3712.65328387248,3379.3347761368964,3294.5353771683067,3495.649267229254,3169.9891846225946,3273.472988045005,3264.1453454289726,3319.7437095639943,3171.3003844350665,3344.9363647444898,3238.0139019221747,3161.6693745897796,3508.1537406469756
W335,4082.3053675105484,4241.762018706048,4166.7583149085785,4240.428676793248,4103.558010267229,4210.294317440224,4079.808106188467,4255.477942053446,4092.44337299578,4206.907001969057,4089.4672834036564,4201.797943037974,4058.150192405063
W336,1570.663436521331,1574.8413794186592,1991.9327442569154,1729.7861372714483,1481.452300328176,1813.2887097515222,1642.3129989217066,1712.7852435536793,1813.5233041725262,1872.9758356305663,1834.3425525550847,1633.2359804500709,1879.6982573370838
W337,1568.5187491795598,1530.9091879981247,1531.4110182841075,1495.7020806376008,1518.0280890764193,1612.84378527895,1572.612859821847,1574.6053624003755,1567.4837777777784,1590.9210407876237,1527.8498631036105,1560.444977965308,1607.1634008438823
W338,2114.2868285278946,2046.6184484294417,2035.562674285044,2085.0170358649784,2045.711163736521,1750.294915142989,1908.1232211673691,1895.81848347398,1809.2920968120009,1753.2823709563972,1678.0903211271848,1879.1373397796517,1800.9189798405996
W339,3946.633398827941,3966.755122269105,4137.248525457102,3967.036774964838,4069.4606670417243,4014.748454524144,3988.434837294889,3998.788737787154,3883.9496838021564,3940.6456129629632,3910.2650278012193,3871.8617157993435,3852.0026297702766
W34,1294.796613603239,1271.1809883517112,1218.0065443127264,1222.7020829443823,1312.6924662756612,1318.9165902769923,1283.4802500066157,1309.8120477234245,1258.0559161411084,1319.4708121932845,1274.708400696653,1258.1294042407542,1255.6944987000331
W340,6151.991899578058,5910.434469409283,6530.6394128692,6243.8812765822795,6396.175595991561,6304.847775527426,6531.72805443038,6344.288786497891,6680.680503164558,6267.337396835443,6463.80190464135,6291.908401687764,6573.377647257384
W341,5110.084094749178,5304.604270511016,5138.6482900140645,5184.909190670418,5356.775018752933,5253.387801265822,5298.77438040319,5298.388186029068,5386.570438302861,5484.992082934835,5590.63630182841,5635.725981622126,5620.889272667602
W342,1338.7150400734492,1258.3401052305048,1157.3523873589622,1168.5287714908582,1196.999241392405,1151.0698196272854,1137.2814133333331,1179.2020345428973,1238.5654337787155,1146.615059010783,1145.6457078973276,1153.7415283356775,1149.7513508720112
W343,3309.6263084857005,3354.1781211908105,3678.0648660103134,3577.543192639474,3163.809740600093,2946.4448599156126,2847.4614311298633,3056.921913064539,3227.569835958743,3284.9379164025618,3545.7919913736514,3359.5180699015464,3236.8129205344567
W344,3553.0062030942336,3592.3718499765596,3565.686086357244,3501.5039479606194,3366.6114421940933,3456.598500328177,3382.466254008439,3352.0771045475863,3407.576568120019,3401.947210595406,3387.853110736053,3402.966958556025,3425.016386216597
W345,2983.115058227846,2553.4600839662444,3052.8583229957794,2705.613931012658,2717.2079590717294,2833.2182738396614,2955.5945985232074,2821.5385732067507,3028.2434056962034,2868.1064624472565,2765.8495751054847,2824.758609915611,2867.070801898735
W346,5911.686204289731,5047.36401933896,4717.574876230656,4678.970883790434,5222.9558645042225,5193.220780590719,5254.416817862164,5215.479017580871,5183.847649085794,5186.960048874823,5186.859169831223,5181.2706065400835,5179.453975035161
W347,3530.193088607596,3505.7157746132207,3688.0478484528835,3721.184038326301,3659.8562528129396,3675.5042587904363,3898.0695087904364,3970.328071729959,3711.6737668776373,3430.7094071729953,3522.3545186357246,3755.5781346694803,3739.501202180029
W348,3938.980105321144,3903.0641277957484,4028.8254790435994,3864.054918799812,3770.7659077121407,3633.063180239097,3719.785961368959,3914.8623150257863,3862.162892475388,3830.406852531645,3830.0410924519447,3817.1349166197842,3796.658327215189
W349,3233.1991705344544,2974.7298971870573,2668.0815559774965,3027.517937529299,2997.026153164554,2848.714020815749,2914.726112400371,2872.2946903891198,2809.7068056493163,2749.8148371073567,2721.5382996249377,2685.2516055321103,2614.6635098921665
W35,1187.6212434179129,1150.0231852120678,1256.0846075385964,1238.9590459172805,1394.6295144305288,1250.4269694003501,1242.7768695801196,1264.925759939344,1287.8210115763773,1252.2998386097413,1370.854714769521,1240.8012230059896,1302.057557248817
W350,5203.2582215189805,4068.0737311298676,4557.445308016875,4054.5854062353537,4789.295918424756,3766.4533041490904,4525.784906235351,3709.2871542428547,4560.278860056263,3381.336466479141,4095.933709915612,3348.0169035396193,4238.771367909053
W351,1801.5472791842476,2090.893383497421,1950.2280029301455,2019.449007383967,1865.7715637599626,1815.6116443975623,1797.8529834739802,2057.532208977966,1920.1219147913744,1829.224962025317,1793.3877456633852,1858.7994010782934,1856.3172012423825
W352,1122.7622149085812,1172.7541361462759,1092.4656168776387,1106.5183662447284,1002.95845682138,1033.3988275668103,1010.2347741209587,889.1921209564013,945.8131510548558,841.6326087201143,871.3192067510574,850.5188810126601,729.4762278481027
W353,1865.753626160338,1890.0396742616033,1985.5796189873413,1857.3419801687767,1876.0838025316455,1972.9968527426154,1852.7634734177218,1873.412464556962,1970.4721691983118,1850.238789873418,1870.8877810126583,1967.9474856540078,1847.7141063291142
W354,3116.968986638538,3108.0338241912805,3120.672218635725,3151.0374492967658,3065.4515689170184,3224.056462025317,2928.4941750351613,3047.354599085795,3310.944659282701,2909.0291613220807,2948.4178512658227,3320.649090154712,2918.362829324894
W355,2966.8031617909037,3308.387543975622,2905.4169135255497,2794.793953398969,2627.1077323722466,2809.6765686122826,3178.095067393343,2739.286939779651,2627.6466795827473,2466.144742850446,2647.2381602672285,3015.656659048289,2576.8485314345976
W356,4275.786987060479,3855.8174167838724,3813.202253727144,3602.8402691045494,3551.470645585248,3552.859171745586,3527.2251811533056,3552.6382848570092,3536.7872047819974,3529.7574745428974,3527.867314205345,3512.725072292546,3503.260868260666
W357,3650.238995218001,3219.0599683075457,3165.615717393343,3086.7487066104077,3081.997163994374,3157.736806000938,2997.1731581809645,2938.6285775902466,3142.0169824660097,2897.283198499763,2880.537833473981,3123.462279418659,2850.854165588371
W358,5445.0159860759495,5736.115865822783,5277.359326582279,5327.995008860761,5314.404118987342,5168.209539240507,5289.998807594937,5212.957556962025,5230.145817721518,5264.274210126582,5140.714973417722,5229.761917721519,5201.201556962025
W359,3630.93495424285,3486.5801880684494,3814.3873394983634,4049.0756363103596,3642.176414345992,3494.589001922176,3720.2884537974696,4041.6064206985457,3684.2939149085805,3477.3526515471176,3678.477316479138,4030.808604336614,3653.0102127285522
W36,14652.278018498288,14440.551346501305,14981.331226029533,14798.979718616956,14310.053704646918,14097.927894692966,14344.517388890912,14775.976824457584,15189.242126355522,14447.30496499265,14225.25575860581,14199.54616069582,14316.911479418348
W37,2916.007529654182,2933.141547713114,2934.6792267085375,2932.0485810548794,2902.2809437263486,2904.6923387420316,2932.5080658245874,2954.3779683346447,2957.647743483075,2958.011309321749,2967.4227337157613,2960.2851901888102,2975.350889719041
W38,3057.69845589976,3057.461899337627,3089.3569959331685,3052.093915079814,3049.891559849334,3086.0280733577565,3059.792888207671,3056.4842920313786,3072.377997966644,3055.210223459443,3056.589260524526,3066.250727493686,3062.9957577389723
W39,5843.960227408934,5844.3112834628255,5839.8119948429685,5854.115660715921,5847.231825214089,5849.954383137698,5859.461623654582,5854.242044467814,5857.34426949955,5866.266345280588,5862.142093026239,5867.885665607502,5862.893374644325
W4,2269.590091272795,2302.82748023157,2293.953788388163,2332.2178281556676,2403.2245679383614,2467.7833902351476,2504.4717671356148,2503.939734055502,2477.850752192069,2463.4152466866935,2531.9061691137376,2532.7280946326437,2432.3133123543867
W40,5827.897705442332,5845.530819439527,5846.501899204511,5841.242629545576,5857.983709423648,5863.655728438577,5850.81523614735,5865.6102825760945,5873.122038783397,5864.819852098621,5876.30410396337,5880.873102267632,5881.821313793468
W41,6176.127478805136,6197.908005709175,6194.5147353040375,6181.05542379063,6179.000390410021,6209.1490120854805,6188.260333937762,6175.667708146736,6197.394413719129,6182.134388950017,6200.734580325971,6180.337486539814,6194.464487197682
W42,6187.5472524050965,6206.812258935846,6218.376131492819,6167.055058705766,6201.940123623838,6212.936196096302,6157.937244153015,6153.67956420234,6184.161686169737,6162.945742691001,6173.756063441923,6153.51857156192,6180.046856524735
W43,6164.076851524318,6198.380032358492,6202.253097075537,6174.429550474326,6202.220391366644,6209.507776011926,6178.774499039499,6202.967177621378,6216.3885190715755,6182.461295755178,6148.568086626918,6197.311684214278,6155.814803016711
W44,5839.361502038071,5860.513906407407,5864.568894556752,5830.045259005879,5818.5125018247245,5831.402281986227,5834.496236020226,5834.932465301965,5837.599484441491,5839.426132485033,5842.037704091391,5844.905970431174,5845.707452146457
W45,2955.394426528404,2952.396675495486,2948.8417985096826,2955.017936481383,2949.8718017104184,2962.8542753175293,2968.122184578804,2978.339753799738,2978.3554300297815,2980.039843862414,2977.545900629159,2976.4649722462796,2976.9890245608103
W46,3245.732375956849,3291.2890325555627,3297.8311120352837,3295.1476054912164,3288.437796180362,3291.697609523237,3284.627288944617,3293.0347022263654,3283.7383301215064,3302.394123286466,3289.3791910524465,3305.0934794085306,3285.401324461811
W47,2953.895620599544,2949.8319600499394,2946.608878342763,2951.3829226373796,2950.4457158793766,2952.9207119284088,2949.693953335128,2951.7344102509555,2955.1124949793502,2954.5993893998616,2955.6614292726285,2953.032852275517,2982.8751397146752
W48,2980.621753493074,2977.478540668662,2985.4263977734768,2991.765303653167,2990.87019422247,2982.2571252756175,2985.0430074292653,2989.888096996276,2996.0990303558983,2991.935550807105,2995.229669887531,2993.9994928527444,2996.9906191731407
W49,3219.249600200739,3195.4756526655183,3186.0973168580267,3152.3641532369425,3165.506141784691,3196.8410999787707,3160.578369757935,3162.1423497923533,3188.0781614733974,3165.156862937078,3173.7278576211925,3197.5232649576064,3167.575964233209
W5,1576.840654557173,1582.7433600726702,1643.3823385686,1856.5775919382913,1785.4768587717758,1975.651101504317,2000.449092135207,2067.484146650686,2507.4054864076143,2251.0245635105307,2866.0521161510032,2582.771020812553,3140.7532485515167
W50,3210.6614135303,3233.143224852048,3234.841927566093,3260.3231308426075,3258.264149724614,3244.100017397953,3247.1691053265467,3253.1112737782187,3248.3626312710685,3257.496098477793,3255.410762506331,3239.746321261388,3266.9378580454213
W51,6562.467948500489,6563.93177719738,6510.008612935244,6464.0069654505005,6492.722623430045,6596.603462600622,6603.7772422586495,6561.504286754533,6522.260150420707,6459.2829808422775,6485.359182177416,6545.273766063943,6579.6471094067865
W52,7002.3081398024115,7031.819496303202,7021.361400133783,7090.473620153958,7122.873557904011,7163.400820210154,7231.760765994705,7223.335319082018,7263.268621084864,7265.86728349447,7279.762332336063,7279.7026879365985,7234.0996474406675
W53,1805.9497480816235,1842.6804876103151,1851.3179623653077,1860.693994311397,1882.1670651742384,1860.3522236977574,1876.6766824984147,1869.9233047697899,1901.828750958503,1881.2468222546577,1887.0461811197451,1884.075055669553,1928.6145797363333
W54,2455.7537765670845,2437.3801165317827,2447.757694094362,2444.157249944695,2429.2756561296073,2416.7188468252634,2415.2197682476317,2412.273787190569,2398.9226766806205,2385.2156180021852,2381.2468106500182,2378.689569788784,2370.3270514429746
W55,5034.452333079433,5047.714351508876,5054.631236574303,5060.283789026438,5068.4113289125935,5072.737521778716,5082.932059504752,5109.961471890358,5021.042949641529,5100.191345404079,5100.40321365867,5108.8198016486185,5134.381100433279
W56,3054.7855866932405,3117.95944829077,3174.21602142507,3205.385473563382,3247.971797177748,3303.7592544202644,3362.660919747494,3423.6826106771414,3483.6823523348553,3566.814034867448,3640.682110077176,3709.431113388225,3760.298989871295
W57,2114.577290311755,2070.4561143551396,2027.5525926251298,1998.0618185147432,1980.8027965046408,1965.5284440517928,1907.5027082569338,1858.673590748797,1796.2984497819716,1732.1938115654832,1678.5972100892586,1620.7709833844574,1579.3400978522936
W58,3410.0926925714484,3445.3313474612755,3514.918378365959,3635.5504520190493,3664.7848791677893,3653.0429600934217,3597.673473149535,3558.2140418125055,3533.893649338409,3532.574525250124,3515.887629577084,3472.8113210771917,3425.632819465151
W59,2141.926917828505,1746.1815147860154,1860.415448255189,1989.2249463835187,1899.1088117303218,2274.8196450785244,1893.9783925761235,2117.8216797570567,1867.05343930543,2131.5194555563075,1803.584784919788,2056.7332947461196,1595.2692269591867
W6,490.65875055518063,505.8287824526801,525.2407928987624,546.856375549344,559.9309492274205,590.3927033335535,609.2727209958697,785.952544255644,746.8144834711567,815.0779844545477,819.2636784732092,792.618877501586,740.3502933759526
W60,9026.659907039637,9008.571985083481,9028.537709621425,9005.238888899135,9013.465782096193,9041.26638664137,9018.201465592696,9025.654588057501,9005.989074912039,9024.927799341198,9021.302924210448,8991.000333096063,9005.13179950169
W61,10153.759530235535,10881.669930025186,10662.1352176945,10073.698522344994,10226.289775367004,10681.744370771099,10335.159520789552,10016.98361427467,9991.842222194111,10055.949401462865,10054.971980581295,10085.924300739547,10313.681181180149
W62,7203.828367163476,7146.602671638069,7145.373719463686,7087.623513256136,7037.384559871863,7028.920551748039,7091.255081567877,7092.520657305993,7043.463678849609,7058.063408390793,7134.270132409556,7115.416559105506,7049.0432570679095
W63,6042.032078416927,5981.961986691302,5995.186796425694,6001.334707608839,6048.5383917020245,6043.4616694645865,6016.656763100691,5971.2586988481835,5911.481034992442,5906.422705356453,5917.354841284365,5875.5438154386,5830.42958674063
W64,13569.621367901018,11860.011529848369,12396.946048577749,13096.06265370326,12344.833519174315,11456.976164888169,12013.570116367326,12794.528036290278,13481.242842738004,12190.929380939073,11803.856732138389,12816.808214793999,13937.402367943705
W65,18931.467763749788,17344.640812272555,17944.82470592205,19111.92052531679,18602.17289867079,17313.445513630315,17803.429493579722,18834.173166268603,18111.416146442058,16803.386669604173,17924.268259758195,18913.48609798136,17175.521849341752
W66,7231.451792673896,7351.225291749219,7364.752610917382,7267.4223996575765,7169.38593438451,7172.193253505658,7249.176159942064,7356.002032022848,7340.719923737134,7265.182502407413,7235.555095346525,7268.960576905297,7338.9730863423065
W67,13210.178157701557,13206.000443608526,13215.235445319737,13230.665549140293,13235.094879711904,13230.019231639222,13235.325228288422,13252.178786003915,13256.608116575524,13251.532468502843,13256.838465152045,13273.692022867535,13278.121353439145
W68,6937.948861115627,6952.204671446669,6966.460481777709,6980.716292108749,6994.972102439791,7009.227912770832,7023.483723101874,7037.739533432914,7051.995343763956,7066.251154094996,7080.506964426038,7094.762774757079,7109.018585088121
W69,6941.571070074303,6955.977045090308,6970.383020106313,6984.788995122318,6999.194970138321,7013.600945154326,7028.006920170331,7042.412895186336,7056.818870202341,7071.224845218346,7085.630820234351,7100.036795250356,7114.442770266361
W7,3698.462765197927,3400.174058555182,3571.836768856795,4280.428046986739,4365.121563967548,5934.327958200263,4526.767815729101,4333.652019691069,4555.374811769248,5515.567748144588,4782.570902667201,5622.679615161455,4743.887267387205
W70,2581.8189841749645,2571.837081071577,2559.996577382647,2547.4676754157827,2534.9387734489173,2522.409871482052,2509.8809695151876,2497.3520675483223,2484.823165581458,2472.2942636145926,2459.7653616477282,2447.236459680863,2434.7075577139985
W71,1958.5735478502652,1939.7493008311249,1930.7012988500496,1931.1967644384472,1924.7722929063175,1937.552514188498,1922.7915054247123,1902.5130493488891,1886.8257111428647,1859.1435063700771,1827.2327283304844,1794.4753819501325,1796.5661497804713
W72,1878.3285852536364,1803.627101072328,1795.3254029203758,1818.341441896725,1838.85894512891,1802.627304243673,1726.248648186177,1668.3216410373418,1690.2983726519149,1707.0105607650783,1703.9932207011977,1679.8205358202185,1653.0331302380455
W73,1828.1661339726634,1837.8414253904498,1826.1379343564117,1821.1115705613745,1808.8801101149616,1786.7971339190535,1762.5804310020449,1734.1902074607667,1701.9646430882356,1686.639781508036,1632.517003048289,1641.981781832191,1610.936859949457
W74,4182.891729675537,4287.792997347432,4586.013152828065,4595.036126310704,4598.9167457668555,4602.7973652230085,4606.67798467916,4610.558604135312,4614.439223591464,4618.319843047615,4622.200462503767,4626.081081959919,4629.96170141607
W75,24501.742655764654,24644.189357134583,25056.111557461856,24929.588322330314,25064.39289929726,24804.528667123715,24933.88488580478,25037.53339393904,25189.59544840631,25322.067250927837,24969.93397594909,24976.666552406874,25011.572232537757
W76,480.5005165208272,481.31092172951867,466.51799015407823,468.93210195037545,466.7986954070175,467.96117241674847,460.04488470616207,423.6782547931648,425.1948099937258,399.93888353395687,392.82383185161916,364.6201038106419,361.164451291188
W77,3959.5576671136523,4082.768530343734,3985.5131314039236,3954.518771455245,3998.752617976462,3996.3763337407618,3944.6290429798846,3932.6067515027944,3814.5445189190586,3700.855840676175,3785.9106032446102,3687.1819046020646,3702.1618495042767
W78,3928.106959099773,3684.2803256706948,3698.5349515981197,3794.653335085833,3756.9353400852997,3682.569126925823,3440.342430526325,3721.192981087056,3660.9686313712214,3532.997920600778,3555.123783303722,3541.462178925797,3567.1910226716022
W79,1404.4279188249113,1371.6520010981726,1452.4995445857878,1464.575488688081,1489.6736204672386,1509.7505932773943,1520.3824663511114,1576.4012846013866,1650.4295871091026,1736.9852021817026,1839.521524607644,1888.987184219492,1913.71141383159
W8,3495.1059914018847,3165.068720320638,3476.406356731979,3414.5030613670824,3732.8520633101894,3851.1588117122506,3439.9216920543577,3803.1784967666786,3910.086444800603,3441.776105286016,3962.214672656046,3973.9772239494887,3849.3959839417316
W80,1590.412511282679,1663.5154230475916,1731.8868330855248,1719.9859935973057,1742.1320404052613,1769.611702982119,1798.0660102357315,1840.233456216551,1894.9319959434856,1938.7603574905584,1861.812005090866,1803.8190475255594,1776.4678736548728
W81,24698.59373438212,24740.038627110203,24534.738756267125,24464.51819030824,24692.08221602768,24735.290518602138,25312.814175747266,24851.745593461477,24673.319202128572,24794.003535915086,24781.297110858148,24756.85406806486,24724.524811903357
W82,4426.02574897749,4429.4882558010995,4433.641884663115,4436.548816828287,4439.665306626865,4442.404354689712,4444.508694702023,4446.9035461648,4449.743754198018,4452.970635826348,4455.953600671937,4458.936565517526,4461.919530363115
W83,5972.646717117867,5977.357094376668,5970.631839236354,5957.790650825137,5959.973866261382,6032.478098104442,6058.366113856644,6077.730410010477,6103.419778057309,6097.5841279957785,6092.627679415683,6084.489000178736,6090.677985261276
W84,5977.301557504286,5990.1335407837705,6003.788675886809,6010.882340355842,6016.742736961596,6025.482708553033,6034.147559891387,6042.8659889234705,6051.529736640649,6060.193484357827,6068.857232075005,6077.520979792184,6086.184727509362
W85,17268.678144656456,17291.696024385994,17330.746747806163,17365.30540706635,17386.20098119037,17407.086329219106,17428.99133787955,17454.426662646758,17479.539652821994,17504.441786815252,17525.549956091985,17546.749689302243,17572.10013814055
W86,17313.14349988594,17375.58595730742,17409.264145984598,17424.84914055555,17393.399882556936,17408.18431601744,17439.7996550211,17506.412138104326,17555.459392586985,17626.11307379492,17685.731005235364,17763.998418443916,17805.426076241834
W87,1085.2337841844198,1082.1700133091842,1078.7163430409278,1077.5916164775274,1073.8415792665312,1073.2512785047575,1074.2632087122286,1073.694969010705,1071.9781716719228,1070.267474604955,1064.696128248563,1059.338549059085,1052.983460335931
W88,11943.562833631217,11998.38527362555,11949.820891026964,11968.590197039552,11960.744060013512,11989.312502855775,11990.431559159642,12001.8661133729,11977.902676066631,11999.208345232673,11992.632898746282,12018.429090028694,12007.996963850654
W89,1264.2209438114544,1239.3285481251949,1229.2362188659004,1243.252344854387,1274.1512681243278,1260.9419099244863,1263.243915100776,1258.0658084680456,1254.1004475029736,1249.636999552369,1249.8486858633426,1246.7829025720853,1244.4851490564508
W9,7388.864698528005,7732.752026466349,8226.884554608734,8311.778981915057,8301.786339677816,8129.89883029928,7959.358427330428,8006.34710789935,8073.918999553585,8004.4226091402,8205.743118289869,8162.943034651149,8032.326102680026
W90,1847.4591439799287,1841.40962134502,1848.5659707763837,1852.324844461809,1853.1211350753013,1858.5125223422633,1856.3201882752555,1861.9227186439896,1863.049338929528,1864.310788478085,1865.8016421275436,1867.590321763361,1867.9808138015487
W91,19548.912585197766,19722.89103617427,19725.552768388494,19826.14731658882,19751.70309379916,19790.21279696639,19909.365451874768,19866.87452144941,19846.274111341598,19802.030927885076,19920.55506368608,19910.696022559077,19882.004249303485
W92,23239.734731439883,23029.42018811337,22868.868835908877,22871.39269695354,22767.086169358932,22884.120887758087,23001.602884876196,22829.247092519756,22940.594073207714,22782.90890200976,22922.76970545174,23037.973799759224,22867.415579292763
W93,1741.3724744692922,1741.7156528059163,1734.3104558762316,1740.8825674967884,1747.2454254681702,1747.3872452642104,1738.398694265202,1740.0655239040348,1747.633840976817,1745.3606991505135,1740.5722779843113,1748.9221651032112,1756.6969143796157
W94,1778.5981086969668,1767.6703303366664,1781.9130122482936,1758.8244092753382,1752.7018267551537,1754.2400718888125,1761.9208635747757,1737.79935229352,1741.5888372038344,1732.914361034007,1744.3987567187708,1731.3136853286783,1734.2426706338217
W95,1666.646768133345,1658.3300921510345,1670.8361499132288,1671.2616120921386,1697.6929996064287,1758.2301457211968,1738.6454501856492,1762.8737854522453,1730.4099629757013,1748.3506338927461,1717.5051949354774,1769.8054739809895,1738.414809931906
W96,11356.993333818857,11369.901849055579,11308.695178224812,11311.891663434733,11353.573084680294,11315.67770947247,11281.376036527652,11339.994794548424,11339.232895022104,11335.493462146223,11350.823461951184,11353.724479245662,11305.977565153802
W97,508.49172329160024,517.070565337255,515.1197553766722,483.99630394476844,487.811255866824,503.9771946258152,519.3358055169936,517.4003946286084,479.04487361726933,486.54445229098087,508.06366287032824,526.5763583281812,539.6940826956466
W98,639.0101353168252,653.7216986779626,662.2764140370714,647.5863838621322,649.3333775034034,651.9663212006462,644.2861442805611,635.8335713797906,646.3200023384352,632.9138777551407,628.2988977515238,625.5190509592521,644.6761339782734
W99,15109.865021876292,15095.918760262846,15117.911793513702,15153.483614428478,15112.275212649625,15110.682560348385,15100.451039110703,15115.075769669016,15114.940676054892,15140.747849601932,15135.300903395912,15142.356517428423,15158.975502543723
