3.836691379547119141e-01 4.243111610412597656e-02
3.795320987701416016e-01 4.276752471923828125e-02
3.731276988983154297e-01 4.353308677673339844e-02
4.312903881072998047e-01 2.896404266357421875e-02
3.593389987945556641e-01 4.333686828613281250e-02
3.674604892730712891e-01 2.990627288818359375e-02
2.649242877960205078e-01 3.284668922424316406e-02
3.800988197326660156e-01 4.226136207580566406e-02
4.524385929107666016e-01 4.260516166687011719e-02
3.112938404083251953e-01 2.662849426269531250e-02
3.890073299407958984e-01 4.295682907104492188e-02
3.825132846832275391e-01 3.488922119140625000e-02
2.494626045227050781e-01 4.171586036682128906e-02
3.611059188842773438e-01 4.331660270690917969e-02
3.851003646850585938e-01 3.079414367675781250e-02
4.685859680175781250e-01 4.597902297973632812e-02
3.240694999694824219e-01 4.257774353027343750e-02
4.348034858703613281e-01 4.254770278930664062e-02
3.507237434387207031e-01 4.395985603332519531e-02
3.894467353820800781e-01 3.390049934387207031e-02
3.511598110198974609e-01 2.654480934143066406e-02
3.790283203125000000e-01 3.206396102905273438e-02
3.736562728881835938e-01 4.259443283081054688e-02
3.818392753601074219e-01 3.877949714660644531e-02
4.484481811523437500e-01 4.344582557678222656e-02
4.351987838745117188e-01 4.559206962585449219e-02
3.488433361053466797e-01 4.318857192993164062e-02
4.260268211364746094e-01 4.440164566040039062e-02
3.735096454620361328e-01 3.363299369812011719e-02
4.637265205383300781e-01 4.293274879455566406e-02
4.227344989776611328e-01 4.375362396240234375e-02
3.808264732360839844e-01 4.173278808593750000e-02
3.961143493652343750e-01 4.279208183288574219e-02
3.762173652648925781e-01 3.763365745544433594e-02
3.880198001861572266e-01 3.226923942565917969e-02
3.669829368591308594e-01 4.467630386352539062e-02
4.123890399932861328e-01 4.207396507263183594e-02
3.821432590484619141e-01 4.373407363891601562e-02
3.629438877105712891e-01 4.161667823791503906e-02
3.793222904205322266e-01 3.955793380737304688e-02
3.560738563537597656e-01 4.494023323059082031e-02
3.802974224090576172e-01 4.370903968811035156e-02
3.684983253479003906e-01 4.272103309631347656e-02
3.666079044342041016e-01 4.292392730712890625e-02
3.549716472625732422e-01 4.419708251953125000e-02
3.838269710540771484e-01 3.721690177917480469e-02
3.700120449066162109e-01 4.385709762573242188e-02
3.859412670135498047e-01 4.403352737426757812e-02
4.479851722717285156e-01 4.428625106811523438e-02
3.955376148223876953e-01 4.481363296508789062e-02
3.735055923461914062e-01 4.662275314331054688e-02
3.543121814727783203e-01 4.389858245849609375e-02
4.338216781616210938e-01 3.476119041442871094e-02
3.743231296539306641e-01 4.156446456909179688e-02
3.782362937927246094e-01 4.110217094421386719e-02
3.692731857299804688e-01 4.227089881896972656e-02
3.807158470153808594e-01 3.805017471313476562e-02
3.837125301361083984e-01 4.397368431091308594e-02
4.062809944152832031e-01 4.262852668762207031e-02
4.036877155303955078e-01 4.482030868530273438e-02
4.264910221099853516e-01 3.213953971862792969e-02
3.967514038085937500e-01 4.361629486083984375e-02
3.691856861114501953e-01 4.403185844421386719e-02
3.431878089904785156e-01 4.116368293762207031e-02
3.607306480407714844e-01 2.635478973388671875e-02
3.659462928771972656e-01 3.269910812377929688e-02
2.695610523223876953e-01 4.149389266967773438e-02
2.524650096893310547e-01 3.169631958007812500e-02
2.655966281890869141e-01 4.338121414184570312e-02
3.324182033538818359e-01 2.974152565002441406e-02
2.174108028411865234e-01 4.317665100097656250e-02
3.387022018432617188e-01 4.320168495178222656e-02
2.820224761962890625e-01 2.899527549743652344e-02
2.461555004119873047e-01 3.347849845886230469e-02
3.320944309234619141e-01 4.342007637023925781e-02
4.005026817321777344e-01 4.260325431823730469e-02
3.490595817565917969e-01 2.726769447326660156e-02
3.229248523712158203e-01 3.708887100219726562e-02
3.969039916992187500e-01 4.604935646057128906e-02
4.802320003509521484e-01 4.337811470031738281e-02
4.724378585815429688e-01 4.332542419433593750e-02
5.685985088348388672e-01 4.310417175292968750e-02
5.856528282165527344e-01 4.318094253540039062e-02
5.526893138885498047e-01 4.355883598327636719e-02
4.620230197906494141e-01 4.298424720764160156e-02
4.956459999084472656e-01 4.212760925292968750e-02
4.319601058959960938e-01 4.381728172302246094e-02
4.751288890838623047e-01 4.040622711181640625e-02
4.832675457000732422e-01 4.223990440368652344e-02
3.723163604736328125e-01 4.397559165954589844e-02
5.241928100585937500e-01 4.472160339355468750e-02
5.309746265411376953e-01 3.905749320983886719e-02
5.029294490814208984e-01 4.464602470397949219e-02
5.402321815490722656e-01 4.424476623535156250e-02
5.207614898681640625e-01 4.141592979431152344e-02
5.274593830108642578e-01 3.795862197875976562e-02
5.547356605529785156e-01 3.541183471679687500e-02
5.653820037841796875e-01 3.142690658569335938e-02
5.451011657714843750e-01 4.387521743774414062e-02
5.094482898712158203e-01 4.107761383056640625e-02
3.661651611328125000e-01 4.316520690917968750e-02
4.835591316223144531e-01 4.405450820922851562e-02
5.205454826354980469e-01 3.090286254882812500e-02
5.952517986297607422e-01 4.351949691772460938e-02
5.351333618164062500e-01 4.335260391235351562e-02
4.684789180755615234e-01 4.398298263549804688e-02
5.500726699829101562e-01 4.481554031372070312e-02
5.868432521820068359e-01 4.377269744873046875e-02
5.762443542480468750e-01 4.383230209350585938e-02
6.629817485809326172e-01 4.558062553405761719e-02
5.529980659484863281e-01 4.543113708496093750e-02
3.868243694305419922e-01 4.410409927368164062e-02
3.883595466613769531e-01 4.399180412292480469e-02
5.436027050018310547e-01 4.107522964477539062e-02
4.317049980163574219e-01 4.373168945312500000e-02
3.444766998291015625e-01 4.290556907653808594e-02
3.259811401367187500e-01 2.726936340332031250e-02
3.797752857208251953e-01 4.398560523986816406e-02
5.353300571441650391e-01 4.241752624511718750e-02
5.186057090759277344e-01 4.389238357543945312e-02
4.663517475128173828e-01 4.429864883422851562e-02
5.114955902099609375e-01 4.426264762878417969e-02
5.813858509063720703e-01 4.269266128540039062e-02
4.380953311920166016e-01 4.404664039611816406e-02
5.493164062500000000e-01 4.410910606384277344e-02
6.237237453460693359e-01 4.364728927612304688e-02
4.213550090789794922e-01 4.314184188842773438e-02
4.055202007293701172e-01 4.320216178894042969e-02
5.241565704345703125e-01 4.216718673706054688e-02
5.578255653381347656e-01 4.358625411987304688e-02
4.618871212005615234e-01 4.178428649902343750e-02
5.846109390258789062e-01 4.297733306884765625e-02
5.565528869628906250e-01 4.326033592224121094e-02
4.919683933258056641e-01 4.214549064636230469e-02
3.985145092010498047e-01 4.402446746826171875e-02
5.173640251159667969e-01 4.277062416076660156e-02
5.892715454101562500e-01 4.425048828125000000e-02
5.272738933563232422e-01 4.310274124145507812e-02
5.252628326416015625e-01 4.264736175537109375e-02
5.414588451385498047e-01 4.283261299133300781e-02
5.151846408843994141e-01 4.237985610961914062e-02
5.185735225677490234e-01 4.403877258300781250e-02
5.596933364868164062e-01 4.390668869018554688e-02
5.288035869598388672e-01 4.423570632934570312e-02
6.125438213348388672e-01 4.409098625183105469e-02
3.685688972473144531e-01 4.369759559631347656e-02
5.926606655120849609e-01 4.350137710571289062e-02
5.229423046112060547e-01 4.295015335083007812e-02
5.813822746276855469e-01 4.408740997314453125e-02
5.593605041503906250e-01 4.406428337097167969e-02
5.240681171417236328e-01 4.406785964965820312e-02
5.115799903869628906e-01 4.382729530334472656e-02
5.240383148193359375e-01 4.306817054748535156e-02
5.544273853302001953e-01 4.379487037658691406e-02
5.045936107635498047e-01 4.408812522888183594e-02
4.695219993591308594e-01 4.307222366333007812e-02
3.679528236389160156e-01 4.160332679748535156e-02
5.283722877502441406e-01 4.331994056701660156e-02
5.327827930450439453e-01 4.439043998718261719e-02
5.870866775512695312e-01 4.355955123901367188e-02
5.812225341796875000e-01 4.395914077758789062e-02
6.026296615600585938e-01 4.236030578613281250e-02
5.279176235198974609e-01 4.370856285095214844e-02
5.228326320648193359e-01 4.287123680114746094e-02
5.174057483673095703e-01 4.398369789123535156e-02
5.277440547943115234e-01 4.448103904724121094e-02
5.440959930419921875e-01 4.325342178344726562e-02
3.237352371215820312e-01 4.207324981689453125e-02
5.535054206848144531e-01 4.326176643371582031e-02
5.280406475067138672e-01 4.171681404113769531e-02
5.898725986480712891e-01 4.095888137817382812e-02
5.123214721679687500e-01 4.244637489318847656e-02
5.144040584564208984e-01 4.255104064941406250e-02
6.001005172729492188e-01 4.388570785522460938e-02
5.223896503448486328e-01 2.768564224243164062e-02
5.225265026092529297e-01 4.296231269836425781e-02
5.297036170959472656e-01 3.195881843566894531e-02
5.546138286590576172e-01 3.108549118041992188e-02
3.907048702239990234e-01 4.262971878051757812e-02
5.599653720855712891e-01 4.408001899719238281e-02
5.378060340881347656e-01 4.440212249755859375e-02
4.917526245117187500e-01 3.165411949157714844e-02
5.213928222656250000e-01 3.739738464355468750e-02
5.447523593902587891e-01 3.385114669799804688e-02
5.160717964172363281e-01 4.276561737060546875e-02
5.659656524658203125e-01 2.837467193603515625e-02
4.791734218597412109e-01 2.667951583862304688e-02
5.854492187500000000e-01 4.396200180053710938e-02
5.400094985961914062e-01 4.286789894104003906e-02
3.883306980133056641e-01 4.396247863769531250e-02
5.118796825408935547e-01 4.286551475524902344e-02
5.569107532501220703e-01 4.352545738220214844e-02
5.319867134094238281e-01 4.386591911315917969e-02
5.266790390014648438e-01 4.342269897460937500e-02
5.169456005096435547e-01 4.275631904602050781e-02
5.434246063232421875e-01 2.655076980590820312e-02
4.838652610778808594e-01 4.301714897155761719e-02
4.841039180755615234e-01 4.302787780761718750e-02
5.351774692535400391e-01 2.969598770141601562e-02
5.055205821990966797e-01 2.611851692199707031e-02
3.760023117065429688e-01 4.265570640563964844e-02
5.307090282440185547e-01 4.394817352294921875e-02
5.394120216369628906e-01 4.073572158813476562e-02
5.115063190460205078e-01 2.963423728942871094e-02
5.238590240478515625e-01 2.948570251464843750e-02
4.696426391601562500e-01 4.219794273376464844e-02
4.506533145904541016e-01 2.686858177185058594e-02
4.579105377197265625e-01 3.340721130371093750e-02
4.699587821960449219e-01 4.359412193298339844e-02
5.356903076171875000e-01 4.461050033569335938e-02
4.335243701934814453e-01 3.394770622253417969e-02
3.371942043304443359e-01 4.337048530578613281e-02
5.004677772521972656e-01 3.066563606262207031e-02
5.455126762390136719e-01 4.471898078918457031e-02
5.318758487701416016e-01 4.182720184326171875e-02
5.520844459533691406e-01 3.692889213562011719e-02
5.687062740325927734e-01 4.364871978759765625e-02
5.766294002532958984e-01 2.699589729309082031e-02
5.050489902496337891e-01 4.082798957824707031e-02
4.133734703063964844e-01 4.260182380676269531e-02
5.901186466217041016e-01 4.365420341491699219e-02
5.432603359222412109e-01 4.370760917663574219e-02
3.928709030151367188e-01 4.267454147338867188e-02
3.127584457397460938e-01 4.275345802307128906e-02
4.602551460266113281e-01 4.346537590026855469e-02
6.079385280609130859e-01 4.297566413879394531e-02
5.683813095092773438e-01 4.216027259826660156e-02
5.099301338195800781e-01 4.219675064086914062e-02
5.464644432067871094e-01 4.321336746215820312e-02
4.566373825073242188e-01 4.429006576538085938e-02
5.234749317169189453e-01 4.355955123901367188e-02
5.300147533416748047e-01 4.410552978515625000e-02
4.994397163391113281e-01 1.012091636657714844e-01
5.417795181274414062e-01 4.331851005554199219e-02
4.088885784149169922e-01 4.344749450683593750e-02
4.951865673065185547e-01 4.401946067810058594e-02
5.213856697082519531e-01 4.233431816101074219e-02
4.881339073181152344e-01 4.323363304138183594e-02
4.750454425811767578e-01 4.376149177551269531e-02
5.631384849548339844e-01 4.037570953369140625e-02
5.733590126037597656e-01 4.341483116149902344e-02
6.113822460174560547e-01 4.334712028503417969e-02
5.086362361907958984e-01 4.362821578979492188e-02
5.150978565216064453e-01 4.422712326049804688e-02
5.415506362915039062e-01 4.119944572448730469e-02
3.477163314819335938e-01 4.322052001953125000e-02
5.270297527313232422e-01 4.282474517822265625e-02
5.717418193817138672e-01 4.334664344787597656e-02
4.962470531463623047e-01 4.381394386291503906e-02
5.642774105072021484e-01 4.458689689636230469e-02
5.024607181549072266e-01 4.278254508972167969e-02
5.642068386077880859e-01 4.618835449218750000e-02
5.150058269500732422e-01 4.300236701965332031e-02
5.327608585357666016e-01 4.335594177246093750e-02
5.154263973236083984e-01 4.372549057006835938e-02
5.212209224700927734e-01 4.481315612792968750e-02
4.417440891265869141e-01 4.395627975463867188e-02
5.271594524383544922e-01 4.337501525878906250e-02
5.291500091552734375e-01 4.276943206787109375e-02
5.260272026062011719e-01 4.400491714477539062e-02
5.615212917327880859e-01 4.147362709045410156e-02
4.925775527954101562e-01 4.306077957153320312e-02
5.483179092407226562e-01 4.328703880310058594e-02
5.245835781097412109e-01 4.361629486083984375e-02
5.252749919891357422e-01 4.515933990478515625e-02
4.911732673645019531e-01 2.711510658264160156e-02
5.226757526397705078e-01 4.499530792236328125e-02
3.760800361633300781e-01 4.338097572326660156e-02
5.413951873779296875e-01 4.292941093444824219e-02
5.427746772766113281e-01 3.534817695617675781e-02
4.944865703582763672e-01 4.145622253417968750e-02
5.042448043823242188e-01 3.694677352905273438e-02
4.589381217956542969e-01 3.524589538574218750e-02
5.288133621215820312e-01 2.773022651672363281e-02
5.382297039031982422e-01 4.426240921020507812e-02
5.211105346679687500e-01 4.416489601135253906e-02
5.722694396972656250e-01 4.275703430175781250e-02
5.215985774993896484e-01 4.213953018188476562e-02
3.694062232971191406e-01 4.260444641113281250e-02
5.281643867492675781e-01 4.372096061706542969e-02
5.178115367889404297e-01 5.676651000976562500e-02
4.747619628906250000e-01 4.272317886352539062e-02
5.129687786102294922e-01 4.671859741210937500e-02
4.849505424499511719e-01 4.455494880676269531e-02
5.027124881744384766e-01 4.457449913024902344e-02
5.104401111602783203e-01 4.221487045288085938e-02
5.022234916687011719e-01 4.384589195251464844e-02
5.549662113189697266e-01 4.686212539672851562e-02
6.220724582672119141e-01 4.465651512145996094e-02
3.640284538269042969e-01 4.390692710876464844e-02
4.713258743286132812e-01 3.639221191406250000e-02
5.147459506988525391e-01 4.262089729309082031e-02
5.119125843048095703e-01 4.140329360961914062e-02
5.275208950042724609e-01 4.385137557983398438e-02
5.186069011688232422e-01 4.325532913208007812e-02
4.200289249420166016e-01 4.261875152587890625e-02
5.301849842071533203e-01 4.400205612182617188e-02
4.836201667785644531e-01 4.400014877319335938e-02
4.991502761840820312e-01 4.381632804870605469e-02
5.902619361877441406e-01 4.415106773376464844e-02
3.337926864624023438e-01 4.341769218444824219e-02
5.040822029113769531e-01 4.083013534545898438e-02
5.131087303161621094e-01 4.250264167785644531e-02
5.175828933715820312e-01 4.376363754272460938e-02
5.243155956268310547e-01 4.477381706237792969e-02
5.595159530639648438e-01 4.365324974060058594e-02
5.162663459777832031e-01 4.443979263305664062e-02
4.916839599609375000e-01 4.422020912170410156e-02
5.670030117034912109e-01 4.344987869262695312e-02
5.831546783447265625e-01 4.360556602478027344e-02
4.628994464874267578e-01 4.283785820007324219e-02
3.911554813385009766e-01 4.390096664428710938e-02
4.993138313293457031e-01 4.157280921936035156e-02
5.274360179901123047e-01 4.340362548828125000e-02
5.140960216522216797e-01 4.406738281250000000e-02
5.199205875396728516e-01 4.443264007568359375e-02
4.916381835937500000e-01 2.850842475891113281e-02
5.819861888885498047e-01 4.224014282226562500e-02
4.959671497344970703e-01 4.392933845520019531e-02
5.702350139617919922e-01 4.391455650329589844e-02
5.094957351684570312e-01 3.543925285339355469e-02
5.379204750061035156e-01 4.384803771972656250e-02
4.265086650848388672e-01 4.374790191650390625e-02
5.383515357971191406e-01 4.412889480590820312e-02
5.194795131683349609e-01 4.124855995178222656e-02
5.235841274261474609e-01 3.244948387145996094e-02
4.981782436370849609e-01 4.472780227661132812e-02
5.057835578918457031e-01 4.317665100097656250e-02
4.742190837860107422e-01 4.388737678527832031e-02
5.288043022155761719e-01 4.405212402343750000e-02
4.697275161743164062e-01 4.419302940368652344e-02
5.234868526458740234e-01 4.117941856384277344e-02
4.787623882293701172e-01 4.366970062255859375e-02
3.148856163024902344e-01 4.242134094238281250e-02
3.908421993255615234e-01 4.422879219055175781e-02
5.158269405364990234e-01 4.360580444335937500e-02
4.855239391326904297e-01 4.425334930419921875e-02
5.278246402740478516e-01 4.271602630615234375e-02
5.122532844543457031e-01 4.459643363952636719e-02
4.928789138793945312e-01 4.225015640258789062e-02
5.243291854858398438e-01 2.608132362365722656e-02
5.253965854644775391e-01 5.620789527893066406e-02
4.279961585998535156e-01 4.459476470947265625e-02
5.842337608337402344e-01 4.372501373291015625e-02
4.905152320861816406e-01 3.192591667175292969e-02
3.798394203186035156e-01 4.536509513854980469e-02
5.201675891876220703e-01 4.385089874267578125e-02
5.237514972686767578e-01 3.184986114501953125e-02
5.890803337097167969e-01 3.776383399963378906e-02
4.940040111541748047e-01 4.431796073913574219e-02
5.281164646148681641e-01 4.348850250244140625e-02
3.169968128204345703e-01 4.259133338928222656e-02
3.498239517211914062e-01 4.338502883911132812e-02
3.055200576782226562e-01 4.087066650390625000e-02
3.833010196685791016e-01 4.332756996154785156e-02
3.842997550964355469e-01 4.383063316345214844e-02
3.524162769317626953e-01 4.288077354431152344e-02
3.174526691436767578e-01 4.192996025085449219e-02
3.634123802185058594e-01 4.239964485168457031e-02
3.579814434051513672e-01 2.691626548767089844e-02
3.778162002563476562e-01 4.292249679565429688e-02
3.736379146575927734e-01 4.376840591430664062e-02
4.115459918975830078e-01 4.320383071899414062e-02
3.280680179595947266e-01 2.866458892822265625e-02
3.588328361511230469e-01 3.784656524658203125e-02
3.436291217803955078e-01 3.412723541259765625e-02
3.428797721862792969e-01 4.404973983764648438e-02
3.823528289794921875e-01 4.424715042114257812e-02
3.844370841979980469e-01 4.632282257080078125e-02
3.480794429779052734e-01 3.313875198364257812e-02
3.360059261322021484e-01 3.464984893798828125e-02
3.388586044311523438e-01 4.442334175109863281e-02
3.156549930572509766e-01 4.311323165893554688e-02
3.735263347625732422e-01 4.371666908264160156e-02
2.990686893463134766e-01 2.992200851440429688e-02
3.812198638916015625e-01 4.129791259765625000e-02
3.323898315429687500e-01 3.293251991271972656e-02
3.489849567413330078e-01 4.079174995422363281e-02
2.638950347900390625e-01 4.193496704101562500e-02
3.689069747924804688e-01 3.599095344543457031e-02
3.232991695404052734e-01 4.114460945129394531e-02
3.556923866271972656e-01 3.618121147155761719e-02
3.352646827697753906e-01 4.011225700378417969e-02
3.328878879547119141e-01 4.371118545532226562e-02
3.756706714630126953e-01 3.315234184265136719e-02
2.690427303314208984e-01 4.279136657714843750e-02
3.922367095947265625e-01 2.698349952697753906e-02
3.194649219512939453e-01 3.354310989379882812e-02
3.448457717895507812e-01 4.667210578918457031e-02
3.809711933135986328e-01 4.409790039062500000e-02
3.620493412017822266e-01 4.342842102050781250e-02
3.465888500213623047e-01 4.267048835754394531e-02
3.696110248565673828e-01 2.996754646301269531e-02
3.124804496765136719e-01 4.377293586730957031e-02
3.472108840942382812e-01 2.605557441711425781e-02
3.704419136047363281e-01 3.816390037536621094e-02
3.460311889648437500e-01 3.077626228332519531e-02
3.216264247894287109e-01 2.930068969726562500e-02
2.619194984436035156e-01 3.490138053894042969e-02
3.349592685699462891e-01 2.576494216918945312e-02
2.894122600555419922e-01 2.766275405883789062e-02
3.294415473937988281e-01 2.758765220642089844e-02
3.334758281707763672e-01 2.644681930541992188e-02
3.126003742218017578e-01 2.572917938232421875e-02
2.860698699951171875e-01 2.696347236633300781e-02
3.303864002227783203e-01 2.512407302856445312e-02
2.698016166687011719e-01 2.601337432861328125e-02
2.241332530975341797e-01 2.668070793151855469e-02
2.823004722595214844e-01 2.493786811828613281e-02
2.585570812225341797e-01 2.466154098510742188e-02
2.585346698760986328e-01 2.462387084960937500e-02
2.382864952087402344e-01 2.491021156311035156e-02
2.582933902740478516e-01 2.222180366516113281e-02
2.321412563323974609e-01 2.369189262390136719e-02
