5.683822630172249285e-02
6.263631288373522343e-02
2.044563005909527317e-02
6.903746985641685124e-03
1.112420357294197255e-02
3.271442329789779613e-02
6.146785702066493579e-02
9.018479865712832402e-03
9.349375314855089963e-03
1.433088157438468582e-02
5.517292532016081393e-03
3.971161318341313341e-03
9.949340638197155806e-02
3.664642668458995695e-02
7.443955284361265801e-02
9.326394940902229397e-03
4.676647143748223490e-02
2.209947877579804612e-02
2.223426725127418402e-02
3.682302000702337985e-02
2.668105708740999005e-02
5.107159208707078533e-03
1.209736205600630415e-01
8.654983349038688351e-03
6.699860137440843966e-02
9.656182081315058119e-03
8.081142007062441790e-02
3.822347335415038350e-02
2.302930099464552474e-02
1.727805112160177292e-02
5.300882923444006842e-03
2.335166240959170303e-02
3.824207941432277574e-02
4.822502239649500283e-02
8.094827921745742505e-02
2.945678349724916920e-02
4.195252591769487588e-03
1.434525768805344943e-02
4.369412887154374737e-03
5.425900323288413395e-03
2.699228636622970356e-02
3.613561202422641006e-02
1.047561145237759644e-02
8.411355242901087659e-02
1.253525277724781839e-02
1.043660250311348042e-01
4.075285487463040091e-02
4.305458085282964226e-02
2.495382802232792158e-02
1.196476425021916583e-02
1.187164959125870389e-01
1.836155606168864418e-01
9.542371167258322656e-03
5.822229073520505255e-02
9.194758672959507662e-02
2.685843625552453498e-02
2.248556256362414796e-01
1.644639027746197177e-02
1.244985782759883315e-02
2.505821006073919235e-02
2.262382058380552063e-02
3.708401753138423212e-02
1.211651969796834379e-02
4.565738119009988411e-02
1.087335597007125371e-02
1.129648686918397621e-02
9.704347908593249569e-03
2.247862380441476848e-01
1.255488685905051423e-02
7.373956389501132823e-03
5.304813066225610302e-02
2.440984900741355323e-02
1.373949469805402918e-02
3.097909561358360223e-02
2.227964212195256144e-02
2.470367121511290662e-02
5.413280985275548823e-02
4.765929744224926823e-02
1.361095572572657356e-02
1.413744393404032726e-02
1.148860924152096154e-02
9.415731504840945190e-03
1.407923213522079275e-01
1.355683455187538418e-02
9.776662462264105666e-03
2.770415627185416133e-02
2.861097452768789073e-02
4.179192188335349722e-02
2.119130082493139028e-02
7.232864828674517854e-02
1.010828687882620210e-02
7.299087441370703984e-03
1.434829520349188703e-01
4.783280112545321150e-03
1.137854826762805388e-02
1.553352504522972216e-02
1.189859285106939675e-02
2.176685712488473853e-02
1.059649495348270187e-01
1.043809236114358191e-01
2.755014473798267916e-01
2.317479564791585789e-02
4.970160102174746297e-02
3.796767834489174487e-02
5.843014433004078967e-02
4.050393225073794373e-02
4.271368211042984170e-02
6.220428441262612629e-02
7.147800594427139442e-02
5.615596049737071188e-02
8.481024524148830790e-02
4.894875877487479821e-02
1.720736628544178304e-01
1.430844377403175938e-01
3.526058290421001107e-02
1.947314669896168041e-02
1.428069949050413678e-01
2.838364632771533426e-03
7.752080136090835905e-02
1.733343220665905793e-01
3.092373370597488180e-01
1.192382197246993486e-01
8.553927470437414082e-02
2.281289146343910279e-01
1.273861618297325304e-01
5.069317103288764614e-02
5.698001929339886057e-02
8.513013448611192469e-02
4.667202658792223707e-02
3.742098292676310917e-02
2.582704227478872100e-02
2.617420197246861022e-02
4.102785432982490599e-02
2.625906895552723372e-02
5.055814575032757663e-01
3.932963804131188110e-03
4.689144247406099725e-02
3.648000294792675541e-02
3.368419277876862072e-02
1.199042980811457076e-01
8.051946865682649279e-02
7.821205540811952683e-02
1.730256219667415107e-01
1.837229695826156084e-01
1.248898677542122915e-01
1.555870234229989324e-01
1.281778525677695901e-01
5.238872118595953031e-01
2.211270083004869824e-01
1.813430362247841210e-01
1.505327240011868628e-01
2.318445156590616396e-01
1.254097284211823649e-01
1.064971353224036382e-01
4.581409195361558773e-01
1.772964485607207430e-01
3.205071085719802815e-01
2.412401285620295321e-01
2.213526289387192925e-01
1.087120207793760007e-01
2.445021358044922877e-01
3.617943364318220723e-01
1.169696200290038651e-01
4.463703885252736092e-01
5.769355306890074780e-02
5.798710102640859676e-02
8.884957427509486416e-02
7.048666985613513125e-01
2.453106116372137657e-02
4.662983133582972867e-02
2.163886710449772557e-02
1.760404573746104234e-02
1.520909959544453419e-02
2.162443240473841191e-02
1.121771670140740695e-01
6.608711352978994744e-03
2.351226082573249290e-02
2.000384859467254917e-01
3.461786041241060041e-01
4.791899060586722880e-01
3.390799770172632510e-02
1.995891336632709626e-03
1.137006304594937039e-01
7.593445081158549381e-02
1.030221885896405870e-01
1.874583500163376215e-01
1.889853378870172684e-01
4.836313088180278774e-02
1.005965136204558380e-01
3.095626382247935737e-01
7.018496020090100873e-02
4.318004703413870493e-02
2.894028636771889262e-02
3.609725309792090331e-02
2.627290706889399696e-01
1.737376352222563466e-02
2.581829227133134244e-02
2.027500336230483521e-02
1.034612927448483599e-01
4.531950035951481243e-02
5.088165582498694883e-01
1.348266555110802511e-02
9.860349883690666672e-02
1.960458785599781054e-02
2.855546269906215906e-02
4.427092617176860145e-02
2.336204599021964382e-02
3.312384535947258957e-02
3.646269395873606017e-02
8.543642054844128100e-03
2.476398922973126193e-02
8.199600534714448496e-01
8.024039168651168896e-02
1.595934275101161814e-01
1.108071984395077592e-01
1.928019200522700094e-01
2.692955594239923589e-01
2.497136468731750436e-01
1.497721483737351755e-01
1.044613232116545221e-01
1.922210721538466782e-01
1.593655881158441978e-01
1.938631698341544002e-02
9.399887299699620502e-02
1.671646827893821519e-01
1.842137730944947149e-01
1.967011375106380577e-01
1.406512259113257834e-01
1.968649781582826885e-01
1.622184218140776402e-01
1.739907571101782513e-01
2.495621057110416208e-01
1.407507207334453836e-01
1.478283175869414545e-01
4.571115014593371551e-01
2.576882839479396337e-01
1.308343532264503173e-01
9.727489953529581956e-02
1.718359518329190816e-01
2.524264257980241011e-01
1.667266951484316084e-01
1.739882356862840485e-01
1.487130070510388202e-01
1.084994728121549123e-01
1.507656913091216799e-01
3.971090655014620219e-01
4.105614416616039652e-01
1.795147726309126168e-01
2.415126507448001336e-01
1.483159444073551547e-01
3.214351049192151200e-01
1.897518349549956462e-01
1.780277720171448697e-01
1.384253351387187692e-01
2.668047378350208443e-01
1.602290350588433943e-01
2.285544254901967776e-01
1.546038065724255617e-01
1.451592108782285007e-01
1.738100122561238581e-01
1.740406390645827528e-01
2.623799945088867158e-01
2.939217973341913814e-01
1.839779920962242021e-01
2.048747451698363364e-01
1.615161676378202293e-01
1.805610692996815203e-01
4.427546661025693608e-01
1.173495898710704283e-01
1.523411175464769729e-01
2.176858321271222252e-01
1.692250029191373351e-01
2.261260754608258039e-01
2.446909385472745835e-01
1.836273838734334696e-01
1.282363548343312953e-01
1.957652131978556975e-01
1.719794666862307086e-01
1.691214945395720370e-01
7.762264871871610294e-01
1.700958374029335751e-01
2.604690618122498247e-01
1.590203180372273539e-01
1.476185414562748710e-01
1.230611893474963386e-01
2.014261906903022648e-01
2.008703119455118868e-01
1.746525514308298055e-01
1.450794316435775611e-01
1.583151864336982129e-01
1.353508824492447027e-02
1.834526507924017294e-02
1.355951759879428162e-02
7.834315292852035706e-02
2.754132340335956053e-02
2.280964243951410370e-02
2.953684583469825403e-02
2.276907697557739932e-02
2.683395403504062332e-02
4.626837640838717125e-02
6.597075674692123859e-02
4.595198336298692704e-02
3.740113765608554797e-02
3.538003269602840728e-02
4.350741306616061621e-01
3.567548952701443676e-02
2.418609947662666779e-02
2.001946078822556055e-02
1.148971334852114390e-01
1.730309689048071045e-02
9.603950169826898364e-02
5.587407045052170118e-02
1.460934828807539110e-01
1.446598570085300683e-01
2.434236220653390459e-01
4.505028141552948617e-01
1.241441329208398808e-02
8.276265529505047458e-02
4.834990522286101988e-02
3.022696376367976778e-02
4.404827958769132190e-02
3.789431916575065201e-02
2.362865496429303672e-02
4.342704677667415247e-02
6.423249585562142844e-03
7.555825467011319761e-03
2.418759163510282029e-01
4.558088283826110948e-02
4.918254729230677087e-03
1.139265441968683075e-02
1.139829822864567126e-02
2.922738462765221978e-01
3.827389466969571136e-02
3.177795055788550371e-01
2.714227976552289201e-01
3.557337319784161234e-01
1.467430551612521894e-01
3.260747925770058897e-01
5.110001655974950596e-01
2.879664004814800130e-02
2.405642755586241688e-02
1.056394035498081294e-02
1.077483022851784961e-02
3.791010803640170596e-02
1.597428768144779077e-02
3.285892727907231692e-02
7.631387702052296398e-03
7.607237053811435890e-02
1.486724582658441596e-01
1.906498982658113434e-02
1.412882429925032234e-02
1.118993632584384806e-01
5.095560312991160613e-03
1.532915344331488572e-01
1.501737207572592936e-01
6.072224171382035497e-03
1.073775235241614390e-01
9.246260805966732832e-02
1.410583536093747321e-02
