id,0,1,2,3,4,5,6,7,8,9,10,11,12
W1,36705.80776518503,36705.80776518503,37078.57776518503,37078.57776518503,37228.29776518503,37228.29776518503,38005.33776518503,38005.337765185024,38296.54776518503,38296.54776518503,38872.957765185034,38872.957765185034,39133.247765185035
W10,5119.696782563657,5083.426782563658,5083.426782563657,5083.426782563657,5083.426782563658,4969.926782563657,4969.926782563657,4969.926782563658,5151.646782563657,5151.646782563657,5151.646782563658,5151.646782563657,5151.646782563657
W100,11570.790455175695,11300.66766531196,11365.45766531196,11342.997665311957,11481.78766531196,11315.06766531196,11388.14766531196,11501.687665311958,11594.237665311957,11493.19766531196,11498.35766531196,11356.17766531196,11435.487665311957
W101,9865.582088301227,9893.883819560779,9843.60380238459,9843.31580238459,9870.95780238459,9917.27880238459,9940.94480238459,9926.35380238459,9922.986802384588,9936.508802384591,9914.233802384591,9830.886802384588,9799.38280238459
W102,15941.502287159987,15946.794574319974,15952.086861479964,15957.379148639951,15962.671435799939,15967.963722959927,15973.256010119914,15978.548297279904,15983.840584439891,15989.132871599879,15994.425158759866,15999.717445919856,16005.009733079843
W103,4084.4545978304836,4060.6724480215435,4046.5123639599046,4058.2723639599044,4032.2442921078245,4043.3242921078245,4039.9142921078246,4037.3442921078245,4015.3642921078244,4043.3142921078243,4075.474292107824,4081.2542921078243,4021.4642921078243
W104,1038.4489527380458,1052.8489527380455,1046.4389527380456,1067.7289527380458,1073.3789527380459,1083.2289527380458,1085.918952738046,1068.738952738046,1064.6389527380459,1065.5989527380457,1051.3589527380454,1043.6689527380458,1045.9289527380458
W105,9154.814518528245,9151.607410096787,9151.847410096785,9140.287410096786,9156.087410096787,9157.027410096787,9155.537410096786,9159.317410096786,9155.387410096788,9158.717410096788,9167.447410096785,9183.217410096786,9184.967410096788
W106,2135.3156815344487,2126.7960336563115,2138.269033656312,2142.1180336563116,2135.9600336563117,2132.9450336563114,2141.787033656311,2145.706033656311,2142.1220336563115,2139.3770336563116,2146.8820336563113,2149.7710336563114,2144.0630336563117
W107,23887.25245766472,23895.944915329437,23904.63737299415,23913.32983065887,23922.022288323587,23930.714745988305,23939.407203653023,23948.09966131774,23956.79211898246,23965.484576647177,23974.177034311895,23982.869491976613,23991.56194964133
W108,15947.942977738343,15971.776091973354,16026.084534855849,15921.833091973356,15905.845091973355,15878.440091973356,16022.269091973352,16095.268091973354,15991.391091973352,15994.415091973353,16038.983091973354,16083.858091973354,16035.367091973354
W109,14246.097532126429,14277.243532126427,14194.703979184935,14169.593840723604,14134.376840723602,14284.172840723604,14353.565840723606,14247.320840723605,14255.017840723604,14297.338840723603,14328.484840723602,14279.446840723602,14297.566840723604
W11,355.5264826300688,322.53648263006903,309.74648263006884,321.6464826300687,350.78296526013787,317.79296526013786,305.00296526013767,316.90296526013753,346.0394478902067,313.0494478902067,300.2594478902065,312.1594478902066,341.29593052027553
W110,7180.823862933502,7182.193862933502,7221.463862933503,7115.063862933503,7113.683862933502,7144.073862933502,7081.773862933502,7133.083862933501,7216.993862933501,7223.8438629335005,7268.123862933502,7320.143862933502,7431.723862933502
W111,1066.6597731840595,1048.770367506277,1046.8103675062769,1045.7303675062767,1038.7303675062767,1005.6203675062766,967.1203675062768,965.9803675062769,977.6703675062763,962.7403675062765,954.5903675062766,986.1003675062766,984.5703675062764
W112,9446.31548497316,9513.505484973159,9451.44096994632,9518.630969946318,9456.566454919479,9523.75645491948,9461.69193989264,9528.881939892639,9466.8174248658,9534.007424865798,9471.94290983896,9539.132909838958,9477.068394812119
W113,715.4761198634171,718.6422254048791,732.3150071609778,741.6250071609771,758.3350071609772,705.0750071609772,712.0750071609777,755.5650071609776,734.7850071609776,698.4350071609776,689.1950071609776,690.9950071609776,667.3150071609776
W114,10511.360999229735,10520.860999229735,10389.740999229733,10331.260999229733,10333.910999229733,10393.390999229734,10497.440999229735,10401.710999229734,10588.970999229732,10776.900999229732,10614.070999229734,10586.29199845947,10595.791998459468
W115,11324.181992508273,11303.09423044653,11135.624230446529,11067.90423044653,11072.35423044653,11108.15423044653,11199.81423044653,11118.14423044653,11317.204230446529,11538.304230446529,11347.95423044653,11396.796222954801,11375.708460893058
W116,15086.693135961244,14597.763135961244,14363.723135961243,14477.973135961245,15434.913135961244,15242.433135961244,15501.073135961244,14811.283135961245,14627.713135961245,15894.453135961245,15718.023135961244,14252.683135961244,14165.733135961244
W117,7050.366846270537,6964.486846270538,6943.886846270538,6961.906846270536,6995.706846270537,6954.476846270537,6946.386846270538,6966.526846270537,6981.286846270537,6995.9968462705365,6967.086846270537,6963.796846270538,7039.916846270537
W118,1742.2822055990705,1747.1902055990704,1734.6222055990704,1731.9972055990702,1737.8382055990705,1746.2034111981409,1751.1114111981408,1738.5434111981406,1735.9184111981406,1741.759411198141,1750.124616797211,1755.0326167972112,1742.4646167972112
W119,922.3839288652953,939.8839288652955,983.5839288652953,1003.8039288652951,1062.6939288652954,1148.1339288652953,1066.2839288652954,1019.7339288652956,1036.8439288652953,1168.9839288652952,1157.0039288652954,1084.5939288652953,1096.2139288652957
W12,1084.9619831352434,1077.9619831352431,1070.9619831352434,1063.9619831352434,1056.9619831352434,1049.9619831352434,1042.9619831352434,1035.9619831352434,1028.9619831352431,1084.9619831352434,1077.9619831352434,1070.9619831352434,1063.9619831352434
W120,933.6478882663512,950.7778882663512,1019.5278882663513,966.9978882663509,973.8778882663512,959.0078882663513,1072.337888266351,1060.997888266351,1006.2378882663511,1039.4078882663512,959.4878882663511,959.7578882663512,1059.3178882663512
W121,10467.143439548896,10477.577439548895,10313.924439548897,10374.923439548897,10481.779879097792,10492.213879097792,10328.560879097793,10389.559879097793,10496.416318646687,10506.850318646688,10343.197318646688,10404.19631864669,10511.052758195583
W122,389.40581754664254,363.93581754664274,384.165817546643,392.7358175466427,391.77581754664266,355.1858175466434,359.1158175466426,373.9758175466427,385.4558175466432,370.8158175466426,364.7058175466427,387.48581754664315,397.6758175466425
W123,452.66110207947236,475.28740138631474,455.01740138631476,444.9374013863146,447.8274013863147,491.6274013863142,500.82740138631493,481.26740138631453,458.568503465787,481.1948027726294,460.9248027726294,450.84480277262924,453.73480277262934
W124,8478.290333019226,8553.710333019226,8567.830333019227,8597.280333019226,8591.520333019227,8508.920333019229,8596.340333019229,8524.750333019228,8618.990333019228,8757.080333019227,8761.020333019227,8763.280333019226,8699.890333019228
W125,10825.313057709396,10819.0901941918,10895.4501941918,10867.3201941918,10861.1201941918,10853.420194191802,10881.880194191801,10888.7101941918,10894.720194191801,10887.3701941918,10894.4501941918,10918.7701941918,10904.3501941918
W126,9637.92727490494,9596.658274904941,9533.70327490494,9561.697274904938,9645.82527490494,9658.86327490494,9664.47227490494,9591.892274904938,9634.846274904941,9752.70127490494,9728.622274904941,9654.77927490494,9684.553274904942
W127,11182.266865110645,10653.479246438394,10540.629246438393,10543.926111549039,10596.898651106456,11196.928651106455,10798.368651106455,10829.908651106458,10847.768651106457,11211.938651106457,11215.235516217102,10686.447897544851,10573.59789754485
W128,3590.0510123134954,3489.5158059605264,3477.9058059605272,3447.1858059605265,3547.785805960527,3556.5758059605278,3513.365805960527,3542.3058059605273,3527.135805960527,3555.7258059605274,3510.2658059605274,3479.625805960527,3483.665805960527
W129,1019.3979297319815,1033.3579297319816,1026.4379297319815,1045.3279297319818,1042.8779297319816,1041.5979297319816,1046.6379297319816,1029.7379297319817,1025.2879297319814,1026.8579297319816,1013.0679297319816,1006.2879297319815,1005.1079297319817
W13,2406.9106454435782,2450.767645443578,2389.7616454435783,2359.474645443578,2328.4566454435785,2303.8066454435784,2270.1866454435785,2240.8816454435782,2215.499645443578,2126.5316454435783,2054.835645443578,2045.6336454435784,2042.3266454435786
W130,8196.08759907147,8266.707599071471,8287.85759907147,8361.00759907147,8388.497599071472,8339.667599071472,8405.257599071472,8431.81759907147,8405.417599071472,8423.897599071472,8378.837599071472,8384.25759907147,8379.637599071471
W131,2150.3372867559597,2134.831473039021,2143.483473039021,2155.7244730390216,2161.9564730390216,2149.051473039021,2152.8794730390214,2164.974473039021,2169.0464730390213,2155.843473039022,2152.710473039021,2158.5544730390216,2160.1997597949808
W132,22618.97714200188,22627.09428400376,22635.211426005637,22643.328568007517,22651.445710009393,22659.562852011273,22667.67999401315,22675.79713601503,22683.91427801691,22692.031420018786,22700.148562020666,22708.265704022542,22716.382846024422
W133,13935.42468382645,13942.404683826448,13780.91768382645,13833.276683826447,13957.319367652897,13964.299367652897,13802.812367652898,13855.171367652896,13979.214051479346,13986.194051479344,13824.707051479347,13877.066051479344,14001.108735305794
W134,12184.282331023189,12187.616331023186,12022.409331023187,12075.059331023187,12203.268662046376,12206.602662046374,12041.395662046376,12094.045662046374,12222.254993069562,12225.588993069561,12060.381993069563,12113.031993069562,12241.24132409275
W135,6181.94973303752,6137.1146195479905,6138.35461954799,6180.464619547992,6171.16461954799,6128.844619547992,6104.76461954799,6099.254619547991,6115.514619547991,6189.86461954799,6142.424619547991,6163.64461954799,6192.634619547991
W136,6332.00019274219,6376.00019274219,6339.600385484379,6383.600385484379,6347.20057822657,6391.20057822657,6354.800770968759,6398.800770968759,6362.400963710948,6406.400963710948,6370.001156453138,6414.001156453138,6377.601349195328
W137,7004.194016781981,7051.491016781981,7009.530033563964,7056.827033563964,7014.866050345945,7062.163050345945,7020.202067127926,7067.499067127926,7025.538083909907,7072.835083909907,7030.874100691888,7078.171100691888,7036.210117473869
W138,330.12658003119367,318.3765800311932,345.78658003119364,359.27658003119365,334.1865800311932,328.02658003119313,335.3065800311937,343.94658003119366,369.3865800311932,306.9965800311932,310.3565800311937,369.34658003119364,350.8265800311932
W139,7833.336498086867,7705.834443158538,7700.523443158538,7655.466443158535,7589.864443158537,7672.976443158538,7749.385443158538,7784.8614431585365,7800.499443158538,7630.635443158537,7747.567443158537,7745.244443158538,7691.715443158537
W14,2388.879658316845,2325.924658316845,2312.936658316845,2303.0776583168454,2284.0746583168448,2243.406658316845,2209.986658316845,2106.993658316845,2054.588658316845,2060.128658316845,2019.7736583168453,2037.3226583168448,2076.478658316845
W140,8323.494339047083,8244.127339047083,8336.994284310686,8470.616284310687,8523.701284310686,8351.111284310686,8336.386284310687,8358.469284310686,8396.341284310685,8408.639284310684,8290.171284310687,8340.319284310684,8247.476284310686
W141,10611.533700212254,11260.113160710644,11439.867160710643,11197.29616071064,10395.872160710642,11224.423160710645,10924.427160710642,11075.071160710642,10773.565160710643,11090.716160710643,11514.303160710642,11579.806160710641,11162.129160710641
W142,5415.15772048613,5383.682720486129,5344.312159356604,5334.876159356603,5369.993159356603,5373.828159356604,5340.731159356603,5308.167159356603,5331.549159356604,5324.691159356603,5294.919159356603,5277.1051593566035,5278.877159356603
W143,11224.165113124216,11188.92469487904,11217.544694879041,11257.85369487904,11245.749694879043,11191.13569487904,11217.501694879042,11290.30069487904,11318.33269487904,11235.217694879044,11196.038694879044,11195.706694879042,11247.498694879041
W144,1028.2328345970843,1016.292834597084,1049.802834597084,995.2828345970843,1034.2256691941684,1022.2856691941681,1055.795669194168,1001.2756691941684,1040.2185037912525,1028.2785037912522,1061.7885037912524,1007.2685037912524,1046.2113383883366
W145,8120.003988221455,8643.003988221455,8417.603988221455,8285.303988221454,8461.803988221454,8489.803988221454,7973.503988221455,7926.103988221455,8286.303988221454,7939.703988221455,7681.203988221455,7713.103988221454,7341.103988221455
W146,6790.219367208196,6803.7556672081955,6676.580667208195,6716.150267208195,6801.9886344163915,6815.524934416391,6688.349934416391,6727.919534416391,6813.757901624587,6827.294201624587,6700.119201624587,6739.688801624587,6825.527168832783
W147,113.73880317316309,110.19880317316301,112.14880317316317,115.59880317316322,122.38880317316307,116.30880317316303,123.30880317316314,127.83880317316311,131.13880317316307,111.38760634632615,107.84760634632619,109.79760634632635,113.24760634632628
W148,233.81818324069627,233.57636648139282,233.33454972208938,233.0927329627857,232.85091620348226,232.6090994441788,232.36728268487514,232.1254659255717,231.88364916626824,231.64183240696457,231.40001564766112,231.15819888835767,230.916382129054
W149,4399.965623417357,4382.000623417358,4399.352623417357,4367.936623417358,4380.933623417358,4348.849623417358,4306.781623417359,4314.099623417357,4295.200623417358,4273.674623417357,4062.722623417357,4058.3176234173584,3998.7046234173577
W15,5369.792249896265,3167.5199958506387,3171.4322457469048,3390.142245746904,4264.42249896266,3236.91249896266,3205.12249896266,4333.062498962659,5187.222498962659,5405.00249896266,5408.914748858926,3206.642494813298,3210.554744709564
W150,8199.826352081189,8302.48697494165,8052.400974941648,8135.96097494165,8188.23597494165,8256.051974941649,8150.797974941648,8080.84297494165,8053.45197494165,8228.10797494165,8170.215974941649,8081.43697494165,8201.994974941652
W151,6333.1151512287615,6355.284751228762,6226.916251228761,6274.876851228762,6344.102402457523,6366.272002457523,6237.903502457523,6285.864102457524,6355.089653686284,6377.259253686284,6248.890753686284,6296.851353686285,6366.076904915046
W152,8647.758505055936,8193.17656572716,8087.191565727163,8090.905070783098,8100.357565727162,8074.502565727163,8082.229565727163,8126.936565727162,8572.61756572716,8284.040565727162,8335.026565727163,8401.063565727163,8692.320565727163
W153,2945.3242148851546,3013.5202148851545,2982.3972148851544,2716.0672148851545,2941.5022148851544,2998.293214885154,2977.753214885154,2867.6822148851547,2900.9082148851544,2981.563214885154,3091.5252148851546,2913.6652148851545,2904.853214885154
W154,8624.603013204203,8635.906026408407,8647.209039612611,8658.512052816815,8669.81506602102,8681.118079225223,8692.421092429428,8703.724105633632,8715.027118837836,8726.33013204204,8737.633145246244,8748.936158450448,8760.239171654652
W155,4608.602818316836,4642.497818316836,4635.734818316836,4599.821818316836,4676.817818316836,4637.580818316836,4644.037818316837,4628.5138183168365,4573.860818316836,4554.217818316836,4523.306818316836,4534.191818316836,4512.381818316837
W156,5485.88910543264,5547.392105432641,5576.25210543264,5610.90110543264,5639.884105432639,5680.90710543264,5670.50110543264,5672.24710543264,5666.38910543264,5673.04310543264,5646.3581054326405,5710.71210543264,5709.55610543264
W157,1436.3619690835399,1442.4689690835396,1446.4466257804345,1432.7997257804343,1438.0547257804342,1445.9828257804345,1450.7350257804344,1439.4895257804342,1440.3019257804342,1446.0841257804343,1450.5856257804344,1441.2442257804341,1439.0628257804342
W158,16543.597904598508,16550.72980919702,16557.86171379553,16564.993618394037,16572.125522992545,16579.257427591052,16586.389332189563,16593.521236788074,16600.65314138658,16607.78504598509,16614.9169505836,16622.048855182107,16629.18075978062
W159,9102.699636318503,9107.016314214648,9167.449914214649,9180.877214214646,9119.906714214649,9123.232114214647,9225.316514214646,9265.850214214646,9278.362314214646,9186.992714214646,9224.072914214648,9308.652314214647,9251.329514214647
W16,5369.805008543011,3168.0303417204227,3171.9553502634335,3390.665350263433,4264.550085430106,3237.0400854301056,3205.2500854301056,4333.190085430105,5187.3500854301055,5405.130085430106,5409.0550939731165,3207.2804271505283,3211.205435693539
W160,7998.617269758242,8021.264269758242,8027.9509697582425,7993.8542697582425,7980.834669758243,7984.5777697582425,7904.846269758243,7969.148569758243,7916.450669758243,7981.899969758243,8002.288469758242,8001.695269758242,7979.5660697582425
W161,12094.566319688005,12076.60995906401,12085.636278752012,12121.645278752014,12130.671598440016,12112.715237816023,12121.741557504025,12157.750557504027,12166.77687719203,12148.820516568036,12157.846836256038,12193.855836256038,12202.882155944042
W162,4452.921232792185,4306.814020127943,4278.872020127943,4280.8672529201285,4301.494459413903,4299.925259090595,4276.031259090595,4272.515259090596,4289.682259090595,4285.179259090595,4289.0332590905955,4381.000259090595,4419.5912590905955
W163,3763.75354569361,3757.007091387219,3750.260637080829,3743.5141827744383,3736.767728468048,3730.021274161658,3723.274819855267,3716.528365548877,3709.7819112424863,3703.035456936096,3696.2890026297055,3689.5425483233153,3682.7960940169246
W164,24712.90153312462,24987.961533124617,24689.51153312462,24517.94153312462,24445.971533124615,25191.26153312462,25006.03153312462,25003.271533124615,24519.20153312462,24718.13153312462,24808.783066249234,25083.843066249236,24785.39306624924
W165,3853.495398322235,3730.495398322234,3729.795398322235,3664.895398322235,3703.6953983222343,3866.895398322235,3859.495398322234,3866.195398322235,3778.895398322235,3870.1953983222343,3906.5953983222353,3751.5953983222344,3728.995398322235
W166,2645.3612018602603,2683.16220186026,2692.6552018602606,2654.21720186026,2653.3292018602606,2653.4082018602603,2733.0702018602606,2631.7352018602605,2626.8012018602603,2579.67120186026,2657.2082018602605,2675.4842018602603,2578.33120186026
W167,2951.6736523487384,3008.9816523487384,2983.990652348739,3009.1576523487383,3060.3096523487384,3023.9476523487383,3027.3956523487386,3022.5346523487383,3147.369652348739,3068.625652348738,3059.8646523487387,3111.445652348738,2996.8936523487387
W168,3515.4628804946356,3636.452527775759,3580.5905277757583,3448.7805277757584,3351.949527775759,3379.0525277757583,3549.0885277757584,3422.719527775759,3412.756527775758,3500.875527775758,3692.673527775759,3622.1485277757583,3498.6325277757583
W169,1679.8953617889622,1667.4013617889623,1599.3923617889623,1598.6403617889623,1599.752361788962,1591.8723617889623,1644.833361788962,1631.6413617889625,1642.8113617889621,1637.3253617889625,1622.5733617889623,1606.9173617889621,1619.8833617889622
W17,12036.30964759145,12203.259647591449,12203.39964759145,12222.35964759145,12222.279647591447,12222.19964759145,12222.12964759145,12222.049647591448,12157.08964759145,12166.2792951829,12333.229295182899,12333.369295182898,12352.329295182899
W170,3596.0563453216564,3597.8276906433125,3588.6933812866255,3590.464726608282,3592.236071929938,3604.9130719299383,3606.684417251595,3608.455762573251,3599.321453216564,3601.0927985382204,3602.8641438598765,3615.5411438598767,3617.3124891815332
W171,6024.6446788227495,6049.0416788227485,6055.85667882275,6109.197678822749,6109.82467882275,6117.2246788227485,6234.670678822749,6221.968678822749,6215.590678822749,6311.341678822748,6311.483678822749,6171.074678822749,6222.691678822749
W172,3679.093588836574,3675.9912888365734,3639.513288836574,3660.942688836574,3684.1302776731477,3681.0279776731472,3644.549977673147,3665.9793776731476,3689.1669665097215,3686.064666509721,3649.586666509721,3671.016066509721,3694.2036553462954
W173,2986.6932187297325,3331.6832187297327,3164.586705758006,3168.7867057580065,3232.2867057580056,2998.5867057580067,3241.086705758006,3640.586705758006,3241.3867057580055,3213.7867057580056,3504.6867057580057,3335.586705758006,3701.8867057580055
W174,2851.3081365762705,2901.4531365762705,2865.42613657627,2872.3841365762705,2873.4431365762703,2889.3881365762704,2819.94513657627,2820.99413657627,2821.50513657627,2810.2491365762703,2841.0661365762703,2826.0851365762705,2840.23713657627
W175,3275.340656128425,3270.679056128425,3234.8505561284246,3255.8589561284252,3282.2902122568503,3277.62861225685,3241.80011225685,3262.8085122568505,3289.2397683852755,3284.578168385275,3248.749668385275,3269.7580683852757,3296.1893245137003
W176,2643.948344560104,2533.9653445601043,2514.519344560104,2466.3423445601047,2539.2553445601043,2648.2786891202086,2538.2956891202084,2518.8496891202085,2470.672689120209,2543.585689120209,2652.6090336803127,2542.6260336803125,2523.1800336803126
W177,6510.9380938078275,6460.538093807828,6501.268093807827,6646.408093807828,6687.578093807829,6735.688093807828,6835.508093807828,6927.568093807829,6914.9880938078295,6757.498093807829,6763.5680938078285,6706.048093807828,6784.258093807828
W178,1475.7079540010977,1473.7374520844767,1496.7654827504116,1498.137452084477,1504.8654827504117,1451.7654827504118,1437.0654827504115,1429.6654827504117,1478.3654827504115,1457.9734367515096,1456.0029348348885,1479.0309655008232,1480.4029348348886
W179,2716.1866768243085,2754.190827276475,2766.6118272764743,2781.114827276475,2794.2728272764743,2808.4918272764744,2799.2928272764743,2808.661827276475,2799.6638272764744,2805.944827276475,2794.311827276475,2801.932827276474,2805.4398272764747
W18,4346.85702382457,4359.184047649142,4371.511071473713,4383.838095298284,4396.165119122856,4408.492142947429,4420.819166772,4433.146190596572,4445.473214421143,4457.800238245714,4470.127262070286,4482.454285894859,4494.78130971943
W180,7192.265055831881,7224.168521431235,7195.448521431234,7226.909521431234,7235.4985214312355,7300.879521431235,7303.533521431235,7306.460521431235,7431.993521431235,7419.403521431235,7415.168521431236,7513.985521431235,7515.139521431235
W181,8772.690724451257,8835.997735152445,8846.134735152444,8839.427735152443,8840.386735152446,8887.960735152446,8896.400735152445,8886.807735152444,8901.378735152444,8922.917735152445,8940.228735152446,8979.158735152445,8954.016735152447
W182,1351.3810091191035,1325.1410091191028,1303.7658994892672,1290.3010091191036,1273.6610091191028,1266.311009119103,1250.2210091191032,1234.4310091191028,1221.1810091191032,1209.8410091191035,1193.461009119103,1177.2710091191034,1106.1410091191033
W183,6069.228043127127,6088.577206329703,6112.814043127128,6128.844043127127,6183.208043127128,6201.728043127127,6219.622043127128,6235.333043127128,6236.254043127127,6307.538043127128,6289.802043127128,6276.201043127127,6265.570043127127
W184,4610.2966293951395,4606.11862175625,4602.91592939514,4604.46742939514,4599.70652939514,4593.72112939514,4612.69752939514,4601.35682939514,4612.7328293951405,4611.56532939514,4602.66162939514,4602.52972939514,4594.95162939514
W185,4061.3173495730007,4043.846371804085,4043.1262718040844,4033.9404718040846,4038.5274718040846,4048.3800718040843,4050.0727718040844,4046.5976718040847,4045.9804718040846,4043.4245718040843,4066.8972718040845,4036.7422718040843,4053.616871804085
W186,1743.1301155364226,1741.4621155364225,1746.8643466092674,1744.187346609267,1747.9724621456896,1745.2954621456895,1746.4544621456898,1744.7864621456897,1747.5625776821123,1745.8945776821122,1751.2968087549568,1748.6198087549567,1752.4049242913793
W187,948.7521059135039,949.152105913504,964.752105913504,949.4521059135039,950.2521059135039,956.4521059135038,962.8521059135037,956.8521059135039,971.6521059135041,978.552105913504,973.4521059135042,939.6521059135039,962.1521059135041
W188,2344.606793338903,2446.606793338903,2491.6067933389027,2451.6067933389027,2476.6067933389027,2497.6067933389027,2556.6067933389027,2422.6067933389027,2427.606793338903,2468.606793338903,2502.606793338903,2388.606793338903,2430.6067933389027
W189,1955.569901604253,1972.569901604253,1976.569901604253,1963.569901604253,1975.569901604253,1970.569901604253,1977.569901604253,1933.569901604253,1958.5699016042531,1907.5699016042531,1888.5699016042531,1890.569901604253,1952.5699016042531
W19,3569.727061618868,3562.727061618868,3166.727061618868,2722.727061618869,3453.727061618868,3646.727061618868,3214.727061618867,1904.727061618867,6039.727061618867,4269.727061618868,3445.727061618868,4458.727061618868,4974.727061618868
W190,447.6308399212643,438.0365575212643,428.6385776212643,432.7259548212644,443.31743202126427,450.86236712126436,439.1203575212643,430.4883854212643,445.98866882126435,440.3717754212644,424.76111462126437,421.67827022126437,413.51464552126436
W191,6487.0990369421015,6744.719655484434,6796.697155484434,7193.852655484434,8565.594755484435,8902.906355484434,7737.396655484435,7448.948155484433,7383.632155484434,7800.866055484435,7942.599455484435,7626.6915554844345,7570.134055484435
W192,1187.9874928350741,1182.1779141478914,1138.7173397276943,1062.9380687276941,1159.295642727694,1139.2609417276942,1131.401378727694,1098.867512727694,1096.780987727694,1151.849641727694,1137.7433237276941,1196.863836727694,1167.891307727694
W193,5869.108092304874,5813.4131206576985,5875.2883006576985,5795.898880657699,5742.142220657699,5579.358840657699,5709.897560657699,5462.222980657698,5471.938950657698,5539.343150657699,5380.0260506577,5333.582250657699,5399.528060657699
W194,478.69029496164603,491.1555667834,545.3681427833999,501.59902478340007,552.1091567834001,528.8573297834001,517.4484027834,488.8776037834001,528.1013837834,506.46035178340003,499.64227078340014,479.4055167834,453.5168357834
W195,930.5021722160185,931.7076444320372,932.9131166480557,934.1185888640742,935.324061080093,936.5295332961117,937.7350055121302,938.9404777281487,940.1459499441675,941.351422160186,942.5568943762045,943.7623665922232,944.9678388082419
W196,10201.119430877863,10332.124667932509,10202.903767932508,10119.381867932509,10662.239867932509,11237.18606793251,11231.275667932508,10593.299167932508,10806.388067932508,10657.022767932507,10452.13706793251,10625.816267932509,10819.557267932509
W197,3337.363132603819,3267.507057603819,3216.9131746038183,3145.9672406038194,3137.6565326038185,3164.9568366038193,3198.7128236038193,3204.755905603819,3137.449742603819,3067.080041603819,3076.4925046038193,3158.158973603819,3090.934684603819
W198,2484.2386026787117,2420.3562248840067,2403.437911884007,2394.351182884007,2487.0406758840068,2406.5752338840066,2436.594459884007,2494.372898884007,2643.3381388840066,2585.083430884007,2542.533895884007,2679.8769358840073,2692.213803884007
W199,791.4742871819369,880.2530001819364,868.5109241819368,829.6284581819364,840.4125841819368,839.3813031819366,844.932669181937,805.1913341819363,795.7535451819369,820.7682901819364,843.952081181937,834.5478521819364,852.8661091819367
W2,3669.2180293592837,3689.367029359284,3614.6148382699303,3711.7520293592843,3742.108029359284,3699.5788382699293,3745.936568633048,3798.326568633048,3796.853568633048,3821.9675686330474,3806.6125686330474,3842.1385686330477,3893.5385686330483
W20,2854.4880910595684,3554.4880910595684,5719.488091059569,4761.488091059568,4131.488091059569,4249.488091059568,4108.488091059569,3834.4880910595693,3703.4880910595684,3906.4880910595693,4176.488091059568,3787.4880910595693,4084.4880910595684
W200,1882.917113830963,1996.1737438309628,1871.602993830964,1921.5024938309634,2059.1955738309625,2257.349873830963,2130.6350238309624,2080.6588138309626,1648.801903830964,1717.031713830962,1931.0619476619268,2044.3185776619257,1919.7478276619267
W201,1897.2637343089614,1899.5274686179228,1901.7912029268846,1904.054937235846,1906.3186715448073,1908.5824058537692,1910.846140162731,1913.1098744716924,1915.3736087806537,1917.6373430896156,1919.9010773985774,1922.1648117075388,1924.4285460165001
W202,4228.1820780538355,4300.707467674183,4332.388733896076,4223.707467674183,4341.707467674182,4343.707467674183,4189.707467674183,4182.707467674182,4264.707467674183,4271.707467674183,4345.707467674183,4204.707467674183,4268.707467674183
W203,5582.456463608589,5618.72090290297,5826.371313698511,5876.371313698511,6036.371313698512,5996.371313698512,6026.371313698512,5816.371313698511,5816.371313698511,5716.371313698512,5796.371313698512,5766.371313698512,5806.371313698511
W204,7314.777672090557,7307.877672090556,7315.477672090556,7316.377672090556,7312.377672090556,7323.177672090556,7377.277672090556,7387.577672090556,7334.577672090556,7324.877672090556,7328.577672090556,7357.377672090556,7376.177672090556
W205,12856.684319278771,12644.83431927877,12859.58431927877,12810.34431927877,12624.23431927877,12371.464319278772,12473.114319278771,12442.23431927877,12568.204319278771,12631.764319278773,12492.764319278771,12790.32431927877,12684.464319278772
W206,1251.027503506256,1185.1596915754776,1180.1596915754776,1263.4596915754776,1343.4596915754778,1282.9596915754776,1378.6596915754776,1324.9596915754773,1419.6596915754776,1307.2596915754777,1220.8596915754777,1317.7596915754775,1402.2596915754777
W207,10230.550481829094,10177.250481829094,10149.050481829094,10210.050481829094,10176.050481829096,10190.750481829094,10191.650481829094,10197.650481829096,10194.150481829094,10172.550481829094,10184.550481829096,10228.450481829093,10243.750481829094
W208,26209.400051932083,26536.10005193208,27802.700051932086,30517.400051932083,29159.400051932083,24270.900051932083,25994.700051932086,27174.500051932082,26323.20010386416,26649.900103864165,27916.500103864168,30631.20010386416,29273.20010386417
W209,4185.288078068305,4185.288078068306,4185.288078068306,4185.288078068305,4185.288078068305,4533.128078068305,4533.338078068306,4533.338078068306,4533.338078068306,4533.338078068306,4533.208078068305,4533.218078068305,4533.218078068305
W21,2506.4027274355904,2032.721717664092,2415.721717664092,1988.7217176640925,3498.7217176640925,2564.7217176640925,1912.7217176640927,2372.721717664092,2330.721717664092,2307.7217176640916,2974.7217176640925,3364.7217176640925,2942.721717664092
W210,8028.42096791175,8032.081935823502,8035.742903735252,8039.403871647002,8043.064839558754,8046.725807470504,8050.386775382254,8054.047743294006,8057.708711205756,8061.369679117506,8065.030647029258,8068.691614941008,8072.352582852758
W211,18967.359774416436,18979.27954883287,18991.199323249304,19003.119097665738,19015.038872082176,19026.95864649861,19038.878420915047,19050.79819533148,19062.717969747915,19074.63774416435,19086.557518580787,19098.47729299722,19110.397067413658
W212,5409.633171617079,5418.893171617078,5465.602785020124,5400.252785020125,5385.442785020125,5386.012785020125,5397.362785020125,5394.682785020125,5374.442785020125,5372.932785020125,5389.172785020126,5654.982785020125,5611.882785020126
W213,3065.5865237990693,3079.357354034539,3327.4865237990693,3471.6865237990683,3330.0865237990693,3342.786523799068,3245.786523799069,3295.0865237990693,3399.786523799068,3360.0865237990693,3096.5865237990683,2931.6865237990687,3062.9865237990684
W214,1975.3236253235953,1913.8236253235953,1833.8236253235953,1864.1236253235952,1812.2236253235951,1774.8236253235953,1731.1236253235952,1849.5236253235953,1993.4472506471905,1931.9472506471905,1851.9472506471905,1882.2472506471904,1830.3472506471899
W215,2355.9189958547195,2349.4189958547195,2350.3689958547193,2328.8189958547196,2344.3289958547193,2358.4989958547194,2361.1589958547193,2353.397991709439,2346.8979917094384,2347.8479917094387,2326.297991709439,2341.8079917094383,2355.9779917094384
W216,3139.645941483511,3133.0759414835106,3134.03594148351,3117.7659414835107,3131.585941483511,3145.665941483511,3148.885941483511,3142.731882967021,3136.1618829670215,3137.121882967021,3120.8518829670215,3134.6718829670212,3148.7518829670216
W217,9878.98748328336,9023.732316116953,9925.927316116953,9723.732316116953,9931.002316116954,9917.885316116954,9723.732316116952,9823.732316116952,9823.732316116952,9891.042316116951,9900.562316116951,9902.71979940031,9047.464632233905
W218,9952.740574696603,9953.86956003097,9954.998545365335,9013.547824012387,9713.547824012387,9963.547824012388,9964.467824012389,9713.547824012388,9013.547824012387,9948.589824012386,9946.407824012389,9952.237824012389,9966.288398708992
W219,1042.967831668377,1035.9678316683771,1028.967831668377,1021.967831668377,1063.967831668377,1056.9678316683771,1049.967831668377,1042.9678316683771,1036.9678316683771,1028.9678316683771,1063.9678316683771,1056.9678316683771,1049.9678316683771
W22,6132.189596124752,2282.189596124752,4922.189596124752,4662.189596124752,4282.189596124752,6522.189596124752,3962.189596124752,7832.189596124752,6632.189596124752,5262.189596124752,8182.189596124752,2662.189596124752,9232.189596124752
W220,1813.1112027992265,1806.1112027992265,1799.1112027992265,1792.1112027992265,1785.1112027992265,1778.1112027992265,1771.1112027992265,1813.1112027992265,1807.1112027992265,1799.1112027992265,1792.1112027992265,1785.1112027992265,1778.1112027992265
W221,7716.660161340379,7822.26016134038,7441.06519760448,7544.26519760448,7460.06519760448,7583.96519760448,7702.36519760448,7440.66519760448,7075.06519760448,7532.16519760448,7758.76519760448,7864.365197604481,7779.26519760448
W222,7722.742074449375,7602.242074449375,7449.342074449376,7850.842074449375,7793.642074449374,8030.742074449375,7901.742074449375,8104.842074449375,8293.742074449376,8425.942074449376,8276.442074449375,8150.642074449374,8044.442074449375
W223,28901.614332340614,28005.614332340614,27939.614332340614,26889.614332340614,28114.61433234061,28030.614332340614,27905.614332340614,27536.614332340614,27393.61433234061,27567.614332340614,27531.614332340614,23780.614332340614,27784.614332340614
W224,1710.462528005896,1710.9510560117922,1711.4395840176878,1711.928112023584,1712.4166400294796,1712.9051680353757,1713.3936960412718,1713.882224047168,1714.370752053064,1714.8592800589597,1715.3478080648554,1715.8363360707515,1716.3248640766476
W225,1988.9891063888817,1921.7891063888817,1988.9782127777635,1921.7782127777634,1988.9673191666452,1921.7673191666452,1988.956425555527,1921.756425555527,1988.9455319444087,1921.7455319444086,1988.9346383332904,1921.7346383332908,1988.9237447221726
W226,2713.653716291513,2871.0537162915116,2740.9537162915126,2771.5537162915116,2623.9537162915117,2789.653716291512,2849.0537162915116,2871.253716291513,2800.753716291512,2882.653716291513,2818.853716291512,2830.153716291513,2764.4537162915117
W227,1327.9593766904413,1328.3187533808832,1328.6781300713246,1329.0375067617665,1329.396883452208,1329.7562601426494,1330.1156368330912,1330.4750135235327,1330.8343902139745,1331.193766904416,1331.5531435948574,1331.9125202852993,1332.2718969757407
W228,7916.848657684398,7309.848657684399,7399.848657684398,6790.848657684399,6773.848657684398,7292.848657684399,6993.848657684398,7203.848657684398,6629.848657684399,7038.848657684398,6830.848657684399,7001.848657684398,7154.848657684399
W229,482.3124387333637,488.66243873336407,470.4024387333641,466.77243873336374,463.6324387333642,480.622438733364,472.8924387333641,487.31243873336416,495.99243873336377,511.7524387333642,534.462438733364,549.812438733364,536.2124387333643
W23,847.8836279136457,991.8836279136459,811.7836279136459,832.2836279136457,808.9836279136459,895.2836279136457,793.9836279136457,855.3836279136459,565.5836279136456,850.2836279136459,816.4836279136459,861.0836279136457,613.683627913646
W230,2999.816115445514,2867.3161154455156,2944.0161154455145,3004.2161154455152,3163.116115445514,3012.532230891029,2880.03223089103,2956.732230891029,3016.9322308910305,3175.8322308910283,3025.2483463365434,2892.748346336545,2969.448346336544
W231,531.295558645897,543.1259310764947,563.1955586458967,563.4607448611957,543.9214897223915,544.1866759376906,532.8866759376906,548.7866759376902,564.7866759376905,533.6822345835876,545.5126070141853,565.5822345835873,565.8474207988863
W232,1913.8031682063902,1915.506336412779,1917.209504619168,1918.9126728255578,1920.6158410319476,1922.3190092383356,1924.0221774447255,1925.7253456511153,1927.4285138575042,1929.131682063893,1930.834850270283,1932.5380184766718,1934.2411866830607
W233,1019.9717629860534,1020.3435259721068,1020.7152889581607,1021.0870519442137,1021.4588149302676,1021.8305779163211,1022.2023409023745,1022.574103888428,1022.9458668744815,1023.3176298605349,1023.6893928465884,1024.0611558326418,1024.4329188186953
W234,1839.6819047191161,1813.8819047191162,1840.3638094382322,1814.5638094382323,1841.0457141573484,1815.2457141573484,1841.727618876465,1815.9276188764645,1842.409523595581,1816.6095235955806,1843.0914283146972,1817.2914283146972,1843.7733330338133
W235,368.75006812205686,369.05006812205704,377.450068122057,434.0500681220569,461.85006812205665,416.6500681220567,476.4500681220568,579.950068122057,536.5500681220569,676.850068122057,802.150068122057,815.0500681220567,859.7500681220567
W236,3234.0291676555867,3222.6875029667617,3236.2875029667607,3237.416670622348,3226.0750059335223,3239.6750059335222,3240.804173589109,3229.462508900284,3243.062508900283,3244.1916765558703,3232.8500118670445,3246.4500118670435,3247.579179522631
W237,1079.4206758489818,1079.441351697963,1079.4620275469442,1079.482703395926,1079.5033792449071,1079.5240550938888,1079.54473094287,1079.5654067918517,1079.586082640833,1079.6067584898146,1079.6274343387959,1079.648110187777,1079.6687860367588
W238,371.8584090641176,357.1336362564699,366.73363625646994,372.6336362564699,372.8920453205875,358.1672725129398,367.7672725129398,373.6672725129398,373.9256815770574,359.2009087694097,368.8009087694097,374.7009087694097,374.9593178335273
W239,3769.1230335188047,3772.2460670376095,3767.492134075217,3770.615167594022,3773.7382011128266,3784.7382011128284,3787.861234631633,3790.984268150438,3786.2303351880455,3789.3533687068484,3792.476402225653,3803.476402225655,3806.599435744458
W24,7503.202165262268,8456.58252030913,7905.639903713092,7889.6399037130905,8035.639903713092,7578.639903713094,9514.63990371309,8610.639903713092,8932.639903713094,8106.6399037130905,8658.639903713092,11844.639903713094,12851.63990371309
W240,2550.658005393583,2551.8160107871663,2400.6640431486626,2401.8220485422457,2356.5220485422456,2374.1220485422455,2459.3220485422457,2475.5220485422456,2559.9220485422456,2561.080053935829,2562.238059329412,2411.0860916909082,2412.2440970844914
W241,1024.6680913298842,1030.4780913298844,999.9780913298841,1025.7561826597685,1031.5661826597686,1001.0661826597684,1026.8442739896527,1032.654273989653,1002.1542739896527,1027.932365319537,1033.7423653195372,1003.2423653195369,1029.0204566494212
W242,1540.4472073721636,1641.0472073721648,1710.4472073721645,1651.4472073721645,1710.0472073721648,1780.1472073721648,2031.7472073721638,1858.7472073721638,1816.7472073721647,1836.5472073721648,1829.8472073721646,1779.8472073721646,1707.8472073721646
W243,1334.4726314603545,1265.472631460355,1339.472631460355,1396.4726314603547,1611.4726314603545,1504.4726314603543,2148.4726314603545,2104.472631460355,2239.472631460355,2262.4726314603545,2732.4726314603545,3609.4726314603545,3512.4726314603545
W244,765.7128931731456,783.0128931731454,766.9257863462913,784.2257863462912,768.1386795194371,785.4386795194368,769.3515726925825,786.6515726925825,770.5644658657284,787.8644658657283,771.777359038874,789.0773590388737,772.9902522120196
W245,2326.3374343439814,2327.7748686879627,2329.212303031944,2330.6497373759253,2332.0871717199066,2333.524606063888,2334.962040407869,2336.3994747518504,2337.8369090958317,2339.274343439813,2340.7117777837943,2342.1492121277756,2343.586646471757
W246,970.2321914561801,914.4321914561801,857.53219145618,788.93219145618,830.03219145618,766.2321914561801,864.7321914561801,790.1321914561801,851.03219145618,724.03219145618,993.7321914561801,805.03219145618,1674.23219145618
W247,4367.430514828954,4774.030514828954,5109.430514828954,5190.130514828956,5788.030514828955,6614.430514828954,5853.330514828955,6111.430514828954,6186.730514828954,7178.830514828955,6654.530514828954,6652.930514828954,6746.430514828954
W248,15665.70897904952,17042.20897904952,17273.513468574278,15959.308979049521,15959.308979049521,17691.80897904952,17691.80897904952,16214.008979049519,15689.317958099038,17065.817958099036,17297.122447623795,15982.917958099039,15982.917958099039
W249,21791.27457263612,22388.30457263612,22150.630027813706,22830.234572636116,22830.234572636116,23548.424572636122,23548.42457263612,23753.314572636118,23753.314572636118,24348.69457263612,24348.694572636123,24679.28457263612,24679.28457263612
W25,889.1646076130328,1221.1646076130328,1220.1646076130328,1108.1646076130323,1028.1646076130328,1085.1646076130328,911.1646076130323,764.1646076130328,965.1646076130328,1122.1646076130328,1113.1646076130328,899.1646076130323,1202.1646076130328
W250,3166.8264608267677,3137.0264608267685,3247.026460826768,3358.226460826768,3345.3264608267677,3136.126460826768,3177.526460826768,3285.226460826768,3371.8264608267677,3196.226460826768,3220.8264608267677,3323.726460826768,3455.7264608267683
W251,6699.566465010434,6689.566465010432,6641.566465010434,6642.566465010434,6658.566465010434,6644.566465010434,6667.566465010432,6629.566465010434,6733.566465010432,6741.566465010434,6735.566465010432,6706.566465010434,6708.566465010432
W252,8420.581087725277,8694.981087725278,8849.68108772528,8762.381087725276,8538.781087725278,8437.062175450556,8711.462175450557,8866.162175450558,8778.862175450555,8555.262175450556,8453.543263175834,8727.943263175835,8882.643263175836
W253,12315.929252304242,12237.575513825464,12414.57551382546,12430.57551382546,12404.575513825464,12340.57551382546,12345.504766129707,12267.151027650925,12444.151027650922,12460.151027650925,12434.151027650925,12370.151027650925,12375.080279955167
W254,5903.29878012992,5828.998780129919,5946.99878012992,6003.19878012992,5913.797560259841,5839.497560259841,5957.4975602598415,6013.697560259841,5924.296340389762,5849.996340389761,5967.996340389762,6024.196340389761,5934.795120519681
W255,1922.2690024435128,1929.2690024435128,1910.2690024435133,1889.2690024435133,1880.2690024435128,1891.2690024435128,1896.2690024435128,1915.2690024435133,1905.2690024435133,1893.2690024435128,1920.2690024435128,1948.2690024435128,1951.2690024435128
W256,2651.070979838456,2699.570979838456,2749.070979838456,2387.570979838456,2374.570979838456,2423.570979838456,2463.2709798384562,2496.1709798384563,2542.870979838456,2527.870979838456,2577.670979838456,2597.070979838456,2649.370979838456
W257,4023.4517682972123,4029.3035365944247,4035.155304891637,4041.0070731888495,4046.858841486062,4052.7106097832725,4058.562378080485,4064.4141463776973,4070.2659146749097,4076.117682972122,4081.9694512693345,4087.821219566545,4093.6729878637575
W258,2140.2505953885734,2108.8505953885733,2083.350595388574,2092.7505953885734,2061.5505953885736,2073.8505953885733,2078.3505953885733,2040.7505953885734,1975.7505953885734,1986.8505953885735,2034.3505953885735,2009.0505953885736,2012.3505953885735
W259,6907.084332573899,8748.084332573897,7024.084332573897,6296.0843325739,6387.084332573899,6984.168665147796,8825.168665147794,7101.168665147796,6373.168665147797,6464.168665147796,7061.252997721693,8902.252997721693,7178.252997721693
W26,3359.4032379783307,3089.403237978331,3809.403237978331,3119.403237978331,3152.403237978331,3048.403237978331,2864.403237978331,3093.403237978331,3461.403237978331,3539.4032379783307,2886.403237978331,3201.403237978331,3660.403237978331
W260,420.25969308170716,413.25969308170716,401.1774367574526,485.1774367574526,1245.1774367574526,529.1774367574544,640.1774367574544,244.17743675745442,635.1774367574544,440.1774367574544,299.43712983915975,292.43712983915975,280.3548735149052
W261,4734.109317718157,4918.509317718158,4747.80931771816,4675.80931771816,4685.30931771816,4770.818635436315,4955.218635436316,4784.518635436318,4712.518635436318,4722.018635436318,4807.527953154475,4991.927953154475,4821.227953154477
W262,4389.157624970609,4392.923226103615,4379.629624970609,4373.358624970609,4378.101624970608,4409.959624970609,4414.984624970608,4387.495624970609,4378.861624970608,4367.267624970609,4376.336624970609,4376.0276249706085,4378.938624970609
W263,2558.0609824298203,2513.8609824298205,2159.860982429821,2002.7609824298206,2121.26098242982,1981.0609824298203,1986.4609824298204,1924.4609824298204,2078.560982429821,2158.26098242982,2081.5609824298203,1981.8609824298205,2021.7609824298202
W264,4096.174040852831,4004.4367883788696,3737.6367883788694,3984.5367883788695,4050.1367883788694,4531.0367883788695,4073.3367883788696,4160.436788378869,3774.43678837887,3902.0367883788695,4241.836788378869,4245.73678837887,3432.1367883788694
W265,2283.8413018033207,2374.201301803321,2544.6235528795605,2324.77355287956,2247.6535528795603,2140.96355287956,2155.4235528795607,2107.5635528795606,2425.3635528795603,2238.00355287956,2076.02355287956,2073.1235528795605,2015.5535528795601
W266,2112.035608533207,2089.1856085332065,2466.1756085332067,2597.9756085332065,2624.2656085332064,2776.5456085332066,2593.7756085332067,2465.0956085332064,2296.815608533207,2347.3656085332063,2327.285608533207,2682.4056085332068,2508.245608533206
W267,2970.279448832982,3441.9532720925536,3221.153272092554,3172.553272092554,2935.5327209255356,3407.206544185107,3186.406544185107,3137.806544185107,2900.785993018089,3372.4598162776606,3151.659816277661,3103.059816277661,2866.0392651106426
W268,1442.6965380535773,1389.4965380535775,1342.1565380535774,1393.3365380535774,1351.9065380535774,1379.2665380535775,1350.6965380535771,1282.8365380535772,1281.3365380535772,1259.966538053577,1296.1565380535772,1288.5365380535773,1284.2865380535773
W269,1276.379739026546,1206.209739026546,1419.2297390265462,1371.2497390265462,1390.5797390265461,1339.7897390265462,1418.209739026546,1379.2597390265464,1437.429739026546,1380.2997390265464,1333.959739026546,1338.4997390265464,1207.3497390265463
W27,1816.8068013585419,1830.8068013585419,4178.806801358542,2040.806801358542,1891.806801358542,2811.806801358542,2676.806801358542,2601.806801358542,3328.806801358542,1995.806801358542,2701.806801358542,2785.806801358542,5738.806801358542
W270,7514.7458885248625,7662.344738799271,7644.9753311491795,7663.576480874772,7519.475331149181,7552.875331149181,7467.7753311491815,7576.175331149181,7540.075331149179,7525.7753311491815,7551.875331149181,7633.7753311491815,7653.2753311491815
W271,7710.590876903509,7807.390876903509,7692.690876903509,7642.990876903509,7563.490876903508,7715.090876903509,7574.99087690351,7465.790876903509,7516.190876903509,7597.890876903509,7631.490876903508,7694.890876903508,7671.89087690351
W272,987.1346373717936,984.8446373717935,977.8287277207971,975.8987277207972,983.4433650925907,981.1533650925907,974.1374554415943,972.2074554415943,979.7520928133879,977.4620928133878,970.4461831623914,968.5161831623915,976.060820534185
W273,6477.8054595276535,6477.710919055308,6477.616378582962,6477.521838110617,6477.427297638271,6477.332757165925,6477.238216693579,6477.143676221232,6477.049135748887,6476.954595276542,6476.860054804196,6476.76551433185,6476.670973859504
W274,856.4190591606545,831.6090591606547,940.7390591606546,899.8390591606546,886.4390591606546,931.2290591606545,970.4090591606546,965.7690591606547,944.8990591606545,989.8990591606545,1006.7390591606546,904.8090591606548,942.9790591606545
W275,8273.162868644122,8171.662868644124,8172.962868644124,8080.462868644122,7887.862868644121,8077.3628686441225,7798.862868644124,7741.662868644124,7791.862868644124,7585.962868644122,7385.8628686441225,7712.462868644122,7108.462868644124
W276,11314.802942382341,11383.002942382342,11244.902942382341,11324.205884764682,11392.405884764681,11254.305884764683,11333.608827147023,11401.808827147022,11263.708827147024,11343.011769529365,11411.211769529364,11273.111769529363,11352.414711911706
W277,3194.146133563456,3216.9251335634563,3242.943133563456,3230.8541335634563,3269.465133563456,3218.7401335634563,3204.8971335634565,3259.5701335634562,3275.828133563456,3300.4631335634567,3232.208133563456,3165.5301335634563,3222.3921335634564
W278,1283.924850202683,1368.332850202683,1271.1068502026835,1288.364850202683,1256.9688502026831,1347.3818502026832,1406.2078502026832,1443.663850202683,1452.5358502026832,1452.7868502026831,1516.7708502026835,1492.847850202683,1518.652850202683
W279,1255.21388865564,1230.89388865564,1299.77388865564,1288.0638886556399,1269.7638886556401,1305.06388865564,1206.5838886556403,1220.4338886556402,1152.4438886556402,1165.42388865564,1176.16388865564,1149.24388865564,1161.07388865564
W28,3443.1947061770315,4012.3935847000857,4473.0841517236195,4588.0841517236195,5348.0841517236195,11221.084151723619,14920.084151723619,5582.0841517236195,5563.0841517236195,4832.0841517236195,4697.0841517236195,4133.08415172362,4211.0841517236195
W280,5385.954103408467,5347.548103408467,5373.0331034084675,5386.860103408467,5398.770103408468,5397.527103408467,5405.3861034084675,5409.9751034084675,5398.125103408467,5427.365103408467,5385.930103408467,5389.227103408467,5387.013103408468
W281,1745.5076413761894,1729.5233439432727,1702.5076413761892,1734.5076413761892,1730.5076413761892,1737.5076413761894,1689.5076413761892,1738.5076413761892,1657.5076413761894,1606.5076413761892,1591.5076413761892,1594.5076413761894,1615.5076413761892
W282,2122.0006142676298,2096.2087822676294,2123.44141226763,2129.9931752676307,2109.2054852676306,2085.0735815352596,2059.281749535259,2086.5143795352596,2093.0661425352605,2072.2784525352604,2048.1465488028903,2022.35471680289,2049.5873468028894
W283,341.5890363396901,342.52884633969006,340.5266806793803,341.4664906793803,339.4643250190703,340.4041350190704,338.40196935876054,339.3417793587605,337.33961369845065,338.2794236984507,336.27725803814076,337.2170680381407,335.214902377831
W284,567.282770516153,566.7855410323064,566.2883115484597,565.791082064613,565.293852580766,564.7966230969193,564.2993936130724,563.8021641292257,563.304934645379,562.8077051615321,562.3104756776854,561.8132461938385,561.3160167099918
W285,730.6507363359883,692.3707363359886,718.4927363359889,704.6197363359884,711.1987363359881,743.5534726719766,705.2734726719768,731.3954726719771,717.5224726719771,724.1014726719768,756.4562090079648,718.1762090079651,744.2982090079654
W286,11159.690495649025,10458.790495649026,10563.290495649026,10844.290495649026,10687.290495649026,11191.28099129805,10490.38099129805,10594.880991298052,10875.880991298052,10718.880991298052,11222.871486947077,10521.971486947077,10626.471486947077
W287,2212.0829160307003,2236.731648859605,2250.9220763377025,2330.7820763377026,2272.702076337702,2276.8120763377015,2307.3420763377026,2228.0620763377024,2220.0120763377017,2232.9720763377018,2236.7120763377025,2239.174992368403,2263.8237251973064
W288,7818.609101958706,7817.809101958704,7813.909101958706,7872.109101958706,7869.3091019587055,7868.609101958706,7868.609101958706,7921.409101958706,7904.709101958706,7903.709101958706,7909.409101958706,7906.718203917411,7905.918203917409
W289,9617.542554090816,9337.542554090818,9397.542554090816,9657.542554090818,9757.542554090816,9797.542554090818,9857.542554090816,9957.542554090818,9967.542554090816,10007.542554090818,10167.542554090816,10007.542554090818,9967.542554090816
W29,630.956824045609,682.956824045609,681.956824045609,610.956824045609,780.956824045609,531.956824045609,470.956824045609,396.956824045609,504.956824045609,353.956824045609,401.956824045609,511.956824045609,174.95682404560898
W290,15544.752865212982,15273.697916068084,16929.985288930337,16819.88528893033,16883.185288930334,16815.385288930334,17342.285288930332,17034.88528893033,16943.385288930334,17019.185288930334,16837.085288930335,16860.085288930335,16526.285288930332
W291,7688.263214057501,7005.5632140575,7068.563214057501,6669.163214057499,6502.2632140575,6589.8632140575,6524.163214057499,6530.9632140575,6533.4632140574995,6518.2632140575,6348.663214057499,6478.7632140575,6472.6632140575
W292,18055.88856178623,17565.712687941585,17460.512687941584,16548.91268794158,16048.112687941584,15047.512687941582,15506.812687941583,14563.912687941583,13883.412687941583,14101.812687941583,14488.812687941583,14307.312687941583,14472.112687941584
W293,1919.0695753361451,1517.0695753361451,1734.0695753361451,1570.0695753361451,1699.0695753361451,1519.0695753361451,1756.0695753361451,1597.0695753361451,2084.069575336145,1700.0695753361451,1780.0695753361451,1517.0695753361451,1750.0695753361451
W294,1610.662023459056,1634.2514389581693,1547.2514389581693,1559.7514389581695,1642.0514389581695,1615.8514389581692,1686.4514389581695,1728.0514389581692,1696.2514389581693,1740.1514389581694,1760.9514389581695,1766.7514389581693,1773.7514389581693
W295,3466.8728551336144,3716.8728551336144,2904.872855133615,2613.872855133614,2831.8728551336144,2443.8728551336144,3816.8728551336144,4193.872855133615,5670.872855133614,4261.872855133614,4459.872855133614,4556.872855133614,5579.872855133615
W296,2784.4690342240974,2567.4690342240974,2332.9593881856536,3045.9593881856536,2979.9593881856536,2452.9593881856536,2169.959388185654,2353.9593881856536,3334.9593881856536,2806.9593881856536,2873.959388185654,3446.9593881856536,3084.959388185654
W297,4876.992030004688,4423.485056258791,5139.485056258791,5781.485056258791,4474.485056258791,3661.485056258791,3577.485056258791,4441.485056258791,4892.485056258791,4175.485056258791,4386.48505625879,4838.485056258791,4337.485056258791
W298,3164.87658227848,3650.87658227848,2687.87658227848,3360.8765822784794,3077.87658227848,2572.87658227848,1835.8765822784799,3689.8765822784794,4241.87658227848,3153.87658227848,3203.87658227848,3192.8765822784794,4148.87658227848
W299,3480.2223628691986,3796.222362869198,4676.222362869198,3909.222362869198,3698.222362869198,3905.2223628691986,4297.222362869198,4045.222362869198,3346.222362869198,2933.222362869198,3082.2223628691986,3390.222362869198,3520.222362869198
W3,9477.466908481076,9749.966908481076,9906.466908481076,9816.466908481076,9593.166908481078,9497.133816962154,9769.633816962154,9926.133816962154,9836.133816962154,9612.833816962155,9516.80072544323,9789.30072544323,9945.80072544323
W30,3671.4038169288015,3934.4038169288015,3372.4038169288015,4061.4038169288015,3613.4038169288015,4858.4038169288015,4116.4038169288015,4476.403816928802,5200.403816928802,8541.403816928803,8005.403816928802,5290.403816928802,5257.403816928802
W300,2158.4838842006557,1930.4838842006561,2088.4838842006557,1613.4838842006561,1705.483884200656,1756.4838842006561,1574.483884200656,1109.483884200656,1958.483884200656,2182.4838842006557,1783.483884200656,1817.483884200656,1755.483884200656
W301,2904.4439170182845,2739.5026371308018,2797.7392756680733,2219.739275668073,2489.7392756680733,2422.7392756680733,2131.7392756680733,1983.7392756680733,1875.7392756680729,2295.7392756680733,2165.7392756680733,1830.7392756680729,2459.7392756680733
W302,2458.748054383497,2094.6862634786685,2934.6862634786685,2630.6862634786685,2652.6862634786685,2297.6862634786685,2388.6862634786685,2887.6862634786685,2581.6862634786685,2751.6862634786685,2375.6862634786685,2671.686263478669,3221.6862634786685
W303,5112.544303797467,5752.544303797467,4698.544303797467,5337.544303797467,5058.544303797467,4009.5443037974665,2925.5443037974674,4119.544303797467,5591.544303797467,5064.544303797467,5184.5443037974665,4918.544303797467,5900.544303797467
W304,3182.0510548523202,2936.218893577121,2588.218893577121,3326.218893577121,3394.218893577121,2564.218893577121,2194.2188935771205,2046.218893577121,2905.218893577121,2660.218893577121,2282.218893577121,2303.218893577121,2406.218893577121
W305,2565.240459446789,2426.2404594467894,1955.240459446789,2631.240459446789,2625.240459446789,2414.240459446789,2549.240459446789,2510.2404594467894,2431.2404594467894,2755.240459446789,2193.240459446789,2414.240459446789,3012.240459446789
W306,2185.906059540553,1813.9060595405535,1749.7177097984063,2472.7177097984063,2249.7177097984068,2105.7177097984063,2145.7177097984063,2047.7177097984068,1990.7177097984063,2345.7177097984063,2049.7177097984068,2048.7177097984063,2481.7177097984063
W307,3508.145569620253,3819.145569620253,4427.145569620253,4475.145569620253,4163.145569620253,4117.145569620253,5183.145569620252,4955.145569620252,3459.1455696202524,3238.1455696202524,3798.145569620253,3192.145569620253,3187.145569620253
W308,2123.9808954524146,2087.9808954524146,1996.9808954524146,2127.9808954524146,2469.9808954524146,2127.961790904829,2091.961790904829,2000.9617909048288,2131.961790904829,2473.9617909048293,2131.9426863572435,2095.9426863572435,2004.9426863572435
W309,5740.910923581808,6994.184200656351,7533.184200656351,7406.18420065635,5765.184200656351,7885.184200656351,7478.18420065635,5796.184200656351,6027.184200656351,5172.18420065635,5916.184200656351,6201.184200656351,5600.18420065635
W31,1182.711248166,1273.7112481659997,1456.711248166,1261.7112481659997,966.7112481659999,946.7112481659997,844.7112481659999,1422.7112481659997,1684.711248166,834.7112481659997,748.7112481659997,726.7112481659999,805.7112481659999
W310,3931.2632911392393,4147.263291139239,3603.238255977495,4134.511392405062,4170.511392405062,4196.511392405063,2902.511392405062,3989.511392405062,5215.511392405063,4113.511392405062,4010.511392405062,3656.5113924050625,4253.511392405063
W311,4694.025949367088,5007.974976558837,5178.98795124238,4929.987951242381,3677.9879512423804,4896.987951242381,6400.98795124238,5030.987951242381,5045.98795124238,4582.987951242381,4728.98795124238,5229.987951242381,4529.98795124238
W312,4883.437189404594,4653.374706985467,3729.374706985467,4748.374706985467,4826.374706985467,4378.374706985467,4634.374706985467,3923.3747069854667,4291.374706985467,4480.374706985467,4184.374706985467,3977.374706985467,3617.374706985467
W313,2029.699285044538,2020.3985700890767,1700.1456633849039,2392.5585325832158,2332.5585325832158,2920.5585325832158,2251.558532583216,2472.5585325832158,2353.5585325832158,2377.558532583216,1748.5585325832162,1529.5585325832158,1483.5585325832158
W314,9517.975164088139,10853.343963900608,9993.34396390061,7804.343963900609,7668.343963900609,10055.34396390061,7540.343963900609,7479.343963900609,7102.343963900609,5733.343963900609,6224.343963900609,5648.343963900609,3522.343963900609
W315,5026.0116033755285,5570.011603375528,4846.011603375528,4871.011603375528,5075.011603375528,4712.011603375528,4590.011603375528,4145.011603375528,5940.011603375528,5078.011603375528,6193.011603375528,7759.011603375528,5653.011603375528
W316,3228.383204406938,2673.9346108766986,2691.934610876699,2251.934610876699,3320.934610876699,2638.934610876699,3215.934610876699,4004.934610876699,3398.934610876699,3396.934610876699,4045.934610876699,4736.934610876699,4552.934610876699
W317,3838.862447257384,4451.245757149554,3773.683169245195,5486.683169245196,3904.683169245195,4323.683169245195,4634.683169245196,4552.683169245195,2961.6831692451956,3648.683169245195,3541.6831692451956,5131.683169245194,4472.683169245195
W318,3726.9987341772157,4765.998734177215,3874.998734177215,4117.998734177216,3863.9987341772157,4041.998734177215,2997.998734177215,3805.9987341772153,4161.998734177216,3577.998734177215,3716.998734177215,2996.9987341772153,3668.9987341772157
W319,1921.8879746835441,2277.2026371308016,2507.1208157524616,2669.1208157524616,1921.120815752461,2543.120815752461,2845.1208157524616,2437.1208157524616,2266.120815752461,2128.1208157524616,2287.1208157524616,2337.120815752461,2266.120815752461
W32,3831.8411294468688,4239.841129446869,3833.6822588937366,4241.682258893737,3835.5233883406045,4243.523388340605,3837.3645177874732,4245.364517787473,3839.205647234341,4247.205647234341,3841.046776681209,4249.046776681209,3842.8879061280777
W320,1672.3080168776369,1555.3080168776369,1471.3080168776369,1702.3080168776366,1743.3080168776366,1651.3080168776366,1380.3080168776366,1439.3080168776366,2339.308016877637,2279.308016877637,2266.308016877637,2976.308016877637,2505.308016877637
W321,6377.471729957806,7495.471729957806,5990.471729957806,5481.471729957806,6380.471729957806,5903.471729957806,5384.471729957806,4985.471729957806,4002.471729957806,4677.471729957806,6111.471729957805,5378.471729957806,4709.471729957806
W322,1751.0928270042195,2017.0928270042195,1661.0928270042195,1983.0928270042195,2447.0928270042195,2382.0928270042195,2122.0928270042195,2119.0928270042195,2026.0928270042195,2099.0928270042195,1911.0928270042195,1721.0928270042195,2179.0928270042195
W323,4476.78076652602,3481.7807665260198,4631.78076652602,5969.78076652602,4788.78076652602,5187.780766526019,4950.78076652602,5997.78076652602,5325.78076652602,4729.78076652602,4318.78076652602,3850.7807665260198,5181.78076652602
W324,2499.1529535864975,2249.152953586498,2257.534692920768,2496.5346929207685,2370.534692920768,1968.5346929207685,1661.534692920768,1661.5346929207685,2128.534692920768,2067.5346929207685,1847.534692920768,1851.5346929207685,2419.534692920768
W325,4276.731926863573,4320.251476793249,4111.25147679325,3044.251476793249,4273.25147679325,4874.251476793249,3632.2514767932494,3757.2514767932494,3327.2514767932494,4228.251476793249,4087.2514767932494,4073.2514767932494,3968.2514767932494
W326,4503.856211908111,4253.712423816221,4090.7124238162214,3714.7124238162214,4022.7124238162214,3939.7124238162214,3633.7124238162214,3585.7124238162214,3520.7124238162214,4236.712423816221,4250.712423816221,4399.712423816221,5248.712423816221
W327,8239.265541490859,10897.559095171122,10429.559095171122,9707.55909517112,9361.55909517112,7478.55909517112,10451.559095171122,9906.559095171122,10105.559095171122,11498.55909517112,10944.55909517112,12786.55909517112,12320.559095171122
W328,1778.3964135021101,1706.3964135021101,1605.3964135021097,2188.39641350211,2219.39641350211,1687.3964135021097,1946.3964135021101,2282.39641350211,2133.3964135021097,2282.39641350211,1703.3964135021101,1744.3964135021097,2609.39641350211
W329,11204.508966244724,10031.508966244724,11575.508966244726,9011.508966244726,9995.508966244724,10129.508966244724,9878.508966244724,7143.508966244726,9418.508966244726,11752.508966244724,10044.508966244724,9569.508966244726,9166.508966244726
W33,1882.0253150741644,1576.1054313300979,1624.7253150741644,1597.7679569187385,1523.3972212116578,1936.397221211657,2537.0972212116576,2284.597221211657,1846.5972212116576,1849.5972212116571,2415.4972212116577,1669.897221211657,1477.397221211657
W330,2999.625316455696,3420.6253164556965,2875.625316455696,3196.625316455696,3103.625316455696,2850.625316455696,2259.625316455696,3578.625316455696,4450.6253164556965,3767.625316455696,3640.625316455696,3186.625316455696,3965.6253164556956
W331,5798.234739803094,4048.2347398030943,6047.234739803094,7366.234739803094,5877.234739803095,5539.234739803094,5213.234739803094,6248.234739803094,6283.234739803094,5851.234739803094,5510.234739803094,4312.234739803094,6794.234739803094
W332,2724.0895686826066,2488.089568682607,2876.0895686826066,2550.089568682607,2967.0895686826066,2541.0895686826066,2651.089568682607,2981.089568682607,2617.089568682607,2679.0895686826066,2512.0895686826066,2889.0895686826066,3490.0895686826066
W333,2204.019971870605,2702.0432723863105,2702.043272386311,2633.0432723863105,1928.043272386311,2587.0432723863105,3082.0432723863105,2468.0432723863105,2749.0432723863105,2435.043272386311,3037.0432723863105,2646.043272386311,2489.0432723863105
W334,3732.133731833099,3118.99554617909,3326.1337318330984,3265.133731833099,3637.1337318330984,2662.1337318330984,2469.133731833099,3212.133731833099,2622.133731833099,3237.133731833099,2672.133731833099,2977.133731833099,4078.133731833099
W335,3734.317088607595,3271.317088607595,3047.3170886075945,3711.317088607595,3243.317088607595,3678.317088607595,3227.317088607595,3740.317088607595,4305.317088607595,3685.63417721519,3222.6341772151895,2998.6341772151895,3662.63417721519
W336,1989.7583450539144,1268.7583450539144,1645.7583450539144,2297.758345053914,1621.7583450539144,1403.7583450539144,1298.7583450539144,1633.7583450539144,1574.7583450539144,1351.7583450539144,1426.7583450539144,1459.7583450539144,1841.7583450539144
W337,1589.1097046413502,1355.2194092827003,1372.2194092827006,1744.2194092827006,1890.2194092827006,1748.2194092827006,1456.2194092827003,1610.2194092827006,1593.2194092827006,1600.2194092827003,1455.2194092827006,1487.2194092827006,1537.2194092827006
W338,2359.3234294421,2118.586556493202,2010.586556493202,1961.586556493202,2621.586556493202,2389.586556493202,2557.586556493202,3244.586556493202,2477.586556493202,2490.586556493202,2381.586556493202,3101.586556493202,3184.586556493202
W339,4105.499156118143,3852.1239451476786,3984.4021917487107,3521.4021917487107,3215.4021917487103,3672.4021917487107,3380.4021917487103,3096.4021917487103,3116.4021917487107,2264.4021917487107,2733.4021917487103,3740.4021917487107,2997.4021917487103
W34,1212.744209096325,1212.7442090963245,1086.744209096325,1052.744209096325,1175.744209096325,1238.744209096325,1160.744209096325,1125.744209096325,961.744209096325,1030.744209096325,1038.744209096325,1031.744209096325,1047.744209096325
W340,6018.444303797468,7163.444303797469,9099.444303797469,6561.444303797469,7163.444303797468,7230.444303797468,7407.444303797468,7975.444303797468,6378.444303797468,6010.444303797468,8337.444303797467,6083.444303797468,5735.444303797468
W341,5017.768776371308,5927.153164556962,5766.7771214252225,5225.7771214252225,4010.7771214252225,4923.7771214252225,5924.7771214252225,4690.7771214252225,4699.7771214252225,4238.7771214252225,4519.7771214252225,4796.7771214252225,4326.7771214252225
W342,1475.5009552273793,1649.4009552273794,1445.800955227379,1789.8009552273793,2125.7009552273794,1869.300955227379,2002.0009552273793,1294.1009552273792,1218.2009552273794,1185.3009552273793,1355.9009552273792,1305.5009552273793,1266.1009552273792
W343,4218.183122362869,4116.183122362869,4637.183122362869,4797.183122362869,4259.183122362869,4491.183122362869,5779.183122362869,5326.183122362869,3666.1831223628687,3028.1831223628687,3903.1831223628687,3694.1831223628687,3589.1831223628683
W344,3750.7586497890297,4184.879324894515,4983.879324894515,4192.879324894515,4013.879324894515,4142.879324894515,4694.879324894515,4382.879324894515,3529.879324894515,3306.8793248945153,4390.879324894515,3651.8793248945153,3766.879324894515
W345,2978.644620253164,2254.6446202531642,3445.6446202531642,2422.6446202531642,2593.6446202531642,3769.6446202531642,2800.644620253164,2725.6446202531642,2822.644620253164,3054.6446202531642,3210.6446202531642,2979.6446202531642,2193.6446202531642
W346,6526.085267229252,6098.085267229253,6763.085267229253,5404.085267229252,5516.085267229253,5948.085267229253,4802.085267229253,3509.085267229253,6250.085267229253,7301.085267229253,5583.085267229253,6105.085267229253,5392.085267229253
W347,3498.485407876231,2873.485407876231,3703.4854078762305,3457.4854078762305,3271.485407876231,3016.485407876231,2817.485407876231,3703.485407876231,3304.4854078762305,3325.4854078762305,2784.485407876231,3505.485407876231,4079.485407876231
W348,3819.685314111579,2791.68531411158,4652.68531411158,4992.685314111579,4505.68531411158,4791.68531411158,4290.685314111579,4577.68531411158,4474.68531411158,4122.685314111579,4114.68531411158,3758.68531411158,5229.685314111579
W349,3279.239228785748,3232.4784575714957,3185.7176863572436,3138.956915142991,3092.196143928739,3045.4353727144867,2998.6746015002345,2951.9138302859824,2905.1530590717302,2858.3922878574776,2811.631516643226,2764.8707454289734,2718.1099742147208
W35,1116.657418908192,1070.5966706174697,1142.8253510326658,1218.8253510326658,1420.8253510326658,2076.825351032666,2001.8253510326658,1797.8253510326658,1289.8253510326658,1789.8253510326658,1939.8253510326658,1482.8253510326658,1488.8253510326658
W350,2954.610935302391,3618.126640881388,932.768987341773,2956.768987341773,1766.768987341773,3039.768987341773,3845.768987341773,932.768987341773,2995.768987341773,3845.768987341773,1766.768987341773,932.7689873417733,3037.768987341773
W351,2473.9034224097513,1841.2841068917019,1818.2841068917019,2445.284106891702,1732.284106891702,1276.2841068917019,1811.284106891702,1778.284106891702,2445.284106891702,1732.2841068917019,1276.2841068917019,2030.284106891702,1766.2841068917019
W352,1260.0568213783404,1228.1136427566807,1196.1704641350211,1164.2272855133615,1132.2841068917019,1100.3409282700422,1068.3977496483826,1036.454571026723,1004.5113924050634,972.5682137834037,940.6250351617437,908.681856540084,876.7386779184244
W353,1991.7037974683544,1926.7037974683544,2254.7037974683544,1776.7037974683544,1906.7037974683544,1824.7037974683544,1769.7037974683544,1774.7037974683544,1668.7037974683544,1549.7037974683544,1853.7037974683544,1674.7037974683544,1525.7037974683544
W354,3089.928481012659,3211.9284810126587,2542.928481012659,2676.928481012659,2688.9284810126587,1999.9284810126592,1614.9284810126587,3432.928481012659,3980.928481012659,3099.9284810126587,3481.928481012659,3751.9284810126587,4265.928481012659
W355,2645.5123183309893,2613.0246366619785,3514.1775082044073,3634.6405532114395,2258.64055321144,3152.6405532114395,3758.64055321144,2871.6405532114395,2887.6405532114395,2508.6405532114395,2820.6405532114395,2958.64055321144,2813.6405532114395
W356,4115.20262541022,4110.741256446319,4712.170557899671,4745.170557899672,4096.170557899672,4950.170557899672,4087.170557899671,4064.170557899671,4091.1705578996716,3390.1705578996716,2504.170557899671,4094.1705578996716,5005.170557899672
W357,3866.9603375527413,3001.9603375527413,2714.9603375527417,2771.9603375527413,3488.9603375527413,3306.9603375527413,2858.9603375527413,3196.9603375527413,2825.9603375527413,2841.9603375527413,3152.9603375527413,2859.9603375527413,2872.9603375527413
W358,5530.969620253165,6345.969620253165,6937.969620253165,6591.969620253165,6554.969620253165,6785.969620253165,7365.969620253164,6343.969620253164,5468.969620253164,5470.969620253164,5013.969620253165,5422.969620253165,4990.969620253165
W359,3642.780977496484,3556.7809774964844,4030.7809774964844,4959.780977496484,4081.7809774964844,3527.7809774964844,2990.780977496484,4030.780977496484,3575.7809774964844,3597.780977496484,3633.780977496484,3163.7809774964844,2738.780977496484
W36,14141.95134195375,13555.35134195375,15152.35134195375,15424.651341953751,12937.35134195375,13293.95134195375,14155.951341953749,14828.25134195375,14621.95134195375,14042.35134195375,14554.651341953751,15794.75134195375,13301.35134195375
W37,2899.4461444258095,2957.3383108129633,2910.338310812963,2875.5383108129627,2865.9383108129628,2829.338310812963,2833.6383108129626,2830.1383108129626,2855.838310812963,2843.0383108129627,2878.338310812963,2889.0383108129627,2937.0383108129627
W38,3091.0589611973537,3067.8189611973544,3090.3389611973544,3092.597922394708,3069.3579223947086,3091.8779223947085,3094.136883592062,3070.8968835920627,3093.4168835920627,3095.675844789416,3072.4358447894165,3094.9558447894165,3097.21480598677
W39,5825.500423886432,5825.790423886432,5844.220423886432,5828.530423886433,5840.820423886433,5846.630423886432,5840.040423886432,5842.790423886432,5847.560423886433,5832.230423886433,5848.960423886433,5832.340423886432,5836.870423886432
W4,2049.6535311657676,2269.6535311657676,2199.653531165768,2499.653531165768,2469.6535311657676,2549.6535311657676,2459.653531165768,2739.653531165768,3039.653531165768,2869.6535311657676,3349.653531165768,3779.653531165768,4029.653531165768
W40,5868.691239150221,5863.911239150221,5827.941239150221,5802.901239150221,5823.896239150221,5850.191239150221,5873.761239150221,5957.516239150221,5987.146239150221,5996.551239150221,6059.601239150221,6023.141239150221,5975.201239150221
W41,6168.731224198602,6191.964407828392,6195.194407828392,6173.4144078283925,6276.124407828393,6246.104407828391,6180.544407828393,6240.284407828392,6294.964407828393,6291.024407828391,6278.794407828392,6230.444407828391,6244.364407828392
W42,6134.097372564553,6216.547372564552,6276.047372564552,6279.887372564553,6330.857372564552,6324.417372564551,6283.347372564553,6363.237372564551,6389.6273725645515,6328.387372564553,6228.007372564552,6244.237372564551,6262.857372564553
W43,6171.6984510655,6195.431218725325,6199.726218725325,6176.246218725325,6284.926218725325,6252.461218725325,6188.4362187253255,6246.956218725326,6299.371218725325,6292.246218725326,6283.106218725326,6235.241218725325,6244.096218725324
W44,5859.568804162141,5857.408804162141,5820.068804162141,5797.108804162141,5818.098804162142,5845.688804162141,5867.908804162142,5950.408804162142,5977.1488041621415,5989.8988041621415,6053.348804162142,6018.088804162142,5942.998804162141
W45,2993.2961082133584,2853.1761082133585,2979.326108213359,2869.4261082133585,2887.236108213358,2932.0461082133584,2938.086108213359,2999.932216426717,2859.812216426717,2985.962216426717,2876.062216426717,2893.872216426717,2938.682216426717
W46,3400.461532365815,3294.096532365815,3258.866532365815,3278.9615323658154,3263.691532365815,3248.246532365815,3376.956532365815,3321.2415323658156,3384.231532365815,3428.226532365815,3341.1265323658154,3344.791532365815,3229.5215323658153
W47,2992.684020380735,2852.344020380735,2979.234020380735,2868.884020380735,2885.934020380735,2930.824020380735,2936.734020380735,2999.31804076147,2858.97804076147,2985.8680407614697,2875.51804076147,2892.56804076147,2937.45804076147
W48,2923.3424221727337,2989.9924221727333,3021.4474221727337,3093.6874221727335,3092.227422172734,3106.7974221727336,3148.5074221727336,2979.7524221727335,3040.9024221727336,3056.7424221727338,2935.1524221727336,2953.7774221727336,3024.112422172734
W49,3288.692484030262,3248.0224840302626,3205.0624840302626,3183.8424840302623,3162.752484030262,3202.162484030262,3164.5224840302626,3155.212484030262,3185.1124840302627,3158.3324840302625,3130.9824840302626,3072.512484030262,3065.682484030262
W5,1877.478372638339,2509.478372638339,3723.4783726383384,1966.478372638339,1524.478372638339,1448.4783726383394,1632.478372638339,1232.478372638339,1295.478372638339,944.4783726383389,728.4783726383389,1004.4783726383394,993.4783726383389
W50,3288.784930425804,3247.814930425803,3204.6249304258026,3183.9949304258034,3163.0549304258034,3202.354930425803,3164.104930425803,3155.754930425803,3185.294930425803,3158.6749304258033,3131.004930425803,3073.2649304258034,3066.4249304258033
W51,6745.8482900230665,6569.748290023067,6587.348290023067,6666.248290023067,6705.3482900230665,6663.948290023067,6513.048290023067,6503.748290023067,6560.148290023068,6679.448290023066,6740.348290023067,6772.148290023068,6751.348290023067
W52,6987.73569233838,6836.833740451947,6944.333740451946,6900.833740451947,6932.033740451946,6806.633740451946,6690.4337404519465,6697.633740451945,6845.233740451947,6915.033740451947,7022.4337404519465,6954.733740451947,6864.833740451946
W53,1746.6135510693084,1945.788118837685,1769.5881188376861,1877.0881188376866,1993.388118837685,2017.0881188376861,1764.0881188376861,1881.4881188376849,1701.888118837685,1750.888118837685,1726.5881188376852,1672.1881188376851,1716.1881188376851
W54,2442.333581036807,2435.0841383696234,2457.7505573328153,2452.7505573328153,2429.7505573328162,2402.7505573328153,2432.7505573328153,2438.7505573328162,2418.7505573328162,2371.0841383696225,2363.8346957024387,2386.5011146656316,2381.5011146656307
W55,5002.431300362268,5120.4313003622665,4891.4313003622665,4973.4313003622665,4919.4313003622665,4719.431300362268,4662.4313003622665,4546.4313003622665,4285.4313003622665,4184.4313003622665,4413.431300362268,4818.4313003622665,4807.4313003622665
W56,3017.0535579194084,3075.053557919409,3138.330505959993,3179.046415081496,3210.046415081496,3237.6933712218092,3277.6933712218097,3331.6933712218092,3389.693371221809,3492.6933712218092,3565.6933712218097,3639.6933712218092,3724.6933712218092
W57,2155.807992142597,2065.8079921425974,2033.0545156617463,1983.054515661746,1953.054515661746,1923.054515661746,1863.054515661746,1773.0545156617463,1723.0545156617463,1693.054515661746,1643.054515661746,1583.054515661746,1533.054515661746
W58,3295.89616071959,3261.89616071959,3111.89616071959,3092.89616071959,3091.89616071959,3198.89616071959,3235.89616071959,3153.89616071959,3162.89616071959,3097.89616071959,2964.89616071959,2892.89616071959,2790.89616071959
W59,2464.2773997166614,2164.277399716662,1425.5530437389139,1475.5530437389143,1485.5530437389139,1865.5530437389143,2285.553043738914,2455.553043738914,2595.5530437389143,1585.5530437389139,995.5530437389143,2485.553043738914,2435.553043738914
W6,456.96257241082026,441.1028872583688,482.1028872583688,552.1028872583688,468.1028872583686,470.1028872583688,458.06545966918884,442.2057745167376,483.2057745167376,553.2057745167374,469.2057745167374,471.2057745167374,459.16834692755765
W60,9249.967702919665,9346.247702919663,9311.617702919662,9176.577702919663,9189.677702919664,9284.537702919664,9285.197702919664,9298.837702919664,9414.437702919664,9470.647702919665,9448.717702919665,9421.957702919664,9426.577702919663
W61,10124.25805764996,11549.65805764996,11549.65805764996,10136.05805764996,10132.01611529992,11557.41611529992,11557.41611529992,10143.81611529992,10139.774172949881,11565.17417294988,11565.17417294988,10151.57417294988,10147.532230599842
W62,7196.599945774877,7174.7999457748765,7174.799945774877,7263.7999457748765,7263.799945774877,7640.399945774876,7640.399945774876,7211.999945774876,7211.999945774877,6875.499945774876,6875.499945774876,6916.2999457748765,6916.299945774877
W63,6009.273230044977,6003.938668173501,5993.094494063914,6006.594494063914,6006.594494063915,6316.994494063914,6316.994494063914,6028.794494063914,6028.7944940639145,6333.394494063915,6333.394494063915,6094.494494063913,6094.494494063914
W64,12406.558956310573,12180.558956310573,13062.558956310573,14032.558956310573,13909.558956310573,12228.558956310575,12564.558956310573,13457.558956310575,14192.558956310573,12669.558956310573,12902.558956310573,13734.558956310573,14927.558956310571
W65,17716.118873164334,17424.118873164334,18516.118873164334,19624.118873164334,19441.118873164334,17353.118873164334,17782.118873164334,18850.118873164334,19707.118873164334,17920.118873164334,18178.118873164334,19207.118873164334,20522.118873164334
W66,7197.233631705837,7453.933631705837,7606.933631705837,7522.433631705837,7305.133631705837,7211.167263411674,7467.867263411674,7620.867263411674,7536.367263411674,7319.067263411674,7225.100895117511,7481.800895117511,7634.800895117511
W67,13189.51323686362,13176.51323686362,13215.404782943147,13295.026473727241,13211.026473727243,13198.026473727241,13279.026473727241,13424.026473727243,13232.539710590863,13219.539710590861,13258.43125667039,13338.052947454484,13254.052947454484
W68,6925.98581033104,6940.241620662082,6954.497430993122,6968.753241324162,6983.0090516552045,6997.264861986245,7011.520672317287,7025.776482648327,7040.032292979369,7054.2881033104095,7068.543913641452,7082.799723972492,7097.055534303534
W69,6933.475975016005,6947.88195003201,6962.287925048015,6976.6939000640195,6991.099875080023,7005.505850096028,7019.911825112033,7034.317800128038,7048.7237751440425,7063.1297501600475,7077.535725176052,7091.941700192057,7106.347675208062
W7,2822.6064884098078,2346.6064884098078,5862.606488409809,3593.6064884098078,3228.6064884098087,2429.6064884098087,3238.6064884098078,2862.6064884098087,6244.606488409808,3204.6064884098087,3843.6064884098087,2406.6064884098078,2645.6064884098078
W70,2564.743294099405,2562.033294099406,2571.813294099405,2527.156588198811,2524.446588198811,2534.22658819881,2489.569882298216,2486.859882298216,2496.639882298216,2451.983176397621,2449.2731763976217,2459.053176397621,2414.3964704970267
W71,1926.8600610406083,1926.8600610406083,1922.8600610406083,1920.8600610406083,1917.8600610406083,1917.8600610406083,1916.8600610406083,1916.8600610406065,1910.8600610406083,1910.8600610406065,1902.8600610406083,1901.8600610406065,1893.8600610406083
W72,1940.4368583162232,1940.4368583162232,1936.4368583162213,1934.4368583162213,1931.4368583162213,1931.4368583162213,1930.4368583162213,1930.4368583162213,1924.4368583162213,1924.4368583162213,1916.4368583162213,1915.4368583162213,1907.4368583162213
W73,1940.4477395899958,1940.4477395899958,1936.4477395899958,1934.4477395899958,1931.4477395899958,1931.4477395899958,1930.4477395899958,1930.4477395899958,1924.4477395899958,1924.4477395899958,1916.4477395899958,1915.4477395899958,1907.4477395899958
W74,3322.9341587899235,3237.6041587899235,3092.8741587899235,3367.6341587899233,3000.5741587899233,3048.6741587899232,3186.364158789923,3171.7041587899234,3044.904158789923,2954.734158789923,3142.664158789923,3193.4341587899235,3573.494158789923
W75,24662.80235786195,24348.10235786195,25437.60235786195,25135.10235786195,24691.30235786195,24901.50235786195,24848.10235786195,25010.902357861953,26594.60235786195,26040.00235786195,25654.402357861953,25437.30235786195,24676.402357861953
W76,523.5603162417938,523.5603162417942,473.5803441454814,506.900325543023,500.0400558073752,470.24033484425263,470.2403348442522,480.2403348442531,480.2403348442522,480.24033484425263,460.24033484425263,460.24033484425263,460.2403348442531
W77,4120.965045652583,3906.455045652583,3770.905045652583,3667.5050456525832,3746.8050456525834,3560.3550456525827,3672.375045652583,3921.9650456525833,3447.9450456525833,3116.3650456525834,2743.035045652583,2869.745045652583,2187.575045652583
W78,3520.0008381979474,3963.0008381979474,3427.2108381979474,4097.910838197948,3882.8408381979475,4253.810838197947,3075.250838197948,2701.5308381979476,2757.7708381979473,2092.540838197948,2328.6908381979474,2177.180838197947,2305.8308381979473
W79,1461.4240737254486,1419.618277617908,1294.4659970058005,1374.4659970058008,1524.4659970058008,1624.4659970058005,1704.4659970058008,1764.4659970058008,1894.4659970058005,1954.4659970058008,1754.465997005801,1724.4659970058005,1804.4659970058008
W8,2882.299830358126,2932.2998303581267,4099.586308017677,3938.44690331948,4078.44690331948,4088.44690331948,2878.44690331948,2718.44690331948,2718.44690331948,3848.44690331948,2838.44690331948,2738.4469033194805,2468.44690331948
W80,1414.491947805129,1238.6134949663376,1023.0199438299378,949.1738063861749,539.1738063861751,749.1738063861751,899.1738063861753,789.1738063861753,829.1738063861751,959.1738063861751,1099.1738063861753,1489.1738063861749,1799.1738063861749
W81,24651.336853323908,24667.07238665135,24445.668426661952,24221.468426661955,24901.168426661952,25197.368426661953,24296.668426661952,24732.268426661954,24840.405279985862,24856.140813313305,24634.736853323906,24410.53685332391,25090.236853323906
W82,4421.301964845589,4436.929937764793,4474.662937764793,4488.152937764793,4492.340937764793,4502.887937764794,4538.369937764794,4546.750937764794,4552.929937764793,4564.089937764793,4603.183937764793,4616.3739377647935,4621.066937764794
W83,5999.915176235687,6072.115176235688,6066.315176235687,6043.015176235687,6025.8151762356865,6023.415176235687,6029.615176235687,6026.615176235687,6019.015176235687,5995.615176235687,6010.515176235687,6111.115176235687,6115.515176235687
W84,5971.851810587848,5958.8518105878475,5934.851810587848,5948.651810587848,5965.551810587847,6058.151810587848,6058.251810587848,6061.751810587848,6092.551810587847,6037.751810587848,6031.051810587847,5982.951810587848,5968.451810587848
W85,17215.85310885159,17157.85310885159,17105.85310885159,17046.85310885159,16954.85310885159,16853.85310885159,16765.85310885159,16677.853108851585,16698.85310885159,16742.85310885159,16785.85310885159,16829.85310885159,16854.85310885159
W86,17274.412490090832,17264.412490090832,17258.412490090832,17254.41249009083,17250.41249009083,17246.41249009083,17251.412490090832,17277.412490090832,17295.412490090832,17312.41249009083,17330.41249009083,17351.412490090832,17371.412490090832
W87,1080.839912102155,1077.2898242043102,1073.7397363064654,1070.1896484086205,1066.6395605107757,1063.0894726129306,1059.5393847150858,1055.989296817241,1052.4392089193962,1048.8891210215513,1045.3390331237065,1041.7889452258614,1038.2388573280166
W88,11949.217443587868,12024.757443587869,11956.534887175736,12032.074887175737,11963.852330763604,12039.392330763605,11971.169774351472,12046.709774351473,11978.487217939342,12054.027217939343,11985.80466152721,12061.344661527211,11993.122105115079
W89,1219.3874238665187,1237.1526827342182,1278.7374238665188,1164.0974238665187,1208.9748477330374,1226.740106600737,1268.3248477330371,1153.6848477330375,1198.5622715995562,1216.3275304672557,1257.9122715995559,1143.2722715995558,1188.149695466075
W9,8064.100851152258,7975.170340810902,7645.170340810901,7530.170340810902,7387.170340810902,8220.1703408109,8105.170340810902,7353.170340810902,7868.170340810902,8359.170340810902,9794.1703408109,9319.170340810902,9540.170340810902
W90,1872.2600521206714,1869.4870521206706,1859.9636958116557,1863.1839801949804,1891.7576958116556,1901.8666958116557,1897.0756958116554,1897.4956958116554,1904.6116958116554,1904.5966958116555,1897.4666958116554,1896.3746958116553,1908.0756958116558
W91,19592.30733281385,19416.02545939393,19468.908136580067,19448.576136580068,19487.629136580068,19421.297136580066,19510.716136580068,19487.941136580066,19517.624136580067,19476.32713658007,19522.676136580067,19545.555136580064,19608.948136580064
W92,24494.008065609836,23503.13115557323,23849.361155573235,24143.871155573233,24656.27115557323,24503.15115557323,25221.281155573233,25427.13115557323,25273.911155573238,25191.941155573237,25679.59115557323,25757.971155573232,26117.811155573232
W93,1743.0173776149957,1747.9323776149959,1735.370377614996,1732.7433776149958,1738.5203776149956,1746.9147552299914,1751.8297552299916,1739.2677552299917,1736.6407552299916,1742.4177552299916,1750.8121328449872,1755.7271328449874,1743.1651328449875
W94,1723.8168443610973,1744.8568443610977,1693.8568443610975,1665.8968443610975,1692.5068443610976,1758.5368443610973,1681.8268443610973,1718.8968443610977,1770.9768443610974,1750.6268443610975,1706.5668443610975,1714.3168443610973,1665.6168443610975
W95,1683.4163204293009,1637.8563204293014,1711.556320429301,1678.0363204293008,1641.6663204293013,1713.9863204293008,1518.5963204293007,1609.8963204293009,1486.016320429301,1472.1463204293009,1423.5063204293008,1351.326320429301,1418.3063204293007
W96,11437.417338386475,11365.724011369572,11405.96801136957,11325.05701136957,11407.188011369572,11458.354011369569,11448.75001136957,11283.643011369571,11332.41201136957,11475.103349756046,11403.410022739141,11443.65402273914,11362.743022739141
W97,531.8945455908761,537.8645455908759,502.8826923365316,519.6726923365318,550.2926923365317,524.6026923365312,510.2526923365315,504.16269233653156,543.8026923365317,520.5026923365315,448.35269233653116,539.1872379274078,545.1572379274076
W98,653.0967287075796,656.3967287075798,661.8367287075794,659.9667287075795,644.8467287075796,649.0867287075798,696.4767287075795,720.3967287075798,690.0267287075799,681.4667287075799,676.1167287075796,656.4967287075797,633.65672870758
W99,15151.413758092196,15169.523758092195,15166.483758092192,15136.503758092196,15083.673758092194,15114.673758092194,15100.973758092196,15099.763758092195,15071.583758092194,15039.093758092196,15014.973758092196,14997.153758092194,14976.803758092197
