3.978625576244571721e-02
5.779338167513157348e-02
8.744938294809632973e-02
9.760313224298604318e-02
9.856353212122649643e-02
1.218697455743512764e-01
1.487903365567486147e-01
6.457227263080288215e-02
6.170505363830906115e-02
3.050691553716724028e-02
1.925357263870108027e-01
3.455716560560799511e-02
4.905454584441554938e-02
3.451522858538582511e-02
8.576121868262454040e-02
7.912570247919742394e-02
1.332935410008003752e-01
8.739028535528514663e-02
9.971380866650469965e-02
7.177662584365314402e-02
1.205715612305680029e-01
9.070127302931285662e-02
6.920462444980283179e-01
3.229590658657057606e-02
7.333163499189579437e-02
3.842578318478496319e-02
8.407495036777534736e-02
9.547812029802277278e-02
5.422215310449555181e-01
3.641818880107313139e-01
4.181604943099043736e-01
2.661349537892787609e-01
3.051465477170149931e-01
5.081196352785509740e-01
6.993823470662106911e-02
8.464598564099312661e-01
2.387051919960453128e-01
6.432398909970561407e-01
6.084512411966120915e-01
7.227982765222887851e-01
6.545754082385596417e-01
4.304618472702997356e-01
1.352605770869072244e-01
1.492014959292558840e-01
1.104217748281773187e-01
1.573687925758598949e-01
1.531282673733553035e-01
4.288770589055253546e-01
3.678987894371704148e-01
4.791586569904893733e-01
3.142148532079198642e-01
2.593263572269755013e-01
6.569314779390419412e-01
2.935845142287886733e-01
2.983455904980006346e-01
4.000032374930092005e-01
4.963336708581205653e-02
2.051893886989610838e-01
4.542594556051944288e-01
5.134749949481175468e-01
2.360835592170578423e-01
4.679662147966004437e-01
7.838792483804105649e-01
3.566149257228554137e-01
5.145820950052252263e-01
5.210564109006073918e-01
5.963296511032999403e-01
7.349909365970676289e-02
5.272423971633484197e-01
3.299539903084154902e-01
3.336060897186032825e-01
1.898214036494822732e-01
2.999044834094639067e-01
2.131058437258999960e-01
6.680987699822269477e-01
5.551924139486406062e-01
4.903426585640486834e-01
2.184818982078061411e-01
1.655837409215180425e-02
8.546986168708579565e-03
6.718951053198428218e-03
2.846418159781002096e-03
2.532568611426487797e-03
4.093136228587573172e-03
3.395103312079820763e-03
7.281902946077094090e-03
3.359113483972190825e-03
4.420410542974918117e-03
4.102609334923353925e-03
5.281764095026131312e-02
3.305041567128501594e-03
4.263036050018737845e-03
6.201131535829274531e-04
3.753267174316658131e-03
3.996213754800316195e-03
3.999556362798601522e-03
7.856253543534095010e-03
1.320070029449339245e-03
3.068788047788207230e-03
6.174538900181132141e-03
7.352879398965488089e-02
2.838192023317617167e-03
2.476670571077312869e-03
2.737005759598753942e-03
2.474412536122275533e-03
3.751659146218181296e-03
5.156699616961482602e-03
5.741760145352985123e-03
5.367656724842531646e-03
2.572659940746724588e-03
3.345008338146214597e-03
2.036482760588670671e-01
8.739540018754810013e-02
5.034207074978590789e-03
5.205673074795950754e-03
4.340008256732607629e-03
4.533358525249592437e-03
4.373545319658399093e-03
3.803891295387829431e-03
2.887190537532908358e-03
4.633284368940213983e-03
3.396882401526054533e-03
9.195570989335375908e-03
3.647294839822020490e-02
8.859886517884016030e-03
6.797557386076139019e-03
1.015699565622235102e-02
6.966772876010694955e-03
4.044913757793376467e-03
3.530211805163994618e-03
3.329928633213084192e-03
3.364773291153202398e-03
2.135589289941466906e-03
4.598989629871686434e-03
6.477777839480004796e-02
2.487217324478558072e-03
3.780972526224830269e-03
5.990665497151628077e-02
9.878673464159789738e-03
2.829881297111713507e-03
2.283441867132203918e-03
2.605396647103368993e-03
9.297310449963470599e-03
1.217712559284857277e-02
1.466144253737580033e-02
1.071342131697459177e-01
3.201133959137268409e-03
8.180315559057247179e-03
4.326063081777696377e-03
1.036312951926369845e-02
2.977087795438470522e-03
1.948116346442719518e-03
2.316978309970378277e-03
9.232642544084639427e-03
4.288010808185167312e-03
4.862732609739504365e-03
6.907350603812385803e-02
1.954337224867051456e-02
2.813964080721230877e-03
2.231855243707190749e-03
3.990581472878266915e-03
3.384165027878785828e-03
8.713799454231617100e-03
5.735145973730297435e-03
2.498078190584442689e-03
2.486240019085479962e-03
3.896615302479851470e-03
1.178367224015143266e-01
6.339996764572928926e-03
7.899000172017339380e-03
3.112171072644585174e-03
5.120891868730318396e-03
1.310117731330624063e-03
1.267480017073158681e-02
8.261691952870684960e-03
3.099920183714305420e-03
2.852496824048277035e-03
3.262803966065163513e-03
4.298010458834092273e-02
9.314092970654667264e-03
1.262542187182567194e-02
3.859040970604646348e-03
1.134365006898616253e-02
5.715427415326937259e-03
8.024622484985815749e-03
3.394605333084293412e-03
1.068198486032837131e-02
2.252003175835755495e-03
6.119655147965992643e-03
6.215601127876039383e-02
2.859595420227166365e-03
3.470898081994389182e-03
1.185973747679597810e-02
3.522174250606587009e-03
5.019164836859476252e-03
4.762455940273275547e-03
6.059961311772682317e-03
1.175912440488598165e-02
3.358573093670123855e-03
1.217244272887701116e-02
3.862891066660750772e-02
4.916345639502578413e-03
3.836945038407079626e-03
6.183261869086039038e-03
3.093679684926416151e-03
1.485195378960198209e-02
3.639704799975712959e-03
5.347197999209073703e-03
8.005478168349820095e-03
8.762019525588206001e-03
9.310486086175134499e-03
1.355034656600734022e-01
3.595970991105878773e-03
9.636012806079058760e-03
4.973558574525228058e-03
3.400642694417515838e-03
8.940170320192055917e-03
6.324826044865609898e-03
7.663823589383322692e-03
6.393968837075096612e-03
4.645958208194057859e-03
3.059967990877748151e-03
1.483233660343100391e-01
6.926517475914593935e-02
3.791530155461650484e-03
3.460557683020957457e-03
3.116782353473516315e-03
6.031232769423661155e-03
3.985639143116993972e-03
7.163057355681395379e-03
3.147714652103068833e-03
2.973687139106653745e-03
7.601605385493123528e-03
3.705130789219880909e-03
3.403445399548440248e-02
7.435824351556833724e-03
7.138732713290542146e-03
3.570571920737928423e-03
9.645435383699134044e-03
6.521396041159785266e-03
3.999923349605230896e-03
1.589253247516772896e-02
4.333640539541452029e-03
3.089556842777565430e-03
2.524994608407255155e-03
3.404520457276021678e-02
4.513228003562630430e-03
4.880514632139217567e-03
4.840574212173404112e-03
2.309339386996124913e-03
5.808584431208289010e-03
6.057454623750044113e-03
5.015079621791578707e-03
8.458853649783349207e-03
8.412702055544896140e-03
1.724020077865638656e-01
2.050260057328714136e-01
1.929187196388309766e-01
2.669396804587701455e-01
1.018843518077746646e-01
9.297287670760369105e-01
1.537064363823370805e-01
2.734850304010200128e-01
5.430586446262171130e-01
2.778762877669510023e-01
1.583511371088348885e-01
6.255975888896061488e-01
1.424526105681773458e-01
2.168550981309453896e-01
4.765556292412239103e-01
2.870901236931419076e-01
4.324423603654219406e-01
2.706581689218555131e-01
4.869885605408855178e-01
3.137779301765105111e-01
3.103772363012521907e-01
2.623950861063971129e-01
8.958234524053342307e-01
9.698308387919529761e-02
1.862425358086451099e-01
1.926698459396873619e-01
2.411299970007098337e-01
4.064998806906541806e-01
4.208655096211098012e-01
2.495040987288700551e-01
1.048403813663009387e+00
1.473841414811426220e-01
1.670168071427438894e-01
1.424554881072609969e-01
8.940984659754376562e-02
3.452200682271091559e-01
5.052464067073089149e-01
1.767788281860139532e-01
2.501451467766707126e-01
1.882162803922735328e-01
1.950191885637360956e-01
3.794498558957165035e-01
1.411061905050094156e-01
1.629912663209870383e-01
2.577521189691860948e-01
2.602970442978440047e-01
4.988875511509170413e-01
3.049358940321105771e-01
2.280647082067422671e-01
1.385552668058562809e-01
4.987181713209327683e-01
2.800012760922815924e-01
3.671974171483426974e-01
1.582648073117387255e-01
3.240393615972209651e-01
3.962837213320906660e-01
3.038403125492849521e-01
1.713456188017637161e-01
3.463257967018993355e-01
3.215043325006869956e-01
1.965781450504217320e-01
2.497142988746280656e-01
2.442010789220103728e-01
4.455103542487378054e-01
3.723327866717026091e-01
3.855239450428500914e-01
2.261829890217777750e-01
6.924412584394450121e-02
2.388421594443078388e-01
2.486518475938201689e-01
2.231321006917572625e-01
1.633050426702380431e-01
3.586768175300152350e-01
2.667664783000450179e-01
4.206740853428860283e-01
4.773436063014169228e-01
1.327384847406754276e-01
4.493627222013316103e-01
1.755174398905523792e-01
3.623997466586292848e-02
1.128350145497546420e+00
2.330024140554865786e-01
2.674094688313508050e-01
2.293423316977186988e-01
2.490569103724013245e-01
2.902496097809783571e-01
3.508517804722301459e-01
3.231686965493370534e-01
4.841457633457976750e-01
2.937212210182380545e-01
1.105951542587506609e-01
3.247723652616695267e-01
1.707974276272373471e-01
2.840530412592959797e-01
1.920473208131747989e-01
4.178054660659307751e-01
4.576943406655945706e-02
4.341118414402556080e-02
1.127165632822310776e-01
6.128396862100141812e-02
7.089519571120292407e-02
6.233949425017359935e-02
9.979748558370023226e-02
4.990015070251363483e-02
8.913169638546092344e-02
1.363301558113250156e-01
1.146093443476463580e-01
6.165419951692716755e-02
4.260114160660241622e-02
1.221283995534343386e-01
1.424160782648549728e-01
1.567254782729196050e-01
3.617853672367141171e-02
5.432764741393466407e-02
5.477402804431469319e-02
3.099302400026068480e-02
1.110296375444285027e-01
1.623642709407447648e-01
3.524616009288997209e-01
5.388310111377259126e-02
9.041043117213422298e-02
4.068069535669956854e-02
1.849319800904757061e-01
4.113259648107207150e-02
1.104896009542251784e-01
1.689836739733345805e-01
4.742381667507204052e-02
2.060886681450020685e-01
4.075756832378923944e-02
2.452953844339360590e-01
2.046115578857298500e-01
1.907508859971196735e-01
4.940717733470589151e-02
2.606745564244657420e-01
1.875420641307184721e-01
1.740153083525550551e-02
5.477658943279451603e-02
6.040201476360997773e-02
2.176867320153280660e-02
7.433343404375496177e-02
2.518782513545977930e-02
2.385336869655995395e-01
4.267270154417205502e-02
2.028471579747650466e-01
1.473811363931419038e-01
1.965752247596073976e-01
2.703817679927952855e-02
1.646744691606805422e-01
1.361857923521752611e-01
5.354481668820443296e-02
8.619942259769997062e-02
8.314946445888680981e-02
5.268849697892771106e-02
1.521575105307888809e-01
5.659776651497783195e-02
1.176119330496195464e-01
3.900747790841197632e-02
5.656654178471089839e-02
7.837710478021851779e-02
