6.631764640617521245e-01
2.436479966795169982e+00
5.756703069575901388e-01
1.134422725917917374e+00
9.196488074181661254e-01
2.450186397250783799e+00
1.687221409706633812e+00
6.479727358087093991e-01
1.180375047875506844e+00
6.936304060854301401e-01
1.044333979110282140e+00
8.521803454830596536e-01
1.047943623458111428e+00
8.696590825928756097e-01
1.039361139265450262e+00
1.048216914364147767e+00
3.380710511802473395e+00
1.714718347414581512e+00
1.028903650800239378e+00
1.163811052184497319e+00
1.546886147826279423e+00
9.009851757217122170e-01
3.086280422795713907e+00
5.668845774346571442e-01
1.490526913855800162e+00
1.190173595735623868e+00
1.862560867674158738e+00
6.910298061493619359e-01
1.733738101498939255e+00
1.296432110350044464e+00
1.308628075801630208e+00
7.745241324964546870e-01
5.839482511494010764e-01
1.569596970917687351e+00
1.153339012944805564e+00
3.776039845588113897e-01
6.770584511184760679e-01
3.841212652896629498e-01
1.429723953199994346e+00
7.518639300105099954e-01
4.838175226047659039e-01
2.528616988382011987e-01
4.013548142908553995e-01
4.948760067629311421e-01
3.314434404528451839e-01
3.181822660319777452e+00
3.157815603159570550e-01
2.117417539073245536e-01
1.363685128409543479e+00
1.478088918649480332e+00
5.431745909398051353e-01
7.114102279065248613e-01
2.058293845671502087e+00
2.522503214975758690e-01
6.659171682804130299e-01
1.588242249896214098e+00
8.819810483085830377e-01
3.585447048751989052e-01
1.421066882652315178e+00
6.136248707560214566e-01
6.393493653867324822e-01
5.924029404268359444e-01
6.935365676200024865e-01
1.154342237738242627e+00
1.738863805720121336e+00
1.971390277968410043e+00
1.584090400034666946e+00
1.272851635074149668e+00
1.887497131336940193e+00
1.210977973374706140e+00
3.667844042472966914e-01
4.829618528499524666e-01
7.068415874140147048e-01
4.969433471009854775e-01
5.441620295258394746e-01
4.671657369125414294e-01
6.075363191575610111e-01
5.142458237134154286e-01
7.580470427752018514e-01
1.031667218025804633e+00
2.932620428022713055e-01
3.896321891867667309e-01
3.732358856184855300e-01
1.033847264645160052e-01
4.807923314416336358e-01
8.503015906067074026e-01
4.060743004914208476e-01
6.205379360318488136e-01
5.224723025068679361e-01
1.015215802590851535e+00
4.172207595235012945e-01
7.980594640402129958e-01
8.675391274379405937e-01
5.469751862550031873e-01
5.772766616582727384e-01
5.178220518587474119e-01
8.764959462742051288e-01
2.344031295064334941e+00
3.758354957984330613e-01
8.567686694195242314e-01
1.609886520492454842e+00
4.323920510944067597e-01
3.093981593792035079e-01
4.079418913417917625e-01
3.354325128740461293e-01
4.712417310653654878e-01
5.806310279263355856e-01
8.889271281644390843e-01
7.021905241674519793e-01
3.438332728415867123e-01
3.977515089359888734e-01
3.358086095437150309e+00
1.421687184771773360e+00
6.425656370177635912e-01
5.944816010263151984e-01
1.345948367645711796e-01
6.225169023394616641e-01
6.950353440681020789e-01
5.300054134364858838e-01
3.525782098393765440e-01
5.335022442558209343e-01
4.915526731623734991e-01
1.604744664424690770e+00
8.217144038470659551e-01
1.128427093633428191e+00
8.761521686313413770e-01
1.361042462857788404e+00
1.363420962591240793e+00
5.341920931045446297e-01
5.063266036358102795e-01
3.902777884581229983e-01
4.476217054357387592e-01
3.145788728129675360e-01
8.424115412102115563e-01
2.520670379492252700e+00
3.423461761329864572e-01
5.246979191493175154e-01
3.676378588134860403e-01
4.673287801846574829e-02
5.242828362106282530e-02
3.204912242037224468e-01
3.631436471871426486e-01
1.155944032741168526e+00
1.104118687037655588e+00
2.013116634333195876e+00
1.248580416637723900e+00
7.601703949577486019e-02
9.875237972966028899e-01
5.753333879485420521e-01
2.051504831011827346e+00
4.415734738692731476e-01
3.460255437642992260e-01
4.056918289671555544e-01
2.328382086845852683e+00
6.954909650215151951e-01
6.759277828483425399e-01
9.422768993310222108e-01
1.944458568793726028e-01
2.870691435277816783e+00
9.868165786198506151e-01
4.898436515531288116e-01
2.366871572173585153e-02
1.062861475089107444e+00
7.530472419710946275e-01
3.932415416828680815e-02
6.451629742894003650e-02
7.158726499460058013e-02
2.059818971525401832e+00
8.475272060306684452e-01
8.896039665344618319e-01
3.529756134423798763e-01
7.703282026229464341e-01
1.337729498774941073e-01
2.798363630657589307e-01
1.377667609739170240e+00
4.264528273976660455e-01
3.846103930187216302e-01
4.107984417158399570e-01
5.944242259997123412e-01
1.175752575525829124e+00
8.097693378637266237e-01
1.310591182949176980e+00
1.567503060641888046e+00
1.753228324480144540e+00
1.201934768341453186e+00
1.381410155857489830e+00
2.369518775892078821e-01
4.387214055614285790e-02
5.826259778688826607e+00
9.507340731111691978e-01
3.508734419376190461e-01
3.894235577432771794e-02
6.051272009101336946e-02
4.280629348852078020e-01
1.338034311406941512e+00
1.055942526625725186e+00
1.181654925100842801e+00
1.761338218308477366e+00
6.502030154736001544e-01
2.319984911606856937e+00
7.056835494951047005e-01
8.936545240893071229e-01
4.559770772619318180e-01
1.298827527453844111e+00
3.877485567671640765e-01
2.074235027336115866e+00
4.989226256141006677e-01
8.665299622463765727e-01
1.533949123607853293e+00
1.318663408590530883e+00
1.466655558884213395e-01
2.284992142348069244e+00
4.256004999576219472e-01
1.458831835645304276e+00
6.560456906962827128e-01
5.480305836299538269e-01
1.192125324033627365e+00
8.879976793391113343e-01
1.042203265379358257e+00
7.246236552955425125e-01
5.992372965265352347e-01
4.329870027598949345e-01
2.515155134994337960e+00
1.439581174018683019e+00
5.058388339267574363e-01
4.494024439101837465e-01
4.329488532401500889e-01
8.492616233900930345e-01
5.001224467348719394e-01
8.572755569677045218e-01
3.622547794062775384e-01
3.556980013356652037e-01
9.943551231276198665e-01
4.476016833910422266e-01
7.196695408995928966e-01
9.254248790329657748e-01
8.305986319062587109e-01
3.956490165838730810e-01
1.475518439961415851e+00
1.054519346958276982e+00
1.597193515451225787e+00
3.262390422596721073e+00
5.451140082028802514e-01
4.874065218935120791e-01
3.624679287828947438e-01
7.146207148753297433e-01
7.934739569845700169e-01
3.857850626749678380e+00
6.076478218466341286e-01
2.928984963545491760e-01
8.755765246326659978e-01
1.280069601890740094e-01
9.032405445514015696e-01
1.060512337407980787e+00
1.066164519802036192e+00
7.142128461066125089e-01
4.355857237052820352e+00
6.192984007802316837e-01
1.535450599605867161e+00
3.388133609332165119e-01
2.979654227666185484e+00
6.148116932150171632e-01
6.918926356285143298e-01
9.161610512028817155e-01
1.127610417630263928e+00
6.978673746358312613e-01
9.065180991462707949e-01
4.793814481721867082e+00
6.170118069209287182e-01
1.694556781635686793e+00
1.639059669337603831e+00
1.832339146866212909e+00
1.022928473291740747e+00
1.485118938318706228e+00
7.628656982903905259e-01
6.293033174323454659e-01
9.597973530946466436e-01
2.346132835118655002e+00
2.266185237693870036e+00
7.097175548072037765e-01
3.905987035104196980e-01
1.205345298619724836e+00
1.649519534169030743e+00
1.998240948549136142e+00
1.288736627247504929e+00
3.592873314485840908e+00
7.107126507233920698e-01
3.844101107926792271e-01
6.160903076467640904e-01
1.496394215561965391e+00
8.500488215407411285e-01
2.511725943790685367e+00
5.060169604231040674e-01
1.134142353325872987e+00
8.809950337930166908e-01
1.186066780831571910e+00
1.152646125192347437e+00
5.024986465444812866e-01
8.577555183966166785e-01
1.030026176623739742e+00
3.163311606156312017e+00
1.693547725289136441e+00
1.174599264371581464e+00
1.122318830256807898e+00
4.232723150558400094e-01
2.244807054469102781e+00
1.222169222149182444e+00
2.090903855816987456e+00
4.060922595032550042e-01
1.239780769886986933e+00
1.438336500254049799e+00
4.622299280739722072e+00
8.819535997961914786e-01
1.609586711166715034e+00
1.167295333545275371e+00
8.001312248846710329e-01
1.090271375480413196e+00
9.629473227929349344e-01
2.219078975454506608e+00
1.429445484212522155e+00
1.538308616858460098e+00
1.078212771390448799e+00
1.438787309136693615e+00
1.150534969617793335e+00
1.208999564340802024e+00
1.153883959187307795e+00
7.158793578676754255e-01
1.540148419379566258e+00
1.310114742516933051e+00
2.341940212944951583e+00
1.379871547847458801e+00
7.103715177418181703e-01
2.212377422858692988e+00
3.118759899974952621e+00
8.507275049628519881e-01
3.236908992583136691e+00
1.162988288226341815e+00
9.719520400727904574e-01
9.317458048780123958e-01
9.969349780715053289e-01
1.270094818983753537e+00
1.561388642144324157e+00
1.481539133164708533e+00
1.959627468712132448e+00
1.269254265704723439e+00
1.835502586012680348e+00
1.347282641556060145e+00
8.739615432559422192e-01
1.375737577959048386e+00
8.899775379321187563e-01
1.237055873512592719e+00
1.005217861104084953e+00
8.935568431634046682e-01
2.409503488548553563e+00
1.385477121923546662e+00
8.549188543928465389e-01
1.399803616918753768e+00
1.601855783430059965e+00
1.182818516026047151e+00
1.216082712302695157e+00
2.767761766508640697e+00
1.437097526850480422e+00
1.031947305659774106e+00
6.765720795859199166e-01
1.707272327666099709e+00
3.344673542906495101e+00
3.178136105722021654e+00
1.110409813903653564e+00
1.217729883411609038e+00
1.204216448996207944e+00
9.413126804145942605e-01
1.038959657722700047e+00
2.071854719658566157e+00
1.794328305851014660e+00
1.686596443049554139e+00
1.025905281365027788e+00
4.927571454348113056e-01
2.573213278927727554e+00
9.214857822380211338e-01
2.289780886068927046e+00
1.023795181036929014e+00
1.076034768515815587e+00
2.992532024926630285e+00
7.348088553641868304e-01
1.081510175768743531e+00
1.577908654984972125e+00
1.153626239747183702e+00
8.581718249977702273e-01
1.720868944559208247e+00
1.562243507964094835e+00
7.881073788595556184e-01
1.074985943194225690e+00
1.168935598950539667e+00
4.725831932510864974e-01
1.214954636230831220e+00
5.090007538791103681e-01
8.988264410573182372e-01
6.064337667225659922e-01
1.348675750233918835e+00
1.414900983318393646e+00
1.947577494640658102e+00
5.394913988717182640e-01
1.590847951521958459e+00
2.772347621348110636e+00
7.857973320317716004e-01
1.185581679768464847e+00
9.855109021834429495e-01
8.518816109313355200e-01
3.465975050581725725e+00
1.217038064517540485e+00
1.908813244623579486e+00
1.162882757503750364e+00
8.205752051650520018e-01
1.427696820074378259e+00
