1.168107986450195312e+00 1.395845413208007812e-02
4.450714588165283203e-01 1.479935646057128906e-02
1.103976726531982422e+00 1.346111297607421875e-02
2.472701072692871094e-01 1.365375518798828125e-02
1.296735286712646484e+00 1.373672485351562500e-02
1.302705287933349609e+00 1.345014572143554688e-02
2.204174995422363281e-01 1.468992233276367188e-02
1.289973258972167969e+00 1.343631744384765625e-02
3.229968547821044922e-01 7.922649383544921875e-03
1.229828357696533203e+00 1.258182525634765625e-02
1.192123413085937500e+00 1.313066482543945312e-02
1.285616397857666016e+00 1.287698745727539062e-02
5.092880725860595703e-01 1.328682899475097656e-02
2.139177322387695312e-01 1.322221755981445312e-02
2.122988700866699219e-01 1.309204101562500000e-02
1.308999300003051758e+00 1.314973831176757812e-02
5.536074638366699219e-01 1.336145401000976562e-02
4.975399971008300781e-01 1.323819160461425781e-02
1.204735994338989258e+00 1.320433616638183594e-02
1.248025417327880859e+00 1.304936408996582031e-02
4.272172451019287109e-01 1.431465148925781250e-02
2.997870445251464844e-01 1.300740242004394531e-02
1.454243659973144531e-01 1.291298866271972656e-02
2.254431247711181641e-01 1.444101333618164062e-02
1.085793972015380859e-01 1.369762420654296875e-02
1.216655015945434570e+00 1.288270950317382812e-02
1.208170652389526367e+00 1.342749595642089844e-02
1.285433292388916016e+00 1.162505149841308594e-02
1.205701351165771484e+00 1.352262496948242188e-02
1.264257192611694336e+00 1.359128952026367188e-02
2.533288002014160156e-01 1.312685012817382812e-02
1.328704833984375000e+00 1.333999633789062500e-02
1.273645639419555664e+00 1.371765136718750000e-02
2.169926166534423828e-01 1.364874839782714844e-02
4.267482757568359375e-01 1.410174369812011719e-02
1.311057567596435547e+00 1.342916488647460938e-02
3.857715129852294922e-01 1.295638084411621094e-02
1.331784963607788086e+00 1.426291465759277344e-02
1.297387123107910156e+00 1.181674003601074219e-02
1.301791906356811523e+00 1.272368431091308594e-02
2.236061096191406250e-01 1.403450965881347656e-02
2.185776233673095703e-01 1.292324066162109375e-02
8.806233406066894531e-01 1.315164566040039062e-02
5.816199779510498047e-01 1.451945304870605469e-02
5.683884620666503906e-01 1.291966438293457031e-02
3.994235992431640625e-01 1.346898078918457031e-02
8.571193218231201172e-01 1.327490806579589844e-02
9.720964431762695312e-01 1.375365257263183594e-02
5.368888378143310547e-01 1.336598396301269531e-02
5.581178665161132812e-01 1.318502426147460938e-02
5.321524143218994141e-01 1.380276679992675781e-02
5.139927864074707031e-01 1.328778266906738281e-02
9.622082710266113281e-01 1.330876350402832031e-02
8.627569675445556641e-01 1.333856582641601562e-02
9.514479637145996094e-01 1.352381706237792969e-02
8.883759975433349609e-01 1.347231864929199219e-02
4.885902404785156250e-01 1.327681541442871094e-02
8.756062984466552734e-01 1.418113708496093750e-02
9.370734691619873047e-01 1.303362846374511719e-02
9.045712947845458984e-01 1.372337341308593750e-02
8.953535556793212891e-01 1.347541809082031250e-02
5.666453838348388672e-01 1.353454589843750000e-02
5.704574584960937500e-01 1.461005210876464844e-02
8.860161304473876953e-01 7.962226867675781250e-03
6.853003501892089844e-01 1.317191123962402344e-02
9.395070075988769531e-01 1.332855224609375000e-02
8.014147281646728516e-01 1.272749900817871094e-02
4.057295322418212891e-01 1.339101791381835938e-02
8.436746597290039062e-01 8.561849594116210938e-03
5.815656185150146484e-01 1.304769515991210938e-02
5.538554191589355469e-01 1.314282417297363281e-02
2.655432224273681641e-01 1.393961906433105469e-02
9.062170982360839844e-01 1.350283622741699219e-02
6.664161682128906250e-01 1.354050636291503906e-02
6.661553382873535156e-01 9.847402572631835938e-03
9.134817123413085938e-01 1.285314559936523438e-02
9.323718547821044922e-01 1.339721679687500000e-02
4.803414344787597656e-01 1.300573348999023438e-02
4.083480834960937500e-01 1.310801506042480469e-02
9.009160995483398438e-01 1.322603225708007812e-02
3.658287525177001953e-01 1.345849037170410156e-02
1.239412069320678711e+00 1.328110694885253906e-02
4.034721851348876953e-01 1.306247711181640625e-02
2.043247222900390625e-01 1.308655738830566406e-02
9.550919532775878906e-01 1.297950744628906250e-02
8.857460021972656250e-01 1.301169395446777344e-02
9.105947017669677734e-01 1.317644119262695312e-02
2.295973300933837891e-01 1.644563674926757812e-02
8.852107524871826172e-01 1.328992843627929688e-02
3.791999816894531250e-01 2.112388610839843750e-02
3.573856353759765625e-01 1.294684410095214844e-02
8.986754417419433594e-01 1.176404953002929688e-02
2.338740825653076172e-01 1.427054405212402344e-02
9.008810520172119141e-01 1.409196853637695312e-02
9.198355674743652344e-01 1.308012008666992188e-02
9.569807052612304688e-01 1.296377182006835938e-02
1.606900691986083984e-01 1.236438751220703125e-02
4.598827362060546875e-01 1.327371597290039062e-02
4.619467258453369141e-01 1.320171356201171875e-02
5.273106098175048828e-01 1.327753067016601562e-02
9.198980331420898438e-01 1.349020004272460938e-02
4.475977420806884766e-01 1.332640647888183594e-02
4.587666988372802734e-01 1.304316520690917969e-02
4.282324314117431641e-01 1.336526870727539062e-02
4.458231925964355469e-01 1.306772232055664062e-02
4.766292572021484375e-01 1.283788681030273438e-02
4.549782276153564453e-01 1.357030868530273438e-02
4.833233356475830078e-01 1.304626464843750000e-02
4.582130908966064453e-01 1.283597946166992188e-02
4.575459957122802734e-01 8.225202560424804688e-03
4.570553302764892578e-01 8.173465728759765625e-03
9.592556953430175781e-01 1.417541503906250000e-02
8.870823383331298828e-01 1.250791549682617188e-02
4.280023574829101562e-01 7.956027984619140625e-03
5.210990905761718750e-01 1.336264610290527344e-02
5.598552227020263672e-01 1.502871513366699219e-02
4.623680114746093750e-01 1.360821723937988281e-02
7.167124748229980469e-01 1.285982131958007812e-02
5.116851329803466797e-01 1.341581344604492188e-02
5.127131938934326172e-01 1.322484016418457031e-02
5.816862583160400391e-01 1.332473754882812500e-02
5.208222866058349609e-01 1.155567169189453125e-02
5.896730422973632812e-01 1.274609565734863281e-02
9.347696304321289062e-01 1.317238807678222656e-02
4.807193279266357422e-01 1.323986053466796875e-02
5.387148857116699219e-01 1.415872573852539062e-02
5.464551448822021484e-01 1.328134536743164062e-02
4.937188625335693359e-01 1.273679733276367188e-02
5.793864727020263672e-01 1.357960700988769531e-02
4.893989562988281250e-01 1.283574104309082031e-02
5.165498256683349609e-01 1.329731941223144531e-02
2.535109519958496094e-01 1.314306259155273438e-02
2.479641437530517578e-01 1.333332061767578125e-02
3.211643695831298828e-01 1.315355300903320312e-02
9.532737731933593750e-01 1.349329948425292969e-02
2.420709133148193359e-01 1.301312446594238281e-02
7.179849147796630859e-01 1.356863975524902344e-02
6.214196681976318359e-01 1.288151741027832031e-02
6.719253063201904297e-01 1.296830177307128906e-02
1.464699745178222656e+00 1.419568061828613281e-02
8.921911716461181641e-01 1.286315917968750000e-02
8.777012825012207031e-01 1.432538032531738281e-02
9.515297412872314453e-01 1.295375823974609375e-02
8.627767562866210938e-01 1.118755340576171875e-02
9.259543418884277344e-01 1.260733604431152344e-02
9.180698394775390625e-01 1.300597190856933594e-02
8.241190910339355469e-01 1.345086097717285156e-02
8.916177749633789062e-01 1.303958892822265625e-02
1.000576257705688477e+00 1.304817199707031250e-02
9.208092689514160156e-01 1.028919219970703125e-02
8.891456127166748047e-01 1.261949539184570312e-02
9.601228237152099609e-01 1.323461532592773438e-02
8.507671356201171875e-01 1.292848587036132812e-02
8.712465763092041016e-01 1.374530792236328125e-02
9.578573703765869141e-01 1.341342926025390625e-02
8.594708442687988281e-01 1.346349716186523438e-02
9.990911483764648438e-01 1.425123214721679688e-02
9.271869659423828125e-01 1.464748382568359375e-02
8.758509159088134766e-01 1.314902305603027344e-02
8.682971000671386719e-01 1.256680488586425781e-02
9.305596351623535156e-01 1.324772834777832031e-02
8.622472286224365234e-01 1.293730735778808594e-02
9.215118885040283203e-01 1.261973381042480469e-02
8.716878890991210938e-01 1.281070709228515625e-02
8.771562576293945312e-01 1.326489448547363281e-02
1.154504537582397461e+00 1.301360130310058594e-02
1.230669021606445312e+00 1.260089874267578125e-02
8.481683731079101562e-01 7.995605468750000000e-03
1.182751417160034180e+00 1.304292678833007812e-02
9.942440986633300781e-01 1.411366462707519531e-02
1.150560617446899414e+00 1.052713394165039062e-02
9.992268085479736328e-01 8.993148803710937500e-03
7.509610652923583984e-01 1.343631744384765625e-02
3.797755241394042969e-01 8.198022842407226562e-03
4.049599170684814453e-01 1.295876502990722656e-02
3.783540725708007812e-01 8.125543594360351562e-03
4.031136035919189453e-01 1.247096061706542969e-02
3.892855644226074219e-01 1.296758651733398438e-02
8.160932064056396484e-01 1.333808898925781250e-02
4.237442016601562500e-01 1.318693161010742188e-02
4.067733287811279297e-01 1.306152343750000000e-02
4.004333019256591797e-01 1.330566406250000000e-02
1.588118076324462891e-01 1.314449310302734375e-02
1.616330146789550781e-01 1.311087608337402344e-02
1.844601631164550781e-01 8.393764495849609375e-03
2.293736934661865234e-01 1.308131217956542969e-02
1.557092666625976562e-01 1.303577423095703125e-02
2.161700725555419922e-01 1.246237754821777344e-02
2.119407653808593750e-01 1.208758354187011719e-02
8.871455192565917969e-01 7.974147796630859375e-03
5.285911560058593750e-01 1.335549354553222656e-02
5.133898258209228516e-01 1.306056976318359375e-02
1.826798915863037109e-01 7.941961288452148438e-03
7.287201881408691406e-01 8.673906326293945312e-03
2.137470245361328125e-01 1.286005973815917969e-02
5.351490974426269531e-01 1.241302490234375000e-02
2.103550434112548828e-01 1.276016235351562500e-02
7.834784984588623047e-01 8.404731750488281250e-03
1.844885349273681641e-01 1.301336288452148438e-02
5.262813568115234375e-01 1.350879669189453125e-02
8.104047775268554688e-01 8.618593215942382812e-03
8.412344455718994141e-01 9.020090103149414062e-03
4.103457927703857422e-01 1.315164566040039062e-02
5.121519565582275391e-01 8.295297622680664062e-03
4.607746601104736328e-01 1.792740821838378906e-02
4.900379180908203125e-01 1.078295707702636719e-02
5.242409706115722656e-01 1.360392570495605469e-02
4.864034652709960938e-01 1.286506652832031250e-02
4.370174407958984375e-01 7.901906967163085938e-03
4.944453239440917969e-01 7.999181747436523438e-03
5.233952999114990234e-01 7.927417755126953125e-03
6.637396812438964844e-01 7.496833801269531250e-03
4.847269058227539062e-01 7.826566696166992188e-03
6.812641620635986328e-01 9.675979614257812500e-03
7.001500129699707031e-01 7.802963256835937500e-03
5.621788501739501953e-01 8.253097534179687500e-03
4.829146862030029297e-01 7.884502410888671875e-03
6.462264060974121094e-02 1.341056823730468750e-02
6.183505058288574219e-02 1.311349868774414062e-02
9.219241142272949219e-02 1.256489753723144531e-02
5.577397346496582031e-02 1.309633255004882812e-02
5.393338203430175781e-02 1.287651062011718750e-02
7.570033073425292969e-01 1.048302650451660156e-02
6.128265857696533203e-01 9.243249893188476562e-03
5.687928199768066406e-02 1.410055160522460938e-02
3.448843955993652344e-02 8.013963699340820312e-03
5.377554893493652344e-02 1.019430160522460938e-02
3.033232688903808594e-02 1.004648208618164062e-02
5.393815040588378906e-02 1.301622390747070312e-02
5.190300941467285156e-02 1.207017898559570312e-02
5.333042144775390625e-02 1.311254501342773438e-02
4.784035682678222656e-02 7.910251617431640625e-03
5.355596542358398438e-02 1.291441917419433594e-02
5.368900299072265625e-02 1.096510887145996094e-02
5.778350830078125000e-01 8.014917373657226562e-03
4.352235794067382812e-02 1.343083381652832031e-02
3.476166725158691406e-02 1.239681243896484375e-02
5.757665634155273438e-02 1.411986351013183594e-02
4.084587097167968750e-02 7.899284362792968750e-03
3.321790695190429688e-02 8.050203323364257812e-03
4.385089874267578125e-02 8.382797241210937500e-03
4.926180839538574219e-02 1.390314102172851562e-02
4.734134674072265625e-02 7.881879806518554688e-03
5.427408218383789062e-02 8.113622665405273438e-03
4.395055770874023438e-02 8.455514907836914062e-03
4.436106681823730469e-01 6.798505783081054688e-03
3.177642822265625000e-02 8.268117904663085938e-03
3.709673881530761719e-02 7.363557815551757812e-03
5.084395408630371094e-02 1.466155052185058594e-02
4.029536247253417969e-02 8.121728897094726562e-03
2.884650230407714844e-02 8.333206176757812500e-03
2.717638015747070312e-02 7.562637329101562500e-03
4.713964462280273438e-02 1.331448554992675781e-02
5.347585678100585938e-02 1.273202896118164062e-02
3.019499778747558594e-02 8.643150329589843750e-03
2.943730354309082031e-02 7.997751235961914062e-03
5.370550155639648438e-01 1.432013511657714844e-02
2.877426147460937500e-02 8.288860321044921875e-03
3.090667724609375000e-02 8.161306381225585938e-03
5.107069015502929688e-02 1.268410682678222656e-02
5.014038085937500000e-02 1.176977157592773438e-02
4.754734039306640625e-02 1.135063171386718750e-02
3.549385070800781250e-02 7.835388183593750000e-03
4.865741729736328125e-02 1.176095008850097656e-02
3.473567962646484375e-02 8.021831512451171875e-03
5.316781997680664062e-02 8.523464202880859375e-03
2.817034721374511719e-02 8.510112762451171875e-03
7.233431339263916016e-01 1.335096359252929688e-02
3.446245193481445312e-02 8.760213851928710938e-03
2.944397926330566406e-02 8.156061172485351562e-03
2.760553359985351562e-02 7.744789123535156250e-03
4.880046844482421875e-02 1.199603080749511719e-02
4.457116127014160156e-02 1.149082183837890625e-02
5.681443214416503906e-02 1.364326477050781250e-02
4.761838912963867188e-02 1.118087768554687500e-02
5.798649787902832031e-02 1.150870323181152344e-02
4.791927337646484375e-02 1.139616966247558594e-02
4.744935035705566406e-02 6.960153579711914062e-03
8.089139461517333984e-01 1.349449157714843750e-02
3.266954421997070312e-02 7.879972457885742188e-03
5.132913589477539062e-02 1.233530044555664062e-02
5.372977256774902344e-02 1.584720611572265625e-02
3.981089591979980469e-02 7.819890975952148438e-03
5.585527420043945312e-02 9.976863861083984375e-03
3.819036483764648438e-02 9.303092956542968750e-03
2.428746223449707031e-02 6.710767745971679688e-03
5.196952819824218750e-02 7.714033126831054688e-03
4.100441932678222656e-02 7.546424865722656250e-03
2.857398986816406250e-02 7.726192474365234375e-03
3.874197006225585938e-01 1.325607299804687500e-02
1.900453567504882812e-01 1.329302787780761719e-02
1.654241085052490234e-01 1.202344894409179688e-02
7.180671691894531250e-01 1.477456092834472656e-02
1.273585796356201172e+00 8.118629455566406250e-03
7.571599483489990234e-01 1.316475868225097656e-02
4.573097229003906250e-01 1.308846473693847656e-02
4.916644096374511719e-01 1.294326782226562500e-02
4.535064697265625000e-01 1.299405097961425781e-02
6.838550567626953125e-01 1.334381103515625000e-02
6.644995212554931641e-01 1.316547393798828125e-02
5.123007297515869141e-01 1.313853263854980469e-02
7.220232486724853516e-01 1.359724998474121094e-02
7.549953460693359375e-01 1.314496994018554688e-02
6.356346607208251953e-01 1.656389236450195312e-02
8.394095897674560547e-01 1.324295997619628906e-02
5.407285690307617188e-01 1.409935951232910156e-02
6.067814826965332031e-01 1.292133331298828125e-02
5.203292369842529297e-01 1.240277290344238281e-02
6.731390953063964844e-01 1.352024078369140625e-02
4.578063488006591797e-01 1.312637329101562500e-02
8.893897533416748047e-01 1.306724548339843750e-02
6.233673095703125000e-01 1.298403739929199219e-02
2.051753997802734375e-01 1.267433166503906250e-02
3.686995506286621094e-01 1.328921318054199219e-02
1.746461391448974609e-01 1.284980773925781250e-02
9.031493663787841797e-01 1.275444030761718750e-02
1.207625150680541992e+00 8.300304412841796875e-03
9.289479255676269531e-01 1.379632949829101562e-02
1.139550209045410156e+00 8.510351181030273438e-03
1.099946498870849609e+00 8.012771606445312500e-03
1.116605043411254883e+00 8.072137832641601562e-03
1.022933721542358398e+00 8.360624313354492188e-03
1.044528961181640625e+00 1.060748100280761719e-02
7.266621589660644531e-01 1.301932334899902344e-02
4.005851745605468750e-01 1.287031173706054688e-02
3.461029529571533203e-01 1.294016838073730469e-02
8.412888050079345703e-01 8.723974227905273438e-03
2.685878276824951172e-01 1.245403289794921875e-02
2.908229827880859375e-01 1.336264610290527344e-02
2.801945209503173828e-01 1.310300827026367188e-02
3.267822265625000000e-01 1.351976394653320312e-02
4.195740222930908203e-01 1.363277435302734375e-02
3.986144065856933594e-01 1.323652267456054688e-02
1.424462795257568359e-01 1.331782341003417969e-02
3.572087287902832031e-01 1.320791244506835938e-02
3.884153366088867188e-01 1.335811614990234375e-02
4.191284179687500000e-01 1.742529869079589844e-02
7.077081203460693359e-01 9.427785873413085938e-03
3.964490890502929688e-01 1.316142082214355469e-02
3.719687461853027344e-01 1.352500915527343750e-02
6.471848487854003906e-01 9.097099304199218750e-03
2.733955383300781250e-01 1.359748840332031250e-02
2.746276855468750000e-01 1.376128196716308594e-02
3.718104362487792969e-01 1.319837570190429688e-02
3.610122203826904297e-01 7.958412170410156250e-03
2.194921970367431641e-01 1.356101036071777344e-02
8.071808815002441406e-01 7.409811019897460938e-03
4.905281066894531250e-01 8.420467376708984375e-03
6.642162799835205078e-01 7.554531097412109375e-03
4.268741607666015625e-01 8.254528045654296875e-03
8.162503242492675781e-01 7.519245147705078125e-03
7.713925838470458984e-01 7.617712020874023438e-03
3.224310874938964844e-01 1.274919509887695312e-02
1.194784641265869141e-01 7.960319519042968750e-03
1.459302902221679688e-01 1.294946670532226562e-02
6.981966495513916016e-01 7.091522216796875000e-03
8.529410362243652344e-01 6.778955459594726562e-03
7.319352626800537109e-01 6.994724273681640625e-03
6.243000030517578125e-01 7.597446441650390625e-03
