3.458037514664984852e-02
2.434266875403968966e-02
2.592936498802424494e-01
1.076583681679447735e-01
6.629529709331395682e-02
5.458278105736119601e-02
6.290680321027986022e-02
1.002883329456001754e-01
5.591828819382973353e-02
2.225074999583217042e-02
2.010305949738018239e-01
2.786424450131143662e-02
2.336420845871427510e-01
2.887287689957808087e-02
9.137745878410580280e-02
8.598970075176454175e-02
5.883905654736380081e-02
3.248052255192745291e-02
3.721236903730634066e-02
3.938643128858882597e-02
5.322515545089003680e-02
7.146213366301958081e-02
2.346942641893381420e-01
2.837046141612191430e-02
6.806251602715913951e-02
2.860683324587812160e-02
6.309247199044859533e-02
1.642083402948913418e-01
8.912714305760154332e-01
9.489274551206108299e-01
5.961030674681692121e-01
1.419220406635522069e+00
8.455463850086578637e-01
8.357617553968982316e-01
5.094339024719590076e-02
5.812434206676727610e-01
2.053519054894879792e-01
7.815751973646779538e-01
8.549025496460869178e-01
3.815426510089059420e-01
2.478281820699857751e-01
1.293998739565370037e+00
4.957668157940528508e-01
5.069763267701105081e-01
8.261538618822604763e-01
3.871242166964133230e-02
5.733449255248627141e-01
7.310429912248698203e-01
2.236255917193196441e-01
4.247662443467820625e-01
6.119587140298106132e-01
8.233347218917840271e-01
7.202716306338142749e-01
6.720321058308121875e-01
3.253120006654459662e-01
3.436453736318175189e-01
4.705287384820505681e-02
3.228348673405463942e-01
3.894668899980482379e-01
3.987738199540046824e-01
1.004373206625751358e+00
2.785513383777167840e-01
6.746246463791502057e-01
2.689132661547764536e-01
2.959647072635564480e-01
8.584584013593318241e-01
9.672555988622139056e-01
4.807442480974372101e-02
4.169386018807113570e-01
3.808871160619286544e-01
7.671518610258694082e-01
5.650662958221823740e-01
1.301075031983772057e+00
4.976803345607886953e-01
2.621756573412036828e-01
2.218818180107389182e-01
1.286203461684424676e+00
3.885549853225164774e-01
2.355430755594818334e-02
2.516941223506230507e-02
2.449751185420080690e-01
3.793233024608338999e-02
2.937544816410512724e-02
2.219461655991868676e-01
2.098611443271522492e-02
2.068221164139391263e-02
2.484648871275264501e-02
1.913341281016259568e-02
2.561697746987003435e-02
3.030666205368719515e-02
2.403873719414467355e-02
1.788097109219044176e-02
4.865044389352412950e-03
3.143202435129490574e-02
1.488851999604186814e-02
2.671038261022192287e-02
1.970534257654667568e-02
2.923674693042457862e-03
2.582321661173262242e-02
2.561386445959963967e-02
2.476297554674569690e-02
2.152514573318974056e-02
2.190139959142853657e-02
2.583550773997957475e-02
2.994055456029068654e-02
2.440813745072015206e-02
1.659231871512232767e-02
1.721242491556606441e-02
2.639693612769295275e-02
2.750118091112680949e-02
3.054155115669927520e-02
7.688648382516113933e-02
3.297912277477824811e-02
1.836587322882985915e-02
2.502998412609426515e-02
1.356824269877805744e-01
2.071593142674432383e-02
2.908737760872056113e-02
3.729129934484819164e-02
2.913956170179855462e-02
2.434671276620149413e-02
3.577105610628599636e-02
3.683852251020256624e-02
5.042449059263313244e-02
2.561565060584164444e-02
2.018837251851185108e-02
2.636212989597146172e-02
3.006948500532957702e-02
2.969825076967763655e-02
3.578624630138536877e-02
2.919271488806413073e-02
2.405176819273497843e-02
2.765026415995415141e-02
1.770968937735275042e-02
2.344010772730070746e-02
1.743599556403956433e-02
1.942699327952035135e-02
1.319841349172367617e-01
1.283108032894273165e-01
2.576884093646629736e-01
2.735401982891326120e-02
2.361779100781873433e-02
2.125335563019903687e-02
1.925673683603269792e-01
2.157137590391891568e-02
8.858340376641822556e-02
1.770881219028420939e-01
2.471411667389012898e-02
2.380386126711979064e-02
8.511990858478672359e-03
1.561111980699005260e-02
1.986068794167048998e-02
7.386827183289042253e-03
1.587898584759079093e-02
1.161810345443713664e-02
3.321943063889512548e-02
9.125985229706023993e-02
6.303828514444420605e-02
3.926157795489008430e-03
1.368240216405110232e-02
3.435591745936358160e-02
1.368819501921403892e-01
2.266639686909850682e-02
3.314658896195394472e-02
3.756192545792003123e-01
1.843253727653676177e-01
2.911997524215677036e-01
4.734426031653112682e-02
1.707715858496759720e-02
2.670853090764115437e-02
2.611100470240159191e-02
4.096721879508311709e-02
7.007772597334090137e-02
2.125051816034921048e-01
1.409252649365697052e-02
2.455667477624243200e-02
2.384215185777203982e-02
3.191966139492199983e-02
6.352081230348545493e-02
3.204554414244111665e-02
3.554062682941819262e-01
1.671634723367347933e-02
2.255560935788429242e-02
4.093550973140459327e-03
2.541720203369965403e-02
2.782549419004236302e-03
2.455442369502197908e-01
2.534550991670729281e-01
3.595830354278680557e-03
5.547479307766303019e-02
2.375071444924263184e-02
1.330277826095039306e-01
1.216106767652348070e-01
2.454513706128588768e-02
4.693178663457452278e-03
9.548092337531420559e-03
6.607748312198496315e-03
2.596984436553870235e-02
1.461512678960096186e-02
1.519461387998125891e-02
3.440531223343534090e-02
7.411482390378233698e-03
2.739129611521490260e-02
1.246638416439943380e-02
3.215058716204221428e-02
1.880896914128525263e-02
3.731453725106704394e-02
2.543373371490166221e-02
8.640017788716562383e-03
1.827076799064948978e-02
2.731048844082655802e-01
3.685514774744101663e-02
1.878732764997869190e-02
2.210144917251054622e-02
2.292040047856337692e-02
1.763269564739028405e-02
2.053171353914429523e-02
2.282476062265892738e-02
1.490274796849174431e-02
2.072735944498437302e-02
3.252425941574330071e-02
3.743875795579106741e-02
5.353495666745008985e-02
5.856079120311252773e-02
2.613469936459159038e-02
3.267818551964780244e-02
2.247544193026215428e-02
2.612948762198690281e-02
3.087206423945217104e-02
2.134157650161666586e-02
2.968707016832773313e-02
2.823888595359437537e-02
2.443862080275179330e-02
2.899863258571754379e-02
2.940422892708809133e-02
2.369603645516464227e-02
2.207296615844977702e-02
1.652520944989015195e-02
2.380331461923257397e-02
2.243435196537473322e-02
2.033583212204869220e-02
2.597704883115060578e-02
2.164380309485013087e-02
2.949425028446154770e-02
3.005333458382698775e-02
3.107971629547379502e-02
1.523660403168434520e-02
2.889461595705328234e-03
1.307370589784258297e-02
2.597833119274238836e-02
2.415451567536254854e-02
2.711688911946240066e-01
7.665668833928832721e-03
3.396453617170638178e-02
3.129760620144882849e-02
2.868119666111320076e-01
7.441043696815019537e-02
2.776819875619094269e-01
2.453526015109620817e-01
4.144873646041064563e-01
4.073051151303521134e-01
3.341625685363759923e-01
5.827683551270889106e-01
2.063751426732809424e-01
2.948145910926968649e-01
1.823625603462806222e-01
2.378979152285593257e-01
2.672036909608048114e-02
3.044775641321517123e-01
5.657535335545004207e-01
3.734491741381771313e-01
3.820408434622301619e-01
1.959192229986267686e-01
4.294042566154434581e-01
5.209109687919520892e-01
2.399041103963819033e-01
3.545483331800817761e-01
6.049598428865031741e-01
2.748304212027367910e-02
3.511032140138681257e-01
2.294791454465053560e-01
2.655185807930626196e-01
2.146449734643405272e-01
3.323660444047668583e-01
2.466267462645883590e-01
4.344778771637843318e-01
2.669711182347333511e-01
6.651030875040109258e-01
1.528388254530779478e-01
8.283324508639600126e-02
5.526591723100978681e-01
6.049430252876571990e-01
2.170589396487076217e-01
2.938239436376953173e-01
1.671655322100691343e-01
1.920433600727548262e-01
8.047171161262341998e-01
2.490176412214880897e-01
1.950048886021885364e-01
4.234583339641593835e-01
1.381905820118145833e-01
1.292129163163867167e+00
2.488710620013570296e-01
1.838208352400383383e-01
5.210151376293429282e-01
8.787104858854638545e-01
4.541306127757429034e-01
4.615183821266001796e-01
3.647837935319215852e-01
1.789370154112240596e-01
3.097859049218383842e-01
3.559514475089803343e-02
2.400367946419574017e-01
2.525475523474560724e-01
2.631324709549832108e-01
2.360287012940031071e-01
2.705638834207864662e-01
6.134686476483267592e-01
3.830943124272618849e-01
3.266153928001815365e-01
3.492610788119059340e-01
4.765404175579919799e-01
6.088888896092464753e-02
1.931611185846019707e-01
2.576813330027192817e-01
1.462768610143737602e-01
2.310832195674886458e-01
3.874719384020693380e-01
3.855125734177286545e-01
1.961639290103624200e-01
4.229548521966743357e-01
3.333574212509402557e-01
3.637300597884796649e-01
8.183324986662174338e-02
2.941624374496744007e-02
6.395042318505431700e-01
2.017950631190348343e-01
1.838077958511966925e-01
1.717147711947764888e-01
3.640979730381146418e-01
4.583530035529506108e-01
1.344629579897707039e-01
3.727443211103954046e-01
5.245410392480968076e-01
2.360931198576630974e-01
2.465622923241732670e-02
2.846485504245734321e-01
2.588663937225918477e-01
2.168110786848604921e-01
2.831164664449596913e-01
3.965186387034178028e-01
3.422314294636088355e-02
2.959748305639366486e-02
3.645082334155048259e-02
2.621092451066448989e-02
5.940289658472452938e-02
2.492586263437494495e-02
7.930589958218585422e-02
6.873557352977714696e-02
1.674707378796619073e-01
2.968252129071819248e-02
3.785349806729629285e-02
4.022179018103286957e-02
6.900533330174099533e-02
7.777598957321575635e-02
2.647400919449387560e-02
9.397428977961684582e-02
3.296845436230181475e-02
5.004591770072925466e-02
5.191444739223632227e-02
3.089042289115636122e-02
2.330308676362531292e-02
8.847365125282413700e-02
8.888278752024396379e-02
4.354498019656197899e-02
1.114903907637600361e-01
1.055700039877510016e-01
9.328282518208304286e-02
3.529636518584772925e-02
2.789906963790124428e-02
1.127625195594634672e-01
6.402663395720561978e-02
3.257951015362104408e-01
3.267081568382045054e-02
3.279032391169703908e-01
1.903764052911177396e-01
9.820475188478523798e-02
5.490934491717663901e-02
2.619066515970883136e-01
1.350352348773993238e-01
2.221567769404855786e-02
3.051837614499284743e-02
3.536965966286292201e-02
2.095590739070485320e-02
3.652560271724446944e-02
4.697751124922260740e-02
1.817750461591524369e-01
1.749372725902060555e-01
2.240891482382757205e-01
9.401963043469004078e-02
3.192623350347805616e-02
3.822305808224527035e-02
9.021900769308695278e-02
2.926986387930103142e-02
4.728725528545087847e-02
4.140202805714441464e-02
9.030895897581646403e-02
3.882923420542885168e-02
3.229817361507870271e-02
2.872099417271303801e-02
1.316536431171859700e-01
2.186468994288022841e-02
2.918779853609413180e-02
6.669146754973573343e-02
