2.872625162765698667e-02
4.734127490558766305e-02
1.141604035629119156e-02
8.890094025722265758e-03
2.472563818097906624e-02
3.146838380200379925e-02
1.936042042568311347e-02
1.457869155664184672e-02
2.486233735275675000e-03
9.221822726832220457e-03
6.087154560427697307e-03
7.322789657586112853e-03
9.001480821050462933e-02
1.364778739001006568e-02
2.192217315273774225e-02
8.448352509815728814e-03
5.326571844222698082e-02
5.584195849840361409e-02
5.403452422937030791e-02
4.779928520495354410e-02
1.511620247924054701e-02
4.599814949960701928e-03
1.948994701716950384e-01
4.067799765070894552e-02
1.496661638749137435e-01
6.373106830387628360e-03
9.184716209052998237e-02
6.063364887915594081e-02
1.395465159029323290e-02
9.467519462462801322e-03
7.835507989126857045e-03
3.881778955725678076e-02
3.453668062435919645e-02
1.899335328960751260e-02
1.111459734546061673e-01
1.134012651638351826e-02
3.541194943891082594e-03
7.301480108546710632e-03
4.094952150072144609e-03
5.356813042796170453e-03
7.485514180196925493e-03
1.853731542812252567e-02
7.642893800224654331e-03
9.041723751834483680e-02
5.569162969784975659e-02
1.079458335864096341e-01
4.186401539306932457e-02
7.991780588895888715e-02
1.516873732837554709e-02
5.845179024932728451e-03
1.136353364008056838e-01
9.917047457330772919e-02
6.287353257365720614e-03
2.299024993827897267e-01
1.262886317541525860e-01
1.588709915860362504e-02
3.440411805476076834e-01
1.170843353830720683e-02
7.840137054656363264e-03
3.719422701393327452e-02
2.383890151777788222e-02
3.208070058057919949e-02
1.826772479571622115e-02
1.944661870789768029e-02
5.906953933454487694e-03
6.750289091365125997e-03
4.330761046493461670e-03
3.840561509088772918e-01
4.549970378552139691e-03
5.260201606983793028e-03
1.271027560818532159e-02
1.881254086078593818e-02
1.514170838467397348e-02
3.301611569173495270e-02
3.282443699333699449e-02
1.736230186707951595e-02
4.377706871542094008e-02
1.973699637897359874e-02
1.484798794209174835e-02
1.012101046023015233e-02
4.803454327149193556e-03
7.212473763563270399e-03
1.827619145930537148e-01
6.629654044271434191e-03
6.250476802280475162e-03
4.942253504867014091e-02
1.907357941703804668e-02
4.592195941523340846e-02
5.862384645316752289e-03
7.481097423174268291e-02
4.572880063762203504e-03
1.157916320867203620e-02
5.581582358680909489e-02
1.738069210454029623e-02
7.039731278651859860e-03
8.265903448647044655e-03
1.364120748523577585e-02
4.432753118514284885e-02
2.296100649286600751e-02
6.220402538601722819e-02
3.241315193815119122e-01
2.963024781410229791e-02
1.158630612393345416e-01
3.145505544122051411e-02
4.245956757663650605e-02
9.646126244585932763e-02
8.087516719663453979e-02
6.201164570319547126e-02
3.479250737204149513e-02
5.596234885094357459e-02
7.754975974012626172e-02
1.629483459742235574e-02
1.217231691724956072e-01
1.221198220844771226e-01
8.521613218592476169e-02
6.121999793034057363e-02
1.224961286422667772e-01
7.836949931788740956e-03
3.783826553117344837e-02
2.621938019888484517e-01
1.478116648479744222e-01
2.276869606713347871e-01
4.639734498793650352e-02
3.256022426265834380e-01
6.885105731858587319e-02
2.752531350778665911e-02
4.933809263642022908e-02
5.600638131437268158e-02
2.922096054750404279e-02
3.183165951984184838e-02
2.179154225252485227e-02
7.086986983860205092e-02
3.059637195487220976e-02
2.783803290274311504e-02
2.772485256304442758e-01
9.064709882037110672e-03
5.679258667025581520e-02
1.487244176142838714e-01
1.376087826278571125e-01
1.023217100727810275e-01
8.142482786119777105e-02
9.465385239490559099e-02
1.534659455716189391e-01
7.334767630145945516e-02
1.321132818168334888e-01
2.021205943848431164e-01
1.443374994185941118e-01
4.086705433022916334e-01
1.927966955572947838e-01
1.560734003270329295e-01
1.420617198705379780e-01
4.649221828335122764e-01
1.346839662040273111e-01
1.087985735420111122e-01
3.502873785548116237e-01
1.261771178493535928e-01
2.922667722005506397e-01
1.829038885349236199e-01
1.758478784770714509e-01
1.338617672448630946e-01
6.853593618565311241e-01
3.601139976194893677e-01
1.197397937632350973e-01
2.562735013205228451e-01
2.923004118466898671e-01
5.086699597129728384e-02
3.340665691992342201e-02
5.018598264436074929e-01
2.150100505290520117e-02
3.625104132738228568e-02
2.381898732070836591e-02
1.830601820181235878e-02
2.335727610396329951e-02
3.242365346254338226e-02
1.226107162079224239e-01
1.854037560518694179e-03
5.975584736827667387e-02
3.082750285628884090e-01
3.621386381198116733e-01
3.357105550262229898e-01
3.708015576905334537e-02
9.277527586795395950e-03
1.938877579916566674e-01
9.052701634772497563e-02
6.664478978579511936e-02
4.921125140257327085e-02
3.052753563107442059e-01
4.148469588166380645e-02
4.406506861353533255e-02
3.312394297350303440e-01
2.952509726897489459e-02
2.426699403405140065e-02
2.531323456072905390e-02
3.918594468072093134e-02
1.468493561640873135e-01
1.114244776529006026e-01
4.006309858566518139e-02
6.956581776753444080e-02
4.764376895722768901e-02
1.302246886555902261e-01
3.984049979620011284e-01
6.095193836408631209e-03
1.144788815974511903e-01
3.722005290593202731e-02
3.562827683038485849e-02
7.168104251378998315e-02
1.273533683645333425e-01
4.159921261008870524e-02
3.417502731497228802e-02
7.009589683694807463e-03
3.513111470115563156e-02
5.407827928199000489e-01
8.450605469031666206e-02
1.149570288958434855e-01
1.537525826565926956e-01
3.220472737595309609e-01
2.529570383522679600e-01
1.751955121857465270e-01
1.315644572627778786e-01
1.716187338914649807e-01
1.516954516995399904e-01
1.032252847941680929e-01
1.869460253899931507e-02
2.293160812665092085e-01
1.386012144097498733e-01
1.535006340246917456e-01
1.353496443553235395e-01
1.331728525626258430e-01
1.387317367756059072e-01
1.641854119075164820e-01
1.348977965123694389e-01
1.165854574092825141e-01
1.269171010980076619e-01
2.283670869281660132e-01
3.703968205462126462e-01
2.618810826237502054e-01
1.268910317910856844e-01
9.694486640282168333e-02
4.423631407914926927e-02
7.930716960283652750e-02
1.108180474876016980e-01
1.177993412011004715e-01
2.022112957221269824e-01
2.004768275044992165e-01
1.838396902245957309e-01
3.285622902200943107e-01
2.606879972532033518e-01
1.391389816171396676e-01
1.372033130937171663e-01
3.340315477236158737e-01
2.661754698333837488e-01
1.123053445597954475e-01
1.490017574528549882e-01
1.720504117495984253e-01
1.901513739263611669e-01
1.910862160198772142e-01
3.273224137497300901e-01
2.039693450541631703e-01
1.817497658922974657e-01
1.145515383239028434e-01
2.687304330835341148e-01
2.725657221305388678e-01
2.121616733460610638e-01
2.187011913409113162e-01
1.894264558468332360e-01
3.085183728786951018e-01
1.301964739561213280e-01
2.553936203737692257e-01
1.219722981817076141e-01
1.047499837758973373e-01
1.209034369880576248e-01
1.558966578431398853e-01
1.349900210279870449e-01
2.139069268797587076e-01
1.487527648311632589e-01
1.393915123365766229e-01
1.389040435920875505e-01
7.939009978228332709e-02
3.901423899870884449e-01
4.634213707554539763e-01
2.074493060539867317e-01
8.246914876153292606e-02
1.271835333314945138e-01
1.778410619180992025e-01
6.641664769204461138e-02
1.685004665130336865e-01
1.416662840988669458e-01
1.578551341836587907e-01
1.599957475038740751e-01
3.877530023668170900e-01
1.799937319149845505e-02
2.977904988092647948e-02
1.921467515832687295e-02
1.594621372160749673e-01
2.007476098415503576e-02
2.915890315153742141e-02
3.512518822342924202e-02
4.536011677299329331e-02
2.379159586062161436e-02
3.947923754419999098e-02
6.361191343154218303e-02
4.437575262807309101e-02
3.404782479126614719e-02
3.332865989010266178e-02
3.124396291730233144e-01
3.277053610524918725e-02
1.753386741321293421e-02
3.711389857483392979e-02
7.641140812096176849e-02
1.863061460708237416e-02
5.980739709145432154e-02
1.372702997602284480e-01
2.643047282439506263e-01
7.624448791097042377e-02
1.763761771123365241e-01
2.929819101016005733e-01
5.065200145057217190e-02
1.034509005546596500e-01
2.464843951953517645e-02
2.989814246082352772e-02
8.567660150328497426e-02
5.845936922972671396e-02
2.594446733304905592e-02
2.854968680105220494e-02
5.814001486069804263e-03
5.938926030710681148e-03
3.036051630417792579e-01
2.217203671835125608e-02
1.891397425720429959e-02
2.019908954100054291e-02
2.018645240347007389e-02
6.174813109453338722e-01
2.719270951574308953e-02
2.884259958952832825e-01
1.513159598133638761e-01
4.035038284810900655e-01
2.219387135265560584e-01
4.443424540225923702e-01
1.781563343971198921e-01
3.148388272891237266e-02
9.316174083226798699e-03
7.959993458031737815e-03
8.122649645512021455e-03
7.239476229549676040e-03
6.317017157396928248e-03
2.148841180069660517e-02
3.601154453767310259e-03
6.272939051730126725e-02
1.728284092113058501e-01
2.084364339061902868e-02
2.512874473710564882e-02
1.345215554890681342e-01
5.048996810910560962e-03
1.024443333612634066e-01
8.479430417323172153e-02
4.697450398750113373e-03
1.422599862976889618e-01
1.324768966505518175e-01
1.372370826180210890e-02
