5.185335172318340513e-01
1.038388257559748284e+00
1.997290122567081383e+00
1.130127856206369907e+00
6.696403801105891285e-01
1.047123742711733696e+00
7.186063053392328648e-01
1.113625313259070104e+00
1.113460351416288630e+00
5.443503838772211223e-01
1.105944228712254285e+00
7.120373195469751337e-01
4.433480102274440782e+00
7.586418652711822697e-01
1.023882190229020273e+00
1.162692601837319373e+00
1.587672960352604523e+00
6.203745273814894601e-01
4.488391252722548908e-01
6.329119152986787400e-01
6.942739246145135379e-01
6.858364866767084900e-01
1.340992874399643320e+00
4.862314391133462088e-01
1.419651474345837050e+00
8.565217252126140490e-01
1.370468514784474623e+00
1.112892476846950141e+00
2.843381296370348643e+00
3.779021438798589205e+00
2.690846706053430903e+00
4.732788774916032892e+00
2.660240316793236026e+00
3.072542259148988375e+00
8.566082758672440844e-01
3.884637089128651355e-01
5.938999767932828799e-01
2.382862568466388442e+00
2.159319895240505716e+00
3.147050069634823588e-01
2.946399468862213600e-01
2.872578887535816250e+00
1.973859489084962338e+00
2.187031031841852879e+00
2.960402738634382747e+00
7.990274245848018042e-01
2.033954521469321097e+00
2.328320281239950607e+00
8.149605315981187648e-01
1.290565312270302911e+00
2.261254997292194702e+00
3.957336447737406449e+00
2.248398994097953629e+00
2.592622405035334587e+00
5.977478210058568830e-01
6.153192064117359861e-01
8.372107017613374946e-01
8.054162243505713636e-01
1.257981837833452410e+00
5.054284279902327981e-01
6.062121625259952573e+00
3.434148123303967237e-01
2.818326561609814540e+00
1.052733985882588152e+00
1.006302067695453939e+00
6.166278038009481044e+00
2.577843636544698835e+00
8.361587946186828102e-01
1.447697935692288773e+00
1.633212304171246521e+00
2.090807460887129210e+00
2.100576760572514967e+00
1.776727193970701535e+01
1.516340705431907354e+00
6.116299365034997271e-01
9.257835671547586243e-01
1.516308632862597605e+01
1.659705582458007367e+00
9.795891792396054232e-01
3.200767685580320876e+00
1.257260163112059281e+01
5.851127405426618466e+00
4.294757152132053335e+00
6.025673383130532024e+00
3.286496493731839941e+00
2.860499441515666597e+00
3.132325316255450076e+00
2.943756584834308576e+00
3.483660476351613244e+00
7.157292750247820079e-01
3.109931644661064976e+00
3.143955449786577816e+00
7.024313926465395319e+00
4.843853599494738482e+00
2.311627256376322492e+00
3.787721615707666523e+00
2.291763651904766164e+00
5.208768641637061769e+00
3.320028896790407913e+00
3.696537344950074022e+00
5.443143383482439424e-01
3.745708737377047015e+00
3.143913024656038502e+00
4.145418763009039331e+00
4.383403706817897927e+00
3.480033571156556871e+00
1.908156320058444821e+00
2.729307703798725893e+00
3.841676740015262936e+00
3.877501386297220520e+00
4.081564143266225742e+00
1.139682909345183903e+00
5.872934768802824390e-01
2.650044821764033998e+00
3.264558134413419133e+00
4.031457057193264859e+00
2.968644932732723341e+00
4.372131228018302451e+00
6.081633917516338528e+00
3.706947901719214844e+00
3.222978952027442112e+00
5.258708999030003106e+00
7.559616875228525323e+00
1.044142654577403961e+00
3.547546785532544433e+00
2.627211987957847938e+00
3.312129420698672000e+00
6.526829491172838615e+00
4.585561586087758101e+00
5.475680554539743561e+00
3.922340016827764675e+00
3.470931847102046941e+00
3.890294847179425641e+00
3.049665262899456053e+00
9.538825017425750508e-01
2.731952120405928941e+00
2.720857960912687723e+00
8.790112008552483092e-01
6.059609135459846918e-01
4.707687682076476143e+00
3.967415991304322986e+00
3.595470244948650862e+00
2.909145655856321788e+00
1.720189663477035324e+01
3.395494528631899378e+00
9.752733143532172910e-01
4.278577792323715379e+00
3.294493943021809645e+00
3.496122415526908611e+00
1.655407953775568375e+00
2.546165478654972336e+00
3.411297559644535404e+00
1.364659915788028588e+00
3.733361542123223131e+00
2.096706250512236469e+00
4.885364923166315876e+00
1.292891478939349303e+00
6.458405211780545718e-01
3.802062433961391985e+00
6.079303696427428072e+00
4.492614106107173377e+00
9.244991309916565925e-01
3.051353026406641966e+00
4.401500373007459110e+00
5.655825726403435283e+00
4.781721387280560620e+00
5.321270472401103291e+00
8.779564214054164095e-01
2.652569195270338298e+00
3.408954026638137069e+00
3.399046553155203210e+00
6.162721957155246066e+00
7.137954188883526285e+00
5.002566156761305116e+00
2.528380806289840965e+00
3.276029260972458612e+00
3.144492697109441792e+00
4.173204367280990645e+00
8.791876366165519707e-01
4.212721267876355036e+00
2.188373141017835977e+01
5.724712090113094121e+00
3.207872723799431558e+00
1.296944880416443846e+00
4.350270289427925263e+00
1.122547354637456918e+00
5.897822762875277292e+00
5.092532894248766873e+00
3.501225489932262125e+00
8.792640154837352284e-01
3.020032843321488691e+00
1.604874882136168690e+00
6.320288574015057170e-01
3.006704797227927273e+00
1.314261533642977042e+00
2.195967617020984086e+00
1.331003247707072568e+00
4.150202544975598151e+00
2.863618757626071876e+00
2.776019414700332089e+00
6.645559033228433110e-01
1.479819143506746260e+00
3.241517496713603119e+00
2.541041899562757944e+00
4.436676990786011743e+00
3.335653705926503676e+00
5.183276278031269335e+00
4.437900750969037134e+00
1.683802115122001952e+00
3.217932038471036815e+00
4.064058732492269677e+00
5.429734888527264491e-01
2.417782269860513367e+00
3.543015700940586488e+00
3.165478714582468989e+00
2.752569924980313942e+00
2.846294149483108438e+00
3.740143868979881603e+00
2.193048735546060168e+00
2.727646379949665523e+00
4.307714643552541744e+00
5.786733759965651203e+00
9.882763199531132692e-01
1.171601038683542484e+00
3.404675507771387721e+00
4.531078987283382098e+00
3.043325437928197541e+00
4.740457358089146922e+00
4.044452760001028047e+00
2.999062061269848645e+00
3.735379634912475488e+00
3.681610838506914618e+00
3.096863909684160809e+00
3.764532546152799863e+00
6.144077244785879355e-01
3.166107144991578082e+00
2.690184400374680873e+00
2.206622832494208541e+00
3.995756702123784088e+00
4.144787264497226786e+00
8.749085027896450484e+00
5.496659708597189997e+00
2.900388253726091659e+00
4.804982169262396852e+00
4.375458316675297610e+00
6.584090892492826530e-01
2.730613597674405923e+00
2.336407921937263321e+00
1.940960943840155606e+00
3.531209588213233275e+00
3.925486424341697145e+00
5.821841267738969705e+00
1.410339883728169319e+00
4.517517550735868248e+00
3.884942484784151162e+00
9.970665008401869978e-01
1.660209135187334928e+00
1.007510056961159695e+00
1.443556332864692315e+00
1.606100304745704976e+00
1.283161123482945420e+00
1.765825579339327156e+00
2.165851050257088684e+00
3.828979677171583385e-01
1.124705082707679660e+00
7.003084029570385560e-01
3.998574500892055905e-01
9.225540993287314473e-01
8.663652401774084577e-01
2.056767305572487103e+00
1.921380693772690940e+00
1.836559995417070823e+00
7.853796931859309272e-01
1.334977693539782351e+00
1.357553538273697846e+00
6.828511281425392321e-01
1.203600550758261889e+00
1.126061731255744380e+00
6.791459947043873013e-01
1.693773717255452338e+00
5.506336219149396971e-01
1.068544769412315354e+00
9.896891661601098233e-01
1.495295668314299276e+00
1.341357167542278406e+00
1.705866764267311986e+00
1.271959333748223120e+00
2.282446043014548565e+00
6.730259553136019868e-01
1.363851234155986969e+00
1.049406050722755834e+00
3.521544728931628843e+00
8.808665824962323976e-01
1.212634327725732764e+00
8.333560160446735754e-01
1.273962118848094738e+00
3.325593640027620257e+00
9.901200725166869887e-01
1.025797194106950361e+00
1.527273067194725886e+00
1.900673063559814135e+00
1.362128309822360528e+01
1.004620644010419062e+00
8.506553820820593748e-01
1.756487828572483645e+00
3.282452830547913702e+00
2.230107597121337104e+00
2.573502728369303494e+00
1.539986064431925206e+00
7.329839094330488081e-01
1.227697774147835652e+00
6.292570105724485385e-01
1.388186398085450524e+00
1.167989265067170601e+00
1.102709085869417072e+00
9.873572348407327892e-01
7.327619293109702836e-01
2.182162579756961041e+00
1.758741489863200558e+00
1.244549672939702312e+00
1.255092525846121188e+00
1.629698224396171291e+00
1.219269877710637440e+00
9.288026554533905799e-01
1.113547405198017648e+00
8.044393261235959214e-01
1.049914732779311910e+00
1.402944991141765074e+00
1.691531620230705801e+00
1.280789229865489931e+00
8.374894067171055889e-01
1.834487712216694710e+00
1.717250596126393081e+00
1.517364395986199987e+00
6.225173827612173749e-01
2.033682931558018048e+00
1.005095361800539600e+00
6.193026815569704358e-01
6.789946005057964085e-01
1.591574157812708501e+00
1.616074953647626433e+00
5.794269213575677924e-01
1.223064000391789197e+00
2.078621641232896167e+00
1.033256058925582810e+00
4.303601417727845324e-01
1.221642583500604617e+00
1.272538803342188052e+00
9.790612540656440377e-01
1.267620395088887131e+00
5.987006380165003083e-01
7.625372103684844305e-01
6.415210453218883613e-01
7.972103355247560641e-01
6.266395710743187797e-01
6.958521853437240612e-01
5.947636343789163282e-01
1.362792609064237048e+00
1.533076993341339067e+00
2.380704802900711403e+00
5.703030436046446772e-01
4.598543695550190158e-01
6.644275673575802399e-01
1.131315402279759574e+00
1.157362402788859157e+00
6.299855952139721271e-01
1.865904635791018062e+00
9.922870346405704423e-01
1.082952858462527868e+00
1.158079355487756423e+00
9.249959978957769113e-01
2.483751390277556259e-01
9.319329554560438211e-01
5.339123812266735047e-01
1.352177787088086669e+00
1.386103458024775303e+00
1.316099031164402522e+00
1.184472442602870546e+00
7.928563230223505398e-01
5.542655847682544934e-01
7.199581084320118007e-01
1.293112415545253580e+00
4.670550773683355139e+00
6.340871487940054063e-01
1.305945027178606832e+00
1.465987742791044823e+00
6.511314793081953711e-01
9.588863532889784214e-01
1.823874362023929718e+00
1.037588090949274289e+00
9.256559893533438110e-01
7.082544859991887209e-01
7.366050180799414981e-01
4.290207448274982460e-01
5.608600662913406643e-01
9.646892938658804262e-01
7.391918747998230677e-01
2.559343984052658616e+00
1.414311816688725854e+00
8.225083217461297558e-01
3.414553039881704777e-01
7.703665733057726284e-01
8.168680978610725063e-01
5.630359875529356017e-01
6.970445187287208633e-01
6.150904467579968449e-01
9.179367918026373196e-01
6.188152964084598917e-01
6.718569777481407934e-01
6.101360396857135049e-01
2.149423308089154716e+00
6.258941819069995249e-01
4.145616167382221717e-01
1.105707592132676220e+00
