id,0,1,2,3,4,5,6,7,8,9,10,11,12
W1,34885.01510221681,34899.1706854549,34940.64345743725,34968.490890803834,34996.360518235546,35024.25235742098,35052.166426062104,35080.10274187559,35108.06132259226,35136.04218595654,35164.04534972745,35192.0708316781,35220.11864959571
W10,5133.920845772213,5142.92300814719,5151.94070642987,5160.973967002209,5170.022816290266,5179.087280764217,5188.167386938465,5197.2631613717,5206.374630666994,5215.501821471776,5224.644760478069,5233.803474422447,5242.977990086111
W100,11636.566992585003,11579.460633609615,11661.67004761971,11554.09934155641,11442.287609819039,11565.785087573691,11530.17278942258,11570.490257101428,11684.869465852316,11615.622771430593,11661.149405037686,11680.283066142254,11682.99849683462
W101,9942.488412273528,9950.4981740086,9953.69777480073,10016.570352318435,10011.44218446652,9930.292162413194,9802.802431931754,9913.172978497922,9981.565274870132,9927.509381480319,9942.990064802372,9950.984071535659,9940.834100052143
W102,16315.739128994232,16045.044474181026,16050.08544696907,16094.40815413989,16286.477260647876,16143.428937751605,16137.078081584392,16323.206548979822,16275.322652200815,16252.43023604011,16250.372478966992,16195.403622206106,16259.02018360371
W103,4134.535002771733,4184.684022788529,4111.144889146762,4097.141927896909,4144.363338285948,3966.790026673495,4116.432116167329,4190.619883558055,4200.429358585021,4025.330361541077,4168.828279536722,4089.5958674049184,4270.559486166739
W104,1017.6720233876654,1018.4002579781874,1021.6720996180616,1013.9254794142942,1016.7644900458564,1020.0115781640999,1012.2094569652594,1014.3102787777625,1017.8242341001227,1010.0388439096619,1012.1351606821837,1015.641580615839,1007.8728855556966
W105,9190.716489275359,9187.402767825504,9190.076473479807,9195.702616786695,9204.286619241862,9209.921461914833,9215.55975420469,9221.201498223223,9226.846696083614,9232.495349900237,9238.147461788794,9243.803033866268,9249.462068250987
W106,2161.451236688668,2161.1182590896615,2161.720413071713,2163.025854800631,2166.6613037111647,2164.863400895962,2164.692105098865,2153.017964025144,2157.5742778129775,2168.20293310988,2164.6242728771126,2150.85975288004,2165.1698820592756
W107,24046.51066454239,24005.356029657145,23999.758946149246,23998.146078901475,24054.162167649138,24046.54535853386,24029.149751137804,24090.210227651984,24142.70793456971,24101.860744679303,24144.956618549986,24094.193873783643,24150.383079072406
W108,15938.606527894917,16132.714543895554,16145.016443115874,16032.212537721374,15987.083937495954,16280.72297752861,16190.70635884392,16174.12184986397,16145.418108345382,16159.657552910241,16130.723616735864,16038.47849874281,16141.433618035642
W109,14129.036726333103,14136.981226534566,14144.92968715619,14152.882109919748,14160.83849654765,14168.798848763025,14176.763168289528,14184.731456851516,14192.703716173977,14200.67994798252,14208.660154003384,14216.64433596354,14224.632495590453
W11,347.19169375229495,320.0875345762999,310.3572173785588,303.5382517375998,311.79748171103466,307.41062551102067,319.46479358612856,309.47740201674264,312.4302556860958,316.8543773548922,293.7248832445153,288.8385005422702,305.9884220387996
W110,7345.231570375354,7367.459124782661,7342.7780798777085,7361.788032221063,7346.70097432334,7348.008477906474,7463.479791394984,7401.713891986573,7398.773174080562,7384.93432381944,7407.28202281596,7382.467571691391,7401.580276810922
W111,1064.8295464388634,1063.581364607778,1062.3346458734045,1061.0893885207356,1059.845590836779,1058.6032511105418,1057.3623676330449,1056.1229386973093,1054.884962598356,1053.6484376332062,1052.4133621008787,1051.17973430238,1049.947552540712
W112,9712.72471153349,9589.653203476479,9593.771328284007,9679.459331833039,9575.897841749142,9557.643777332254,9644.288306933027,9752.418002572304,9596.937578667035,9619.510832004276,9688.425423222334,9661.906081395835,9661.191954565014
W113,701.9933923968803,727.9224631106488,731.2695995925918,701.6547023153596,681.296977468042,689.3963264286407,676.6955869536495,705.9748577703753,667.4174347431903,680.6708975046439,677.5104423986684,686.5671224271377,704.6177493283087
W114,10675.809406069724,10615.272697531513,10947.766000553169,10728.115931345232,10800.927706901299,10870.041608842628,11009.176507876424,11037.243526560735,10996.649446770258,10926.61097297503,10929.469302293488,10846.435204716174,10845.683444060143
W115,11417.005298953494,11495.20574193228,11673.160491541033,11522.41117775063,11678.458168238849,11707.520107616663,11840.13835834262,11748.763595796014,11510.501257415717,11636.405867215888,11553.52767999107,11616.405292567553,11630.043633767375
W116,14910.790411985128,14983.615578505684,14954.86344362862,15144.598995046208,15253.200186896025,15097.175379486675,14591.642968155451,15537.502240217225,15177.844468716312,15086.815917286549,15598.035933169835,14837.554798724877,14779.640644892233
W117,7122.793429822814,7131.166000416825,7168.820699434,7167.123695028987,7167.756740410549,7207.214809436726,7178.892358546299,7209.757667296814,7237.289435863245,7212.688556626283,7238.053040111868,7276.89658454713,7226.60765560956
W118,1743.8057242765587,1748.6275057353384,1749.1400753464231,1734.2767881161424,1732.838084599022,1741.6047512072762,1749.3463026196973,1753.0593258722172,1754.2314707545288,1748.030284656902,1732.0365342572802,1749.6920625053033,1754.097575530253
W119,1002.5859639597046,964.1433957551569,989.5160282672515,983.2683789341478,968.4276612173005,962.2617536123963,989.2256113636369,974.4866007245956,982.8349689723116,952.6434861078359,993.2901314459882,944.4462366489307,967.8956742925151
W12,1028.9873250335563,1028.9423558485564,1028.8973876269642,1028.8524203687798,1028.8074540740042,1028.7624887426366,1028.7175243746815,1028.6725609701366,1028.6275985290026,1028.5826370512823,1028.537676536976,1028.4927169860841,1028.4477583986068
W120,868.2416141104312,879.9397264653707,859.6231578229385,868.5877391394802,871.9621991614058,849.3961970071275,861.1161157390202,874.8082048597449,851.1245042030927,865.1447508810672,850.9245660982342,831.2731711369015,872.9673548478041
W121,10544.911114536204,10500.987096059353,10465.571286423785,10384.420221026981,10439.669334199334,10584.188513481355,10526.703661556196,10509.649256646582,10411.435734137665,10469.86431473415,10496.898154025163,10610.663453969444,10573.24902371748
W122,389.6774025976449,420.7156618470496,392.7278079640658,348.6322625793445,396.1374861455753,388.6220503185279,398.8705684644596,377.83058243747064,345.9340505285658,383.7836798530123,396.11321577970176,401.83919696988664,365.9576245328715
W123,485.3946105991558,491.7628312538549,484.8174913595141,482.0200670785002,489.75669895610395,484.928732359006,490.8500840998332,488.36765103105694,498.6972737074563,486.03735769075536,468.76872451882804,482.12411203497055,493.1044331777344
W124,8476.522846934055,8490.66946354431,8411.901647149454,8510.05150557521,8534.424675655515,8525.713591836917,8610.729561181117,8608.96807181695,8551.435002238131,8551.90219020098,8628.418357058372,8555.933169991433,8545.982359264648
W125,10879.081274456314,11061.892983508622,10974.618533696379,11005.46153069875,11035.639434940545,11137.399159490642,10903.53819791057,10999.96574831765,11029.116665455622,11070.835668211119,11070.527768152013,11146.642521469852,11132.152072816018
W126,9654.869425204362,9644.713823833737,9594.799022494182,9560.746031965293,9529.656168642397,9617.01141165827,9708.604795466403,9618.009840811274,9601.31970721135,9547.563137485464,9644.7781758392,9735.864513143264,9645.267386121843
W127,11299.21535631082,11161.395027156084,11338.934706079532,11264.664132290578,11252.210132251885,11401.455469218356,11429.859627111744,11383.45773572807,11331.033541511695,11463.03905661319,11633.118555319075,11602.46888220995,11658.279885293401
W128,3761.6625250265365,3630.3878338279733,3760.812341571716,3665.757315053093,3710.164246026691,3609.639698073049,3570.0726627500876,3647.961519637437,3649.890259604988,3739.039284406962,3561.407336791911,3636.0938599976753,3760.44259025658
W129,996.4757390704387,1000.3520435383356,1002.8721140352836,995.5608685433107,1003.8556616214678,992.8523545743396,992.7100774047476,1001.8902819821458,991.308872231629,992.1154304169936,1000.2760098244879,990.366975027907,993.6960026944511
W13,2729.9597025585085,2715.480692748252,2514.504294534316,2620.602072654538,2763.407280412808,2676.495561135974,2649.6174334611237,2801.2764680221985,2745.9258669620713,2673.426913633871,2696.29322378586,2789.3458697484652,2752.306352501
W130,8171.4834482434335,8194.753785709514,8180.514824981889,8203.810881392477,8189.556183418223,8212.87798719834,8198.6075345844,8221.955114190498,8207.668889524533,8231.042273444527,8216.74025929503,8240.139476048276,8225.8216549644
W131,2156.4541388024404,2152.974165168062,2153.197989078267,2161.5102953022097,2160.624419118929,2155.2377048604208,2161.6116197661067,2159.6385460741335,2156.4412033932094,2161.1315739474135,2164.7020777329326,2167.6494315187556,2169.598230633389
W132,22769.949509574675,22773.5269142303,22798.2791570833,22824.10530817918,22825.2392007213,22862.099528232342,22848.506876767366,22916.235255275686,22774.940669041003,22854.24715508097,22883.769131787318,22912.916578259865,22944.62747970103
W133,13991.117199351847,13961.05778541092,13916.386693025119,13834.803799229707,13865.556572988718,14030.709698825516,14000.573370366437,13955.787946489927,13873.996157982345,13904.827688695701,14070.40348142946,14040.19006253804,13995.290045611548
W134,12184.329476583423,12246.624944773985,12170.230759806002,12119.80110244954,12111.423902745923,12212.173559656632,12302.780013752366,12254.710006908395,12167.642517273758,12227.922607396153,12287.834615544356,12215.49646879815,12051.453047914778
W135,6244.9366438210745,6281.333434745283,6303.392144225689,6279.065454616525,6293.875134337478,6325.940105498683,6334.974378311131,6336.823153534177,6322.476422159016,6336.779097469188,6318.628913240992,6357.586296235009,6307.13480389636
W136,6542.642235821844,6401.603652523096,6469.628655225033,6516.457553918689,6389.25205476535,6517.654740712322,6675.557815468794,6583.803513306234,6664.603911100859,6640.181148094848,6564.025531743083,6566.861523370012,6742.3908353191755
W137,7127.35842565577,7087.152370380238,7109.274466346838,7165.440937499807,7147.119776764262,7119.085455380623,7195.199688545428,7136.856549800548,7135.511394575616,7198.306618003982,7145.4281389660355,7146.134159205396,7210.485338151941
W138,368.78332592247654,375.46640629744275,311.1641560319398,335.3147206618613,369.0178662463548,352.02593730086016,353.57795911879504,340.66836867044776,348.4363069020551,345.84365198845904,323.20143293318955,320.22534867960013,310.47677802256
W139,7965.634505026198,7834.14233939855,8107.543049793845,7926.500833687983,8118.127441086093,8123.269065607365,8069.417124481477,8165.895654478408,8206.188981123167,8204.55753899365,8212.46908259118,8189.548474173474,8162.460898669871
W14,2682.380420916248,2657.993187815779,2728.1086777218748,2739.649476746547,2720.748235976448,2683.6298915927605,2665.4849263173833,2594.5804537118906,2723.949136083574,2702.8796988739177,2730.8292558204316,2711.902884883232,2656.802836243037
W140,8481.946790453747,8358.377785896044,8443.343658147358,8446.428163970619,8343.386776042924,8404.753695383175,8187.828528690952,8457.549701276297,8353.94056675682,8325.187102168069,8179.098812496163,8431.777357675881,8336.986475106822
W141,11399.657615829376,10896.29668881214,10833.133459732491,11498.889076165364,11456.56649570298,11308.480648734383,11808.935708614561,11292.66361392022,12035.140330346088,11989.89160019325,12233.56529875628,11959.831975540847,11973.535123786953
W142,5458.33366575572,5459.8198484892355,5463.149778768079,5474.452288879729,5462.833751598081,5466.838178741297,5482.645453048283,5500.435537663912,5496.089127375797,5504.995792781477,5488.336786859116,5504.724199001822,5511.9947270691455
W143,11322.489441331832,11312.80424638121,11317.299944299992,11291.376848660972,11319.436511448399,11348.444122823614,11359.291866741969,11347.414295949491,11317.306832541937,11314.947596773884,11364.074721479212,11375.4320873733,11369.90346495776
W144,1023.2226272747014,1034.24270585609,1044.1147673450746,1049.9846317851627,1007.7600446292552,1049.8735396002237,1066.397479508366,1016.6832375732889,1037.818422669106,1033.4420243852248,1040.9158876501685,1028.1944320472508,1040.697122006254
W145,9494.526753314283,9123.392360872907,9363.825091336043,8959.775435935135,9291.690698745544,8866.780622696317,8944.919586919448,9164.650677245963,8934.645248196772,9019.024766964765,9083.130802467587,9165.34459030359,9096.60033715226
W146,6818.9767411924595,6806.724920354574,6761.872905062066,6787.414558193918,6836.422842476834,6816.829313690955,6835.463104760922,6874.014661532149,6902.985291999629,6857.7293334288715,6875.348277392096,6804.453223100118,6802.3545829234
W147,80.90142134787945,244.77270422765287,98.70787423809058,76.58358257603354,84.87334917370707,87.2635640834513,103.79890472156086,112.39411094689878,102.74662124653227,92.41986175016196,111.19581353921761,105.27213619166169,127.46656962700528
W148,196.5107864158174,203.05339550768133,265.2143784246869,243.5136950888447,198.07125279406932,144.46112282699553,228.82305191973148,183.43271428094624,183.39810300041268,208.41103943037183,223.81992075913413,229.36285927572558,227.3203920893041
W149,4497.624880104844,4361.470072325726,4409.550162953795,4394.7362373537235,4450.101714764063,4357.6139958848935,4404.244992467706,4461.775681952948,4419.374134802839,4436.303509229442,4462.045174441714,4413.253506444046,4438.381491557657
W15,5870.752500621134,6012.987094269667,6055.791177020679,6123.829477726113,6437.615130404367,5820.520489388809,6161.336688140206,7343.855072443365,6469.084962749988,5845.964714688023,6102.117682888966,6629.486670489201,5506.415008546072
W150,8107.886184625091,8201.834330424823,8242.831534243669,8135.813536136999,8113.567618145555,8175.910904920973,8174.250445742209,8170.260594149881,8261.609374215499,8340.759422929845,8238.146721959803,8125.680431974085,8162.25919624339
W151,6365.048854167533,6367.927262379073,6316.100704446437,6321.958007353511,6311.112692522258,6342.667415122782,6406.892034714679,6403.913623875372,6384.046325538315,6294.42875965883,6345.302803510263,6415.858484908178,6343.8080610329735
W152,8735.39608943615,8743.241407988626,8752.235632480078,8783.124437839977,8785.892312787973,8774.229680424827,8807.29127422935,8806.018789577447,8788.714329969904,8782.794330838367,8860.74777998114,8822.264663273132,8857.136494243017
W153,3049.755789457948,3037.6107564267486,2974.732329866413,3116.043364944318,3065.069845772455,3071.1003276346228,2961.152160971032,2892.3172959142316,3023.1457417616875,3022.0361512763047,3071.505869559826,2887.601219318809,3000.434335754683
W154,8716.493905244342,8650.953987897055,8616.182104702862,8671.798431483487,8719.696971234074,8629.816235700126,8590.209630392392,8665.469137665608,8544.99232901185,8657.787758754148,8597.147706177397,8798.307008706552,8618.628932469317
W155,4623.403936956631,4606.266799746709,4628.691223723752,4631.483924143549,4629.288847247273,4615.338957365495,4624.8243924104545,4643.373541514667,4627.899479767173,4641.565766673048,4628.003250407794,4642.902672691098,4657.390984915617
W156,5486.459634475291,5491.472564125599,5459.199630898037,5494.468924009464,5470.244471215817,5480.471525562218,5483.170500944079,5509.840978297551,5502.044724757323,5482.372204074786,5503.8001694572895,5510.982585110319,5514.419285723105
W157,1428.6684471487904,1428.4717180574353,1429.1057467230605,1430.5422348146285,1430.373811505388,1431.0078476199278,1432.444352576036,1432.2759272903543,1432.909970844086,1434.3464926427403,1434.1780653831943,1434.8121163664196,1436.2486549856826
W158,16640.003726459596,16636.827477026916,16644.232121084147,16651.294790471577,16672.189289589693,16683.957321625952,16696.33792434762,16693.15145466355,16700.579924572216,16707.665318953135,16728.627045854853,16740.432939545506,16752.853373335805
W159,9327.495851423606,9347.217761531316,9237.534588555556,9219.642856253799,9292.938230904449,9322.963313536044,9315.679137293897,9283.262315784901,9252.619529007574,9355.85469540575,9395.987032383968,9305.516956664385,9265.646896586357
W16,5527.123515600491,5951.925406854859,5786.639173706406,6315.627238325834,6413.139849873231,6475.042655468645,6232.993974226463,6181.6946286212715,6619.854950179815,6128.287432084227,6262.012550842709,7918.092112805261,8228.217290472647
W160,8079.1447458306575,8091.123207748936,8008.19919043584,7961.145756289438,8036.939378623653,8145.724138529859,8096.703688559055,8072.546044200438,8049.267002006579,8021.858403280468,8110.438413093409,8165.994943093078,8108.761987322616
W161,12195.00240247321,12215.009741213073,12252.260901049582,12233.716332369468,12271.066137545746,12224.489138013449,12282.45363646313,12260.079756460033,12309.008934286841,12265.163830299372,12313.580350276683,12303.00795088238,12341.924420990748
W162,4598.527037806931,4494.800490069786,4485.046564547303,4527.986078568146,4510.420825035214,4533.39650945764,4526.395581248852,4541.942833101502,4542.941061630398,4498.812404056453,4552.085365677391,4558.211520841081,4554.5299575607105
W163,3753.2327664383934,3758.8451556583836,3776.4326273873803,3747.248438727658,3740.0596323803766,3739.903187533643,3748.4596185427527,3751.1063841039127,3733.6939406321926,3726.3758701821985,3726.0101884489313,3734.745123484744,3737.3822053782524
W164,25327.603334317882,24794.742765947696,24717.947777320936,24236.36441189637,24689.731988514686,25394.742747437587,24860.469659529444,24783.471100895433,24300.61114258916,24755.180516995017,25462.060135306598,24926.370783542305,24849.168115275985
W165,3746.8586436858636,3577.7442312659414,3638.953999151196,3585.5946033478554,3632.6926093120915,3586.263204770382,3623.5222614920626,3577.6027401850192,3620.686456500681,3571.6992101138626,3611.5161088618447,3564.827338869015,3604.234111184541
W166,2630.7513132213244,2683.7448407848847,2701.5342830815966,2675.1599455700994,2711.8538067076843,2731.689162116531,2711.078563846355,2671.3223751171204,2745.998046815661,2710.478819495936,2683.019025123533,2747.7918353296204,2700.36952598686
W167,3011.3484726749816,3038.1895933432775,3014.3647558097023,2997.7155077096786,2980.4893195612194,2992.4797765798885,3043.849663630478,3029.1882252368414,3055.8780169590354,3047.2192533278444,3020.7672607716263,3026.887192391109,2990.8448323786915
W168,3728.8155146180115,3896.797496957401,3775.255251400432,3664.4683745217208,3766.809022201228,3893.2279494380323,3992.445667882726,3903.04667757587,3822.0408003911643,3729.8687174640468,3712.4310158145727,3876.534634116448,3945.689535772534
W169,1681.111398102483,1664.7756835930375,1664.6071154425013,1674.276355757931,1687.5501952688257,1665.2104657273728,1667.7434349641235,1676.6755037322666,1687.509955858655,1670.39964367036,1670.3643828586028,1680.6158829935944,1693.939982643602
W17,11985.21747291986,12003.219295823394,12021.248157342976,12039.30409809014,12057.387158737462,12075.497380018662,12093.634802728524,12111.799467723162,12129.991415920122,12148.210688298279,12166.45732589814,12184.731369821815,12203.032861233207
W170,3614.2548305521286,3630.928589430618,3634.33018064182,3627.9381604783907,3622.9845848694085,3615.0336123686443,3625.631321868146,3625.1706731238223,3639.3235520292264,3649.348616493052,3619.9571272684666,3630.926189119309,3634.4472192064304
W171,6091.955303754514,6091.11616641324,6079.06644042377,6082.853033226969,6129.050895611264,6112.907283104579,6107.0105796666,6132.399196748676,6113.055679219793,6119.71146187778,6155.102084795382,6107.531008990721,6104.810992196301
W172,3683.569119645661,3701.8538842775874,3694.9189188735027,3688.9358710276706,3681.4643840633858,3669.6634468057046,3687.832381505491,3697.2327813385627,3707.19293232327,3695.3579155549323,3678.3370399061837,3698.2893551329726,3707.5980214757433
W173,2997.872269799873,3158.9855537051017,3109.948061481645,3096.7293674935636,3157.8111485280037,2920.469430105498,3028.131127239388,3042.4451926608754,3142.2130727872327,3121.4637524617374,3110.4961110484255,3105.469627989024,3032.7345394597755
W174,2838.8632690905597,2833.1068274654513,2823.6049671582628,2820.6039736879384,2801.298907780012,2828.4451979520863,2814.3298657864725,2834.3365024832515,2825.4414492895353,2829.866614348591,2818.42422242874,2824.68834482897,2818.141535454104
W175,3283.6759639444667,3293.9970783582,3289.3952556674208,3272.981083255762,3256.032665888127,3294.873971666762,3307.4294865569204,3301.4758115866252,3285.0062340918535,3268.523962539797,3306.9730156779774,3319.5708901374687,3313.597130394559
W176,2582.6160775751837,2532.34596972599,2516.882125683267,2553.5408804084227,2573.493885712228,2619.4943540978616,2627.57793961378,2705.123716380965,2659.4113535670567,2654.1140910134595,2670.0933741173344,2701.444585038183,2692.7204680999985
W177,6674.144759690401,6655.66545056472,6654.72332821361,6565.912819061391,6845.883215100759,6685.461459458114,6763.085550729869,6757.139997239472,6747.854057284068,6788.354659915435,6902.536806828495,6907.605780222545,6779.341183848825
W178,1488.409047859768,1488.6376805694106,1464.1043474143694,1488.5750807790057,1513.5199613736236,1487.2530785759493,1489.1738140134441,1459.4702904856222,1477.2303810830247,1463.574821203647,1491.061429391665,1468.8808458597102,1475.275410775461
W179,2740.029759476178,2718.0368412371436,2729.109680613383,2745.442201864813,2724.1057493951653,2735.198755912852,2751.5609964051864,2730.1857128215424,2741.2989149268064,2757.690916540953,2736.276747112569,2747.4101732799973,2763.831977938696
W18,4365.5880296411115,4376.518338871203,4387.476014619877,4398.461125405035,4409.4737399161295,4420.51392701458,4431.581755734232,4442.677295281768,4453.800615037116,4464.951784553952,4476.13087356006,4487.33795195782,4498.573089824621
W180,7287.021376403836,7297.376406553463,7321.774446890127,7315.601607087412,7285.531476548715,7287.7112009466255,7291.9229555791635,7287.830970618985,7283.616719337895,7299.9423812401155,7328.88867109532,7325.825176635529,7292.331910924621
W181,8854.666692526156,8845.614874800234,8811.463044975899,8842.401143135863,8849.59718716433,8814.381744502587,8834.269656335713,8891.907155490928,8850.166456659277,8862.588687361578,8803.055015383874,8837.767031643793,8910.713969051225
W182,1392.8045444628365,1351.6969002200533,1350.3568634350881,1387.0776983841447,1384.73433056896,1343.7641723957074,1342.4286472392866,1379.0265332487907,1376.6909696729583,1335.8581803308407,1334.5271629301521,1371.0022049572717,1368.674438994276
W183,6138.34069313653,6100.1778610209885,6109.242089940402,6113.251517004989,6129.11840287318,6113.142467341246,6109.210054830902,6074.467872839216,6114.249652059153,6144.037022601413,6110.10853326689,6130.002941349406,6093.867291240657
W184,4607.554219402807,4610.342774697326,4613.132693283542,4615.923975669388,4618.716622362936,4621.510633872421,4624.306010706172,4627.102753372639,4629.9008623804475,4632.700338238311,4635.501181455109,4638.303392539805,4641.106972001542
W185,4062.178480598295,4064.583635519557,4066.9899396467167,4069.3973933975626,4071.805997189993,4074.215751442055,4076.6266565718415,4079.038712997578,4081.451921137601,4083.86628141033,4086.28179423431,4088.6984600281676,4091.1162792106634
W186,1736.7252513985293,1739.6712961443568,1744.8718390386025,1741.054145768087,1744.9281790270727,1744.9469878944492,1747.798223131866,1738.3097261970327,1740.56732497989,1744.7519307272978,1746.951912625939,1742.7804869426654,1746.970405958452
W187,905.5676152635866,882.3772984718217,911.2086095984623,899.3858444375054,904.9125246908269,913.8368781479275,908.8716053145448,895.0981287103965,889.0187062353824,891.0080699147937,886.9642604644014,902.3139950431462,882.7778177431195
W188,2149.96990178395,2176.020286027217,2239.3795551079497,2153.7749800248976,2194.974969071558,2276.388735895236,2241.710723927049,2178.0233130995525,2236.705170257401,2155.3584631816684,2188.7869440292675,2269.2145051535313,2212.6568441722666
W189,2066.098799459204,2082.751837550659,2053.419001829967,2135.1479454119453,2017.6230108396237,2035.0665261738793,2063.7361949104456,2037.7712358906688,2007.1669524668148,2010.3063747620547,1972.853469260122,1965.6058418736295,2025.0295043728104
W19,2504.150336791731,2235.2647206962797,2553.54139836396,2749.5244823807734,2345.709633244013,2368.770345428612,2396.566641355663,2644.6057633353557,2444.526042467075,2457.9331245033577,2526.9865289544055,2594.860870340223,2512.1691265633685
W190,438.20100403194084,437.04300099951644,438.8135676361365,442.6580070522139,433.4990038713594,452.0198497521265,445.78704543461123,433.25045216252227,438.6889823163892,434.09743782624963,431.13117076091316,444.7649295568647,439.7048099168783
W191,6375.824776159084,6324.868450646996,6350.95698923449,6478.359121393767,6596.59427178605,6537.238796305509,6379.696722096841,6364.985722372117,6438.342235162811,6508.568466362729,6414.963743868237,6306.807154392823,6535.439441356312
W192,1191.55159885919,1163.5038262645803,1176.6388057602953,1157.4605217670023,1104.767611818488,1142.942513087818,1116.7817610725501,1160.778979022657,1159.2759253350896,1148.4895737055274,1143.2040428499022,1133.867094622142,1140.1145424705603
W193,6441.648080636027,6040.98980240599,6049.8454544062715,6199.362644917092,6214.68164992288,6049.360952429015,6074.820254169334,6178.8781825712995,6164.3323619516805,6163.242578913632,6167.3556022200355,6191.055294210027,6135.873596825593
W194,444.98035452400273,454.20688150553445,462.234025231131,456.50103149711737,439.9458103596904,463.38347176838596,463.3591294658174,455.55028245440394,438.2097153822689,434.52726385356044,457.7057864788107,463.3295665075762,448.0384457233485
W195,1095.4817870280765,1031.7536786427793,1053.8165829042234,1064.479026131925,1029.5850537901506,1137.4968698918788,1030.5202894460317,1082.8080199303517,1124.7200122902416,1055.767656175158,1005.622659841018,1057.0402235706538,969.6162671298787
W196,9433.903242519364,9506.620934300521,9250.907590296782,9320.912857050056,9474.257276864078,9532.375506513885,9428.281656100718,9348.40212247738,9401.432913700874,9446.86197382974,9408.710756097124,9334.783199385016,9477.657850099818
W197,3212.799172146899,3364.7581785929897,3332.5302217874573,3350.7601503901096,3354.982076460885,3263.1622957674435,3261.5278234747666,3306.444859518022,3266.5610366885767,3176.4843544006535,3262.3596376890014,3316.741957698046,3270.491315683405
W198,2380.397820834234,2363.0413722359167,2331.8415273140085,2408.0159946785534,2349.9988579281858,2367.9162176928035,2421.433475489797,2445.821530341889,2471.693396054848,2437.1819562489977,2419.1161549283984,2511.417996612282,2475.6204915424355
W199,726.3075296111871,713.1189758420717,731.6228399003195,720.9360168028159,712.1927011221425,727.3851354682737,742.6107952310155,724.3320079632289,736.1412080556404,705.0898921907434,724.5364374184077,728.0137286386346,710.0232119387884
W2,3413.4517704720697,3667.825293547193,3581.590596504386,3523.7684488464934,3669.472852566432,3623.7766590949423,3556.197336870409,3589.886299842625,3623.1573989257613,3569.986315337305,3547.025772004544,3494.2063145859793,3506.121540480512
W20,3959.4135098403062,4124.806204873414,4191.635083589053,4188.107731758199,4321.7784950487585,4153.296331741783,4508.20389371363,3833.3434429990884,3978.6869598703574,3881.190403735116,4220.1440220154245,4759.186995654899,4840.713380794764
W200,1613.94721663098,1823.5265287711027,1842.5797742514937,1740.5348043786357,1437.5439384776707,1869.3122051025896,2014.2396137063758,2158.8924928784263,1711.294269196896,1812.6652490156812,1928.426355812512,1870.1482721096204,1873.9432966883164
W201,1798.9479068465012,1820.9469379257378,1847.9141208036604,1844.9125907517632,1793.8307178658958,1786.8133296750468,1801.2995226467433,1827.7381435806149,1854.7053270525494,1851.703796934968,1800.6219229145568,1793.6045345653372,1808.0907278632883
W202,4015.5293477167324,4028.854708584653,3938.6472693817714,3946.507483382514,3921.4377333211773,3927.678469763899,3934.3737009499414,3783.2031775688047,4017.1670828973392,3910.3179537385463,3961.569033756505,3894.1474808418666,3916.820053560668
W203,5352.688067672713,5196.912109659629,5346.806672178301,5241.993212540903,5460.642096917014,5033.569862444165,5605.8594270291105,5767.764071150612,6237.744129661179,5987.754224141587,6053.879560859907,6047.667626297353,6009.357038987611
W204,7361.215439836646,7403.058590913225,7428.688917671632,7331.964062309801,7390.597984444218,7419.1600156583945,7383.168399567449,7383.984776312942,7406.41704895662,7373.546645164339,7344.923679301499,7371.809189930668,7440.032300975061
W205,13363.616669475565,13306.41725433285,12899.019292470888,12934.18429201289,13131.210204167677,13370.53051266727,13390.26969324752,13581.63612537615,13350.624450175565,12796.536377628752,13256.084581873987,13782.249726274666,13866.967805866849
W206,808.483318915183,895.0173969754051,884.4839468165532,872.6123746997099,797.251157881424,859.613961439879,843.1841063216405,871.4712340300199,806.5875450247605,846.2351789144406,833.4260216699511,776.6901298465875,858.3025181200129
W207,11250.45513627522,12067.733063741238,11067.34680075382,11254.256404417178,10899.961088514614,12463.324341952242,12123.600719545839,12415.760340709747,12399.606285303185,12187.599145316852,12991.412908326622,13506.617836834399,13597.42377951747
W208,30218.466921063166,28194.92780424137,32062.31511416977,25397.60518061745,28359.04129062705,32304.5531070551,31370.496561876433,29114.431600079915,35433.506355363876,33802.87698839056,37035.9301117679,36823.45445316128,37086.92663531398
W209,4202.554096509689,4211.296044247578,4212.910154370608,4208.242256528537,4212.98468810039,4221.151742652309,4232.336526519494,4235.250913336353,4228.5719147287955,4234.03360712629,4242.241465681637,4253.482130644038,4256.411078236287
W21,1488.7310719762995,1762.2417001685956,1778.357141584133,1909.563507550858,1831.258503460641,2030.7886890613859,1762.3354426592784,1588.6172843061256,2900.0588763812148,2290.724753711052,1639.345060708845,1777.9400944881806,1819.745479092465
W210,8999.642453121785,9092.4746107805,8549.542281674705,9029.351424049126,9150.225305052982,9420.080733915886,9713.811126421675,8200.146699006782,11230.235453476129,9479.278611622036,10998.283811742403,10216.867559830178,9978.292638306903
W211,19218.37222756377,19264.659646666314,19311.05854827836,19357.56920090218,19404.19187368669,19450.926836429036,19497.774359576193,19544.7347142264,19591.808172130917,19638.995005695506,19686.295487981908,19733.70989270966,19781.238494257424
W212,5448.050990668673,5454.592727450687,5458.978389530651,5463.367414015689,5467.759803358116,5472.1555600119655,5476.554686432901,5480.957185078393,5485.36305840753,5489.772308881117,5494.184938961688,5498.60095111345,5503.020347802324
W213,3533.1269691087623,3615.401006592844,3481.0345122226017,3532.6569182624085,3573.212197669871,3501.5262613991677,3489.13960402621,3425.1729618742047,3448.6609614248005,3463.3511142268594,3551.848892323891,3401.0715107940982,3613.8192221315167
W214,1856.5129277785209,1855.582246950789,1844.1700782341131,1822.676515022701,1885.687160017671,1925.1470031761673,1944.1602497160563,1862.5040653156602,1873.8515709351368,1879.393976606836,1838.0161478830473,1884.1636951072164,1856.512383988561
W215,2351.334376614486,2364.4502092470525,2361.464822386918,2354.908871055244,2360.543649701071,2360.0013539892097,2348.119806725372,2364.5155840426487,2345.4721691942304,2356.036387369395,2370.491241894542,2393.2402562043562,2361.3540717664387
W216,3155.3147089322765,3172.2070882081725,3171.176262758551,3154.731225846461,3155.298546452336,3155.492132168614,3112.1053424656016,3150.5728724975916,3145.9137506012653,3171.459591814222,3166.1677246316785,3161.6689584012847,3161.7531761921123
W217,9863.346336331695,9261.000442068289,9518.359191232401,10092.086448257203,9792.74671025791,11757.258899240604,11221.737136291753,10820.45521495814,9235.68535823094,10580.928239042085,10515.424058336092,10229.758728656794,9967.144219285236
W218,9934.223338299129,9699.266827097612,9861.797967909708,9949.79296866745,9745.372127787947,9588.035478747803,9914.409727780803,9847.536900792184,9882.378894420082,9882.229066467367,9897.666405433069,9894.207103293815,9882.616204623786
W219,1043.023325768854,1042.9620965381446,1042.8972072048273,1042.8323178715336,1042.767428538265,1042.7025392050198,1042.6376498717977,1042.5727605386007,1042.5078712054274,1042.4429818722779,1042.378092539154,1042.3132032060525,1042.248313872976
W22,2885.1890432984183,3164.1775300329823,3321.26289713082,2949.28736865722,2560.0582207457633,2694.63986776813,2224.0411022217736,2985.779651288793,2742.1835134170797,3476.5337528194527,2471.4520567673267,2576.494352262668,2852.9389175693323
W220,1771.0458262497502,1792.2028989891196,1794.0004106712988,1785.7927473616721,1796.96807188834,1785.7035873191317,1782.4891457155202,1788.4174480201987,1789.3120742022759,1791.2998859705988,1788.369073301215,1785.49251663971,1798.5447417425066
W221,7808.309717264953,8209.976254417927,7839.572613189722,8033.82107264335,7837.173587733657,7671.332965683683,7962.859951033081,7277.06505621534,7643.010768207259,7589.086699678722,7565.807866808337,7608.674170895593,7402.7875093769
W222,8244.683172632705,9031.315286930889,8661.549873587544,8215.728843613846,9131.463152392527,9331.688721975568,10062.914075084234,9665.877619633538,9535.070115252356,9757.41718148247,9235.602961999708,9470.60084898669,8788.832707884332
W223,26128.104446435864,26791.76971112856,31300.323966174252,29746.432347155776,32665.47480936148,31335.004636296308,31557.043464425817,28358.760547619975,32893.459733501455,30046.069176273104,37741.67665308433,35276.646480460804,36155.00658687795
W224,1726.9797754373928,1673.7015272276544,1783.071357668428,1706.0816555467152,1747.1810891933496,1737.3178596799248,1730.0537515921021,1757.8537994346775,1794.2034223490607,1748.868411597065,1818.8294126332346,1758.2610374770388,1826.6605602131488
W225,2037.752045147221,1912.5352413232547,1846.4001862225032,1928.4213621696456,1940.229681883147,2026.9626119253462,1992.4451836188825,1967.2411256649875,1973.6114329342874,1941.6619692738814,1971.530053513928,1937.2218191739926,1902.5715674891355
W226,2853.950363598395,2919.9468385164273,2916.696762114687,2904.3830845949005,2919.0975860406725,2881.8866350294948,2890.14962301058,2826.2836415303605,2829.6833650544227,2878.9688090133945,2842.746083121454,2842.7287864431178,2775.2085817368775
W227,1340.5679074592547,1301.3455287535032,1367.6581126505594,1370.1647078386563,1345.3118937664701,1366.3290924569594,1397.2025417013156,1393.0219239464682,1353.9994235659303,1390.0635709726967,1344.1688237618505,1332.2386941581403,1337.336360349448
W228,8032.877159882613,7975.853010022879,7859.296477916975,7766.619191110924,7918.982250202697,7720.400065988279,8020.256002028149,7576.549606890139,8087.380630447542,7960.095709458884,8190.571149135759,7773.841865175802,8218.048426329688
W229,529.607499467701,502.9969024423276,499.1008969105742,494.8516850289884,487.44364489371173,502.51825525658774,499.4591045910567,510.9598608581249,492.4432812748351,501.81580249511,478.10688949222464,501.9076484190985,478.3780734373864
W23,702.1512643675057,784.5396205277236,751.755066201201,729.3595793343549,857.453040117667,918.6606849928083,764.2089355453912,999.9430555192773,1107.8508074214237,863.3036959563312,959.2992605625578,770.6901886685233,1030.8075874940323
W230,3330.105543612977,3291.2490318526457,3417.2506213317706,3418.1602135213393,3419.2331087427992,3477.75814511907,3533.71009912428,3475.3322193518275,3544.8170797430425,3494.837770956377,3590.000555835124,3583.871782807902,3909.6367322655387
W231,565.3746637389029,621.9034596419655,609.7038952291894,599.3190172013209,671.4955962921443,640.0139629657809,632.8922439845737,647.2489117552626,614.4743878023197,626.6988105441426,674.9015102853286,584.3448119971061,610.2839298168141
W232,1889.5839856080522,1927.7825299479116,1916.9276265156202,1948.4460687669641,1975.0536678882356,2021.2562209127077,2024.737475639086,1985.075696636057,1962.928459301601,2035.3700082989244,2032.1562008980613,2009.6574887155314,2002.998139401509
W233,1019.809700929076,1044.118831879437,1038.954864478794,1074.1207362440307,1069.097066631472,1038.0326036606953,1082.596402973744,1079.5722362629244,1072.7118498807579,1073.7232678136609,1119.1199612316407,1058.3570994485506,1080.0673948799674
W234,1848.7832750591847,1782.9546446423776,1975.0636902990204,1742.4914820710587,1917.070366039448,1824.7896989993221,1856.3730937319551,1851.846135112995,1878.5294154219357,1816.4043849355278,1947.1332346804659,1813.6056990345555,1900.9257447214254
W235,399.12987615546336,393.48583037248136,409.8757415906639,420.542405055877,411.0293877667168,413.8202233218768,417.7709577183181,414.3246933042684,422.1375619482342,411.0931183853382,432.3920992757579,393.59978571668967,400.49311745054337
W236,3256.622615440962,3857.989381147431,3078.53474812155,3886.3777892775192,3153.48728336983,3919.551141183909,3044.809484895081,4014.1926749526037,2960.8042450231046,3982.5581542637933,3005.0000616025836,4159.660542795777,3159.4751729056698
W237,1068.4997631649328,1088.1959222139624,1060.2650339106724,1064.4783410856867,1076.551619406806,1070.9469390570912,1129.4562219422594,1103.3241919126522,1042.532637419061,1086.2488320643354,1040.633102944605,1065.993283954146,1062.132584244981
W238,397.7519114452375,386.2202834384963,392.5494279400552,407.82424411818727,400.5010077697531,431.27990696331676,402.23610265464964,422.8682372504947,420.7307248346796,465.92832575399666,414.27130790629866,426.0861722488216,422.4583233238098
W239,3796.7635768187856,3911.342832392571,4006.0123569291145,3884.1731078567555,3909.239775927789,4091.219155199445,3980.7326626640556,4180.501938016,4096.95789019993,4201.549949057929,4121.865016273911,4324.502940212771,4126.970966993165
W24,7606.18909187148,7879.699237338078,7745.522236164116,7271.402131357616,7329.148837648073,6373.689812679302,8583.045165392869,8163.068093658601,7538.330877073277,7365.763076427607,7844.705089352937,8206.364405206568,7584.709499274632
W240,2593.348819715097,2609.480859223104,2608.620836663628,2564.8985647584386,2620.3176686547213,2566.061717333495,2647.96772567351,2589.173149783931,2628.3418609050573,2687.6242729954247,2608.683511318964,2862.872790902884,2564.8601319145096
W241,1007.8530121762643,1040.91972558187,1047.9147297985824,1063.5884692123295,1089.9829004826388,1068.045206248005,1112.595719937708,1088.6180038749844,1088.550158790222,1088.2520074841145,1087.793335394679,1096.552013229142,1111.1340406435888
W242,1510.6731327392451,1575.755523426736,1579.5266754003121,1721.5543736274876,1772.578274539091,1560.1312858062647,1976.6147154647472,2236.208178740657,2019.8550147210638,1758.4338411397434,1581.9214229755773,1513.8183355195108,1565.4364066585154
W243,1179.2705244941021,1181.6742125619262,1317.3452671094938,1146.2039834524026,1185.980223686698,1175.4594384282182,1152.893253437724,1206.702677357074,1133.3486817131836,1138.2753733935783,1183.435469077531,1150.6677737522061,1168.969392909878
W244,778.432033253842,779.5973863524007,774.747673669209,770.6194459858457,787.6723640096732,783.6545640600622,767.9067770023529,783.3985180471847,777.407522978939,781.1971500781563,778.3833080422374,772.5103537784948,782.692813809692
W245,2264.984817289233,2279.497337105933,2285.892327006655,2292.9985716364,2317.1214756001086,2294.8535034102338,2314.110965636272,2338.5889608473603,2260.8340889648034,2300.2345988037137,2356.340805638317,2346.1188449965166,2378.506718094715
W246,1097.2935624363618,1073.6628926218273,1033.9371052319307,1099.1281878250527,1092.7587536023132,1082.5245992394803,1103.5209627247953,1117.7759798036343,1078.7883052743905,1078.2389856965042,1093.1102032379843,1064.5764159541393,1099.6971973495965
W247,4135.412433551928,4346.915139305441,4150.008197639686,3943.8283665667377,4125.810263264014,4073.427755905174,4199.917599346728,4048.214511542451,4210.75026170096,4108.349010509572,4367.925326660668,4229.436913357373,4229.508393358187
W248,16193.179706833313,18240.707645147126,17991.595996219952,16577.691964058904,16846.121610171936,17991.96150536942,17938.14599266112,16511.713538069504,17001.226853332777,18164.679045276338,18019.854405528262,16750.57465154377,17056.60620636581
W249,20987.475318433942,21187.347379176324,21201.055097292512,21218.120676681265,21235.199992757247,21252.293056577502,21269.39987920805,21286.520471723732,21303.654845208388,21320.803010754742,21337.96497946437,21355.14076244797,21372.330370824995
W25,1395.9718669763936,1428.4070012764805,1288.7643538260882,1275.307137351562,1046.3369657630392,1518.8163937979787,1209.706850386055,994.99218780478,1182.609099353951,1243.8887483992985,1686.50762489033,1358.3393297263394,1427.352629872878
W250,3500.1369799858794,3255.6995114271663,3247.426138320937,3370.965213481579,3472.410033568855,3469.4065694053616,3252.910541430196,3304.337439097854,3472.35470124084,3588.1992438465486,3349.7787034163402,3387.7582650252234,3531.4582837101525
W251,6745.3625302077535,6795.851546743886,6751.666934342973,6790.478838150961,6729.429727912604,6709.427827888018,6762.116500980497,6762.037872769517,6812.328184011266,6766.251679836514,6801.28559495977,6745.8625941629525,6725.847451537005
W252,8801.553251147338,8711.668452293876,8521.26867297126,8400.646123814266,8853.611662840567,8806.451013151584,8513.47776458082,8375.92487328351,8707.287559980963,8866.131599350827,8832.273312141931,8711.605914508264,8683.387669319
W253,12510.153397998032,12351.115553902946,12304.79379366776,12285.861791790414,12531.116296938439,12371.821942521308,12325.425447101696,12306.462897421885,12552.112997496655,12392.56173525402,12346.090388799785,12327.097243959373,12573.143552039193
W254,6032.392270056922,6076.626141985355,6175.466741614225,6137.728968684605,6053.56424409316,6148.5719652414,6291.920371733892,6173.072360791072,6083.569828885052,6120.533659892567,6285.926026164123,6159.728531849906,6136.007789642346
W255,1930.4123804515286,1928.6668634389262,1926.628942884144,1921.7423269744263,1934.9575204114183,1933.2120033743342,1931.1740827909432,1926.2874668125032,1939.5026604349493,1937.7571433734427,1935.7192227615092,1930.8326067145063,1944.04780052197
W256,2814.196182812041,2746.313032607297,2873.796357539854,2870.918837047967,2865.0067056244516,2925.5987214076763,2642.763168758993,2710.261314776817,2703.170060608928,2965.0213394842135,2671.6245408696423,2712.5155513777127,2873.064908622755
W257,4021.7116290506915,4024.637514719681,4027.563400401358,4030.4892860957025,4033.4151718027038,4036.34105752236,4039.2669432546577,4042.1928289995863,4045.118714757149,4048.044600527315,4050.9704863100947,4053.8963721054656,4056.822257913423
W258,2109.351307207593,2177.9419810189224,2155.045669031747,2138.767202160844,2161.7022470625952,2144.045899418639,2133.3973349451317,2135.7321861297196,2133.930960790873,2131.8148758887105,2121.2862327403323,2176.093957041716,2145.241604124682
W259,7778.13730742544,6941.879566100839,7888.853640634036,9094.943932594728,10474.489223493129,9105.579907578353,7956.767226607857,9126.364086384874,8646.312739881972,7639.696094175763,7947.860164301984,7900.413249853188,7971.677483007035
W26,2828.734588016961,2993.558515863859,2792.739751815761,3037.7039735160256,3044.9524219826053,2857.408541098538,3412.731902941328,2689.819991194808,2941.7130154080123,2870.4359373301277,3101.134825231199,3312.259799901192,2897.002086200508
W260,731.7323474225246,489.0638706333989,755.0613499290474,475.1752764052788,912.5356245713238,488.92993534315076,509.7461196690698,358.55119489102884,415.3274889224978,438.64452823325576,497.2297737976863,407.28434841921904,359.848374414415
W261,4731.392874935303,4750.349847038667,4731.876833422166,4853.590770475469,4722.46596279166,4778.275500186101,4794.909614355777,4163.669014878962,4111.76829345028,4687.361569884476,4747.7541494592415,4695.056704218092,4777.174847588683
W262,4382.310081648997,4389.683398236023,4397.069120488536,4404.467269279021,4411.877865515128,4419.300930139639,4426.736484130598,4434.184548501366,4441.645144300602,4449.118292612415,4456.604014556391,4464.102331287634,4471.613263996864
W263,2324.6696073595035,2366.0563981990267,2292.6448504337523,2326.1233371997314,2266.391761916188,2205.4147616738423,2292.138747424233,2264.9235763334023,2212.301427400105,2352.73217923761,2353.5970861888327,2384.0665626147547,2371.6032311200966
W264,3305.648557720771,3760.848938179334,3831.410922197938,3904.040828696818,4087.292799479499,4051.6857644176803,3895.6953883295237,3876.314555736614,3955.819380640779,3867.235223078015,3993.850652695991,3858.0021695722685,3951.126454201558
W265,2131.916440182327,2163.4784345286075,2121.813184501289,2177.669265616387,2118.67846038429,2163.0721547540957,2158.5383724081858,2133.768654035617,2108.4423773891426,2229.9081962758496,2130.26475882679,2098.047087332903,2172.8222175035653
W266,2150.6308198803804,2131.1588978332907,2108.2492348338096,2127.923047229815,2140.774161633485,2163.0533640175386,2139.1617657242946,2107.9888782046964,2090.439463571813,2135.951238606254,2225.044511180608,2071.622778821441,2145.680139222411
W267,3433.0952345794835,3033.4029317989643,3031.357836136761,2773.0607690844886,2702.568268592322,2515.173088294191,2647.63825014404,2624.836375500271,2652.7098745207904,2553.5311983348056,2627.814610230696,2702.553608527234,2592.7047733105624
W268,1368.2035994931405,1444.5048386014814,1343.8571420494704,1377.3215156264514,1257.7620284540064,1353.842639920937,1268.9312437222945,1313.870447981508,1303.5465590758445,1320.58643616064,1306.4040279021892,1243.9515857543126,1313.4717722052444
W269,1347.60847686436,1308.882263514661,1304.398777883054,1257.1047038381444,1290.3619152448582,1238.064720464808,1257.9137190074578,1298.830214908658,1327.2505461834453,1272.208548547758,1290.7999639056425,1335.2139559448658,1310.4951524139456
W27,1865.2930188606322,1972.1176407722915,2361.1054648192157,2347.525376798945,2120.403958252996,2556.0700502909835,2017.305759902362,2497.343456568562,2078.882903907535,1927.5534749085791,1703.7291668441528,1988.0509499487716,1837.3435223457982
W270,8103.286520991407,8381.32627673615,8022.859303261,8290.438621107496,8136.575384061382,8248.716960673872,8169.461319098099,8151.801142726177,8263.6626191316,8052.166877326861,8173.513439420075,8225.006025242777,8156.1299515611145
W271,7623.700757157776,7984.022390697169,7932.717685049572,8081.974463036292,8154.8763726953475,8123.524103847712,8132.701230266214,8232.131783520745,8250.716073202455,8342.049012067531,8043.2992300289125,8192.102987396353,8195.627147574678
W272,979.0920721438041,972.3970184116403,979.004443290405,971.998692982261,978.4598874370395,968.960143827597,977.7715884866734,971.063933768957,974.7139380977318,970.2970837440713,975.7878974083326,967.7873689330289,975.438795532588
W273,6531.584767106561,6420.024591392217,6462.709935675964,6456.84289827732,6456.433458070488,6450.444284817256,6446.408194963268,6451.50133041092,6467.487322784272,6459.351390916445,6442.848870769625,6474.986782424093,6424.336545942486
W274,821.2653655594188,813.1171567018145,857.7301832561375,822.5930538042146,808.0920796769732,847.1918721784452,834.0253540656227,817.958371671905,837.9100747290548,802.7483810778905,796.6220690571466,843.6506531066748,817.0379047092267
W275,8755.570240348221,8640.549052597593,8766.298655405482,8685.083849555796,8694.674323102445,8456.145575923814,9093.76019995093,8629.264083171875,8731.861078598655,8964.712582290556,8883.772133325641,8708.005900458575,8736.462211796019
W276,11185.512079681137,11422.19142490421,11383.589094086263,11468.677629642505,11452.76856108664,12761.512637342097,11394.726815187547,10772.695487444438,11721.775969349963,12454.266392402702,10845.05137806455,11695.595933725754,11723.024273246156
W277,3085.505592496157,3064.92138945541,3040.1942529541757,3095.310426555545,3044.3823492849033,3039.0265829808995,3086.953706196677,3058.07251532656,2964.7746593420256,3048.159725316741,3046.3790357583252,3015.5629760048105,3056.5367678018156
W278,1298.566853611754,1372.6796666265247,1379.243678179508,1364.2418664767245,1242.3275855043935,1253.8500300734968,1229.7198145007915,1219.5462752374247,1257.2236034953564,1185.3515306939983,1260.9494833593185,1221.8447340563437,1212.1541545876835
W279,1321.0705099637014,1312.8024933531674,1357.6263247748946,1413.0968577566669,1408.1074493434903,1409.3639983633554,1372.7156399318922,1387.2937482770628,1385.8766113957881,1380.3582837075494,1390.7516493284684,1385.1753188294724,1342.7870303158772
W28,3183.4088244439217,3060.595914183198,4770.6136131511075,5160.346667851428,3554.0290066159937,4961.043113409219,5048.736604683172,5318.810019450249,4674.316596392304,5345.256503200735,4894.648076355002,4745.799434982272,5256.335442147952
W280,5436.114621675411,5428.081579900193,5426.304370311724,5406.599577774357,5449.644276465787,5441.5977990806,5439.817616151355,5420.079835292227,5463.196545478279,5455.136620982875,5453.353462167053,5433.582664723008,5476.771448057023
W281,1717.398985900597,1595.9326300904152,1778.7630475878386,1720.385843624268,1648.9410921773838,1667.4390005950172,1703.5764774976542,1611.5015390818091,1622.966655285715,1609.5882492325247,1568.9528209009263,1587.024179147696,1680.8758243565535
W282,2099.1409977599424,2064.675480943252,2032.002341462501,2056.3223570186633,2043.6901657239796,2042.8782974251696,2033.528803754115,2047.0611106603658,2063.024031058073,2035.4373336002764,2026.929005669595,2024.3732807578767,2052.9511311367783
W283,344.6379349101214,343.65892998616596,344.0422962019008,343.82527314584155,343.6083566950079,343.39154681191843,343.1748434590993,342.95824659908544,342.7417561944193,342.5253722076511,342.3090946013397,342.0929233380509,341.87685838035986
W284,562.6493662424252,557.1630758112223,568.4216390909031,561.1020768583849,575.988022868541,562.7944978296072,569.3883494346803,563.8514406561027,527.3984076266796,555.2545228520227,538.0327380084851,360.7832054350743,540.0780019245134
W285,710.3163891391368,712.91076380217,544.2659586358686,714.1660706065695,538.9835135386076,724.7297920095752,705.5652492252649,694.4547362720339,709.8810132907394,716.9315283795537,712.4314155198323,722.1671621765213,252.00873031747088
W286,10801.87484605467,10776.64572442145,11005.979769150088,10590.885309174431,11044.218305279188,10812.279041234397,11240.997284743318,10597.680972915929,10974.205917371137,11067.651938014928,11219.707599209218,11153.758147110504,11256.851319999174
W287,2231.142420753173,2243.954537615889,2252.618878588318,2255.851619533026,2273.0289853198733,2247.9469085545766,2243.5862892964037,2259.293769245525,2284.1161898063547,2239.0615124526557,2242.202400427304,2261.139866472287,2247.916916714463
W288,7825.81771273296,7831.347395325064,7836.879937867902,7842.415341299183,7847.953606556761,7853.494734578595,7859.038726302777,7864.585582667569,7870.135304611297,7875.687893072474,7881.243348989717,7886.801673301755,7892.362866947482
W289,10088.533718541383,10029.133478156602,10024.087608743905,10079.92266906092,10056.832038667097,10151.186818387907,10254.726983747598,10367.170390196336,10352.07652171755,10355.14656641016,10380.474890005838,10382.072199261816,10383.61003922122
W29,796.474053972496,798.3939846577013,667.9345826028284,714.0381453584221,692.6280563380841,696.4768406006336,646.8483514191236,766.6516811418592,605.6708832667915,782.1783067004425,646.898138041595,646.6114702609084,679.1795856336138
W290,16887.23698755715,16169.175577292022,15453.653166724576,16346.879715787856,17374.54332669311,16688.72876484081,15855.027633934978,16595.37093649993,17912.680533594783,17517.817199985137,17175.928952771286,16597.97842801711,17321.615587175052
W291,8860.550227088366,8788.005082605583,9043.730635343847,9265.306487004973,8683.17009575584,8888.14580703877,8736.79104558335,8418.269604358713,8282.7064084234,8592.84796940472,8577.303134725114,8901.163478154707,9347.083882738361
W292,19219.69385172895,19700.66005636567,18813.091731832912,17866.376258199176,19100.12940943093,20220.734905974343,20777.890438102753,20936.69723594358,22253.702509501556,20779.281464134383,20683.87283868432,20404.643200985527,20310.55807596699
W293,1795.7194217869373,2290.513736234233,2462.95400045451,1889.2068250933298,2036.9940026160662,2077.340076173044,3969.686149727115,2521.150929514802,2390.7067549897815,2185.6272088576916,2720.8859036811746,4110.084449523369,2472.582915190443
W294,1588.7066775103913,1432.02913565096,1643.059677780169,1542.5240668562415,1599.911799683325,1592.352564125345,1605.24691648641,1648.413697891273,1684.2089408073532,1640.8440397426646,1903.28907733409,1706.3878778986837,1689.4042964965377
W295,3008.5145045490467,3017.3101329165725,2998.5354929176688,2981.817474053356,2917.497842455945,2853.2734843529975,2613.555161883136,2615.2582730883796,2246.3170263946326,2200.2928598315457,2203.746406943166,2681.125108877,2623.55220889144
W296,2724.996564462955,2771.5242352540436,2729.970047255473,2862.1035571574835,2878.0114305958564,2833.749296862716,2973.290738766371,2930.6664318137196,2720.1672279213467,2656.2986209689843,2849.6479156758774,3292.559864327548,2783.4301249074115
W297,4817.817412901221,5461.957974020362,5156.705375188017,4051.1526352909314,4129.616897230672,5128.316489282852,5315.212089043413,4129.343466074582,4066.6043508605126,4442.455938066189,4729.277052055788,4449.99679556898,5240.729865858419
W298,3415.5062592328486,2939.988378187083,3581.505254901433,3410.201623192321,2815.8588477297667,3043.0524727943107,2928.541611088866,3327.5785258482656,4190.832283007466,3035.5932168187346,2582.110777859804,3248.928174052074,3994.327305519458
W299,3203.08929488297,2965.11928117545,3277.372090918505,3559.540412241107,3084.107552386252,2736.670468250081,2501.786841529402,2767.8919298690366,3559.8461899200356,3255.8229114076457,3043.146273463792,3123.691206124879,3260.245723475404
W3,9744.38872206334,10028.613674197872,9742.58330902837,9583.697974180297,9606.777408207305,9953.036207734222,9669.024834028967,9531.852267316013,9579.515510260577,9963.202549846894,9819.09829346024,9612.163991958441,9636.915451831208
W30,4125.885875315891,3691.3254529548203,3903.989381594135,3975.9394209518914,3677.891748532882,3770.4691713212096,4354.195986466538,3805.6973888744164,3713.052793532485,4741.345179394003,3659.7396063927413,4400.824301793495,3872.8743061090604
W300,2035.9292280879106,1658.9570187824033,1792.3715388672636,1985.488512201574,1827.3329352598555,1736.378774280231,1732.0866135141932,1637.2728075505968,1441.9838419359096,2247.575030558347,1682.6754882366492,1720.400745476067,1768.0680488417484
W301,2420.185543622756,2729.9204286126464,2275.5019022860615,2389.319364256754,2213.9211242307388,2272.678030687375,2300.871563497085,2103.589833683849,2396.358600278263,2576.429963932014,2148.4902725204056,2627.547491947657,2383.6704408222845
W302,2599.123715626657,2463.4216081671443,3193.5303109406786,2994.6255051779103,3031.157457042492,2716.049426970306,2458.4482947059055,2739.3070136869433,3256.8488628894856,2822.426691733177,2940.188306235168,2752.554141705647,2909.6011500738
W303,5294.708681572995,5367.321622054657,5604.756620137839,4941.672310613637,4482.593456088086,5901.741186901059,5131.255949990247,4488.049492600549,4943.853574625638,5584.15969404974,4770.582659921552,5491.300517401853,5927.8034061583785
W304,2987.098278300067,2469.280931728609,2453.626799807849,2643.612987723765,2830.789536503768,2606.695941347741,2814.593998999706,3213.3558549726163,3122.5149032469567,3560.067794828485,3055.109843705245,2858.9734069060846,2457.540987711119
W305,3245.965596390269,2949.4123278745865,3490.9978728996266,3745.8685920405615,3228.015583753691,2880.6143354971587,3294.0336844593944,2962.0912701735806,2931.4856440051403,2922.594266882118,3162.9977630079516,2817.5281998922655,3054.442968622322
W306,2558.1136756271476,2041.1874313621718,2361.64225769549,2431.6903449798265,2363.8238044139425,2276.6876629614917,2430.1322598007073,2428.6347958522224,2430.727131192393,2196.9462976553455,2506.5600185382245,2011.2886612679536,2211.4763002681993
W307,3302.612042494272,3432.107196523128,3211.5066461071037,3243.9827769287162,3295.580922463735,3517.4464271420115,3316.1413242549825,3398.9091570600153,3520.878504490795,3199.905365931711,3301.2656670164215,3629.0653929376845,3039.2188635742227
W308,2240.905253056173,2294.8293609651155,2170.277265500974,2313.4282001216934,2464.6049573618407,2202.1332409272995,2082.921353847482,2603.9521352949423,2357.8709838593313,2314.559348523254,2135.3503233620313,2175.8029168172516,2587.7398099515867
W309,6202.303809035894,4764.738814098434,5472.938456517891,5383.501901592727,5243.516632946452,7569.3570337562705,5840.961288008448,5774.9252495013625,5639.280778960133,6948.867724552875,6588.899840069078,6286.56043739956,5337.6350404571185
W31,951.3021888141593,1060.268281626671,875.2966097736752,1055.615879980117,802.6175834790301,880.0713310503413,1117.7028988695533,1074.1239955784094,902.221268871713,888.7991349654984,999.409659834503,1022.087675973388,1048.923476267904
W310,4261.979933906041,3976.2634012621247,5050.403145336966,4470.139914168215,4077.019244456138,4384.841967928226,3539.214666439047,3429.786168405636,3880.5401035623813,3572.030785676984,3318.3302025655057,3982.6106969187067,4495.928161758154
W311,4912.546652269035,3958.425154482647,4822.631495119193,4229.8666568442995,3888.7931551641664,4047.559196259654,4590.876780423407,5005.530330642765,4056.57093743479,3738.527753999778,4145.613712969261,4845.35654512118,4510.449475573913
W312,4217.799197747463,4681.927343202198,3806.268172875696,3947.4514035405896,4365.9171063672575,3751.459209119798,4555.008109543122,4321.981469924589,4038.976522626227,3868.149228655794,3532.205746586323,4125.867608532037,3945.7754227293826
W313,2097.2745846124194,2124.975643322473,2125.52906417348,2120.793578903795,2109.0017357468,2103.136253493298,2099.3653984170546,2101.065879834218,2096.9048493191385,2090.678979935559,2079.047041420959,2073.261113730251,2069.5414087092627
W314,8565.305924203232,8384.039282532902,7872.250097255714,8382.27294831451,8416.941242986833,7277.558637755941,8287.133761546223,8277.609173425351,7397.6463480284,7881.6814397018525,8075.866368508763,7601.352613951334,7549.127151635203
W315,5362.523934852902,3962.5156527390222,5911.551310672616,5068.767377198984,5475.808017966572,4914.4245600231325,5265.218591972786,5032.922320020955,5333.414854962813,4999.06541270721,5788.244471990442,4809.5623741295185,5107.136111080082
W316,2967.445315656328,2690.5466606829077,3052.3115888982284,2832.54645764976,2216.33636296136,3118.098584231282,2863.3618434118166,2498.5649700923573,3037.1144806334264,2765.2631764305684,2866.4351812387204,2963.554179176056,3398.1091752382904
W317,4562.174263212669,3579.627691398687,2486.375451353243,3592.127839211698,4322.943567159387,2847.5451727201025,2580.252122241528,3665.672667739022,3984.6187999053345,3365.753478537223,2840.660520118948,2763.8018429731665,2414.3437639991694
W318,3910.4087547624854,3134.999472694745,1719.9400779158073,3462.0841877341795,2874.3149021128193,2972.3067985605044,2786.0840584630173,3300.051633146625,3208.621922942766,3192.762971324727,3409.3449425007148,3448.4731890927847,3660.793730081234
W319,2202.2816834047167,2149.802372938682,2049.9217535087596,2346.3903947156427,2181.5881507924414,2296.612286768047,2496.7494596307006,2160.589823695097,1963.220733053984,1949.6521234950735,1950.0721095272663,1880.2743212871178,2082.782228306799
W32,5566.564886839983,4095.343265820511,3937.534459560769,4332.559924589421,5581.44117717394,3976.4380877559024,4205.1863586916015,3905.1269278665663,4411.355122880101,4830.970350781954,4673.753394464623,3741.4803244495924,4078.0305828292376
W320,1707.9527310486367,1943.6518779435587,1930.974408475123,2093.1168512183267,1938.2971890602703,2289.381361441606,2379.261520030024,1813.6706257918108,2045.944905136909,2223.4649736931547,2492.9734140230735,1974.4361668896956,2505.085757917067
W321,6399.350583264166,5100.120872769472,5740.424303189807,6436.147746553015,5921.6949404059515,5824.894015822726,6879.016160246095,6418.076627357939,5658.273772037437,6002.599238092266,7381.924254732636,7270.024096988572,6601.296763887878
W322,2534.414980686228,2389.597991919204,1996.9081479149245,2267.9960561955845,2323.4678963822985,2161.942764645261,2543.613496094306,2784.04462711772,2106.7865721790204,1941.3099182335122,2126.1172816749786,2048.2375435798945,2068.712060311457
W323,3752.4129670325306,3741.169926689933,3787.908122341781,4636.697712271807,4241.419284674068,3458.181249770182,3159.584433677023,3341.244729761007,4138.603185492839,3912.6327169807496,3718.772152077119,3893.0474139126127,4323.361480081544
W324,2097.729997878069,2264.443740071314,2838.57478167314,2343.607788410793,2586.3338104575787,2477.540365712332,2055.875961686451,2178.2303250812633,2216.5193947872194,2259.9197540893647,2519.81826862055,2239.860035348355,2168.5754898132845
W325,3379.3969221459515,3379.118236603522,3847.904038477923,3708.036190505735,3366.98933728231,3066.781905154944,3825.3818874751114,3739.245905913836,3514.5076019888133,3588.546320911094,4180.554800592499,3384.6926890317204,3725.734985971999
W326,3627.7870063926384,3149.103128846273,3409.9062964442787,3723.019036120901,3435.298960621527,3143.6559280412193,3480.799989983983,3507.0538756943456,3190.694205044432,3335.2994253593033,4125.660367273291,3830.5139304565787,3824.0237302735036
W327,9223.54608740371,9070.460884760081,9059.933203140748,7936.293126964869,7563.639916951633,7343.838206612645,8032.504087580052,8697.250399320734,7675.968057750236,8519.964296810835,7845.435105511401,7188.983425898573,8162.579996771341
W328,2460.3727256482302,2278.34946381061,2056.0015830167563,2460.4183631378187,2398.809132031877,2076.2916847414012,2360.148208843741,1907.0154885191353,1941.3789558745486,2049.5165451901084,2518.479108566784,2392.0836920729375,2251.149926017089
W329,8318.085602371544,8205.625457633412,9690.678118691076,9058.651444227593,8136.882168221562,7990.929041137815,9270.78279630246,9020.924838891473,7354.9029424228465,8095.998076099366,9289.184270849462,8630.194041330877,7780.557251576977
W33,1373.2682775601083,1499.9541773841124,1634.7222472396047,1510.823769250812,1564.6034470039542,1536.4764658885374,1673.3756056602356,1417.4584552641816,1471.1922585636437,1572.7436712170054,1626.4684392854301,1460.489568251547,1521.1017904453547
W330,2973.584240090526,2723.004925597429,2674.8338234013277,3399.015821188428,3264.321616566613,2964.454078153118,3701.1082051939966,3377.4283392454604,2788.7008058420724,3137.101412777677,3181.4836700313845,2973.6393865579257,2702.7144071717958
W331,5661.4745767817885,5920.210939832814,6081.729720776445,5151.77283707892,4506.85858312709,5058.514242021008,5521.058856691433,5455.540473344838,5672.554466935395,5247.422515625463,4667.187363967176,4991.440705538154,5426.863850914438
W332,3136.91127578047,2715.134983186088,2952.785416033075,2850.241744727595,3651.714773769245,3470.510304501899,3040.765228016241,3930.275913051952,3602.3595430473697,3418.927053521641,3134.6314271097203,4084.68998709936,3831.419543538768
W333,2597.2125811082765,2143.5286781792784,1592.592456085278,2277.5917789697614,2606.655988164497,2185.0736028999913,2153.507576251529,2275.603635603539,2390.7175310063835,2337.8847549788825,1904.6555676276676,2254.1840322326816,2700.2045578873744
W334,3522.7772390210025,2726.2747631221787,3128.2096195913764,3036.2217774891806,3492.9455830619804,3419.1019465307427,2796.741605610278,2598.924105444468,2694.747637043076,4210.670144668395,3393.3601918376535,3307.7009015390477,3139.969011067238
W335,3814.14239618898,3415.236410245135,4250.241081749568,4289.769975265842,3873.428412329769,3507.1172836845044,3600.8430058418894,3911.9175746686365,3311.0663679146865,3554.990643086981,4104.769015763028,4153.719832946409,3939.9904961944953
W336,1238.145444708665,1288.911480123367,1692.7503627194096,1721.454989446976,1269.5785748246403,1352.5508249429452,1873.4404984963096,1443.5048219869875,1441.3668672876452,1380.3334211676963,1275.7392619379943,1427.2178534918926,1675.729684111342
W337,1451.7009344357384,1418.77690396535,1891.9985428723735,1553.7949600050626,1676.161195743892,1388.3255834268734,1524.9466337554247,1980.6522114350068,1712.9252026424722,1587.005545334601,1563.4984995762682,1570.8928108312382,1643.2022511908433
W338,1823.5520527363726,1857.317598312104,1954.7164830742659,2032.5558735894278,1837.1168315936964,1749.8877496617552,1736.2629818023747,2177.34918000402,1964.0497099534225,1721.475629442512,1800.3007109760008,1855.82499398194,2047.3866527515258
W339,3715.1178809061175,3690.8180458332117,3987.1872328165823,3538.84220931765,4180.495634612462,3588.8935543587595,3413.2641391001525,3821.662512074039,3170.5584664562075,3231.8254324099726,3981.0943541550996,3726.5435353506628,3648.1745997384805
W34,1304.8013895365032,1367.731521857855,1325.5005348873044,1331.6989813104424,1713.3289449588337,1264.0350256620484,1186.153942273164,1216.7436669847527,1261.4292998433314,1214.9394138571934,1564.3622581511738,1565.96000927099,1372.8785818967503
W340,5938.973812869662,5658.717779867308,7490.380557380365,6713.429487149151,7053.342937498914,6708.449175129147,5832.365505408267,6265.265651492071,6480.001151248007,5914.206888599401,5291.5010409241595,6710.723587783376,6379.713991867064
W341,5317.910910229869,5113.108865750508,5165.334326321336,5095.114143552913,5201.077788272925,5202.262549084929,6113.707458874968,5600.659517063949,5274.847441990918,4931.521677566974,3887.4079670520923,5567.428006419816,5690.975888903612
W342,1346.1217341720057,1130.1017304764587,1380.9594976217716,1281.223490628439,1180.9191500717584,1447.9322483738804,1287.4842803007805,1256.107646215324,1267.6356714520434,1236.990534734884,1436.9675997951408,1325.4158272324062,1233.7931994118946
W343,3445.1181694365287,3426.201321880867,2871.0464129421025,3273.2883700186167,3810.764163129361,3344.451565931885,3039.450377568947,3467.2162310801787,3811.182144538483,2905.662890771926,3101.2174417901824,3943.0719676770777,3302.747326694925
W344,3348.3100645284007,3293.1166429581126,3535.0426303816685,3659.1875842950735,3599.0555290037105,3808.5172858788724,3487.5327182412343,3669.2679616212704,3601.3626581936865,3610.7973597953705,3944.209157008878,3756.0537829405807,3504.044755364298
W345,3083.309567757511,2649.8423047191063,2934.831655191063,2659.254629735533,2804.977890666259,2946.571419646443,2909.922452074415,2605.568745233576,3044.6675401468615,2454.020306575585,2805.151743932239,3042.840380133593,2352.929426870851
W346,5342.762988426214,5816.754608692156,6156.363859587786,5495.171054937627,5858.503051777735,5259.883249339247,5014.041764838307,5133.346584201181,5965.51001166497,5823.870991120718,4747.029139963558,4569.248714847891,6553.099429876104
W347,3381.6880260879516,3204.211611866162,3303.2641895823153,4266.673934312118,3540.994177113294,3607.954148963025,3119.0240798239192,3494.022460886896,4089.2474316913112,3695.4734286136695,3548.4172733063574,3232.106885070989,3154.5648732635855
W348,3984.756091217013,4234.762730683044,4226.866748046202,3815.3424690421907,3574.5100909674275,3456.35061144368,3669.7915063948967,4462.339933198082,4235.893914407616,4000.1122434583795,3987.432561656366,4188.349329563765,4013.1730088739628
W349,3421.0567274773152,3376.7309325460296,3358.063350463395,3339.4989677656185,3321.037213942296,3302.6775216368974,3284.419326629394,3266.2620678188396,3248.20518720619,3230.2481298771286,3212.390343985009,3194.6312807339255,3176.9703943618083
W35,1055.77221631923,1098.0167735042698,984.3871579034686,1250.7255130368947,934.7074198251429,1255.097713603161,900.2583698472342,1164.9893546770725,1004.1054207314177,1337.0766014315395,1025.572835578608,1062.9902112780649,1042.268886210837
W350,3746.778182740934,4286.278437783402,4224.105400287221,3357.6518966458802,2969.279706991751,2834.2496701511823,2712.8950956164217,2959.873584962516,3045.015623476303,4372.385449145816,3910.453636261261,3112.00063473406,2746.9748401627094
W351,1529.5852398737343,1051.5927952834156,1582.7413600026196,1268.3783973130826,1344.3665222379352,1579.319501579451,1673.0841686494546,1463.1956440106335,1254.9323646483597,1644.431051345456,1505.9161428984642,1451.3415507959132,1832.590828280403
W352,1327.3840138966925,1317.9969328732504,1308.676235629995,1299.421452715329,1290.2321179974901,1281.1077686410886,1272.0479450837754,1263.0521910131151,1254.1200533435906,1245.251082193789,1236.4448308637461,1227.7008558124412,1219.018716635463
W353,1961.4990192121465,1908.685001137704,1918.1558476506375,1545.5562914545199,1614.8554459575223,1857.4085646222848,1721.1413637878045,1545.749542533033,1732.8146360565413,1759.3253117436439,1571.1778649527623,1584.1625636838098,1637.0906865405166
W354,3231.465266830211,2836.6203828919383,3373.581884305879,3416.5593030925156,3008.030456302442,3263.1857234540385,3215.0066959351675,3441.725184584451,2959.270480479567,3306.2036448531203,3249.404191813572,3471.0468883586605,3015.9633521269657
W355,2767.541056657672,2751.0831440927486,2737.5446871831723,2723.096564512873,2708.724695213677,2694.428676842838,2680.208109081581,2666.062593723868,2651.9917346652787,2637.9951378918854,2624.072411469249,2610.2231655314245,2596.447012270064
W356,3535.5920294799,4081.628721551479,4060.2715505476485,3878.6570256201685,4056.2890630555153,3929.9650254325875,3624.8254717859672,3710.132546583315,3462.5745211511767,2983.7968500342868,3774.535130726423,3915.0196611956,4255.818559588537
W357,3325.3688149036366,2867.865108204409,3125.0361300491613,3380.725370863451,3283.709043531109,3109.543341878221,3151.660936362681,3485.6955267710896,3369.8960705573745,2843.3288318622313,3038.241675746099,3385.6752440513346,2937.7277961477403
W358,4902.362946484066,5085.381729905064,5931.02024513429,4816.907063562568,4821.713407356231,5067.265973159858,5497.525737753167,4595.357761895031,5234.885542121547,5981.098249474681,4968.126970907119,5302.4532166926365,5514.954798119587
W359,3562.7658355164426,3421.817951466728,3574.1739628392124,3681.3289627268937,4035.4128900529126,4353.091997166343,3525.735831544563,3264.25124485949,3349.024996767558,3478.540508791323,3214.0097634488125,3711.300097870381,3730.5070625081353
W36,18794.211870987776,25219.344474335358,25051.089825759795,18199.14320769922,18404.213484394986,16679.358110136083,22803.71311292408,21572.52081256114,17395.42521045151,22572.560010113477,31293.414177998864,33733.34013961926,25092.630914673955
W37,2886.8411204015256,2896.5035814667644,2902.227389706045,2892.2811474514033,2901.7591643991755,2905.5959990407205,2902.761562930444,2909.889153834413,2897.3609790820315,2906.9279210588875,2910.5031537182435,2907.932105101249,2915.072391946098
W38,3101.363760825995,3120.2447566883006,3111.562989994232,3120.180057631933,3128.8614038898345,3146.2637365676296,3119.7984271551168,3097.4727548135547,3160.4714336411353,3114.1671878638663,3110.4571383014736,3130.7346209637194,3121.973498214244
W39,5858.500907384224,5882.400051629864,5876.210956547295,5862.795985522482,5861.172369174929,5851.389670132463,5868.007649152977,5889.022057452727,5863.432971292502,5872.338128144714,5892.523015974354,5865.462900582941,5879.547180361321
W4,2155.9971241714334,2749.593701463551,2262.4936250319447,2573.08296312278,2380.2316245650018,2658.7485887825787,2334.355739884796,2526.5232270235,2574.934228676211,2780.1296862215513,2599.934335500472,2836.1730358074997,2622.9985993872324
W40,5867.448228602457,5868.286781218061,5890.09735826095,5884.944409216548,5863.766740379144,5854.879186649975,5864.421763612545,5857.809623058342,5877.370517805671,5870.011054409941,5865.334386535606,5863.024469177338,5903.453277248094
W41,6317.438505564832,6169.0815074223765,6141.437213326625,6247.611159231699,6233.818363030661,6216.366437439611,6279.5646830431515,6271.109239171748,6314.206049380547,6301.01664228215,6356.376603308047,6361.690303971927,6320.766648511917
W42,6269.733553252898,6245.18275338991,6205.246138113986,6368.749716053127,6315.915476562705,6326.573899090923,6320.745568076353,6277.926681868272,6273.779955944641,6420.078000391805,6403.092393625668,6405.314223348347,6309.926092934304
W43,6354.9226271281805,6194.58319505914,6373.721118504933,6366.1590674023155,6267.765071357902,6405.151784210679,6433.8170467167865,6459.7498090176705,6506.769711847908,6489.132982087228,6448.7723544850405,6363.396415691161,6265.0681364621805
W44,5862.999181153293,5885.581119999127,5908.838044765573,5891.936991750729,5821.345753257948,5863.446917133465,5910.691291304943,5931.877413564234,5878.372663464043,5880.813987807384,5945.921337350136,5913.656734298228,5862.6812937505565
W45,2964.340377894481,2973.5422882261582,2955.401350902223,2965.1807396851195,2883.194065550293,3014.6718552920906,2901.8662822473702,2935.2123421436204,2911.93204363085,2984.4234541286473,2929.2251328538987,2866.9026884359564,2931.54163988068
W46,3307.1055575742225,3266.722797314284,3225.554168376451,3270.324117185562,3274.2661969911114,3304.3418583588514,3285.590540160127,3332.777453886753,3386.630414689294,3359.9316633858593,3333.450116763952,3365.383132616589,3353.1973512280224
W47,2834.158093928395,2928.9194647011936,2860.8205685814564,2956.313072176459,2958.949643378211,2895.8876414305973,3075.3841010382635,2931.7445987682777,2832.6561505081986,2900.1190164744476,3023.6378972183907,2895.3459148689976,2967.0043044736594
W48,2988.1676145133906,2954.393771110416,3064.7728716111774,3017.751010492044,3020.6577305185406,3053.2454170154206,2896.661687043712,3036.8789132011343,3018.459130018022,3034.1934580290554,3053.617672511691,2958.362121175727,3062.1022864769893
W49,3157.4264897417697,3242.2679017055602,3243.574450896389,3241.2908042937242,3266.787525552157,3247.1814087687762,3259.298535508364,3273.621898946009,3280.0129511962127,3351.783135796699,3284.3707594384377,3308.1864697175165,3283.4989135997203
W5,1266.4702967779488,1129.0554018395765,1475.6186849804253,1226.629642475706,1385.3791289305766,1203.2326560467418,1322.9773627359575,1575.6534687971277,1531.5788293542944,1661.3306651508108,1106.5062889938415,1291.577319581801,1745.5104453829395
W50,3316.455794178691,3251.7448251175556,3162.73446007991,3229.0948610312857,3245.0242887706745,3291.346529615578,3211.1337181986723,3279.8791330185454,3290.816085639161,3207.4509004448623,3308.3552019913063,3246.2104158503544,3232.764573804262
W51,6486.839512266962,6489.553571671474,6473.901548639129,6471.585202302477,6476.646278744394,6485.069029607583,6454.003647755009,6513.098475190311,6484.060624581349,6548.716244989846,6552.0690559823315,6477.147575947794,6524.860831729062
W52,7028.064100566499,7123.038923989386,7244.1570728292045,7109.003543662649,7138.756074044327,7291.580456534536,7168.267223514113,7312.765450673328,7248.276481744389,7239.625913387787,7248.428282663798,7190.510866004289,7235.21939812961
W53,2075.6945474787235,1994.2178659299343,2168.085401451696,2067.6472677123447,2019.231905438211,2211.3259711987116,2169.6101254006953,2063.843005226064,1992.9998084383988,2196.168426096594,2148.494074007114,2175.6205935189855,2164.3806026919347
W54,2431.472755471675,2417.9864702374452,2413.5684587094083,2403.4143818975776,2393.0891940536903,2400.360987796326,2433.1994665591797,2450.4704960331287,2432.0524039833035,2471.096600881914,2449.9785375109755,2446.811596243051,2392.7328603579576
W55,5279.2237466374645,5208.361138672512,5165.377422427613,5057.757412264373,4932.449936494247,5084.072147975104,5127.1674899128075,5300.333570422757,5023.130743462159,5068.889315536529,5176.948684841175,5044.174656011565,5044.922030479385
W56,2994.1921630718193,2991.421909443756,2989.467149269134,3028.224547940353,3081.2068682353497,3100.150110514991,3069.2406994962266,3102.2992032694083,3111.6154029542313,3103.6718768256924,3092.9641116675302,3067.019011950381,3072.429107621481
W57,2062.2602534216844,2062.494802480476,2062.7293558486926,2062.9639135259968,2063.198475512063,2063.4330418065524,2063.6676124091396,2063.9021873194897,2064.1367665372736,2064.371350062159,2064.6059378938153,2064.8405300319096,2065.07512647611
W58,3395.1355923858446,3436.684109855089,3446.9270973118187,3472.2299609727534,3476.5057918238476,3487.37933709318,3468.3949099070924,3428.6336182145883,3386.208636553477,3393.163246554148,3394.9827605816836,3411.7999927595883,3325.9741700531285
W59,2608.9183060230675,1837.0134628107937,1951.4867686658824,1697.8964484005498,2017.0167992929833,2357.8166058826955,1843.161159170459,1956.865235702587,1901.0358737669658,1678.2498187347915,1963.7147193079968,2578.2506965187777,1722.7969511967026
W6,586.005423232663,550.2508116714243,449.09839400240946,591.398990105418,613.9205625346101,583.5634170021044,558.9238245288226,667.4205556526256,626.9423092771646,511.72755977568795,565.2977730284651,560.5589836209674,660.4538381656849
W60,9004.446101873778,8924.5456358505,8955.225833724346,8964.583137465448,8894.882522213207,8945.798055120096,8914.787159233318,8921.872962295356,8892.249353593119,8965.269776598429,8843.791359002678,8935.67772138674,8966.295325521389
W61,10178.178778116922,12293.688747419643,11615.950412935004,10244.416249700484,10946.186659699413,11667.636790955019,11705.47506488163,12014.36048644239,12364.092624902572,11969.452705676531,12070.857605288445,12859.328296579211,12572.143776392724
W62,7295.841085364042,7206.957326107406,7357.922288833249,7252.526366510743,7226.149390219403,7263.7569621863595,7217.948722152034,7264.25998786142,7205.03875596284,7295.918557880808,7311.161024763436,7289.236884746754,7396.864173873187
W63,6264.623069707572,6503.05707655022,6297.428176554111,6168.1443827895055,6298.888918147203,6476.765897640268,6445.61075605525,6370.960294094371,6351.922140764002,6384.383898925899,6498.081058748903,6458.411844506191,6536.5966663166455
W64,15633.126162597233,15083.452185485487,13624.306908932032,14017.317971461769,15529.56163403799,16476.675154101187,15614.362947516125,13612.680033588447,14825.38823295404,15966.318290391995,14829.038066418334,13894.383926025244,14960.368042044804
W65,20867.473858134486,18365.20540294823,18611.968103556566,20521.321516848737,21742.150839376594,20408.724351784243,19520.87668518688,20435.339113763304,20829.397396877448,19814.527936658338,19854.308275881893,20978.14120117097,22850.19486406675
W66,7541.110039042791,7530.324309188929,7396.8026285871265,7469.751964208571,7747.594569794869,7612.840078657414,7466.53951966329,7491.653888645019,7827.474698761082,7782.821395470184,7543.626418536841,7539.913551410305,7906.860392060466
W67,13535.574705254574,13480.804534525234,13429.189029300336,13454.58699753662,13440.06158410186,13488.772133140741,13438.80398076968,13531.452308426726,13388.106038683989,13458.152136036544,13531.463694257982,13575.171824053097,13471.254575615656
W68,6922.841921654379,6937.766261905704,6945.3837411646755,6950.015052658387,6961.977597586862,6976.947557555747,6984.588304070573,6989.2337559836915,7001.232805235215,7016.248406327329,7023.912431007354,7028.572029967258,7040.60760064141
W69,6930.973200962807,6942.611877763577,6950.389126759573,6957.592130319218,6964.795133923327,6971.998137571847,6979.201141264712,6986.404145001894,6993.607148783342,7000.810152609026,7008.013156478869,7015.21616039285,7022.419164350903
W7,2635.4611264044584,2304.3285276468664,2761.0751399770093,2904.6098156093008,2870.829937341662,3186.5786285370464,3755.014329104563,2822.663422562446,2656.6641084191374,2410.438050440514,2847.615976388335,2779.2204242235143,2939.119057196856
W70,2552.9407155084373,2575.0398734999635,2571.8215269320094,2593.374952057294,2545.2386486538953,2559.6309795947463,2558.07122449996,2573.6341049835137,2566.0043101812385,2551.0254968874056,2564.894668516566,2568.605379559782,2517.537155785969
W71,1912.7897434999265,1907.6287953260282,1900.2238550872355,1892.8285471958436,1885.4428841119384,1878.0668783442259,1870.7005424503393,1863.3438890371579,1855.9969307611364,1848.6596803286327,1841.332150496223,1834.0143540710505,1826.7063039111476
W72,1914.0376473235565,1906.3674323726011,1898.7060381116607,1891.053479745966,1883.4097725509073,1875.7749318725644,1868.1489731282354,1860.531911806986,1852.9237634701756,1845.3245437520263,1837.7342683601657,1830.1529530761986,1822.5806137562695
W73,1914.0646651117454,1906.3938916390157,1898.7319375681225,1891.0788181086455,1883.4345485403578,1875.7991442137543,1868.1726205505972,1860.5549930444542,1852.9462772612235,1845.346488839711,1837.7556434921714,1830.1737570048726,1822.6008452386652
W74,7682.542974988463,7732.447172614617,7889.748388341175,8659.447429078638,8251.676815683553,8130.8838185291415,8953.704194522092,8019.354026979173,8485.077108438487,7952.353408286489,8277.554290322465,8024.004220331072,7722.653082027267
W75,23847.514276911836,23670.922059343142,23711.25601973656,24540.542058655818,24402.106219558827,24646.89926278661,24387.713284453628,25424.435733047732,24268.095513898454,25073.245713239452,24149.696882400454,25369.95976172,24768.56879851659
W76,305.95634445942306,308.7213577848077,326.02229455008757,323.61705714550425,320.0456695000624,333.06631585050224,326.22780252162886,326.6976509744161,335.84639421351176,330.0275691453151,298.5568812916025,271.33524653442146,312.8257783128449
W77,4028.375413516478,4557.108480839732,4992.902737268336,4409.231404236958,4917.975518105835,3575.7162428108145,4744.170352691427,3859.0304444019293,4448.600635056166,5102.220422515063,4545.857582940071,5559.816393085211,2349.65832578536
W78,4277.627594008793,3578.8082321748693,5518.248345767527,3961.526076134235,6013.597390774037,7010.842780210944,7283.228971349048,9018.353116492553,7217.153753692347,9230.793075957174,6860.492524866567,9712.9441751177,6416.143982787654
W79,1467.3621315794094,1418.0696145998825,1387.2751644459192,1282.3141597167178,1386.0989527700192,1431.3017771688126,1248.6727246543592,1339.4761313696883,1416.3119776436877,1312.0191600185601,1370.3465101905697,1378.788959952356,1325.026481145739
W8,2909.0630963349436,2710.1106464607915,3119.199642589088,3470.8061632437852,2898.6522066188127,2790.279456258049,2994.9020454317765,2794.5487828819832,2394.61566578773,2218.579822245987,2803.541979013195,3140.652264952588,2784.44904369641
W80,1592.341272379003,1534.147861691202,1513.841203296209,1464.9754589301203,1408.2066249683753,1384.5172134680904,1396.0997427634932,1444.5245714474547,1409.3468714076914,1439.0865077182013,1389.8160311635747,1373.0190268951421,1390.461487980162
W81,24742.806571934627,24759.941849050054,24660.799023541676,24803.292551274157,25350.338811928243,24864.275915192527,24997.415338980867,25025.746104834343,25030.476581479306,25042.6402886263,25123.887971856377,25442.43440862348,25170.122718743387
W82,4428.844465658475,4441.119338072955,4445.91902938105,4444.063491628932,4446.0279984290755,4452.828377319235,4465.169722533992,4469.99540587746,4468.129819728528,4470.104965031618,4476.942170391638,4489.350348378359,4494.20216451247
W83,5983.776897394356,5997.376305622238,5992.460099949027,5996.801701254498,6001.143302578707,6005.484903921643,6009.826505283273,6014.168106663606,6018.509708062626,6022.851309480302,6027.192910916651,6031.534512371639,6035.876113845243
W84,5944.057635627357,5989.336523212237,5950.232439953728,5998.000307127195,5958.896223530651,6006.664091116755,5967.560007182651,6015.327875180802,5976.223790909637,6023.991659319226,5984.887574711492,6032.6554435319285,5993.551358588099
W85,17271.865832739102,17297.30103962757,17322.766816282514,17348.26319117185,17373.79019278227,17399.34784961941,17424.936190207627,17450.55524309019,17476.205036829044,17501.8856000052,17527.596961218358,17553.33914908721,17579.112192249188
W86,17308.38142377038,17333.845526978337,17359.340192608535,17384.86544906502,17410.421324770563,17436.00784816654,17461.62504771323,17487.272951889507,17512.951589193006,17538.66098814016,17564.401177266132,17590.172185124793,17615.97404028883
W87,1079.1285999745903,1077.8659708411105,1076.6048190318706,1075.345142818353,1074.0869404740658,1072.830210274535,1071.5749504973032,1070.321159421935,1069.0688353300022,1067.8179765050866,1066.5685812327813,1065.3206478006834,1064.074174498394
W88,12132.56188615443,12081.033580502713,12020.917906197421,12062.686865601929,12029.22065625007,12031.941489561628,12043.734497490905,12052.6850239347,12058.843839439836,12065.005802026457,12071.170913302718,12077.339174877532,12083.510588360672
W89,1145.4532591631748,1176.2305055422773,1126.1485369906738,1186.0615779081777,1201.8561773749093,1212.7449286824396,1210.970771916257,1146.7038725341934,1189.7208117011903,1131.0472177533995,1176.4883876520664,1184.4459819562292,1214.883583091324
W9,8660.050563135832,6188.314686981962,8219.792578546163,6202.58416745507,8573.185125397637,6006.608367919702,7650.267833693517,7111.622762780932,6690.981649035745,7890.656041543377,7405.574379091001,7257.103277754382,7644.668733410629
W90,2001.01702202684,1887.5440158004712,1904.9536223211908,1886.0703192633569,1879.6835760823353,1910.473259821568,1892.4498265939935,1859.8329194935252,1894.1618462018025,1882.1437389711762,1863.401964005388,1866.3632580762385,1812.9203173870308
W91,20443.18264625828,20333.424360886587,19787.179835754494,20295.142969254426,20043.774837757002,20378.95715767701,19657.244738211062,20462.859470874573,20231.295784628674,19828.070761642914,20270.275871125945,19832.46389543033,20165.92384772589
W92,25467.619831743403,25810.861607134317,24668.144139733246,24834.395227363562,25657.08501821729,25200.37235727637,25515.04129120742,25657.911455513615,25655.572993590467,25600.486693364674,25628.35956987005,25772.65808614201,25652.01248588045
W93,1743.250139034538,1748.6878372079252,1751.0541704991763,1737.5157441478823,1739.898528712241,1755.6424384984293,1751.122864323894,1747.2018128417517,1730.7836172776808,1743.9904228105738,1752.6584625765609,1747.1325246223812,1730.4846666160065
W94,1841.0675866388171,1796.244558742665,1836.3157370362958,1792.71912129657,1832.7902991260999,1789.1936838917989,1829.264861256329,1785.6682465284362,1825.7394234270546,1782.142809206564,1822.213985638362,1778.6173719262601,1818.6885478903257
W95,1673.9091812650483,1701.4761078324902,1672.0185145702571,1692.8053523471256,1671.4846762883817,1690.1218309058472,1691.3426429037886,1654.9164707717503,1645.0148141164834,1658.7385269577956,1592.8965320046163,1644.9325626037871,1632.0574526611379
W96,11380.522013004193,11447.959304799186,11389.425397122188,11415.264338396813,11433.353749526954,11460.107167058482,11400.972051263401,11382.720718655057,11443.853783251732,11516.973411876923,11472.526173035827,11444.206030063655,11454.317572747534
W97,405.5435232076358,441.60907999387626,459.5796508445115,504.52964363553974,487.7255774752657,550.0091872245309,569.3650059013727,548.3182272684763,584.022384111829,642.9354289085254,610.282574469684,613.2289150869939,623.5817878934804
W98,608.4554822753848,681.1764834292863,669.4585030529438,694.5339013103664,683.065721830613,681.8041917109041,760.549717958936,745.3739168832741,740.7189266277958,712.1551879731802,690.2997734137044,690.4068138198176,685.4654330020991
W99,15002.051834039157,15000.970520111123,15097.65424296128,15063.837054800248,15038.407336553351,15037.323527433651,15136.507945024461,15100.335115875323,15074.846726403659,15073.76041662372,15173.173645684601,15136.917376690051,15111.370187428702
