2.137613534927368164e+00 1.289153099060058594e-02
8.625063896179199219e-01 1.158094406127929688e-02
2.529954195022583008e+00 1.442384719848632812e-02
4.275712966918945312e-01 1.098465919494628906e-02
2.647860288619995117e+00 1.341581344604492188e-02
2.823239803314208984e+00 1.479077339172363281e-02
4.100484848022460938e-01 1.104235649108886719e-02
2.310275554656982422e+00 1.311612129211425781e-02
6.844623088836669922e-01 9.863376617431640625e-03
2.306605815887451172e+00 1.314091682434082031e-02
2.395969867706298828e+00 1.314425468444824219e-02
2.464349031448364258e+00 1.512861251831054688e-02
1.067666530609130859e+00 1.241660118103027344e-02
3.776862621307373047e-01 1.115155220031738281e-02
4.210877418518066406e-01 1.102375984191894531e-02
2.659801244735717773e+00 1.474380493164062500e-02
1.210870981216430664e+00 1.178979873657226562e-02
1.198622226715087891e+00 1.183414459228515625e-02
2.727902650833129883e+00 1.446247100830078125e-02
2.827738285064697266e+00 1.477313041687011719e-02
8.732776641845703125e-01 1.010298728942871094e-02
7.035191059112548828e-01 1.172637939453125000e-02
2.987046241760253906e-01 9.660482406616210938e-03
5.668549537658691406e-01 1.128768920898437500e-02
2.930085659027099609e-01 1.008462905883789062e-02
2.533452749252319336e+00 1.459050178527832031e-02
2.820195674896240234e+00 1.545739173889160156e-02
2.797289133071899414e+00 1.403880119323730469e-02
2.388949155807495117e+00 1.421499252319335938e-02
2.665479421615600586e+00 1.338815689086914062e-02
3.857657909393310547e-01 9.277343750000000000e-03
2.844114542007446289e+00 1.382899284362792969e-02
2.825099945068359375e+00 1.461029052734375000e-02
4.118969440460205078e-01 1.096296310424804688e-02
7.355594635009765625e-01 1.129961013793945312e-02
2.326692104339599609e+00 1.331424713134765625e-02
7.123892307281494141e-01 1.091551780700683594e-02
2.341078996658325195e+00 1.531481742858886719e-02
2.384295701980590820e+00 1.325798034667968750e-02
2.437469959259033203e+00 1.365160942077636719e-02
3.879022598266601562e-01 1.020550727844238281e-02
4.073090553283691406e-01 1.019906997680664062e-02
1.958179235458374023e+00 1.199674606323242188e-02
1.219830989837646484e+00 1.161837577819824219e-02
1.142401695251464844e+00 1.068067550659179688e-02
7.459816932678222656e-01 1.074075698852539062e-02
1.930320739746093750e+00 1.392436027526855469e-02
1.931302309036254883e+00 1.343941688537597656e-02
8.245089054107666016e-01 1.007652282714843750e-02
1.066224098205566406e+00 1.045322418212890625e-02
9.922654628753662109e-01 1.028084754943847656e-02
1.036074161529541016e+00 1.056528091430664062e-02
1.710881471633911133e+00 1.307773590087890625e-02
1.932527303695678711e+00 1.351475715637207031e-02
1.898398876190185547e+00 1.210951805114746094e-02
1.920252799987792969e+00 1.414752006530761719e-02
7.143015861511230469e-01 1.111459732055664062e-02
1.844300270080566406e+00 1.245260238647460938e-02
1.775750160217285156e+00 1.377177238464355469e-02
1.822343587875366211e+00 1.213502883911132812e-02
1.841434001922607422e+00 1.502728462219238281e-02
1.022299766540527344e+00 1.197147369384765625e-02
9.759130477905273438e-01 1.075220108032226562e-02
1.651956081390380859e+00 1.313233375549316406e-02
1.050605773925781250e+00 1.261568069458007812e-02
1.704331398010253906e+00 1.307988166809082031e-02
1.775750875473022461e+00 1.197528839111328125e-02
7.627594470977783203e-01 1.084661483764648438e-02
1.633251905441284180e+00 1.255226135253906250e-02
9.798312187194824219e-01 1.075839996337890625e-02
1.077151536941528320e+00 1.196479797363281250e-02
3.936927318572998047e-01 9.146451950073242188e-03
1.803338766098022461e+00 1.205229759216308594e-02
1.286991834640502930e+00 1.128745079040527344e-02
1.185646533966064453e+00 1.081848144531250000e-02
1.974247455596923828e+00 1.364207267761230469e-02
1.905567407608032227e+00 1.246976852416992188e-02
8.327224254608154297e-01 1.080226898193359375e-02
7.068598270416259766e-01 1.035594940185546875e-02
1.670946359634399414e+00 1.254558563232421875e-02
6.973016262054443359e-01 1.134800910949707031e-02
2.553125143051147461e+00 1.409149169921875000e-02
7.186632156372070312e-01 1.002645492553710938e-02
3.588790893554687500e-01 9.512186050415039062e-03
1.683423042297363281e+00 1.237893104553222656e-02
2.007708311080932617e+00 1.300883293151855469e-02
1.931842565536499023e+00 1.235771179199218750e-02
4.142405986785888672e-01 9.947538375854492188e-03
1.586507081985473633e+00 1.209473609924316406e-02
6.872780323028564453e-01 1.343989372253417969e-02
6.956858634948730469e-01 1.284098625183105469e-02
1.638888835906982422e+00 1.300120353698730469e-02
3.430578708648681641e-01 1.037287712097167969e-02
1.859633445739746094e+00 1.202988624572753906e-02
1.585757255554199219e+00 1.213097572326660156e-02
1.707436323165893555e+00 1.459956169128417969e-02
4.434623718261718750e-01 9.492635726928710938e-03
9.629786014556884766e-01 1.022982597351074219e-02
8.710503578186035156e-01 1.030516624450683594e-02
9.262299537658691406e-01 1.017999649047851562e-02
1.885347604751586914e+00 1.336717605590820312e-02
8.456230163574218750e-01 1.197576522827148438e-02
8.977501392364501953e-01 1.211380958557128906e-02
9.999458789825439453e-01 1.062822341918945312e-02
9.598364830017089844e-01 1.386070251464843750e-02
8.662993907928466797e-01 1.031112670898437500e-02
8.062829971313476562e-01 6.787776947021484375e-03
9.635088443756103516e-01 1.218461990356445312e-02
9.642987251281738281e-01 1.136207580566406250e-02
9.930207729339599609e-01 1.040911674499511719e-02
8.767566680908203125e-01 1.063728332519531250e-02
1.682195425033569336e+00 1.309323310852050781e-02
2.034489870071411133e+00 1.580572128295898438e-02
9.623970985412597656e-01 1.115226745605468750e-02
8.427295684814453125e-01 1.130485534667968750e-02
9.094381332397460938e-01 1.154637336730957031e-02
8.564708232879638672e-01 1.148653030395507812e-02
1.294092893600463867e+00 1.179289817810058594e-02
9.838752746582031250e-01 1.147890090942382812e-02
1.126041650772094727e+00 1.195192337036132812e-02
9.837710857391357422e-01 1.056766510009765625e-02
1.254222869873046875e+00 1.191949844360351562e-02
9.777379035949707031e-01 1.073884963989257812e-02
1.943077564239501953e+00 1.328015327453613281e-02
1.088820219039916992e+00 1.158499717712402344e-02
8.028337955474853516e-01 1.033115386962890625e-02
1.079955816268920898e+00 1.087927818298339844e-02
1.093184947967529297e+00 1.001811027526855469e-02
1.016545772552490234e+00 1.166391372680664062e-02
1.139785051345825195e+00 1.064944267272949219e-02
1.038228273391723633e+00 1.188373565673828125e-02
4.713466167449951172e-01 1.027393341064453125e-02
4.893188476562500000e-01 1.032614707946777344e-02
6.736671924591064453e-01 1.094150543212890625e-02
2.003224849700927734e+00 1.238489151000976562e-02
4.956707954406738281e-01 9.268283843994140625e-03
1.185135364532470703e+00 1.231908798217773438e-02
1.407189607620239258e+00 1.213359832763671875e-02
1.524526834487915039e+00 1.141643524169921875e-02
3.128396511077880859e+00 1.553821563720703125e-02
1.893123626708984375e+00 1.283979415893554688e-02
1.934618234634399414e+00 1.242709159851074219e-02
2.017059803009033203e+00 1.203465461730957031e-02
1.980880737304687500e+00 1.345896720886230469e-02
1.988019704818725586e+00 1.346039772033691406e-02
2.003107786178588867e+00 1.234650611877441406e-02
1.980279684066772461e+00 1.201462745666503906e-02
1.958071231842041016e+00 1.224470138549804688e-02
2.039819955825805664e+00 1.197433471679687500e-02
1.968209028244018555e+00 1.337480545043945312e-02
1.859871625900268555e+00 1.209664344787597656e-02
1.856911897659301758e+00 1.430296897888183594e-02
1.984807252883911133e+00 1.226639747619628906e-02
1.949109315872192383e+00 1.204395294189453125e-02
2.095475435256958008e+00 1.026964187622070312e-02
1.952407598495483398e+00 1.236462593078613281e-02
1.907246351242065430e+00 1.313495635986328125e-02
1.985069036483764648e+00 1.281023025512695312e-02
1.991304159164428711e+00 1.314020156860351562e-02
1.856887817382812500e+00 1.262283325195312500e-02
1.964916229248046875e+00 1.512885093688964844e-02
1.897552490234375000e+00 7.633447647094726562e-03
2.001092195510864258e+00 1.252961158752441406e-02
2.003635644912719727e+00 1.242089271545410156e-02
1.885567903518676758e+00 1.242542266845703125e-02
2.611245155334472656e+00 1.603889465332031250e-02
2.436105251312255859e+00 1.448535919189453125e-02
1.908159732818603516e+00 1.273727416992187500e-02
2.422205924987792969e+00 1.459431648254394531e-02
1.928968191146850586e+00 1.265192031860351562e-02
1.998309135437011719e+00 1.403522491455078125e-02
1.852955579757690430e+00 1.238417625427246094e-02
1.158285140991210938e+00 1.108169555664062500e-02
7.093296051025390625e-01 1.112818717956542969e-02
7.441198825836181641e-01 9.861230850219726562e-03
7.353682518005371094e-01 1.234936714172363281e-02
7.300467491149902344e-01 1.110148429870605469e-02
7.583575248718261719e-01 1.096200942993164062e-02
2.065582990646362305e+00 1.397800445556640625e-02
7.592377662658691406e-01 1.009464263916015625e-02
7.698798179626464844e-01 6.906986236572265625e-03
6.642684936523437500e-01 1.007032394409179688e-02
2.713143825531005859e-01 8.754730224609375000e-03
2.694470882415771484e-01 9.097576141357421875e-03
3.991763591766357422e-01 1.034283638000488281e-02
3.644783496856689453e-01 9.066581726074218750e-03
3.415896892547607422e-01 9.234666824340820312e-03
3.772463798522949219e-01 9.604692459106445312e-03
3.992667198181152344e-01 1.038932800292968750e-02
1.798435211181640625e+00 8.203268051147460938e-03
1.036641120910644531e+00 1.133275032043457031e-02
1.020002126693725586e+00 1.144218444824218750e-02
3.506381511688232422e-01 9.618520736694335938e-03
1.666695594787597656e+00 7.431507110595703125e-03
3.335008621215820312e-01 7.807254791259765625e-03
1.228506326675415039e+00 1.112818717956542969e-02
3.796200752258300781e-01 1.151704788208007812e-02
1.823036670684814453e+00 1.221227645874023438e-02
4.386970996856689453e-01 9.289741516113281250e-03
1.295004367828369141e+00 1.254105567932128906e-02
1.881555318832397461e+00 1.384162902832031250e-02
1.754272699356079102e+00 7.521867752075195312e-03
9.871060848236083984e-01 1.066398620605468750e-02
7.611026763916015625e-01 1.054668426513671875e-02
9.263675212860107422e-01 1.046466827392578125e-02
1.000137329101562500e+00 6.926774978637695312e-03
9.496326446533203125e-01 1.162099838256835938e-02
1.039503097534179688e+00 1.026535034179687500e-02
9.002642631530761719e-01 1.033926010131835938e-02
9.891264438629150391e-01 1.072764396667480469e-02
1.080968856811523438e+00 6.964445114135742188e-03
1.629340410232543945e+00 9.413003921508789062e-03
1.100656270980834961e+00 9.445190429687500000e-03
1.445810556411743164e+00 1.306295394897460938e-02
1.209260225296020508e+00 1.237797737121582031e-02
1.457593917846679688e+00 1.296281814575195312e-02
1.472405195236206055e+00 7.106065750122070312e-03
1.003322601318359375e-01 8.386850357055664062e-03
1.007697582244873047e-01 8.492946624755859375e-03
1.023478507995605469e-01 8.589506149291992188e-03
1.202292442321777344e-01 8.581876754760742188e-03
1.039464473724365234e-01 9.313583374023437500e-03
1.849022865295410156e+00 1.332116127014160156e-02
1.896427869796752930e+00 1.312184333801269531e-02
1.048805713653564453e-01 8.110523223876953125e-03
1.662144660949707031e-01 9.361028671264648438e-03
1.152303218841552734e-01 9.292125701904296875e-03
1.251015663146972656e-01 9.257793426513671875e-03
9.955382347106933594e-02 8.195161819458007812e-03
9.902215003967285156e-02 8.731842041015625000e-03
1.043398380279541016e-01 8.321762084960937500e-03
1.178512573242187500e-01 9.239196777343750000e-03
1.290857791900634766e-01 9.545564651489257812e-03
1.274809837341308594e-01 9.114265441894531250e-03
1.654700279235839844e+00 1.204562187194824219e-02
1.323916912078857422e-01 9.574890136718750000e-03
1.056954860687255859e-01 5.562305450439453125e-03
1.209752559661865234e-01 9.569883346557617188e-03
1.030452251434326172e-01 9.396553039550781250e-03
8.063220977783203125e-02 5.554914474487304688e-03
1.165587902069091797e-01 8.249521255493164062e-03
7.985997200012207031e-02 5.634069442749023438e-03
9.794712066650390625e-02 5.450725555419921875e-03
8.960866928100585938e-02 9.324073791503906250e-03
7.027029991149902344e-02 8.116245269775390625e-03
1.576956987380981445e+00 1.349949836730957031e-02
1.104936599731445312e-01 8.241891860961914062e-03
7.814311981201171875e-02 9.269952774047851562e-03
1.201481819152832031e-01 8.961439132690429688e-03
9.752869606018066406e-02 8.503675460815429688e-03
1.192557811737060547e-01 1.013612747192382812e-02
1.153910160064697266e-01 9.661197662353515625e-03
8.315038681030273438e-02 5.485057830810546875e-03
8.521914482116699219e-02 5.463361740112304688e-03
1.422262191772460938e-01 9.459972381591796875e-03
7.162690162658691406e-02 6.876707077026367188e-03
1.837372303009033203e+00 1.367330551147460938e-02
1.006207466125488281e-01 7.957220077514648438e-03
7.273745536804199219e-02 5.586624145507812500e-03
1.025199890136718750e-01 8.722305297851562500e-03
8.110594749450683594e-02 5.571603775024414062e-03
1.007323265075683594e-01 9.064435958862304688e-03
1.024875640869140625e-01 9.547710418701171875e-03
1.162159442901611328e-01 9.702205657958984375e-03
1.070592403411865234e-01 1.054883003234863281e-02
1.138241291046142578e-01 8.709907531738281250e-03
9.604549407958984375e-02 5.589246749877929688e-03
1.894432783126831055e+00 1.412987709045410156e-02
6.972765922546386719e-02 9.215593338012695312e-03
7.908368110656738281e-02 8.391857147216796875e-03
1.184976100921630859e-01 9.508132934570312500e-03
6.230783462524414062e-02 6.234169006347656250e-03
8.248901367187500000e-02 9.054899215698242188e-03
6.085610389709472656e-02 5.484104156494140625e-03
7.249140739440917969e-02 5.645751953125000000e-03
1.166262626647949219e-01 9.688377380371093750e-03
1.150364875793457031e-01 6.981611251831054688e-03
8.775663375854492188e-02 9.460210800170898438e-03
1.963926315307617188e+00 1.270699501037597656e-02
7.919621467590332031e-02 9.474515914916992188e-03
6.348919868469238281e-02 5.274534225463867188e-03
1.042015552520751953e-01 9.139537811279296875e-03
1.103742122650146484e-01 8.403301239013671875e-03
6.172680854797363281e-02 8.126735687255859375e-03
9.951543807983398438e-02 9.562492370605468750e-03
9.847450256347656250e-02 5.824089050292968750e-03
1.128244400024414062e-01 5.615711212158203125e-03
1.020064353942871094e-01 6.125211715698242188e-03
9.997701644897460938e-02 5.647182464599609375e-03
1.074766635894775391e+00 1.135683059692382812e-02
5.116693973541259766e-01 1.073217391967773438e-02
4.192929267883300781e-01 1.084494590759277344e-02
1.576662302017211914e+00 1.264047622680664062e-02
2.868241310119628906e+00 1.281547546386718750e-02
1.490454673767089844e+00 1.266312599182128906e-02
1.181134462356567383e+00 1.164650917053222656e-02
1.274772167205810547e+00 1.072430610656738281e-02
1.143671751022338867e+00 1.141691207885742188e-02
1.469298601150512695e+00 1.247739791870117188e-02
1.478763818740844727e+00 1.166486740112304688e-02
1.219789505004882812e+00 1.153230667114257812e-02
1.393426895141601562e+00 1.263451576232910156e-02
1.482021808624267578e+00 1.637887954711914062e-02
1.236838579177856445e+00 1.132583618164062500e-02
1.913643121719360352e+00 1.250243186950683594e-02
1.163537502288818359e+00 1.138091087341308594e-02
1.268353223800659180e+00 1.290273666381835938e-02
1.350619792938232422e+00 1.214504241943359375e-02
1.533648014068603516e+00 1.222085952758789062e-02
8.689589500427246094e-01 1.023602485656738281e-02
1.945074558258056641e+00 1.232886314392089844e-02
1.294829368591308594e+00 1.241350173950195312e-02
4.014947414398193359e-01 1.033329963684082031e-02
7.741205692291259766e-01 1.175379753112792969e-02
3.942511081695556641e-01 1.006507873535156250e-02
1.941133022308349609e+00 7.928133010864257812e-03
2.374324798583984375e+00 8.901596069335937500e-03
1.902685165405273438e+00 1.274991035461425781e-02
2.278496265411376953e+00 8.334159851074218750e-03
2.225106239318847656e+00 9.234666824340820312e-03
2.219576358795166016e+00 8.188724517822265625e-03
2.193475723266601562e+00 8.172035217285156250e-03
1.820271730422973633e+00 8.967876434326171875e-03
1.365164756774902344e+00 1.201581954956054688e-02
5.533039569854736328e-01 9.715318679809570312e-03
4.860377311706542969e-01 1.066303253173828125e-02
1.718671321868896484e+00 1.061511039733886719e-02
4.605972766876220703e-01 1.026773452758789062e-02
5.252101421356201172e-01 1.068639755249023438e-02
4.455785751342773438e-01 9.482383728027343750e-03
4.526848793029785156e-01 1.110649108886718750e-02
7.681136131286621094e-01 1.040410995483398438e-02
7.698137760162353516e-01 9.883403778076171875e-03
2.569527626037597656e-01 1.027250289916992188e-02
7.853205204010009766e-01 1.039576530456542969e-02
8.333156108856201172e-01 1.056289672851562500e-02
8.435089588165283203e-01 1.127123832702636719e-02
1.591517925262451172e+00 7.309198379516601562e-03
7.958369255065917969e-01 1.082420349121093750e-02
7.390398979187011719e-01 1.047754287719726562e-02
1.166441917419433594e+00 7.613658905029296875e-03
4.930899143218994141e-01 1.002025604248046875e-02
4.545464515686035156e-01 1.052713394165039062e-02
6.705451011657714844e-01 1.333594322204589844e-02
6.647360324859619141e-01 1.137924194335937500e-02
3.419497013092041016e-01 9.220600128173828125e-03
1.738765001296997070e+00 7.683515548706054688e-03
9.789469242095947266e-01 7.690191268920898438e-03
1.440585613250732422e+00 6.927967071533203125e-03
1.077738285064697266e+00 7.236719131469726562e-03
1.676114559173583984e+00 8.147954940795898438e-03
1.721126317977905273e+00 8.626699447631835938e-03
6.252098083496093750e-01 6.415843963623046875e-03
2.702715396881103516e-01 9.018421173095703125e-03
2.578635215759277344e-01 6.623029708862304688e-03
1.591974258422851562e+00 7.883548736572265625e-03
1.545376062393188477e+00 7.393360137939453125e-03
1.607671737670898438e+00 7.109642028808593750e-03
1.359216928482055664e+00 7.243156433105468750e-03
