1.337831258773803711e+00 1.667070388793945312e-02
1.510042428970336914e+00 1.792550086975097656e-02
1.438261985778808594e+00 1.681351661682128906e-02
1.392025232315063477e+00 1.971864700317382812e-02
1.559788942337036133e+00 1.759171485900878906e-02
1.316611766815185547e+00 1.628327369689941406e-02
1.457831621170043945e+00 1.941847801208496094e-02
1.491536617279052734e+00 1.828312873840332031e-02
1.325582981109619141e+00 1.886177062988281250e-02
1.359825372695922852e+00 1.785135269165039062e-02
1.544737339019775391e+00 1.776361465454101562e-02
1.503887653350830078e+00 1.870203018188476562e-02
1.529750108718872070e+00 1.877570152282714844e-02
1.455587387084960938e+00 1.642894744873046875e-02
1.639665365219116211e+00 1.962208747863769531e-02
1.522653579711914062e+00 1.793551445007324219e-02
1.454855918884277344e+00 1.995515823364257812e-02
1.546871423721313477e+00 1.633381843566894531e-02
1.464562654495239258e+00 1.648259162902832031e-02
1.619295120239257812e+00 1.093006134033203125e-02
1.617269277572631836e+00 2.017402648925781250e-02
1.544038772583007812e+00 1.682949066162109375e-02
1.624486446380615234e+00 1.990675926208496094e-02
1.507371425628662109e+00 1.905655860900878906e-02
1.445048570632934570e+00 1.744151115417480469e-02
1.341836929321289062e+00 1.859664916992187500e-02
1.469014406204223633e+00 2.083444595336914062e-02
1.456885099411010742e+00 2.113580703735351562e-02
1.611584424972534180e+00 1.968312263488769531e-02
1.430465936660766602e+00 2.003145217895507812e-02
1.593551874160766602e+00 2.026772499084472656e-02
1.546198129653930664e+00 1.643848419189453125e-02
1.353495121002197266e+00 1.894283294677734375e-02
1.490098237991333008e+00 1.665353775024414062e-02
1.343172788619995117e+00 1.621007919311523438e-02
1.330676555633544922e+00 1.654767990112304688e-02
1.397035598754882812e+00 1.685190200805664062e-02
1.491060018539428711e+00 1.825070381164550781e-02
1.704550504684448242e+00 1.667237281799316406e-02
1.569442272186279297e+00 2.144122123718261719e-02
1.338448286056518555e+00 1.671767234802246094e-02
1.574517726898193359e+00 2.004766464233398438e-02
1.534959077835083008e+00 1.998734474182128906e-02
1.441813230514526367e+00 1.855921745300292969e-02
1.505806207656860352e+00 1.742005348205566406e-02
1.440577030181884766e+00 1.642227172851562500e-02
1.510322809219360352e+00 1.965713500976562500e-02
1.391124010086059570e+00 1.778912544250488281e-02
1.463417530059814453e+00 1.892399787902832031e-02
1.492355823516845703e+00 1.699447631835937500e-02
1.447484970092773438e+00 2.151274681091308594e-02
1.330307006835937500e+00 1.670837402343750000e-02
1.540498256683349609e+00 2.002882957458496094e-02
1.853525161743164062e+00 1.922130584716796875e-02
1.681240081787109375e+00 1.989531517028808594e-02
1.277626752853393555e+00 1.965689659118652344e-02
1.415103673934936523e+00 1.913404464721679688e-02
1.474462509155273438e+00 1.703715324401855469e-02
1.375335931777954102e+00 1.710629463195800781e-02
1.600978612899780273e+00 1.694583892822265625e-02
1.765279054641723633e+00 1.671242713928222656e-02
1.443886756896972656e+00 1.907229423522949219e-02
1.346835374832153320e+00 1.693296432495117188e-02
1.448973655700683594e+00 1.743459701538085938e-02
1.328940629959106445e+00 1.713275909423828125e-02
1.381730794906616211e+00 1.660919189453125000e-02
1.493836641311645508e+00 1.620531082153320312e-02
1.407993555068969727e+00 1.630020141601562500e-02
1.534648895263671875e+00 1.892709732055664062e-02
1.496514558792114258e+00 1.748585700988769531e-02
1.526279449462890625e+00 1.845002174377441406e-02
1.575403213500976562e+00 1.656246185302734375e-02
1.429525852203369141e+00 1.734089851379394531e-02
1.567812681198120117e+00 1.745319366455078125e-02
1.554636716842651367e+00 1.666331291198730469e-02
1.411957025527954102e+00 1.667594909667968750e-02
1.510341644287109375e+00 1.684045791625976562e-02
1.505656480789184570e+00 2.073168754577636719e-02
1.289613962173461914e+00 1.606655120849609375e-02
1.911122083663940430e+00 1.884055137634277344e-02
2.083376646041870117e+00 1.990485191345214844e-02
2.015815973281860352e+00 1.679372787475585938e-02
1.998279094696044922e+00 1.715636253356933594e-02
2.318583965301513672e+00 1.727366447448730469e-02
2.013043880462646484e+00 1.676845550537109375e-02
1.941759347915649414e+00 1.631641387939453125e-02
1.903742551803588867e+00 1.667356491088867188e-02
1.901072025299072266e+00 1.668548583984375000e-02
1.976410150527954102e+00 1.788496971130371094e-02
1.415699720382690430e+00 1.653623580932617188e-02
1.894865274429321289e+00 1.842117309570312500e-02
1.906394720077514648e+00 1.883220672607421875e-02
2.211814403533935547e+00 1.758837699890136719e-02
1.948071718215942383e+00 1.986479759216308594e-02
1.854919195175170898e+00 1.901483535766601562e-02
1.897269010543823242e+00 1.666975021362304688e-02
1.841819286346435547e+00 1.708579063415527344e-02
2.260138750076293945e+00 2.092695236206054688e-02
1.988853216171264648e+00 1.921653747558593750e-02
1.931702136993408203e+00 1.686739921569824219e-02
1.438509702682495117e+00 1.831531524658203125e-02
1.910199403762817383e+00 1.672267913818359375e-02
1.955267906188964844e+00 1.715850830078125000e-02
1.876465320587158203e+00 1.654911041259765625e-02
2.017869234085083008e+00 2.093291282653808594e-02
1.969300270080566406e+00 1.813769340515136719e-02
1.858812093734741211e+00 1.662325859069824219e-02
1.851584672927856445e+00 1.814937591552734375e-02
1.921004295349121094e+00 1.744103431701660156e-02
1.898413896560668945e+00 1.677656173706054688e-02
1.992430210113525391e+00 2.251791954040527344e-02
1.380894184112548828e+00 1.620078086853027344e-02
1.362094402313232422e+00 1.630949974060058594e-02
1.893529415130615234e+00 1.952290534973144531e-02
1.936648368835449219e+00 1.647329330444335938e-02
2.069370269775390625e+00 1.751351356506347656e-02
1.853965997695922852e+00 1.656651496887207031e-02
2.004025697708129883e+00 1.675128936767578125e-02
1.891918182373046875e+00 1.671791076660156250e-02
1.987375974655151367e+00 1.659131050109863281e-02
1.964535951614379883e+00 1.640987396240234375e-02
2.048815488815307617e+00 1.917338371276855469e-02
2.108588933944702148e+00 1.725125312805175781e-02
1.340333938598632812e+00 1.658391952514648438e-02
1.922314643859863281e+00 1.905894279479980469e-02
1.835023641586303711e+00 1.988148689270019531e-02
1.945807933807373047e+00 1.671791076660156250e-02
1.970613479614257812e+00 1.720833778381347656e-02
2.093414068222045898e+00 1.678228378295898438e-02
1.939898729324340820e+00 1.676678657531738281e-02
1.974327802658081055e+00 1.664447784423828125e-02
2.066262483596801758e+00 1.998353004455566406e-02
1.941442728042602539e+00 1.705527305603027344e-02
1.918041467666625977e+00 1.704621315002441406e-02
1.312636852264404297e+00 1.921033859252929688e-02
1.856167554855346680e+00 1.961803436279296875e-02
1.898565769195556641e+00 1.878690719604492188e-02
2.120999097824096680e+00 1.710653305053710938e-02
2.429480552673339844e+00 2.090024948120117188e-02
2.164334535598754883e+00 1.945042610168457031e-02
2.020893335342407227e+00 1.867151260375976562e-02
1.958642482757568359e+00 1.978278160095214844e-02
1.832852363586425781e+00 1.657056808471679688e-02
1.835468292236328125e+00 1.736187934875488281e-02
1.994415521621704102e+00 2.049612998962402344e-02
1.404350757598876953e+00 1.647257804870605469e-02
2.137225151062011719e+00 1.682209968566894531e-02
1.880033016204833984e+00 1.641559600830078125e-02
1.897154569625854492e+00 1.676177978515625000e-02
2.083939552307128906e+00 1.681923866271972656e-02
1.930240154266357422e+00 2.010488510131835938e-02
1.967005729675292969e+00 1.664686203002929688e-02
2.000366449356079102e+00 1.794958114624023438e-02
2.102510929107666016e+00 1.749825477600097656e-02
1.909056425094604492e+00 1.820659637451171875e-02
1.986267089843750000e+00 1.993417739868164062e-02
1.454942226409912109e+00 1.605534553527832031e-02
2.327271938323974609e+00 1.705288887023925781e-02
2.238066911697387695e+00 1.732325553894042969e-02
2.404786586761474609e+00 1.764583587646484375e-02
2.111932039260864258e+00 1.975798606872558594e-02
2.116310119628906250e+00 1.705884933471679688e-02
1.902326345443725586e+00 1.990556716918945312e-02
1.940186023712158203e+00 1.649022102355957031e-02
2.262701511383056641e+00 1.710224151611328125e-02
2.218502044677734375e+00 1.728010177612304688e-02
2.287245273590087891e+00 2.074956893920898438e-02
1.351040601730346680e+00 1.683020591735839844e-02
1.946639537811279297e+00 1.688981056213378906e-02
1.851648807525634766e+00 1.662945747375488281e-02
1.848092317581176758e+00 1.684236526489257812e-02
2.111241579055786133e+00 1.915884017944335938e-02
2.239389657974243164e+00 1.867747306823730469e-02
2.119983911514282227e+00 1.680874824523925781e-02
2.020275354385375977e+00 1.697659492492675781e-02
1.822731971740722656e+00 1.683998107910156250e-02
2.026797533035278320e+00 1.993608474731445312e-02
1.929559230804443359e+00 1.929259300231933594e-02
1.402182579040527344e+00 1.762557029724121094e-02
2.018851518630981445e+00 1.671314239501953125e-02
1.826162338256835938e+00 1.661896705627441406e-02
2.301132917404174805e+00 1.937031745910644531e-02
1.951437473297119141e+00 1.648044586181640625e-02
1.929339647293090820e+00 1.686596870422363281e-02
2.006620883941650391e+00 1.681423187255859375e-02
2.117572307586669922e+00 1.687216758728027344e-02
2.355447053909301758e+00 1.990675926208496094e-02
2.198071002960205078e+00 2.085185050964355469e-02
2.310000658035278320e+00 1.782202720642089844e-02
1.421865463256835938e+00 1.700997352600097656e-02
1.934265375137329102e+00 1.667857170104980469e-02
2.369604349136352539e+00 1.920652389526367188e-02
2.255788803100585938e+00 1.719427108764648438e-02
1.871332645416259766e+00 1.661586761474609375e-02
2.087721586227416992e+00 1.705050468444824219e-02
2.016197204589843750e+00 1.739692687988281250e-02
1.940153360366821289e+00 1.687264442443847656e-02
1.925691604614257812e+00 1.658129692077636719e-02
1.925340890884399414e+00 1.927876472473144531e-02
1.959645509719848633e+00 1.694941520690917969e-02
1.341468095779418945e+00 1.770710945129394531e-02
1.887192487716674805e+00 1.659536361694335938e-02
1.912010669708251953e+00 1.702809333801269531e-02
2.264489173889160156e+00 2.040052413940429688e-02
1.934048175811767578e+00 2.041816711425781250e-02
1.882159233093261719e+00 2.014398574829101562e-02
1.934865236282348633e+00 1.688408851623535156e-02
1.905932664871215820e+00 1.661992073059082031e-02
2.044253587722778320e+00 2.086544036865234375e-02
1.928288221359252930e+00 1.750373840332031250e-02
2.347352266311645508e+00 1.675081253051757812e-02
1.308443069458007812e+00 1.845383644104003906e-02
1.829527616500854492e+00 1.623296737670898438e-02
1.871782302856445312e+00 1.705861091613769531e-02
1.867110967636108398e+00 1.633548736572265625e-02
1.857944965362548828e+00 1.670479774475097656e-02
1.908355951309204102e+00 1.667308807373046875e-02
2.009678840637207031e+00 1.670074462890625000e-02
1.877708435058593750e+00 1.671910285949707031e-02
1.918005228042602539e+00 1.710128784179687500e-02
1.947395563125610352e+00 1.637601852416992188e-02
2.056656599044799805e+00 1.999735832214355469e-02
1.399702548980712891e+00 1.994466781616210938e-02
1.269879817962646484e+00 1.614785194396972656e-02
1.883275747299194336e+00 1.652693748474121094e-02
1.922976493835449219e+00 1.665997505187988281e-02
1.931200981140136719e+00 1.715612411499023438e-02
1.979538440704345703e+00 1.671481132507324219e-02
1.925492763519287109e+00 1.688051223754882812e-02
1.956074476242065430e+00 1.932454109191894531e-02
1.859957218170166016e+00 1.899504661560058594e-02
1.957460880279541016e+00 1.653552055358886719e-02
1.977005481719970703e+00 1.951432228088378906e-02
1.924170017242431641e+00 1.680397987365722656e-02
1.332031011581420898e+00 1.736402511596679688e-02
1.885436058044433594e+00 1.650595664978027344e-02
1.940700292587280273e+00 2.022361755371093750e-02
1.914762735366821289e+00 2.018380165100097656e-02
1.923337221145629883e+00 1.674532890319824219e-02
2.094733238220214844e+00 1.700735092163085938e-02
2.164808750152587891e+00 1.816487312316894531e-02
2.050509929656982422e+00 1.895809173583984375e-02
1.907119035720825195e+00 1.835775375366210938e-02
1.974957942962646484e+00 1.658344268798828125e-02
1.944575309753417969e+00 1.744842529296875000e-02
1.345110893249511719e+00 1.645493507385253906e-02
1.901000022888183594e+00 1.709651947021484375e-02
2.164516448974609375e+00 1.708245277404785156e-02
1.932909965515136719e+00 2.046394348144531250e-02
1.909315109252929688e+00 1.738381385803222656e-02
1.879101514816284180e+00 1.848363876342773438e-02
2.126172542572021484e+00 1.728820800781250000e-02
2.047167301177978516e+00 1.886940002441406250e-02
1.861442327499389648e+00 1.719880104064941406e-02
1.866070985794067383e+00 1.648426055908203125e-02
2.133190870285034180e+00 1.751208305358886719e-02
1.365632057189941406e+00 1.930761337280273438e-02
2.274668693542480469e+00 1.786017417907714844e-02
2.109127759933471680e+00 1.789546012878417969e-02
2.219198226928710938e+00 1.785349845886230469e-02
2.095424175262451172e+00 1.755738258361816406e-02
2.130997896194458008e+00 1.752352714538574219e-02
2.163974285125732422e+00 1.759862899780273438e-02
2.155651807785034180e+00 1.939058303833007812e-02
2.245627880096435547e+00 2.210116386413574219e-02
2.233122110366821289e+00 3.281450271606445312e-02
2.276541233062744141e+00 1.766228675842285156e-02
1.365795135498046875e+00 1.916289329528808594e-02
2.123906373977661133e+00 2.025890350341796875e-02
2.241668939590454102e+00 2.104139328002929688e-02
2.154261589050292969e+00 1.868867874145507812e-02
2.165382146835327148e+00 1.975655555725097656e-02
2.210943698883056641e+00 1.741313934326171875e-02
2.247393131256103516e+00 1.739120483398437500e-02
2.176274538040161133e+00 1.773929595947265625e-02
2.184357643127441406e+00 1.841545104980468750e-02
2.211104869842529297e+00 1.765298843383789062e-02
2.086355209350585938e+00 1.775002479553222656e-02
1.410922288894653320e+00 1.689147949218750000e-02
2.164833784103393555e+00 1.727104187011718750e-02
2.295706987380981445e+00 1.708340644836425781e-02
2.460643291473388672e+00 2.396869659423828125e-02
2.096947669982910156e+00 1.975297927856445312e-02
2.238453626632690430e+00 1.673865318298339844e-02
2.245899677276611328e+00 1.809787750244140625e-02
2.239290237426757812e+00 1.948952674865722656e-02
2.083287000656127930e+00 1.723074913024902344e-02
2.262208223342895508e+00 1.705050468444824219e-02
2.475703001022338867e+00 1.755189895629882812e-02
1.346889019012451172e+00 1.853489875793457031e-02
2.252497196197509766e+00 1.781725883483886719e-02
2.313704252243041992e+00 1.742529869079589844e-02
2.084885597229003906e+00 1.742839813232421875e-02
2.245127916336059570e+00 1.949691772460937500e-02
2.273722410202026367e+00 1.757431030273437500e-02
2.201146364212036133e+00 1.780986785888671875e-02
2.185289382934570312e+00 1.737070083618164062e-02
2.110099077224731445e+00 1.806688308715820312e-02
2.188108682632446289e+00 1.916575431823730469e-02
2.337705373764038086e+00 2.056264877319335938e-02
1.435556650161743164e+00 1.817226409912109375e-02
2.110348463058471680e+00 1.781272888183593750e-02
2.184144020080566406e+00 1.804661750793457031e-02
2.112286329269409180e+00 1.828289031982421875e-02
2.156839132308959961e+00 1.755881309509277344e-02
2.224803209304809570e+00 1.777076721191406250e-02
2.199433803558349609e+00 1.946759223937988281e-02
2.127734184265136719e+00 1.808047294616699219e-02
2.191431999206542969e+00 1.734471321105957031e-02
2.190708398818969727e+00 1.849532127380371094e-02
2.129882097244262695e+00 1.751685142517089844e-02
1.489517450332641602e+00 2.035164833068847656e-02
2.252561092376708984e+00 1.735711097717285156e-02
2.154101371765136719e+00 1.736879348754882812e-02
2.237348318099975586e+00 1.719784736633300781e-02
2.084314107894897461e+00 1.852655410766601562e-02
2.145524740219116211e+00 1.768493652343750000e-02
2.084330081939697266e+00 1.723957061767578125e-02
2.147593498229980469e+00 1.788973808288574219e-02
2.229073047637939453e+00 1.979899406433105469e-02
2.132392883300781250e+00 1.692986488342285156e-02
2.208003759384155273e+00 1.777267456054687500e-02
1.300396442413330078e+00 1.882696151733398438e-02
2.076504230499267578e+00 1.759314537048339844e-02
2.241559743881225586e+00 1.772570610046386719e-02
2.156154632568359375e+00 1.719260215759277344e-02
2.162859678268432617e+00 1.992273330688476562e-02
2.118362665176391602e+00 1.756834983825683594e-02
2.221414804458618164e+00 1.724600791931152344e-02
2.291059494018554688e+00 1.823949813842773438e-02
2.212746381759643555e+00 1.726794242858886719e-02
2.091819524765014648e+00 1.721572875976562500e-02
2.227344751358032227e+00 2.004384994506835938e-02
1.391031265258789062e+00 1.718497276306152344e-02
1.388718843460083008e+00 1.898169517517089844e-02
2.317192077636718750e+00 1.829409599304199219e-02
2.122570037841796875e+00 1.818156242370605469e-02
2.160875558853149414e+00 1.751208305358886719e-02
2.188322305679321289e+00 1.783132553100585938e-02
2.155834674835205078e+00 1.751852035522460938e-02
2.148305654525756836e+00 1.739764213562011719e-02
2.140820980072021484e+00 1.765155792236328125e-02
2.159740924835205078e+00 1.751470565795898438e-02
2.150314331054687500e+00 2.102041244506835938e-02
2.256570577621459961e+00 1.772785186767578125e-02
1.496434926986694336e+00 1.973342895507812500e-02
2.209472894668579102e+00 1.787114143371582031e-02
2.272721767425537109e+00 1.961541175842285156e-02
2.123096704483032227e+00 1.736402511596679688e-02
2.178770303726196289e+00 1.753187179565429688e-02
2.168600559234619141e+00 1.760435104370117188e-02
1.403460502624511719e+00 1.703262329101562500e-02
1.382742166519165039e+00 1.862311363220214844e-02
1.577902793884277344e+00 1.864147186279296875e-02
1.358755826950073242e+00 1.678204536437988281e-02
1.428622722625732422e+00 1.680922508239746094e-02
1.431715250015258789e+00 1.773619651794433594e-02
1.350388288497924805e+00 1.675009727478027344e-02
1.365534782409667969e+00 1.944017410278320312e-02
1.393662929534912109e+00 1.932811737060546875e-02
1.266330480575561523e+00 1.639294624328613281e-02
1.470547199249267578e+00 1.650834083557128906e-02
1.398937225341796875e+00 1.641416549682617188e-02
1.441466808319091797e+00 1.665234565734863281e-02
1.344972372055053711e+00 1.642751693725585938e-02
1.351704120635986328e+00 1.171684265136718750e-02
1.372275829315185547e+00 1.653981208801269531e-02
1.422128915786743164e+00 1.706743240356445312e-02
1.472189664840698242e+00 1.957321166992187500e-02
1.413126230239868164e+00 1.694393157958984375e-02
1.373021841049194336e+00 1.888513565063476562e-02
1.413132429122924805e+00 1.721501350402832031e-02
1.395720243453979492e+00 1.868653297424316406e-02
1.429607391357421875e+00 1.688408851623535156e-02
1.340858936309814453e+00 1.917648315429687500e-02
1.442495822906494141e+00 1.651811599731445312e-02
1.551457405090332031e+00 2.184414863586425781e-02
1.413979053497314453e+00 1.762819290161132812e-02
1.329903364181518555e+00 1.630544662475585938e-02
1.314788103103637695e+00 1.689291000366210938e-02
1.423618316650390625e+00 1.863193511962890625e-02
1.396946668624877930e+00 1.678609848022460938e-02
1.397099018096923828e+00 1.670956611633300781e-02
1.505546808242797852e+00 1.678204536437988281e-02
1.390341043472290039e+00 1.667809486389160156e-02
1.450665950775146484e+00 1.685094833374023438e-02
1.369377851486206055e+00 1.254773139953613281e-02
1.396151065826416016e+00 1.561069488525390625e-02
1.514691114425659180e+00 1.644921302795410156e-02
1.463793754577636719e+00 1.114487648010253906e-02
1.294280529022216797e+00 1.584815979003906250e-02
1.364926576614379883e+00 1.684713363647460938e-02
1.347261190414428711e+00 1.541256904602050781e-02
1.357422590255737305e+00 1.731395721435546875e-02
1.322042465209960938e+00 1.093077659606933594e-02
1.337023496627807617e+00 1.645112037658691406e-02
1.364172935485839844e+00 1.140332221984863281e-02
1.427146673202514648e+00 1.278233528137207031e-02
1.293419361114501953e+00 1.070046424865722656e-02
1.276219367980957031e+00 1.117086410522460938e-02
1.134688615798950195e+00 1.077508926391601562e-02
1.246376991271972656e+00 1.136207580566406250e-02
1.305124521255493164e+00 1.081395149230957031e-02
1.055968284606933594e+00 1.083922386169433594e-02
1.119406461715698242e+00 9.672641754150390625e-03
1.105726242065429688e+00 9.099960327148437500e-03
1.086173295974731445e+00 1.025032997131347656e-02
9.950070381164550781e-01 1.050519943237304688e-02
1.031375885009765625e+00 9.969949722290039062e-03
9.518735408782958984e-01 1.049757003784179688e-02
1.101371049880981445e+00 1.108646392822265625e-02
9.935445785522460938e-01 9.378194808959960938e-03
1.002569198608398438e+00 9.589672088623046875e-03
9.891748428344726562e-01 2.057170867919921875e-02
