1.596785308837712059e+01
4.285606776686537778e+00
2.406307378276754338e+00
1.818460960423104122e+00
6.399758289707472514e+00
2.904061027238725501e+00
1.901835484125166786e+00
6.484195275516998258e+00
4.871251373243827842e-01
4.994804326694049834e+00
3.190713666766750389e+00
3.367216581282001631e+00
2.402869955969786087e-01
2.178372614643415695e+00
2.451032573727705000e+00
2.772630734638752870e+00
5.493518507884621593e-01
4.528464508259479437e+00
6.309422321459341454e+00
4.148922120064378660e+00
3.175296847046298776e+00
7.310573505348949563e-01
4.162560748107323683e+00
3.370097388932609128e+00
3.043683033920467018e+00
2.309423197216523782e+00
5.165808411119170440e-01
4.152873161348411002e-01
4.083123971368515015e+00
2.048221806410516432e+00
1.565092270109227135e+00
8.427897152626050215e+00
3.275848974463058116e+00
1.884132789324648005e+00
1.263920157828106205e+01
5.449814133417420159e+00
6.935639382360229144e-01
4.082715677972860391e+00
1.955603879256305300e+00
2.191053949429878411e+00
1.190636225295964801e+00
3.575712054577976140e+00
2.172177422573315475e+00
6.793368645664814576e-01
4.350849322358620874e+00
9.758256955282149647e+00
3.923711924684206487e+00
5.674309232872054132e+00
3.125357157861002211e+00
1.028245286725121277e+00
2.466245255683398696e+00
2.001983517653028954e+00
1.750767995701105528e+00
5.298569502546681687e-01
4.571987866290511127e-01
2.615810543436463131e+00
1.731839738441819776e+01
1.783753321385999957e+00
2.136523582027549661e+00
6.459020561018215645e+00
1.919125074642379580e+00
2.785764715552424331e+00
4.120253421451809395e+00
6.452247628328074747e+00
1.289791036347727182e+00
2.926866373041415059e+00
1.486609550966370596e+00
2.060865105770437822e+01
1.443967979933954648e+00
1.396098755516968826e+00
2.629997144405810339e+00
2.467297861934967251e+00
3.014816050756121690e+00
3.650822452015401454e-01
2.174458590491444188e+00
9.873065740396603784e-01
3.039269251552278561e+00
2.831161035863716258e+00
5.056789846921425635e+00
3.818625549554274023e+00
8.902512567718071645e-01
2.418855957518615263e+00
2.021994968558533667e+00
1.165009189842288295e+00
1.847654346677998660e+00
6.337129292599287034e+00
7.833283577065180969e-01
5.090338257462603266e+00
1.989632807068769216e+00
1.020960513646140200e+01
9.838249050334227919e-01
3.863319245060177654e+00
4.477387644091734842e+00
4.518967663282451142e+00
3.016373558329672466e+00
2.724126777424048740e+00
2.555318235599667531e+00
3.476209811476664857e+00
7.267124385088319372e-01
2.730307865498386111e+00
7.571525853753108271e-01
1.247029272068030492e+00
3.028694049111772646e+00
7.354896588166057736e-01
2.575604390376084130e+00
1.199343911150281494e+00
2.815791500910492573e+00
3.245224417087173130e+00
1.548286038164359280e+00
3.267546450743251896e+00
1.201437457483962357e+00
4.772471008969001005e+00
8.556377777594368350e-01
8.642551518525597443e-01
4.343770345490875151e+00
2.757191374376107174e+00
6.238597792242562612e+00
1.819219720987774735e+00
3.226352983138705444e+00
2.928037808660544083e+00
8.134986120583752367e+00
5.639246023089810045e+00
1.285535491908092354e+01
9.682346986813878953e-01
3.524469581879278834e+00
2.069617740613970369e+01
1.967449145686043677e+00
1.215858450447123484e+00
1.008452376392099392e+00
4.882062016724219689e+00
4.058691818618452629e+00
2.305109642398518233e+00
1.037448810142102440e+00
2.320933184367979685e+00
7.902436329492564804e-01
1.238761799896379578e+00
2.780854139855649443e+00
7.164915458333376286e+00
1.200541416860872701e+01
2.104473545500282761e+00
8.993276309326611040e-01
2.272076809700319000e+00
1.510920912302361030e+00
1.374189849433520960e+00
1.017660238261973493e+00
1.130157708979595332e+00
1.565435558853263132e+00
3.910545413384145075e+00
2.151246787746230016e+00
1.996837034669847188e+00
8.937203602849160822e-01
3.328911485769630918e+00
2.012897477091839082e+00
1.163701510603319944e+00
4.996447420150205154e+00
1.425545759783654942e+00
1.264265028527868040e+00
3.029514785284677103e+00
2.287663051038162365e+00
1.105613845163079700e+00
7.471347408299147119e+00
6.822907656521380204e+00
1.401105336901882881e+00
2.593219323175528057e+00
5.045923581332862895e+00
6.115157071716800452e+00
1.202320419070863622e+01
2.692131558030642857e+00
2.683807055125977836e+00
8.707786481658656541e+00
6.336786370805424617e+00
5.409833596760864616e+00
8.751057883299957041e+00
3.789618148609469550e+00
2.466789483239135716e+00
2.760313436100372275e-01
6.302505537344632813e+00
3.534514725536284097e+00
1.140563299738469594e+00
4.366342505644728589e-01
2.189662816453590288e+00
3.345363905654783476e+00
3.803176045760765067e+00
1.352112958093939277e+00
1.985208604665726684e+00
1.376801667507689508e+00
4.543127590444183461e+00
9.799153639928076531e-01
9.544063922473425832e-01
1.244763323995186743e+00
1.108985408690715602e+00
9.001817024850511384e-01
3.462975695373661011e+00
8.453873731140772563e+00
5.399115189216312061e+00
3.139822465065521762e+00
2.281424212878544022e+00
4.318059956149417289e+00
1.110389904196608768e+00
2.852746395896562426e+00
1.408965407473507403e+00
8.995399247585176283e-01
3.834907686400308435e+00
1.504863463268075074e+00
4.133292150728869463e-01
2.062892382136899627e+00
3.453419596671354341e+00
4.759223560542081621e+00
3.380952845807709828e+00
1.797056184675777990e+00
4.356318681642955326e+00
1.841443388796990988e+00
5.160567434395443520e+00
5.768775548295739242e+00
1.040402567741854334e+01
1.697813829096032512e+00
2.957830259943292184e+00
1.032693393938375781e+00
8.694803128258868918e-01
9.926152697773195088e-01
9.026436354015160424e-01
7.167272000390908504e-01
5.487177884825343632e+00
1.444625518997953773e+00
9.494289507069281209e-01
1.188472527538955603e+00
1.050352156773029177e+00
8.081106115698557524e-01
8.774351502863065866e-01
1.094645390335191149e+00
8.211361959578310499e-01
7.593730259340210065e-01
8.111777472689432056e-01
1.872011970980327789e+00
1.849515067501019683e+00
1.750277472886230035e+00
9.403223308032540029e-01
9.758959028611184916e-01
3.247767678449308693e-01
7.178950272427300217e-01
8.948217955533610546e-01
9.043058552775563586e-01
9.782664286881448401e-01
1.310923662455586225e+00
1.572958829494674582e+00
1.877958320445110241e+00
2.156676012331175230e+00
1.162023409135671148e+00
1.177828800697870770e+00
2.377525642595509581e+00
2.269120130548466729e+00
7.807550414173821673e-01
1.288822973425585827e+00
1.381981660038441806e+00
1.116889314771096320e+00
1.521605468570669695e+00
2.191728897807080578e+00
1.513059826368008398e+00
1.330994536968340691e+00
9.826360521927921532e-01
2.123797762686951085e+00
1.849935405089790263e+00
1.814019278432813298e+00
1.364201335331504117e+00
1.974466103917154713e+00
2.683224221720751146e+00
9.676089891046018021e-01
1.876449628745711307e+00
1.196624271400157147e+00
9.618883516294663982e-01
1.049432648331675155e+00
1.146294020247076162e+00
1.004348832661239754e+00
1.552816062401730646e+00
1.047071455194213074e+00
9.962352184305417468e-01
1.116728456016164550e+00
5.898063998722059553e-01
1.652193952837979429e+00
1.460450433479324905e+00
1.082242702966192960e+00
8.338704186949287278e-01
1.071004424185227011e+00
1.226815829274795711e+00
5.882215346136459022e-01
1.091878138911664298e+00
1.128001746943352757e+00
1.296905563682612339e+00
1.422925669315776798e+00
6.576590940300559573e+00
2.895001281269493631e+00
2.531343916796407356e+00
4.123849926990876824e+00
1.329899811941127163e+00
4.426703276681953625e+00
2.433376175824113030e+00
2.905101145904051663e+00
3.827804121930402648e+00
5.267559723722503584e+00
5.751762986929823462e+00
5.218889189597581968e+00
6.428020084813319102e+00
4.838637198250942184e+00
2.787107360746071016e+00
7.142958582976395299e-01
2.735575322359586004e+00
1.988366446017176381e+00
3.088743830467612472e+00
8.354765975503783970e-01
9.785969774771821061e-01
2.298563693166118416e+00
5.817499194932589823e+00
1.157452155369713687e+01
3.320707584179920069e+00
7.710516969228481399e-01
9.974464288413248392e-01
8.234962525565890701e+00
9.441990454052460180e+00
2.854909540107871457e+00
2.830114744541458283e+00
5.909932239130102793e+00
4.351748570637443692e+00
6.697154173329103344e+00
1.280082077121662287e+01
1.312064447659964772e+00
1.056857765797687199e+00
6.349365221977335549e-01
1.741128568502139595e+00
2.899162187101968491e-01
3.717462052485311363e-01
3.714696719363629329e-01
4.674371524120284249e+01
2.278225285120696331e+00
1.700113892312860253e+00
3.406928101412264986e+00
1.075848242476545380e+01
3.784603738972101006e+00
2.227670797636615685e+00
2.829128756048223892e+00
3.164532863176023447e+00
5.125441977271142591e+00
1.351340675481167874e+00
1.287530370102352828e+00
2.208811310865940847e+00
1.853949545363355655e+00
2.433045252071709630e+00
1.278698117026869863e+00
8.321027001892817854e-01
1.275212995620634171e+00
2.379802468693335449e+00
4.063413998514866066e+00
1.711246983723900783e+01
8.020780711088835169e-01
3.085339013995442858e+00
2.488222264364488900e+00
1.867144963510450673e+00
1.110485633384342252e+00
1.233621504456843043e+00
4.224419311502381369e+00
