3.377375602722167969e-01 1.142072677612304688e-02
3.112583160400390625e-01 6.121397018432617188e-03
3.640038967132568359e-01 1.032137870788574219e-02
3.818614482879638672e-01 1.147484779357910156e-02
3.435485363006591797e-01 1.048755645751953125e-02
3.611671924591064453e-01 5.923032760620117188e-03
4.087166786193847656e-01 1.099467277526855469e-02
4.182965755462646484e-01 1.108002662658691406e-02
2.990565299987792969e-01 1.158237457275390625e-02
4.472286701202392578e-01 6.711959838867187500e-03
3.338410854339599609e-01 9.316921234130859375e-03
3.378443717956542969e-01 1.113200187683105469e-02
3.041880130767822266e-01 1.080179214477539062e-02
3.077056407928466797e-01 1.098966598510742188e-02
3.715021610260009766e-01 1.076531410217285156e-02
3.545122146606445312e-01 1.079630851745605469e-02
3.475713729858398438e-01 1.092004776000976562e-02
3.758113384246826172e-01 5.563497543334960938e-03
3.382546901702880859e-01 6.779909133911132812e-03
3.405699729919433594e-01 1.118969917297363281e-02
2.998509407043457031e-01 1.112699508666992188e-02
3.691227436065673828e-01 5.700111389160156250e-03
3.782978057861328125e-01 1.117658615112304688e-02
3.542804718017578125e-01 1.118493080139160156e-02
4.344272613525390625e-01 1.214933395385742188e-02
2.898974418640136719e-01 6.107091903686523438e-03
3.406410217285156250e-01 1.170849800109863281e-02
3.453724384307861328e-01 1.125431060791015625e-02
3.977277278900146484e-01 1.088166236877441406e-02
3.722872734069824219e-01 6.435871124267578125e-03
3.352599143981933594e-01 1.152014732360839844e-02
3.602449893951416016e-01 1.132440567016601562e-02
3.893086910247802734e-01 1.045513153076171875e-02
3.826134204864501953e-01 5.793571472167968750e-03
3.368580341339111328e-01 1.017856597900390625e-02
3.513820171356201172e-01 9.954690933227539062e-03
3.145055770874023438e-01 1.158833503723144531e-02
3.303918838500976562e-01 1.134490966796875000e-02
3.778131008148193359e-01 5.658864974975585938e-03
3.247928619384765625e-01 7.213592529296875000e-03
4.172031879425048828e-01 6.479740142822265625e-03
3.081362247467041016e-01 6.088733673095703125e-03
3.848881721496582031e-01 1.105093955993652344e-02
3.003296852111816406e-01 1.181721687316894531e-02
3.694674968719482422e-01 1.114988327026367188e-02
4.061830043792724609e-01 1.215434074401855469e-02
3.269701004028320312e-01 1.088929176330566406e-02
3.881771564483642578e-01 9.221076965332031250e-03
3.711907863616943359e-01 1.013779640197753906e-02
4.044449329376220703e-01 1.287031173706054688e-02
3.798480033874511719e-01 1.100206375122070312e-02
3.844063282012939453e-01 1.032876968383789062e-02
3.348805904388427734e-01 1.083326339721679688e-02
3.516538143157958984e-01 1.103281974792480469e-02
3.568887710571289062e-01 5.607128143310546875e-03
4.249696731567382812e-01 7.228136062622070312e-03
2.368235588073730469e-01 6.074905395507812500e-03
2.280979156494140625e-01 5.673885345458984375e-03
2.568416595458984375e-01 6.042957305908203125e-03
2.264471054077148438e-01 5.322217941284179688e-03
3.462440967559814453e-01 7.078647613525390625e-03
3.631169795989990234e-01 5.822658538818359375e-03
3.399536609649658203e-01 9.433507919311523438e-03
1.931841373443603516e-01 5.812883377075195312e-03
3.404207229614257812e-01 1.124024391174316406e-02
2.601363658905029297e-01 1.128816604614257812e-02
2.097845077514648438e-01 5.895137786865234375e-03
3.395731449127197266e-01 1.122188568115234375e-02
3.135836124420166016e-01 1.024794578552246094e-02
2.597558498382568359e-01 8.370399475097656250e-03
2.758557796478271484e-01 1.140022277832031250e-02
3.926672935485839844e-01 1.269221305847167969e-02
3.257815837860107422e-01 1.104378700256347656e-02
3.974754810333251953e-01 1.114964485168457031e-02
3.676393032073974609e-01 1.089453697204589844e-02
2.990851402282714844e-01 6.441354751586914062e-03
3.886234760284423828e-01 1.124453544616699219e-02
2.666587829589843750e-01 1.119208335876464844e-02
3.151323795318603516e-01 1.089501380920410156e-02
4.597942829132080078e-01 1.182150840759277344e-02
4.464139938354492188e-01 1.176667213439941406e-02
4.370894432067871094e-01 1.093578338623046875e-02
4.773702621459960938e-01 1.133418083190917969e-02
4.678640365600585938e-01 1.160025596618652344e-02
3.979053497314453125e-01 1.103830337524414062e-02
4.025824069976806641e-01 1.184201240539550781e-02
5.007574558258056641e-01 1.097965240478515625e-02
5.176181793212890625e-01 1.086759567260742188e-02
5.766568183898925781e-01 1.113438606262207031e-02
3.825356960296630859e-01 1.132631301879882812e-02
5.130484104156494141e-01 1.075649261474609375e-02
5.254909992218017578e-01 1.110577583312988281e-02
5.756232738494873047e-01 1.262903213500976562e-02
5.465040206909179688e-01 1.205801963806152344e-02
5.273008346557617188e-01 1.034212112426757812e-02
5.164535045623779297e-01 1.164793968200683594e-02
5.215568542480468750e-01 1.100087165832519531e-02
5.402772426605224609e-01 1.100087165832519531e-02
5.593478679656982422e-01 1.130843162536621094e-02
5.778791904449462891e-01 1.192402839660644531e-02
3.487424850463867188e-01 1.096606254577636719e-02
5.445513725280761719e-01 1.123905181884765625e-02
4.850106239318847656e-01 9.817838668823242188e-03
4.941489696502685547e-01 1.111912727355957031e-02
5.328748226165771484e-01 1.151728630065917969e-02
5.104560852050781250e-01 5.571365356445312500e-03
5.087492465972900391e-01 6.150245666503906250e-03
5.073864459991455078e-01 1.160931587219238281e-02
5.029304027557373047e-01 1.098370552062988281e-02
5.149803161621093750e-01 5.784988403320312500e-03
5.203533172607421875e-01 8.406877517700195312e-03
3.864040374755859375e-01 1.031160354614257812e-02
3.825819492340087891e-01 9.881019592285156250e-03
4.797039031982421875e-01 5.906820297241210938e-03
4.681093692779541016e-01 5.782127380371093750e-03
5.381684303283691406e-01 7.569789886474609375e-03
4.667220115661621094e-01 5.666494369506835938e-03
4.410390853881835938e-01 5.830526351928710938e-03
5.575482845306396484e-01 1.092576980590820312e-02
5.273246765136718750e-01 1.376390457153320312e-02
5.478546619415283203e-01 5.870819091796875000e-03
5.314118862152099609e-01 1.108622550964355469e-02
5.544903278350830078e-01 8.831262588500976562e-03
4.402680397033691406e-01 9.465694427490234375e-03
5.297198295593261719e-01 9.883642196655273438e-03
5.015876293182373047e-01 6.102323532104492188e-03
5.180666446685791016e-01 9.902715682983398438e-03
5.604081153869628906e-01 1.114153861999511719e-02
5.193064212799072266e-01 6.054162979125976562e-03
6.320543289184570312e-01 6.720304489135742188e-03
5.731117725372314453e-01 1.096987724304199219e-02
5.275404453277587891e-01 1.106882095336914062e-02
2.878115177154541016e-01 5.648374557495117188e-03
5.307607650756835938e-01 1.068305969238281250e-02
4.648392200469970703e-01 1.181054115295410156e-02
3.172574043273925781e-01 6.040096282958984375e-03
5.812325477600097656e-01 1.099848747253417969e-02
4.646253585815429688e-01 1.074934005737304688e-02
3.405139446258544922e-01 5.591869354248046875e-03
3.113281726837158203e-01 5.707979202270507812e-03
4.458110332489013672e-01 9.965181350708007812e-03
5.079913139343261719e-01 1.133537292480468750e-02
5.520622730255126953e-01 1.034092903137207031e-02
5.288152694702148438e-01 9.857654571533203125e-03
5.266761779785156250e-01 1.149487495422363281e-02
4.207701683044433594e-01 1.326227188110351562e-02
4.506738185882568359e-01 8.616447448730468750e-03
5.592474937438964844e-01 8.972406387329101562e-03
4.409906864166259766e-01 1.182532310485839844e-02
5.079910755157470703e-01 1.087641716003417969e-02
4.914767742156982422e-01 1.116323471069335938e-02
4.475548267364501953e-01 1.084351539611816406e-02
4.471900463104248047e-01 1.096487045288085938e-02
5.244150161743164062e-01 1.123046875000000000e-02
5.117967128753662109e-01 1.000690460205078125e-02
5.712847709655761719e-01 1.112246513366699219e-02
3.809490203857421875e-01 1.073956489562988281e-02
5.163400173187255859e-01 1.109933853149414062e-02
4.733281135559082031e-01 1.124429702758789062e-02
5.784816741943359375e-01 1.155662536621093750e-02
5.772778987884521484e-01 1.214575767517089844e-02
5.064797401428222656e-01 1.074790954589843750e-02
5.062034130096435547e-01 1.112461090087890625e-02
4.036118984222412109e-01 5.619525909423828125e-03
4.615595340728759766e-01 1.098752021789550781e-02
6.466686725616455078e-01 1.279163360595703125e-02
5.250270366668701172e-01 1.036834716796875000e-02
4.358422756195068359e-01 1.124262809753417969e-02
5.320186614990234375e-01 1.069021224975585938e-02
6.019401550292968750e-01 1.010823249816894531e-02
5.002620220184326172e-01 1.076865196228027344e-02
5.152273178100585938e-01 1.098942756652832031e-02
5.655262470245361328e-01 1.102375984191894531e-02
5.900275707244873047e-01 1.263427734375000000e-02
4.389290809631347656e-01 1.120805740356445312e-02
4.589378833770751953e-01 1.104211807250976562e-02
4.882140159606933594e-01 1.052904129028320312e-02
4.628181457519531250e-01 1.106286048889160156e-02
3.224742412567138672e-01 1.077914237976074219e-02
4.614367485046386719e-01 1.019597053527832031e-02
5.677545070648193359e-01 9.907484054565429688e-03
4.848532676696777344e-01 1.066803932189941406e-02
5.714058876037597656e-01 1.102900505065917969e-02
5.530095100402832031e-01 1.023817062377929688e-02
4.536538124084472656e-01 1.072049140930175781e-02
5.428891181945800781e-01 1.104998588562011719e-02
4.552416801452636719e-01 1.105380058288574219e-02
4.912788867950439453e-01 9.810209274291992188e-03
5.068681240081787109e-01 1.079940795898437500e-02
4.123878479003906250e-01 1.088094711303710938e-02
5.357131958007812500e-01 6.703138351440429688e-03
4.578530788421630859e-01 1.125335693359375000e-02
4.851920604705810547e-01 1.002287864685058594e-02
5.493829250335693359e-01 1.091313362121582031e-02
5.010249614715576172e-01 1.129102706909179688e-02
4.948527812957763672e-01 7.519006729125976562e-03
5.197272300720214844e-01 1.154971122741699219e-02
5.305585861206054688e-01 1.007556915283203125e-02
5.307326316833496094e-01 1.109480857849121094e-02
5.137095451354980469e-01 1.060700416564941406e-02
3.809261322021484375e-01 9.435653686523437500e-03
4.922420978546142578e-01 6.112098693847656250e-03
5.241158008575439453e-01 1.111268997192382812e-02
5.563530921936035156e-01 1.110553741455078125e-02
5.851600170135498047e-01 9.885311126708984375e-03
5.218656063079833984e-01 9.640693664550781250e-03
5.280044078826904297e-01 1.113224029541015625e-02
5.406668186187744141e-01 1.111245155334472656e-02
5.443806648254394531e-01 1.033878326416015625e-02
5.383970737457275391e-01 1.107597351074218750e-02
5.058181285858154297e-01 1.094174385070800781e-02
4.359004497528076172e-01 1.088500022888183594e-02
5.139715671539306641e-01 1.066327095031738281e-02
5.058841705322265625e-01 1.101064682006835938e-02
5.250234603881835938e-01 1.110100746154785156e-02
5.225458145141601562e-01 1.068210601806640625e-02
5.080046653747558594e-01 1.090121269226074219e-02
5.277471542358398438e-01 1.142239570617675781e-02
5.505545139312744141e-01 1.152515411376953125e-02
5.163292884826660156e-01 1.098537445068359375e-02
5.309574604034423828e-01 1.132965087890625000e-02
5.552980899810791016e-01 1.125144958496093750e-02
4.670128822326660156e-01 1.179862022399902344e-02
3.686735630035400391e-01 1.124644279479980469e-02
5.345458984375000000e-01 1.151227951049804688e-02
5.154743194580078125e-01 1.087546348571777344e-02
4.947464466094970703e-01 1.122117042541503906e-02
4.935126304626464844e-01 1.117563247680664062e-02
5.106503963470458984e-01 1.110100746154785156e-02
5.248355865478515625e-01 6.285190582275390625e-03
4.880502223968505859e-01 1.039624214172363281e-02
4.608407020568847656e-01 1.076936721801757812e-02
4.968388080596923828e-01 5.790710449218750000e-03
5.332453250885009766e-01 1.096582412719726562e-02
4.150128364562988281e-01 1.116871833801269531e-02
5.244331359863281250e-01 9.965181350708007812e-03
4.716427326202392578e-01 1.107382774353027344e-02
5.212202072143554688e-01 1.085066795349121094e-02
4.688076972961425781e-01 1.088285446166992188e-02
5.401730537414550781e-01 1.135373115539550781e-02
5.469143390655517578e-01 1.028966903686523438e-02
5.585074424743652344e-01 1.132559776306152344e-02
5.481457710266113281e-01 1.084136962890625000e-02
5.756659507751464844e-01 1.078391075134277344e-02
5.662052631378173828e-01 1.164960861206054688e-02
3.864784240722656250e-01 1.124739646911621094e-02
5.100433826446533203e-01 1.065373420715332031e-02
4.658093452453613281e-01 1.001358032226562500e-02
4.625031948089599609e-01 1.107454299926757812e-02
4.462487697601318359e-01 1.091718673706054688e-02
4.878075122833251953e-01 9.713888168334960938e-03
5.144340991973876953e-01 1.101350784301757812e-02
4.760918617248535156e-01 1.127195358276367188e-02
5.418672561645507812e-01 1.047682762145996094e-02
5.403680801391601562e-01 1.109004020690917969e-02
5.086672306060791016e-01 1.042079925537109375e-02
3.718345165252685547e-01 1.142668724060058594e-02
5.153639316558837891e-01 1.096034049987792969e-02
4.836394786834716797e-01 1.019930839538574219e-02
4.958255290985107422e-01 1.148700714111328125e-02
4.888083934783935547e-01 5.690813064575195312e-03
4.723067283630371094e-01 6.695032119750976562e-03
4.590489864349365234e-01 9.762763977050781250e-03
4.714617729187011719e-01 6.068229675292968750e-03
5.607385635375976562e-01 1.149225234985351562e-02
5.198674201965332031e-01 1.074528694152832031e-02
5.784506797790527344e-01 1.094365119934082031e-02
3.988683223724365234e-01 1.494717597961425781e-02
5.726923942565917969e-01 1.114797592163085938e-02
4.733755588531494141e-01 7.287025451660156250e-03
5.328423976898193359e-01 1.107430458068847656e-02
5.518455505371093750e-01 1.089739799499511719e-02
4.899463653564453125e-01 1.134085655212402344e-02
5.123691558837890625e-01 1.113653182983398438e-02
5.556201934814453125e-01 1.238870620727539062e-02
5.297150611877441406e-01 1.111507415771484375e-02
4.496068954467773438e-01 1.097869873046875000e-02
5.356624126434326172e-01 1.104617118835449219e-02
2.779958248138427734e-01 8.577346801757812500e-03
5.022699832916259766e-01 1.114487648010253906e-02
5.289475917816162109e-01 1.081061363220214844e-02
4.602727890014648438e-01 7.298946380615234375e-03
5.213997364044189453e-01 1.078867912292480469e-02
5.943248271942138672e-01 1.141786575317382812e-02
5.318605899810791016e-01 1.090979576110839844e-02
4.982061386108398438e-01 1.083707809448242188e-02
5.313808917999267578e-01 1.114606857299804688e-02
4.712605476379394531e-01 1.105046272277832031e-02
5.028512477874755859e-01 1.122498512268066406e-02
3.810505867004394531e-01 1.089429855346679688e-02
5.140368938446044922e-01 9.322404861450195312e-03
5.146470069885253906e-01 1.010203361511230469e-02
5.169100761413574219e-01 1.089906692504882812e-02
5.099797248840332031e-01 1.105999946594238281e-02
5.193126201629638672e-01 6.532192230224609375e-03
5.167682170867919922e-01 6.017208099365234375e-03
4.807047843933105469e-01 1.021337509155273438e-02
5.042705535888671875e-01 1.082563400268554688e-02
5.183622837066650391e-01 1.103472709655761719e-02
5.255126953125000000e-01 1.161384582519531250e-02
4.315044879913330078e-01 1.092886924743652344e-02
5.064766407012939453e-01 5.992174148559570312e-03
5.185427665710449219e-01 1.120543479919433594e-02
5.462849140167236328e-01 1.106929779052734375e-02
5.118088722229003906e-01 1.130771636962890625e-02
5.990343093872070312e-01 9.996414184570312500e-03
5.323371887207031250e-01 1.130747795104980469e-02
5.337078571319580078e-01 1.155805587768554688e-02
5.352640151977539062e-01 1.104974746704101562e-02
5.257408618927001953e-01 1.093649864196777344e-02
5.411982536315917969e-01 1.133489608764648438e-02
3.509666919708251953e-01 1.113748550415039062e-02
5.048539638519287109e-01 1.140522956848144531e-02
4.577474594116210938e-01 1.076412200927734375e-02
4.952087402343750000e-01 1.141595840454101562e-02
5.808591842651367188e-01 1.127576828002929688e-02
5.614733695983886719e-01 1.087570190429687500e-02
5.476830005645751953e-01 1.091694831848144531e-02
4.499669075012207031e-01 1.110434532165527344e-02
5.022134780883789062e-01 1.114058494567871094e-02
5.779635906219482422e-01 1.136398315429687500e-02
4.837985038757324219e-01 1.132035255432128906e-02
3.823261260986328125e-01 1.086473464965820312e-02
5.122766494750976562e-01 1.069855690002441406e-02
5.915317535400390625e-01 1.112246513366699219e-02
5.754349231719970703e-01 1.133060455322265625e-02
5.620520114898681641e-01 1.038742065429687500e-02
4.537351131439208984e-01 1.023745536804199219e-02
5.227272510528564453e-01 1.017880439758300781e-02
5.262939929962158203e-01 1.121044158935546875e-02
5.349156856536865234e-01 1.168894767761230469e-02
5.212137699127197266e-01 1.049399375915527344e-02
5.458405017852783203e-01 6.525516510009765625e-03
3.534901142120361328e-01 1.108527183532714844e-02
3.370530605316162109e-01 1.129508018493652344e-02
4.650847911834716797e-01 1.085209846496582031e-02
5.197141170501708984e-01 1.132345199584960938e-02
5.383844375610351562e-01 1.099491119384765625e-02
4.956066608428955078e-01 1.135373115539550781e-02
5.540556907653808594e-01 1.141881942749023438e-02
5.603907108306884766e-01 1.174068450927734375e-02
4.345057010650634766e-01 1.114082336425781250e-02
4.868531227111816406e-01 1.076984405517578125e-02
5.162341594696044922e-01 1.110076904296875000e-02
5.286431312561035156e-01 1.100540161132812500e-02
3.895726203918457031e-01 1.028251647949218750e-02
5.815160274505615234e-01 6.336688995361328125e-03
4.956977367401123047e-01 1.036763191223144531e-02
5.005311965942382812e-01 1.107764244079589844e-02
5.189411640167236328e-01 9.961605072021484375e-03
5.282866954803466797e-01 1.117253303527832031e-02
3.879857063293457031e-01 1.097702980041503906e-02
3.896484375000000000e-01 1.124525070190429688e-02
3.680756092071533203e-01 1.078653335571289062e-02
4.154798984527587891e-01 1.079201698303222656e-02
3.684451580047607422e-01 6.799459457397460938e-03
4.136433601379394531e-01 1.140451431274414062e-02
3.694820404052734375e-01 5.880594253540039062e-03
3.318552970886230469e-01 1.095604896545410156e-02
3.886270523071289062e-01 1.107525825500488281e-02
3.770139217376708984e-01 1.109194755554199219e-02
3.837671279907226562e-01 1.015305519104003906e-02
3.788168430328369141e-01 1.027345657348632812e-02
3.757224082946777344e-01 6.355285644531250000e-03
3.784174919128417969e-01 1.099348068237304688e-02
3.001422882080078125e-01 5.537986755371093750e-03
3.927357196807861328e-01 1.178574562072753906e-02
4.043927192687988281e-01 1.142740249633789062e-02
3.293573856353759766e-01 5.858898162841796875e-03
3.829703330993652344e-01 1.131343841552734375e-02
4.121944904327392578e-01 1.086497306823730469e-02
3.773989677429199219e-01 1.128029823303222656e-02
3.878679275512695312e-01 9.681701660156250000e-03
3.045427799224853516e-01 1.094460487365722656e-02
3.613133430480957031e-01 1.119446754455566406e-02
3.907926082611083984e-01 1.100158691406250000e-02
3.785934448242187500e-01 1.087975502014160156e-02
3.857271671295166016e-01 1.175069808959960938e-02
3.306088447570800781e-01 1.095128059387207031e-02
3.133201599121093750e-01 5.844831466674804688e-03
3.637795448303222656e-01 1.103615760803222656e-02
3.509294986724853516e-01 5.711555480957031250e-03
3.208942413330078125e-01 1.111388206481933594e-02
3.611612319946289062e-01 1.126122474670410156e-02
4.263103008270263672e-01 6.077289581298828125e-03
3.763916492462158203e-01 1.095819473266601562e-02
3.868682384490966797e-01 9.979724884033203125e-03
3.882176876068115234e-01 7.493019104003906250e-03
3.836739063262939453e-01 1.134133338928222656e-02
3.832409381866455078e-01 1.153945922851562500e-02
3.430492877960205078e-01 1.112127304077148438e-02
3.534109592437744141e-01 5.932092666625976562e-03
3.010854721069335938e-01 5.831241607666015625e-03
2.839546203613281250e-01 5.664348602294921875e-03
3.292243480682373047e-01 1.016211509704589844e-02
2.997462749481201172e-01 6.262779235839843750e-03
3.587164878845214844e-01 5.792856216430664062e-03
4.188094139099121094e-01 7.852315902709960938e-03
3.926901817321777344e-01 5.830287933349609375e-03
3.371264934539794922e-01 5.709171295166015625e-03
3.219060897827148438e-01 6.142139434814453125e-03
2.542786598205566406e-01 5.774259567260742188e-03
3.533399105072021484e-01 5.746841430664062500e-03
2.971243858337402344e-01 5.738258361816406250e-03
3.309538364410400391e-01 5.326271057128906250e-03
2.910509109497070312e-01 5.388021469116210938e-03
2.748193740844726562e-01 5.191087722778320312e-03
2.386252880096435547e-01 5.763053894042968750e-03
2.260944843292236328e-01 5.073547363281250000e-03
2.219419479370117188e-01 5.441427230834960938e-03
2.178478240966796875e-01 5.600214004516601562e-03
2.513637542724609375e-01 5.066156387329101562e-03
2.043118476867675781e-01 5.817413330078125000e-03
2.244265079498291016e-01 5.037307739257812500e-03
