5.442464228708974311e-02
3.311995498155426154e-02
1.398466707547002530e-01
3.179348692714343422e-02
5.588243442866321770e-02
6.893105407820342145e-02
9.235528611537864585e-02
4.078700224881742775e-02
5.047176100341491806e-02
2.749451292254086535e-02
1.767871921482714603e-01
4.629943879263568457e-02
4.283340379681310761e-02
4.695677936067752661e-02
7.916081222701341902e-02
9.803910014954769769e-02
5.392254551389904366e-02
7.557952458657359041e-02
1.249425953321968707e-01
4.094951596441252090e-02
8.123190937069187101e-02
6.053151356282775869e-02
3.867933840776749399e-01
3.105780038820489877e-02
8.007885256893912396e-02
1.484079564705615382e-02
6.535621885473014148e-02
1.003925141583669051e-01
5.984324008536175965e-01
6.077751380441253071e-01
4.259539312805951106e-01
5.226818419578013186e-01
4.472611674333723530e-01
4.296700685709025080e-01
5.776028807836591089e-02
9.864597682709425053e-01
4.402973554354268626e-01
8.648592501143420597e-01
6.425290858728929244e-01
8.215629587633893616e-01
6.798765270700375396e-01
8.538945608016681454e-01
2.961715513355072660e-01
5.362481654090777150e-01
6.218659658121309386e-01
7.013753530243256595e-02
6.052598497108213627e-01
7.390301013975619782e-01
3.018329275809211731e-01
4.452047287760708127e-01
5.217928659348184395e-01
4.474724906300810989e-01
7.604569073770832688e-01
9.229369654216829089e-01
6.387128883058573736e-01
4.406601642694101817e-01
4.487526386418844160e-02
4.432107081054281750e-01
7.395000345276097065e-01
7.380954200923669495e-01
6.376790719441847166e-01
5.210582276432429438e-01
7.090082596304513318e-01
3.958896726805804511e-01
3.765712095259560743e-01
4.905499871404160328e-01
4.363499945203435648e-01
5.302750536314796564e-02
5.385826056462045264e-01
2.757415536542959233e-01
8.147042091006192477e-01
3.420967552076463747e-01
5.835996024719768416e-01
4.262653714059436716e-01
4.975907154703911317e-01
2.580236083965433136e-01
5.361407828728671499e-01
4.430340704803720775e-01
2.701405284091160097e-02
7.759681866570914029e-03
3.766618578169058512e-02
2.646341603579875721e-03
2.613292987324628436e-03
4.382309692670525135e-03
3.691925587111753292e-03
7.606772898718034380e-03
3.682220834871484383e-03
2.742503257343795447e-03
2.004957632565698960e-03
3.613231705379887915e-02
3.573651184022367394e-03
5.833854668425665808e-03
1.415449093780655381e-03
3.232329491951995565e-03
3.416975202394226859e-03
4.031791401271514995e-03
3.384852597208986517e-03
1.232833636589907326e-03
2.443497474786561832e-03
3.733329168083100464e-03
2.421325665999216059e-02
4.090165706747757313e-03
3.080586435360919365e-03
3.170496319469444466e-03
2.675941641545833641e-03
2.787275007239548019e-03
4.962569772144472501e-03
5.485577049194307643e-03
3.428364013391832932e-03
3.169739788233477597e-03
3.577808910805053370e-03
1.308604223910833642e-01
4.217657870458033087e-02
2.565713759738067878e-03
4.757843306942997376e-03
2.720942066679379965e-03
3.888180058599715119e-03
4.708700023251413506e-03
2.463737788677059556e-03
2.802768690675223797e-03
5.240422582581612081e-03
3.229139634825806734e-03
9.413147482048156781e-03
5.349196436173969671e-02
3.140582006957317370e-03
3.090253737093024474e-03
8.450381009609330557e-03
8.113741994493025092e-03
4.180059788110417930e-03
3.182881194551599475e-03
3.526082443036679653e-03
3.650519354160166544e-03
2.463049689206982858e-03
8.207633100668734402e-03
5.284868865128995036e-02
2.998952404178854923e-03
2.936538821442591287e-03
1.324756608477842545e-01
9.150401975543709029e-03
3.100794634506091798e-03
2.468361455955170401e-03
2.619367168458203166e-03
8.780696530386008711e-03
5.160388120742032819e-02
7.491041238655194064e-03
7.315032803706492115e-02
1.774334127062847681e-03
7.958055990411310593e-03
2.867315212502635768e-03
1.184110466110425454e-02
3.652296035782910243e-03
2.532562117702929355e-03
2.509182226237690466e-03
5.277187727220748054e-03
2.887159899232212817e-03
5.269380003120206941e-03
6.519563168526811003e-02
3.030794720217936181e-02
3.213127038407377189e-03
2.443652174884806873e-03
3.806358052457814705e-03
2.610813552361106096e-03
3.984949360665016732e-03
3.612185830650992829e-03
2.367834566779523572e-03
2.061276052921118349e-03
2.306154935212054429e-03
9.604372802835310641e-02
2.889616548892170230e-03
5.286779360423560920e-03
2.719102811901476322e-03
4.154933345551365710e-03
2.633261709968280368e-03
1.356567080583417906e-02
7.555502440798678339e-03
3.100373897985196203e-03
3.167633961048131695e-03
3.747115055377108362e-03
4.907839001771652915e-02
8.586947447656987156e-03
7.831199143663573892e-02
4.231397389971081925e-03
5.126815407171256625e-03
2.919317644489027083e-03
6.081994842561194714e-03
2.083366844143348228e-03
1.042677891920647942e-02
2.378442120174141181e-03
6.222564044362233378e-03
2.681188543762791018e-02
2.506125536202650095e-03
4.302185440847150488e-02
7.700129589350225567e-02
5.544033772036244256e-03
4.244225207453651387e-03
5.292477275617172607e-03
6.886537648027712955e-03
8.699784457675788230e-03
2.451501333895495047e-03
1.160066758411773015e-02
7.810918353829059135e-02
3.924183625783883404e-03
3.293916208022275218e-03
6.495034635790792633e-03
3.125219192051574991e-03
8.756890241169289213e-03
3.498792097702878041e-03
5.494683803688313155e-03
6.897965717244961166e-03
2.724991333207273363e-03
8.160224966205782693e-03
9.352565394791285958e-02
3.100904656530241443e-03
3.074829391243930326e-03
5.751922647411865895e-03
3.523327058581507843e-03
2.560760753609914522e-03
3.773136874539109818e-03
2.477549661448523455e-03
3.188390388218243290e-03
4.546867338978575687e-03
2.678321950348592356e-03
1.135755117792949659e-01
3.490175945336870117e-02
4.170390146340376830e-03
3.232495253185788467e-03
3.702139889159446282e-03
4.886654706538171543e-03
4.780762358890236138e-03
5.282129583854201088e-03
3.923017034885345478e-03
2.739822420773388185e-03
7.485340659044496976e-03
3.451330911407415099e-03
5.158323071613215433e-02
6.301254119009426502e-03
6.308230761270920174e-03
2.989726497097607710e-03
3.597425703416905901e-03
3.044396050682140770e-03
3.678012577165884565e-03
6.415646000625909590e-03
3.171494304817281621e-03
1.622593595491323001e-03
2.715863016951512027e-03
4.885402384659180003e-02
3.778878335694689766e-03
4.940439503070312433e-03
4.814203626075280566e-03
2.504790009559634129e-03
2.402456481310647016e-03
6.917071436669902824e-03
5.794691192441331351e-03
7.380120132297815494e-03
7.891496133891565817e-03
3.523902424896200869e-01
1.283985191346025401e-01
3.517939146437971676e-01
2.141124179741804856e-01
4.504832180275277764e-01
5.165699513224030204e-01
1.549693332124083278e-01
8.739634172145928082e-01
4.546690454099099887e-01
4.265552738360754437e-01
2.727396486651605945e-01
4.151712817455623927e-01
6.793493965027665171e-02
2.877451743325425970e-01
8.235587888854839500e-01
3.119665861446149768e-01
3.363494719765449670e-01
2.219883333877549492e-01
3.287937495838850754e-01
4.976975393574701312e-01
4.903913415493511008e-01
2.197039858272235302e-01
9.826418274965674771e-01
6.647743482243394231e-02
4.232544576352003651e-01
4.078099622437639238e-01
2.649323545809169622e-01
3.564117783886341928e-01
3.770995437197948164e-01
2.060289489628417403e-01
5.890700406055847660e-01
1.479147116485594049e-01
4.586094967960364088e-01
2.841565260063776965e-01
3.916810323842432467e-02
3.291884801850382680e-01
3.538074006967816820e-01
2.615208739283469974e-01
3.216361217519109750e-01
1.378500255981205957e-01
1.749950681583658241e-01
5.462209266602946478e-01
3.151478685722512996e-01
2.023010371813918074e-01
5.638919180585687529e-01
1.768595471363193228e-01
6.059222308858857042e-01
2.904432767637024626e-01
2.313218830740565723e-01
4.467326931766509301e-01
6.448969914553995819e-01
4.896803389643804572e-01
3.557089158168418308e-01
4.725222587072592795e-01
1.986267738772328484e-01
2.658951525755900436e-01
1.248568803281831646e-01
2.054412007107532523e-01
3.104219898301232572e-01
3.443280309698715236e-01
2.442844411506620850e-01
2.986457219427652299e-01
3.052856016213132406e-01
3.751126567609288087e-01
3.018566780207698752e-01
4.636907032873233692e-01
4.453110727407394442e-01
3.487588194038248463e-02
1.917202330497224383e-01
4.625318216130838156e-01
1.603817537905849744e-01
1.627076181368410646e-01
4.952811761606605856e-01
4.717420328884572300e-01
3.116351905692636426e-01
6.363704074217872986e-01
2.978559961282786217e-01
4.093575594451794863e-01
7.496184873083952538e-02
5.381853550500428907e-02
6.219852471799488525e-01
2.897067776801555694e-01
3.285465967259749154e-01
2.047534688535007641e-01
2.145272264892193192e-01
4.472019997368296695e-01
1.919823308105284010e-01
5.213195602185048960e-01
4.486386527964921211e-01
3.106663238459271281e-01
6.372735269279500292e-02
2.746542814623905149e-01
1.855670058573989090e-01
3.327450310466736338e-01
2.666198774312149022e-01
3.529342582248300997e-01
3.151013077395717343e-02
3.297035248928239376e-02
7.162681694187822412e-02
3.443537072245036329e-02
5.508656647341351326e-02
3.430817277232012241e-02
7.727047417689969500e-02
5.131212692004365888e-02
5.459267213144369801e-02
6.850563665980975714e-02
7.359364567230966547e-02
3.229678038659303252e-02
7.431200431533675765e-02
3.502949576418770694e-02
6.019639825177462017e-02
9.595313078431651210e-02
1.335481597404115928e-02
6.904745616731490510e-02
3.736478455879288507e-02
1.724558478129357281e-02
5.459159848256565223e-02
1.333937713925357205e-01
2.474374072484044618e-01
2.535630070436785746e-02
7.953868370266919952e-02
5.013988080688428634e-02
7.867029752871015913e-02
3.475582339530343401e-02
6.786538933808718144e-02
1.135015074296801818e-01
4.803942754545447585e-02
8.513318019945657900e-02
4.013654882874911900e-02
2.235575824135357659e-01
1.746612498507641165e-01
1.000453579336206822e-01
6.979776093126617564e-02
1.701144934451148394e-01
1.449881879178382127e-01
2.676007978776035259e-02
3.392143737514522611e-02
3.195952367580468662e-02
3.160245651225931929e-02
3.037963000645203457e-02
4.904817100410855529e-02
1.380779908916643928e-01
6.046665763114394965e-02
2.946859339853019066e-01
8.463426259910440674e-02
1.281155381765499424e-01
2.782319361114773959e-02
1.618714260176521424e-01
6.864600847024195096e-02
5.468209877539326191e-02
4.192047535068445935e-02
5.976446195972739267e-02
1.008970446216524847e-01
6.777079111068927408e-02
6.596910406013715977e-02
1.623300153299477022e-01
2.471690030822699599e-02
2.814053197492553601e-02
4.930820156986925190e-02
