1.742574070599823416e-02
3.374378740252858416e-02
1.927971571694519701e-02
5.451643146724130182e-03
1.196561625687043821e-02
3.003074685178602071e-02
1.408099288972288268e-02
1.144722304379676599e-02
3.769446001189450095e-03
1.195006550933696773e-02
4.039347666891275265e-03
4.947279417156737712e-03
2.599715598516624260e-01
1.637894118750184841e-02
4.826811460819201843e-02
4.748377046245875858e-03
3.313345056732475841e-02
3.462461580012927975e-02
3.119709080551580013e-02
2.626037289316170142e-02
1.481930864438773220e-02
5.221659468215635556e-03
1.420694543423309253e-01
2.978433257134412149e-02
1.219721351445354485e-01
1.114919222362230518e-02
1.747289374336153112e-01
1.234786640097233767e-01
8.347414843266719522e-03
1.643182736424353765e-02
7.971731517077633444e-03
1.909271154912854998e-02
2.991808699473858663e-02
1.520087171269072016e-02
3.559362478700788673e-02
8.929671797266001618e-03
3.767112606957532823e-03
1.191401695083144086e-02
6.356921387782649494e-03
8.369178358096670059e-03
1.369074312456173594e-02
2.250425379605991774e-02
4.425527561959625815e-03
6.382124640940574356e-02
3.919313905861207536e-02
4.284474990297815200e-02
3.605112323452785289e-02
2.787798847696060234e-02
1.312864601240909708e-02
5.507099777737460046e-03
5.742089918510409619e-02
5.038859277315221180e-02
1.347574042990628239e-02
3.360928992959791306e-01
1.986735486706979192e-01
1.044764802819429621e-02
1.669174257950588325e-01
1.950193270075110952e-02
1.520028279431156169e-02
1.873081687863280970e-02
2.954875882496773090e-02
2.857037066281875592e-02
1.650856949459968137e-02
1.644173079130688622e-02
5.362088482923183311e-03
7.972569999258329390e-03
5.562094703078112289e-03
1.692910389708015273e-01
8.298034550206971269e-03
1.038098385161408295e-02
1.982798546013568239e-02
3.714215213087659895e-02
8.272230455069053828e-03
3.909519974423657229e-02
2.251330278321220582e-02
2.531666712157188553e-02
3.989967445187285466e-02
3.464390257975265286e-02
1.719461430470703781e-02
2.105579542036307289e-02
1.463805468701000027e-02
9.670495557838800632e-03
1.137817419348922665e-01
5.835577039824300753e-03
1.126624723013182859e-02
1.502243789307009664e-02
3.078282758859119533e-02
3.198712250777312888e-02
4.318365660650930887e-03
5.692897313290770644e-02
1.404920024554066546e-02
1.581994645887377718e-02
8.765298735974950961e-02
2.153648566226641636e-02
1.021977695383206354e-02
1.025865580560277220e-02
7.159251562323004289e-03
2.672163818612780656e-02
1.352905311038271260e-02
9.604756418513674121e-02
3.165302338265066906e-01
2.402657565080481769e-02
9.414173802452535655e-02
6.060374715938147971e-02
2.587372620565014589e-02
1.013139664175105870e-01
3.571210400463584178e-02
2.064101865852598083e-02
2.873111090136080958e-02
6.080109434344323910e-02
5.685308871111012519e-02
2.747635382068926505e-02
2.284646440217849572e-01
9.980895864312545884e-02
3.805058514146389403e-02
1.295227428264828819e-02
8.369191491531317861e-02
9.501770738588930995e-03
7.874875412423436305e-02
1.257236308015466653e-01
2.114716650965157152e-01
1.098396124921153516e-01
3.837661187821213293e-02
2.339920970437948389e-01
1.609107880097100929e-01
3.373957601144038539e-03
2.794134519113341750e-02
5.066629192386733899e-02
8.284082430972873612e-02
2.975596327282707329e-02
2.294388049120297049e-02
2.644119690365783273e-02
3.259882721403130346e-02
2.896848186059860358e-02
1.694827063692944114e-01
7.126125866352694092e-03
4.177239924171445573e-02
7.980274475499321563e-02
1.558723327290178692e-02
6.411240502950953102e-02
9.532903094731895455e-02
1.297533950921731793e-01
4.241964417028923351e-02
6.920090896884688314e-02
1.178510405735096467e-01
2.904703571574553944e-01
1.205952069630083223e-01
1.821366135150308818e-01
1.035305419706627206e-01
1.054407813748720613e-01
2.527436067416012899e-01
2.114870210306510900e-01
5.682654338818100143e-02
1.470117515730746394e-01
1.862698008437727593e-01
9.191316923152352547e-02
3.995833128795301947e-01
1.315537713535742392e-01
1.043543615655906087e-01
8.872075772502140134e-02
4.273502732809761340e-01
2.553004086647012172e-01
5.803075957877316948e-02
1.382226565858498679e-01
1.987648525699005908e-01
3.634469009644510085e-02
2.768389436722187499e-02
2.530864951789767447e-01
2.520713515777408750e-02
3.595351280859329646e-02
1.146036993893735818e-02
1.708674647612573941e-02
9.195990531233903462e-03
3.485219924108103745e-02
1.437868205980050162e-01
8.610741070602129926e-04
5.911875620901611839e-02
2.420683415299220154e-01
1.869950086190152738e-01
1.800596480604273131e+00
1.304295219681898300e-02
6.834841664826109449e-03
2.001643565491303400e-01
9.634862046322786866e-02
6.109390593462286217e-02
5.601392806208827652e-02
2.322707030468803557e-01
3.445629083754440936e-02
4.995368959615761884e-02
1.443455741154926197e-01
2.647396662151191640e-02
2.635959072338251580e-02
1.036566343414356897e-02
2.795790837184826405e-02
1.322110123958875616e-01
1.354493216680264789e-01
4.198455463965281714e-02
4.566546117478358785e-02
3.574817867944306282e-02
1.004220891337032490e-01
4.360602333034797606e-01
1.338687860214475209e-02
5.354405679063599377e-02
1.757707660100450361e-02
1.221790818304254456e-01
3.148219366862260726e-02
2.892282750168791439e-01
1.935294407163730412e-02
2.760754155753055578e-02
8.001189308798390201e-03
1.292966785522332331e-02
2.448824403480024947e-01
5.246047758344862116e-02
5.107141430905814961e-02
4.958728924272440275e-02
1.296058895593285853e-01
2.000417963709521518e-01
2.024262232945165385e-01
1.177557232466062975e-01
1.187750200290339370e-01
1.277453002806447357e-01
8.829935992421027169e-02
1.379145641232837338e-02
1.600307206740577970e-01
1.035890163406963521e-01
1.147523420396849708e-01
1.206153600377814494e-01
1.142804642302806123e-01
1.176977266677207423e-01
1.504820880653503778e-01
1.429586076382960147e-01
9.615862271078164103e-02
1.161910900685199227e-01
1.654569511794313219e-01
2.684681241748907432e-01
2.221717802753223059e-01
1.066275268421652822e-01
1.255442686360972449e-01
7.076877109325289961e-02
1.177346971702531025e-01
6.080897563351252144e-02
1.137447193583876609e-01
1.127302952844110168e-01
1.132637548670858418e-01
1.427924770307429925e-01
1.453768646764506678e-01
3.029350919032989253e-01
9.201838356273718544e-02
1.160805970542666682e-01
2.533998603335466115e-01
2.247410830647312285e-01
8.590652804430400080e-02
1.269320276611322629e-01
1.564051850718815306e-01
1.644371806891271048e-01
1.550656464947779700e-01
1.429723798821944947e-01
1.401555276615766288e-01
1.560504255434398690e-01
8.364324324613280071e-02
2.105132028204609040e-01
1.586021404441487204e-01
1.948054810135750603e-01
2.081859589522120912e-01
1.738863865268989173e-01
2.266100852857489967e-01
9.266981590935324808e-02
2.020496902160891506e-01
1.476884926030760936e-01
1.184257516733595444e-01
1.228970709344797962e-01
1.488706711428743334e-01
1.120212632784962775e-01
2.394948569929359339e-01
9.661130928762443060e-02
1.055097760502326787e-01
1.312190094914328364e-01
5.593637731523327661e-01
2.183993327385737870e-01
4.900979659742785155e-01
1.359905490354609836e-01
8.945933194139001898e-01
1.121768196086850439e-01
1.752981369897887720e-01
2.560933832269022270e-01
1.259173065712426154e-01
1.031846427840570485e-01
1.137683198097082238e-01
1.757572539185362492e-01
1.560737963664897421e-01
1.584604147042984953e-02
1.773007424557440648e-02
1.720113871946014200e-02
9.231352438203678512e-02
1.725665334473020646e-02
2.390136436933613245e-02
2.355312123696858689e-02
2.372571130492756239e-02
1.733385809508498215e-02
3.822124620255167721e-02
5.102809668749427180e-02
3.804366886219275740e-02
2.353325432489412894e-02
3.074125770842605840e-02
2.502662480362118358e-01
3.070556408621142111e-02
1.276718349835954773e-02
2.348980901397409310e-02
9.073869825094943442e-02
6.420560795176994198e-03
5.644036301169880893e-02
1.079732453533552572e-01
9.075300580830905628e-02
7.482730276326582386e-02
2.043132618071012707e-01
2.105126285479604897e-01
4.229704550478213115e-02
4.625737193261240249e-02
3.225009623338435938e-02
2.941359833389341205e-02
5.123250282469631739e-02
4.448428957886223223e-02
1.146399308356861428e-02
2.047014153706435899e-02
6.255329062343249931e-03
6.428735852176072421e-03
4.488281196520430560e-01
3.382131742325977103e-02
1.423401189351693741e-01
1.222531604451597836e-01
1.222601095097486101e-01
2.344935649710547521e-01
3.464296450601408311e-02
4.504616064654460295e-01
2.704827547887869721e-01
2.763084390556465597e-01
1.329797008572177475e-01
3.340159889263633608e-01
1.160112359895588419e-01
2.454430177309765634e-02
2.885787861488328925e-03
6.754090387035445280e-03
6.691340844872684449e-03
1.569241529293577755e-02
1.360683462261328205e-02
4.723093832532942321e-02
3.430404488648490340e-03
7.704993506097092271e-02
1.022125791028967723e-01
9.203804682811360729e-03
8.282733247489350650e-03
2.275469317465345434e-02
5.184853801390434599e-03
9.404020895085746234e-02
8.218761566998390722e-02
7.482170983161705487e-03
7.277319936828828550e-02
4.918634189537854362e-02
1.808859957495536491e-02
