1.133839130401611328e+00 4.558086395263671875e-03
5.232291221618652344e-01 4.635810852050781250e-03
1.218510866165161133e+00 5.048513412475585938e-03
2.172777652740478516e-01 4.581212997436523438e-03
1.360586881637573242e+00 5.090713500976562500e-03
1.332906723022460938e+00 4.725694656372070312e-03
2.027447223663330078e-01 4.808425903320312500e-03
1.249577283859252930e+00 4.281282424926757812e-03
4.408934116363525391e-01 4.678487777709960938e-03
1.253849744796752930e+00 4.610300064086914062e-03
1.082871913909912109e+00 4.549980163574218750e-03
1.253094196319580078e+00 4.163265228271484375e-03
5.384197235107421875e-01 4.994869232177734375e-03
1.869816780090332031e-01 3.064155578613281250e-03
2.546472549438476562e-01 4.445552825927734375e-03
1.262855052947998047e+00 4.470586776733398438e-03
3.265876770019531250e-01 2.626895904541015625e-03
3.766222000122070312e-01 4.540681838989257812e-03
1.225258588790893555e+00 4.610300064086914062e-03
1.227399349212646484e+00 4.374027252197265625e-03
5.253071784973144531e-01 3.873109817504882812e-03
3.857786655426025391e-01 4.607439041137695312e-03
1.169719696044921875e-01 2.850055694580078125e-03
2.379314899444580078e-01 4.703998565673828125e-03
1.184966564178466797e-01 4.575014114379882812e-03
1.306391239166259766e+00 4.555463790893554688e-03
1.231290102005004883e+00 5.790710449218750000e-03
1.299971818923950195e+00 4.546880722045898438e-03
1.359665632247924805e+00 4.400491714477539062e-03
1.351825952529907227e+00 4.839181900024414062e-03
2.031250000000000000e-01 4.625320434570312500e-03
1.372983217239379883e+00 4.845142364501953125e-03
1.223751306533813477e+00 4.756689071655273438e-03
2.126250267028808594e-01 4.403591156005859375e-03
4.470396041870117188e-01 4.879236221313476562e-03
1.233739614486694336e+00 4.752397537231445312e-03
4.325506687164306641e-01 4.968404769897460938e-03
1.287025690078735352e+00 4.824638366699218750e-03
1.207357645034790039e+00 4.723310470581054688e-03
1.244881629943847656e+00 5.300045013427734375e-03
2.168388366699218750e-01 4.411220550537109375e-03
2.173044681549072266e-01 4.578113555908203125e-03
8.962659835815429688e-01 4.486560821533203125e-03
6.135435104370117188e-01 3.823995590209960938e-03
6.597530841827392578e-01 4.613399505615234375e-03
4.002184867858886719e-01 4.525423049926757812e-03
9.011816978454589844e-01 4.644870758056640625e-03
8.888139724731445312e-01 4.516363143920898438e-03
4.708499908447265625e-01 4.482030868530273438e-03
5.796077251434326172e-01 5.413770675659179688e-03
5.635712146759033203e-01 4.510641098022460938e-03
5.457894802093505859e-01 4.844427108764648438e-03
9.957621097564697266e-01 4.175662994384765625e-03
8.921349048614501953e-01 4.557609558105468750e-03
9.524600505828857422e-01 4.367351531982421875e-03
9.536015987396240234e-01 3.757715225219726562e-03
4.054186344146728516e-01 4.463195800781250000e-03
9.243764877319335938e-01 4.231452941894531250e-03
8.555231094360351562e-01 4.550218582153320312e-03
9.447298049926757812e-01 4.733324050903320312e-03
9.415314197540283203e-01 4.488229751586914062e-03
5.642168521881103516e-01 4.501581192016601562e-03
5.643563270568847656e-01 4.686832427978515625e-03
9.028091430664062500e-01 2.971172332763671875e-03
5.740430355072021484e-01 4.455327987670898438e-03
8.864941596984863281e-01 4.443168640136718750e-03
8.902304172515869141e-01 4.683971405029296875e-03
4.357278347015380859e-01 4.505634307861328125e-03
8.727588653564453125e-01 4.469871520996093750e-03
5.601837635040283203e-01 4.544973373413085938e-03
6.298718452453613281e-01 4.405736923217773438e-03
2.087006568908691406e-01 4.663467407226562500e-03
9.412038326263427734e-01 4.497051239013671875e-03
5.729255676269531250e-01 4.530191421508789062e-03
5.622184276580810547e-01 4.425764083862304688e-03
8.912293910980224609e-01 4.520893096923828125e-03
8.190720081329345703e-01 4.707098007202148438e-03
4.633660316467285156e-01 4.721403121948242188e-03
3.958165645599365234e-01 4.019498825073242188e-03
8.895010948181152344e-01 4.797220230102539062e-03
3.397610187530517578e-01 5.063295364379882812e-03
1.112041234970092773e+00 4.761695861816406250e-03
4.151442050933837891e-01 4.179000854492187500e-03
2.199144363403320312e-01 4.801511764526367188e-03
8.239431381225585938e-01 4.713058471679687500e-03
9.218051433563232422e-01 4.596233367919921875e-03
9.029574394226074219e-01 4.529237747192382812e-03
2.177052497863769531e-01 4.475831985473632812e-03
8.479623794555664062e-01 3.967761993408203125e-03
4.233055114746093750e-01 2.548933029174804688e-03
3.308005332946777344e-01 2.500534057617187500e-03
9.284787178039550781e-01 4.145145416259765625e-03
2.412474155426025391e-01 4.654169082641601562e-03
8.341262340545654297e-01 4.511833190917968750e-03
8.582627773284912109e-01 4.602909088134765625e-03
9.801945686340332031e-01 4.560708999633789062e-03
2.148656845092773438e-01 4.208564758300781250e-03
4.834423065185546875e-01 4.381895065307617188e-03
4.455645084381103516e-01 4.780054092407226562e-03
4.832038879394531250e-01 4.840135574340820312e-03
8.497149944305419922e-01 4.410982131958007812e-03
5.265119075775146484e-01 5.098819732666015625e-03
4.528267383575439453e-01 4.493713378906250000e-03
4.502830505371093750e-01 4.422903060913085938e-03
4.707634449005126953e-01 4.470586776733398438e-03
3.970773220062255859e-01 4.503250122070312500e-03
4.731175899505615234e-01 5.033731460571289062e-03
5.219812393188476562e-01 2.946615219116210938e-03
4.692370891571044922e-01 5.384922027587890625e-03
4.893984794616699219e-01 4.469633102416992188e-03
5.058641433715820312e-01 2.800941467285156250e-03
1.015738964080810547e+00 4.588127136230468750e-03
8.989925384521484375e-01 4.697322845458984375e-03
4.524137973785400391e-01 4.600763320922851562e-03
5.522561073303222656e-01 4.448175430297851562e-03
6.046881675720214844e-01 4.511594772338867188e-03
4.297842979431152344e-01 7.741212844848632812e-03
7.606871128082275391e-01 4.549980163574218750e-03
4.888904094696044922e-01 4.148244857788085938e-03
5.102918148040771484e-01 5.253553390502929688e-03
5.150675773620605469e-01 4.565715789794921875e-03
5.205054283142089844e-01 4.755258560180664062e-03
5.825269222259521484e-01 4.634618759155273438e-03
9.345986843109130859e-01 4.757404327392578125e-03
5.056581497192382812e-01 4.487276077270507812e-03
5.015544891357421875e-01 4.740238189697265625e-03
5.275111198425292969e-01 5.246162414550781250e-03
5.506050586700439453e-01 4.489660263061523438e-03
5.049974918365478516e-01 4.498004913330078125e-03
5.571541786193847656e-01 4.673957824707031250e-03
5.895748138427734375e-01 4.699707031250000000e-03
2.569413185119628906e-01 4.527330398559570312e-03
2.580914497375488281e-01 4.389762878417968750e-03
3.247027397155761719e-01 4.627466201782226562e-03
8.845255374908447266e-01 4.759788513183593750e-03
2.248282432556152344e-01 4.488945007324218750e-03
6.404356956481933594e-01 4.609584808349609375e-03
5.790402889251708984e-01 4.513978958129882812e-03
6.663155555725097656e-01 5.249023437500000000e-03
1.438925504684448242e+00 4.542827606201171875e-03
8.568899631500244141e-01 4.797458648681640625e-03
9.322264194488525391e-01 4.533290863037109375e-03
9.001381397247314453e-01 4.537582397460937500e-03
8.822004795074462891e-01 4.884481430053710938e-03
8.602743148803710938e-01 4.522562026977539062e-03
8.812551498413085938e-01 4.476070404052734375e-03
9.147057533264160156e-01 4.334688186645507812e-03
8.665094375610351562e-01 4.727602005004882812e-03
9.404230117797851562e-01 4.739761352539062500e-03
8.992908000946044922e-01 4.462480545043945312e-03
8.965830802917480469e-01 4.994630813598632812e-03
1.014486074447631836e+00 4.875421524047851562e-03
9.221973419189453125e-01 4.624605178833007812e-03
8.814008235931396484e-01 4.761457443237304688e-03
9.154675006866455078e-01 4.458904266357421875e-03
8.737087249755859375e-01 4.611968994140625000e-03
8.766860961914062500e-01 4.936933517456054688e-03
9.728481769561767578e-01 4.802703857421875000e-03
8.907408714294433594e-01 6.483554840087890625e-03
8.677368164062500000e-01 4.554748535156250000e-03
8.972725868225097656e-01 4.505872726440429688e-03
8.860082626342773438e-01 4.530429840087890625e-03
8.620166778564453125e-01 4.550933837890625000e-03
8.872618675231933594e-01 4.546880722045898438e-03
8.692784309387207031e-01 4.491806030273437500e-03
1.150826930999755859e+00 4.526138305664062500e-03
1.138595342636108398e+00 5.045175552368164062e-03
8.369269371032714844e-01 2.625942230224609375e-03
1.212833404541015625e+00 4.503726959228515625e-03
9.168369770050048828e-01 4.762172698974609375e-03
1.187604904174804688e+00 3.974914550781250000e-03
9.701828956604003906e-01 4.503250122070312500e-03
6.589357852935791016e-01 4.524469375610351562e-03
3.579246997833251953e-01 2.543926239013671875e-03
3.895950317382812500e-01 4.783391952514648438e-03
4.002585411071777344e-01 4.621267318725585938e-03
3.868527412414550781e-01 4.311084747314453125e-03
3.477802276611328125e-01 4.498481750488281250e-03
8.451213836669921875e-01 5.055904388427734375e-03
3.482425212860107422e-01 4.461288452148437500e-03
4.066715240478515625e-01 4.492998123168945312e-03
3.730638027191162109e-01 2.671241760253906250e-03
1.642291545867919922e-01 4.816293716430664062e-03
2.079918384552001953e-01 4.612684249877929688e-03
2.145690917968750000e-01 4.835367202758789062e-03
2.138411998748779297e-01 4.410743713378906250e-03
1.711628437042236328e-01 4.369735717773437500e-03
1.842350959777832031e-01 4.473924636840820312e-03
1.726725101470947266e-01 4.005193710327148438e-03
7.384033203125000000e-01 2.756118774414062500e-03
4.442434310913085938e-01 4.992961883544921875e-03
4.492723941802978516e-01 4.533529281616210938e-03
2.190370559692382812e-01 4.602909088134765625e-03
7.199389934539794922e-01 4.729032516479492188e-03
2.497951984405517578e-01 4.540920257568359375e-03
5.289356708526611328e-01 4.669427871704101562e-03
1.616649627685546875e-01 4.466533660888671875e-03
7.588131427764892578e-01 2.373456954956054688e-03
1.500515937805175781e-01 4.750967025756835938e-03
5.375952720642089844e-01 2.828598022460937500e-03
7.271018028259277344e-01 4.762887954711914062e-03
7.626721858978271484e-01 2.971172332763671875e-03
4.416542053222656250e-01 4.544258117675781250e-03
4.679737091064453125e-01 6.351470947265625000e-03
4.491889476776123047e-01 4.379034042358398438e-03
4.751203060150146484e-01 4.248380661010742188e-03
4.226214885711669922e-01 4.499912261962890625e-03
5.107388496398925781e-01 2.681970596313476562e-03
4.581766128540039062e-01 2.615928649902343750e-03
4.157388210296630859e-01 2.549409866333007812e-03
5.310003757476806641e-01 2.600193023681640625e-03
6.611659526824951172e-01 2.644300460815429688e-03
5.312936305999755859e-01 4.277706146240234375e-03
5.360810756683349609e-01 2.747535705566406250e-03
5.128715038299560547e-01 2.524614334106445312e-03
5.173821449279785156e-01 2.598285675048828125e-03
4.769642353057861328e-01 2.566099166870117188e-03
9.303569793701171875e-02 4.428625106811523438e-03
5.513143539428710938e-02 4.024982452392578125e-03
5.389022827148437500e-02 4.460334777832031250e-03
5.410265922546386719e-02 4.336357116699218750e-03
5.449247360229492188e-02 4.440069198608398438e-03
9.405562877655029297e-01 4.813432693481445312e-03
5.633563995361328125e-01 3.157854080200195312e-03
7.241535186767578125e-02 4.676580429077148438e-03
5.437397956848144531e-02 4.472970962524414062e-03
6.816315650939941406e-02 4.538297653198242188e-03
5.165123939514160156e-02 3.171443939208984375e-03
1.070942878723144531e-01 2.649307250976562500e-03
4.706907272338867188e-02 3.905773162841796875e-03
1.089925765991210938e-01 4.494428634643554688e-03
5.393981933593750000e-02 4.435300827026367188e-03
5.484080314636230469e-02 4.569292068481445312e-03
5.525517463684082031e-02 4.430055618286132812e-03
5.800106525421142578e-01 4.676580429077148438e-03
5.411291122436523438e-02 4.373788833618164062e-03
4.236531257629394531e-02 2.562761306762695312e-03
4.210233688354492188e-02 2.559900283813476562e-03
3.320336341857910156e-02 4.479169845581054688e-03
5.468845367431640625e-02 4.490613937377929688e-03
5.344271659851074219e-02 3.737211227416992188e-03
3.793931007385253906e-02 2.710342407226562500e-03
5.725407600402832031e-02 5.167961120605468750e-03
5.545926094055175781e-02 2.664089202880859375e-03
5.590224266052246094e-02 4.572391510009765625e-03
5.118823051452636719e-01 2.265930175781250000e-03
5.490303039550781250e-02 4.477500915527343750e-03
4.130864143371582031e-02 2.604007720947265625e-03
3.948736190795898438e-02 2.714157104492187500e-03
3.094768524169921875e-02 2.514600753784179688e-03
2.868032455444335938e-02 2.632141113281250000e-03
2.745103836059570312e-02 2.172470092773437500e-03
4.777359962463378906e-02 3.887891769409179688e-03
2.989315986633300781e-02 2.465724945068359375e-03
2.920222282409667969e-02 2.717256546020507812e-03
4.746794700622558594e-02 4.108428955078125000e-03
5.829122066497802734e-01 5.220651626586914062e-03
2.452611923217773438e-02 2.050161361694335938e-03
4.871749877929687500e-02 3.775358200073242188e-03
3.507089614868164062e-02 2.902269363403320312e-03
9.746623039245605469e-02 2.589702606201171875e-03
5.438518524169921875e-02 4.678726196289062500e-03
2.844762802124023438e-02 2.657175064086914062e-03
5.847525596618652344e-02 4.949331283569335938e-03
2.366209030151367188e-02 2.018690109252929688e-03
3.297352790832519531e-02 4.018306732177734375e-03
4.695391654968261719e-02 4.564523696899414062e-03
8.095219135284423828e-01 4.736185073852539062e-03
4.507875442504882812e-02 2.767801284790039062e-03
5.380678176879882812e-02 4.484891891479492188e-03
7.722592353820800781e-02 4.526853561401367188e-03
4.746484756469726562e-02 2.475261688232421875e-03
2.958893775939941406e-02 2.676248550415039062e-03
5.171823501586914062e-02 4.530668258666992188e-03
4.860687255859375000e-02 4.722118377685546875e-03
5.146288871765136719e-02 2.656221389770507812e-03
4.169034957885742188e-02 2.718210220336914062e-03
4.741668701171875000e-02 2.494573593139648438e-03
6.380095481872558594e-01 4.523754119873046875e-03
4.113793373107910156e-02 2.686262130737304688e-03
3.570151329040527344e-02 2.594470977783203125e-03
3.623628616333007812e-02 4.158258438110351562e-03
4.315519332885742188e-02 2.509117126464843750e-03
3.045177459716796875e-02 2.550363540649414062e-03
4.834604263305664062e-02 4.591703414916992188e-03
4.537773132324218750e-02 4.475116729736328125e-03
2.929115295410156250e-02 2.721071243286132812e-03
3.489303588867187500e-02 2.583742141723632812e-03
4.156064987182617188e-02 2.983808517456054688e-03
4.893019199371337891e-01 4.743099212646484375e-03
2.764148712158203125e-01 4.958391189575195312e-03
2.513387203216552734e-01 2.688884735107421875e-03
8.663334846496582031e-01 4.996538162231445312e-03
1.390185356140136719e+00 2.742528915405273438e-03
8.555073738098144531e-01 4.816055297851562500e-03
5.528199672698974609e-01 4.685878753662109375e-03
6.010439395904541016e-01 4.974842071533203125e-03
6.117534637451171875e-01 4.612445831298828125e-03
8.208737373352050781e-01 4.482984542846679688e-03
6.855685710906982422e-01 4.212856292724609375e-03
4.224829673767089844e-01 4.487276077270507812e-03
6.909704208374023438e-01 4.575014114379882812e-03
7.177541255950927734e-01 4.869937896728515625e-03
5.167214870452880859e-01 4.653692245483398438e-03
9.224064350128173828e-01 4.761457443237304688e-03
6.841909885406494141e-01 4.484653472900390625e-03
5.842561721801757812e-01 4.446268081665039062e-03
5.486896038055419922e-01 4.519939422607421875e-03
6.764202117919921875e-01 4.993438720703125000e-03
4.646673202514648438e-01 4.698038101196289062e-03
8.592090606689453125e-01 4.111528396606445312e-03
6.543540954589843750e-01 4.455327987670898438e-03
2.358269691467285156e-01 4.767656326293945312e-03
3.583874702453613281e-01 4.645824432373046875e-03
1.970214843750000000e-01 4.523277282714843750e-03
9.024236202239990234e-01 4.512310028076171875e-03
1.152676343917846680e+00 2.834796905517578125e-03
9.354979991912841797e-01 3.001928329467773438e-03
1.148043870925903320e+00 2.626895904541015625e-03
1.133001804351806641e+00 2.940654754638671875e-03
1.097769498825073242e+00 2.591371536254882812e-03
1.043896436691284180e+00 2.625703811645507812e-03
1.045730113983154297e+00 2.644538879394531250e-03
7.480475902557373047e-01 4.531145095825195312e-03
3.808274269104003906e-01 4.794359207153320312e-03
2.822916507720947266e-01 4.455089569091796875e-03
8.119461536407470703e-01 3.109931945800781250e-03
2.768471240997314453e-01 4.768610000610351562e-03
2.651047706604003906e-01 4.580020904541015625e-03
3.263561725616455078e-01 5.078315734863281250e-03
2.357301712036132812e-01 2.573490142822265625e-03
3.762824535369873047e-01 4.766941070556640625e-03
4.565999507904052734e-01 5.768060684204101562e-03
1.417081356048583984e-01 4.400968551635742188e-03
3.996372222900390625e-01 4.651546478271484375e-03
3.635187149047851562e-01 4.485845565795898438e-03
3.564651012420654297e-01 4.891157150268554688e-03
7.054929733276367188e-01 2.945661544799804688e-03
4.494564533233642578e-01 4.829406738281250000e-03
4.040389060974121094e-01 3.140449523925781250e-03
5.914387702941894531e-01 2.779483795166015625e-03
2.784445285797119141e-01 4.665851593017578125e-03
2.027983665466308594e-01 4.868030548095703125e-03
4.623301029205322266e-01 3.279685974121093750e-03
4.122278690338134766e-01 2.575397491455078125e-03
2.204139232635498047e-01 4.842281341552734375e-03
7.826173305511474609e-01 2.346754074096679688e-03
5.085079669952392578e-01 2.844810485839843750e-03
6.895399093627929688e-01 2.406358718872070312e-03
5.123758316040039062e-01 2.864122390747070312e-03
8.309419155120849609e-01 2.324581146240234375e-03
7.994871139526367188e-01 2.635002136230468750e-03
2.993330955505371094e-01 2.592086791992187500e-03
1.466555595397949219e-01 2.558708190917968750e-03
1.515135765075683594e-01 4.367113113403320312e-03
7.192232608795166016e-01 2.278089523315429688e-03
7.213487625122070312e-01 2.315759658813476562e-03
7.789545059204101562e-01 2.723693847656250000e-03
7.306516170501708984e-01 2.304553985595703125e-03
