2.024691104888916016e+00 4.712820053100585938e-03
8.522157669067382812e-01 5.467653274536132812e-03
2.560840368270874023e+00 5.372524261474609375e-03
4.674308300018310547e-01 5.595445632934570312e-03
2.548889398574829102e+00 5.065917968750000000e-03
2.707767009735107422e+00 4.793882369995117188e-03
4.364297389984130859e-01 6.353378295898437500e-03
2.160131216049194336e+00 5.224943161010742188e-03
6.303837299346923828e-01 5.546331405639648438e-03
2.483792066574096680e+00 5.264997482299804688e-03
2.283648252487182617e+00 4.618406295776367188e-03
2.390720129013061523e+00 5.725145339965820312e-03
1.038845777511596680e+00 5.211353302001953125e-03
3.990349769592285156e-01 5.377054214477539062e-03
3.678350448608398438e-01 5.522489547729492188e-03
2.537254333496093750e+00 5.072355270385742188e-03
1.105045557022094727e+00 5.285501480102539062e-03
1.099626064300537109e+00 5.288839340209960938e-03
2.630285978317260742e+00 4.606485366821289062e-03
2.703035116195678711e+00 5.482673645019531250e-03
8.232212066650390625e-01 5.710601806640625000e-03
6.428751945495605469e-01 4.903316497802734375e-03
2.063529491424560547e-01 5.512475967407226562e-03
5.219433307647705078e-01 6.030321121215820312e-03
2.958540916442871094e-01 4.850625991821289062e-03
2.412161827087402344e+00 5.856513977050781250e-03
2.683660984039306641e+00 5.263328552246093750e-03
2.732080936431884766e+00 5.456209182739257812e-03
2.469139337539672852e+00 4.624605178833007812e-03
2.590126991271972656e+00 5.816221237182617188e-03
4.299838542938232422e-01 5.526304244995117188e-03
2.730137348175048828e+00 6.279230117797851562e-03
2.619196653366088867e+00 5.241155624389648438e-03
3.723406791687011719e-01 5.372047424316406250e-03
7.879683971405029297e-01 5.969762802124023438e-03
2.225844621658325195e+00 5.046367645263671875e-03
6.164538860321044922e-01 5.066156387329101562e-03
2.382792711257934570e+00 4.531383514404296875e-03
2.372241020202636719e+00 5.056858062744140625e-03
2.574541568756103516e+00 5.452632904052734375e-03
3.675251007080078125e-01 5.229949951171875000e-03
3.729920387268066406e-01 4.628896713256835938e-03
1.694405555725097656e+00 4.872322082519531250e-03
1.131175518035888672e+00 4.962682723999023438e-03
1.126032590866088867e+00 5.635023117065429688e-03
7.034711837768554688e-01 4.437685012817382812e-03
1.687049865722656250e+00 5.316734313964843750e-03
1.757309436798095703e+00 5.153179168701171875e-03
7.727112770080566406e-01 4.784345626831054688e-03
9.727139472961425781e-01 4.557371139526367188e-03
9.566390514373779297e-01 4.537105560302734375e-03
1.020628929138183594e+00 5.281686782836914062e-03
1.639186382293701172e+00 4.730939865112304688e-03
1.886680841445922852e+00 5.063533782958984375e-03
1.854315519332885742e+00 5.840778350830078125e-03
1.674265623092651367e+00 4.956007003784179688e-03
7.331209182739257812e-01 4.514694213867187500e-03
1.743454694747924805e+00 5.910396575927734375e-03
1.599955081939697266e+00 4.778623580932617188e-03
1.780240774154663086e+00 4.718780517578125000e-03
1.947003602981567383e+00 6.169080734252929688e-03
9.224965572357177734e-01 5.118131637573242188e-03
1.067617416381835938e+00 5.642414093017578125e-03
1.672731637954711914e+00 4.635334014892578125e-03
9.766874313354492188e-01 4.887580871582031250e-03
1.705863952636718750e+00 5.881786346435546875e-03
1.666413545608520508e+00 4.885435104370117188e-03
6.610732078552246094e-01 5.606889724731445312e-03
1.749611854553222656e+00 5.234956741333007812e-03
1.082702398300170898e+00 4.638671875000000000e-03
9.674718379974365234e-01 4.856348037719726562e-03
3.574681282043457031e-01 5.090951919555664062e-03
1.804806232452392578e+00 4.698753356933593750e-03
1.131608963012695312e+00 5.272865295410156250e-03
1.079054594039916992e+00 4.561424255371093750e-03
1.919017791748046875e+00 5.061626434326171875e-03
1.758623600006103516e+00 5.115270614624023438e-03
8.233489990234375000e-01 5.577087402343750000e-03
5.978775024414062500e-01 4.458189010620117188e-03
1.728350400924682617e+00 5.450248718261718750e-03
6.104817390441894531e-01 5.426406860351562500e-03
2.266170740127563477e+00 4.610538482666015625e-03
5.971891880035400391e-01 5.210638046264648438e-03
4.332742691040039062e-01 5.656003952026367188e-03
1.817233324050903320e+00 6.831169128417968750e-03
1.824661493301391602e+00 5.985975265502929688e-03
1.974017143249511719e+00 5.099296569824218750e-03
3.641071319580078125e-01 5.089521408081054688e-03
1.682213068008422852e+00 5.009889602661132812e-03
6.578900814056396484e-01 5.429744720458984375e-03
6.116993427276611328e-01 5.568981170654296875e-03
1.829143047332763672e+00 6.147861480712890625e-03
3.324098587036132812e-01 5.035638809204101562e-03
1.825500249862670898e+00 5.105972290039062500e-03
1.773995637893676758e+00 5.731821060180664062e-03
1.781243562698364258e+00 5.400180816650390625e-03
3.401165008544921875e-01 5.414009094238281250e-03
7.363493442535400391e-01 4.860639572143554688e-03
8.057456016540527344e-01 4.878520965576171875e-03
8.648781776428222656e-01 4.618167877197265625e-03
1.913811445236206055e+00 5.483627319335937500e-03
8.008518218994140625e-01 4.793882369995117188e-03
7.660753726959228516e-01 4.804849624633789062e-03
8.472363948822021484e-01 5.880832672119140625e-03
8.831408023834228516e-01 5.213975906372070312e-03
8.133902549743652344e-01 5.188941955566406250e-03
8.124620914459228516e-01 5.147933959960937500e-03
7.933535575866699219e-01 4.989147186279296875e-03
7.880916595458984375e-01 6.857633590698242188e-03
7.852275371551513672e-01 4.866838455200195312e-03
7.394320964813232422e-01 4.431486129760742188e-03
1.640640735626220703e+00 4.937648773193359375e-03
1.838539600372314453e+00 5.702018737792968750e-03
7.977311611175537109e-01 5.053520202636718750e-03
8.568243980407714844e-01 5.286931991577148438e-03
8.010165691375732422e-01 5.626440048217773438e-03
8.479425907135009766e-01 5.636692047119140625e-03
1.366844177246093750e+00 5.836963653564453125e-03
8.974699974060058594e-01 4.569530487060546875e-03
1.023690938949584961e+00 5.650758743286132812e-03
8.977689743041992188e-01 5.070447921752929688e-03
9.833209514617919922e-01 5.770683288574218750e-03
8.527054786682128906e-01 4.562854766845703125e-03
1.939593076705932617e+00 4.896640777587890625e-03
9.942545890808105469e-01 5.186319351196289062e-03
7.776751518249511719e-01 4.350185394287109375e-03
9.933061599731445312e-01 5.212068557739257812e-03
8.724837303161621094e-01 5.123853683471679688e-03
1.000811815261840820e+00 5.713224411010742188e-03
8.959293365478515625e-01 4.828929901123046875e-03
9.473657608032226562e-01 5.469083786010742188e-03
4.059231281280517578e-01 5.072355270385742188e-03
4.138126373291015625e-01 4.807710647583007812e-03
6.125612258911132812e-01 4.637956619262695312e-03
1.802856206893920898e+00 4.817008972167968750e-03
4.573125839233398438e-01 4.555225372314453125e-03
1.195823907852172852e+00 5.500316619873046875e-03
1.254976272583007812e+00 4.672765731811523438e-03
1.134108066558837891e+00 5.388975143432617188e-03
3.052797794342041016e+00 5.077123641967773438e-03
1.830244302749633789e+00 4.693746566772460938e-03
1.783791542053222656e+00 5.703926086425781250e-03
1.897509098052978516e+00 5.836486816406250000e-03
1.896642208099365234e+00 5.920410156250000000e-03
1.837975502014160156e+00 4.976034164428710938e-03
1.921372175216674805e+00 5.658388137817382812e-03
1.879801988601684570e+00 4.748344421386718750e-03
1.931548118591308594e+00 5.168437957763671875e-03
1.799608707427978516e+00 4.567146301269531250e-03
1.930485963821411133e+00 6.771326065063476562e-03
1.948468923568725586e+00 5.765914916992187500e-03
1.897882938385009766e+00 5.047082901000976562e-03
1.882473230361938477e+00 6.013631820678710938e-03
1.891278982162475586e+00 4.669189453125000000e-03
1.831232547760009766e+00 5.732059478759765625e-03
1.887917280197143555e+00 5.587339401245117188e-03
1.832311391830444336e+00 4.786491394042968750e-03
1.843723773956298828e+00 5.233526229858398438e-03
2.013347148895263672e+00 5.711317062377929688e-03
1.943315505981445312e+00 4.642963409423828125e-03
1.928980350494384766e+00 4.749774932861328125e-03
1.745208978652954102e+00 5.673408508300781250e-03
1.882755517959594727e+00 5.606174468994140625e-03
1.880831003189086914e+00 5.315542221069335938e-03
1.930077075958251953e+00 5.464553833007812500e-03
2.368054628372192383e+00 5.105733871459960938e-03
1.989201307296752930e+00 5.550146102905273438e-03
1.868099451065063477e+00 7.752180099487304688e-03
2.385032653808593750e+00 4.678249359130859375e-03
1.823567867279052734e+00 4.941463470458984375e-03
2.000057220458984375e+00 3.107070922851562500e-03
1.791183710098266602e+00 5.275964736938476562e-03
1.243106603622436523e+00 5.457878112792968750e-03
6.830344200134277344e-01 5.414724349975585938e-03
7.448062896728515625e-01 4.671335220336914062e-03
6.378388404846191406e-01 4.361629486083984375e-03
6.730680465698242188e-01 5.076885223388671875e-03
6.542558670043945312e-01 4.543304443359375000e-03
1.752768993377685547e+00 3.852844238281250000e-03
7.752420902252197266e-01 5.698204040527343750e-03
6.526710987091064453e-01 4.811763763427734375e-03
7.229993343353271484e-01 4.516601562500000000e-03
2.624809741973876953e-01 5.041122436523437500e-03
2.795884609222412109e-01 5.130052566528320312e-03
3.595511913299560547e-01 5.074024200439453125e-03
3.504040241241455078e-01 5.106687545776367188e-03
2.503020763397216797e-01 4.378080368041992188e-03
3.663136959075927734e-01 5.334377288818359375e-03
4.153976440429687500e-01 4.694223403930664062e-03
1.791173458099365234e+00 5.433797836303710938e-03
9.799973964691162109e-01 5.128145217895507812e-03
1.052963972091674805e+00 5.008220672607421875e-03
3.423881530761718750e-01 5.278825759887695312e-03
1.360609769821166992e+00 3.076314926147460938e-03
3.507263660430908203e-01 5.085945129394531250e-03
1.159139394760131836e+00 4.940748214721679688e-03
3.398053646087646484e-01 4.807949066162109375e-03
1.462098598480224609e+00 4.258871078491210938e-03
4.433710575103759766e-01 5.497455596923828125e-03
1.095946550369262695e+00 3.494024276733398438e-03
1.686148643493652344e+00 3.717184066772460938e-03
1.718214750289916992e+00 5.494832992553710938e-03
8.375253677368164062e-01 4.900693893432617188e-03
7.393307685852050781e-01 4.529237747192382812e-03
7.030048370361328125e-01 4.801034927368164062e-03
9.128384590148925781e-01 4.474639892578125000e-03
9.312658309936523438e-01 4.498720169067382812e-03
8.593597412109375000e-01 4.971742630004882812e-03
8.845136165618896484e-01 4.439115524291992188e-03
8.294501304626464844e-01 5.041599273681640625e-03
1.086306333541870117e+00 5.568027496337890625e-03
1.753878355026245117e+00 5.918741226196289062e-03
1.162157773971557617e+00 4.614830017089843750e-03
1.201780319213867188e+00 5.705595016479492188e-03
1.192031621932983398e+00 3.546237945556640625e-03
1.314670324325561523e+00 5.760431289672851562e-03
1.224342346191406250e+00 5.141973495483398438e-03
1.034784317016601562e-01 5.156278610229492188e-03
1.228978633880615234e-01 5.194664001464843750e-03
8.590149879455566406e-02 4.601001739501953125e-03
9.225726127624511719e-02 4.321336746215820312e-03
1.012187004089355469e-01 4.765987396240234375e-03
1.684499502182006836e+00 5.980968475341796875e-03
1.774537324905395508e+00 4.798889160156250000e-03
8.949494361877441406e-02 4.352331161499023438e-03
9.057140350341796875e-02 4.498243331909179688e-03
8.968949317932128906e-02 4.272699356079101562e-03
1.488072872161865234e-01 4.628896713256835938e-03
1.002011299133300781e-01 4.872083663940429688e-03
8.927202224731445312e-02 4.547834396362304688e-03
8.929252624511718750e-02 4.593610763549804688e-03
9.034585952758789062e-02 4.611015319824218750e-03
8.858418464660644531e-02 4.401445388793945312e-03
9.240007400512695312e-02 2.808809280395507812e-03
1.774548530578613281e+00 4.716873168945312500e-03
9.839320182800292969e-02 4.997253417968750000e-03
7.789230346679687500e-02 4.498958587646484375e-03
1.009752750396728516e-01 4.553556442260742188e-03
8.016562461853027344e-02 3.034114837646484375e-03
8.910489082336425781e-02 4.563331604003906250e-03
8.998847007751464844e-02 4.554271697998046875e-03
9.761071205139160156e-02 5.099296569824218750e-03
9.862899780273437500e-02 3.114461898803710938e-03
8.929800987243652344e-02 4.243850708007812500e-03
8.445715904235839844e-02 2.724170684814453125e-03
1.685012102127075195e+00 5.403280258178710938e-03
9.119915962219238281e-02 4.223346710205078125e-03
8.469653129577636719e-02 2.874851226806640625e-03
9.154605865478515625e-02 4.496097564697265625e-03
8.917403221130371094e-02 4.220962524414062500e-03
8.686327934265136719e-02 4.194736480712890625e-03
7.146692276000976562e-02 2.881765365600585938e-03
8.857035636901855469e-02 4.481315612792968750e-03
1.008207798004150391e-01 5.208969116210937500e-03
1.073164939880371094e-01 5.179405212402343750e-03
7.269263267517089844e-02 2.994298934936523438e-03
1.708398818969726562e+00 5.544185638427734375e-03
6.707334518432617188e-02 4.850625991821289062e-03
8.982634544372558594e-02 4.228591918945312500e-03
7.772135734558105469e-02 3.115892410278320312e-03
6.502270698547363281e-02 2.688169479370117188e-03
6.837081909179687500e-02 2.932071685791015625e-03
9.399604797363281250e-02 4.231691360473632812e-03
9.655475616455078125e-02 4.750967025756835938e-03
9.036636352539062500e-02 4.135131835937500000e-03
1.008803844451904297e-01 2.836704254150390625e-03
6.290435791015625000e-02 2.822160720825195312e-03
1.684058427810668945e+00 5.803108215332031250e-03
5.205178260803222656e-02 2.838850021362304688e-03
1.019952297210693359e-01 5.253314971923828125e-03
9.383463859558105469e-02 2.948522567749023438e-03
7.470774650573730469e-02 4.893064498901367188e-03
8.847355842590332031e-02 4.309177398681640625e-03
1.007766723632812500e-01 5.632877349853515625e-03
9.522557258605957031e-02 2.840518951416015625e-03
9.757280349731445312e-02 4.699945449829101562e-03
6.831812858581542969e-02 2.833843231201171875e-03
6.700491905212402344e-02 5.044460296630859375e-03
1.754985809326171875e+00 5.429744720458984375e-03
8.889317512512207031e-02 4.234075546264648438e-03
6.988811492919921875e-02 3.038406372070312500e-03
9.420084953308105469e-02 4.468441009521484375e-03
8.698678016662597656e-02 4.252910614013671875e-03
1.040341854095458984e-01 5.254745483398437500e-03
1.378943920135498047e-01 3.118753433227539062e-03
1.010067462921142578e-01 5.010843276977539062e-03
9.524369239807128906e-02 5.161046981811523438e-03
8.933353424072265625e-02 3.124713897705078125e-03
7.287597656250000000e-02 2.744674682617187500e-03
1.055374860763549805e+00 5.065441131591796875e-03
4.482502937316894531e-01 4.757165908813476562e-03
4.641766548156738281e-01 4.503250122070312500e-03
1.386008024215698242e+00 5.183219909667968750e-03
2.682322263717651367e+00 4.952192306518554688e-03
1.393928289413452148e+00 5.239725112915039062e-03
1.080576896667480469e+00 4.559993743896484375e-03
9.919173717498779297e-01 4.581928253173828125e-03
1.042417049407958984e+00 4.851818084716796875e-03
1.393669843673706055e+00 5.529165267944335938e-03
1.279583692550659180e+00 5.183458328247070312e-03
1.131210088729858398e+00 5.804300308227539062e-03
1.190792798995971680e+00 5.330085754394531250e-03
1.306695699691772461e+00 4.639863967895507812e-03
1.025116443634033203e+00 4.959821701049804688e-03
1.897500753402709961e+00 4.985094070434570312e-03
1.048052787780761719e+00 5.570888519287109375e-03
1.110648870468139648e+00 5.784988403320312500e-03
1.100581645965576172e+00 4.816293716430664062e-03
1.272353887557983398e+00 5.259275436401367188e-03
6.931409835815429688e-01 4.447221755981445312e-03
1.840439558029174805e+00 4.963159561157226562e-03
1.138333320617675781e+00 5.012750625610351562e-03
3.590636253356933594e-01 5.884170532226562500e-03
6.806662082672119141e-01 4.878044128417968750e-03
3.252060413360595703e-01 5.560398101806640625e-03
1.748539924621582031e+00 3.318786621093750000e-03
2.474330663681030273e+00 4.096269607543945312e-03
1.710663318634033203e+00 3.443479537963867188e-03
2.128291368484497070e+00 3.720760345458984375e-03
2.113266229629516602e+00 3.324508666992187500e-03
2.090921878814697266e+00 3.065109252929687500e-03
1.989428997039794922e+00 3.113746643066406250e-03
1.681411743164062500e+00 3.668308258056640625e-03
1.186613082885742188e+00 5.138158798217773438e-03
5.535356998443603516e-01 5.373716354370117188e-03
4.333653450012207031e-01 5.396842956542968750e-03
1.700452804565429688e+00 3.306865692138671875e-03
4.194428920745849609e-01 4.457712173461914062e-03
4.304158687591552734e-01 4.960298538208007812e-03
4.908330440521240234e-01 5.464076995849609375e-03
4.678199291229248047e-01 5.470991134643554688e-03
7.701733112335205078e-01 4.778861999511718750e-03
8.135170936584472656e-01 5.244970321655273438e-03
2.280228137969970703e-01 4.955768585205078125e-03
7.163021564483642578e-01 4.491329193115234375e-03
7.658157348632812500e-01 4.722595214843750000e-03
7.130100727081298828e-01 5.162000656127929688e-03
1.502278566360473633e+00 3.283739089965820312e-03
8.171589374542236328e-01 4.538059234619140625e-03
6.793081760406494141e-01 5.128860473632812500e-03
9.598007202148437500e-01 2.977371215820312500e-03
5.060949325561523438e-01 4.457235336303710938e-03
4.860329627990722656e-01 5.406618118286132812e-03
6.287479400634765625e-01 4.435062408447265625e-03
6.357781887054443359e-01 4.447937011718750000e-03
3.602561950683593750e-01 5.381584167480468750e-03
1.705000638961791992e+00 3.031969070434570312e-03
1.031253814697265625e+00 3.460407257080078125e-03
1.415011405944824219e+00 3.620624542236328125e-03
1.088846683502197266e+00 3.192663192749023438e-03
1.778284788131713867e+00 2.990484237670898438e-03
1.694342136383056641e+00 3.720045089721679688e-03
6.089892387390136719e-01 5.132436752319335938e-03
2.755150794982910156e-01 4.663705825805664062e-03
2.839477062225341797e-01 5.505561828613281250e-03
1.555881500244140625e+00 2.793312072753906250e-03
1.573050737380981445e+00 3.156423568725585938e-03
1.451295614242553711e+00 2.847909927368164062e-03
1.275673627853393555e+00 3.235101699829101562e-03
