3.547258056770098006e-02
6.758320558835061165e-02
1.902148031331905506e-02
5.660924340794414727e-03
1.098242598121436722e-02
2.924937994662025337e-02
2.586569529079567331e-02
9.305760168587232442e-03
5.915822996493373329e-03
1.441114242031231278e-02
6.402353416213682827e-03
7.673343769760913001e-03
2.096421866662952493e-01
2.538896182553031927e-02
3.892127851765881524e-02
1.261658325551835887e-02
6.225719287203883290e-02
3.554194864367703210e-02
1.993919410293672548e-02
5.602330541795667862e-02
1.519218880141773136e-02
4.770312109603363354e-03
1.987250976219137599e-01
2.623952464822213587e-02
1.131075475626697469e-01
2.682725847672253958e-02
8.473236977407526405e-02
5.210613805044232716e-02
1.137453819907521813e-02
1.228198547560005460e-02
1.025536190369891014e-02
1.307679294679162801e-02
2.563911933058582449e-02
1.256124215968613435e-02
1.309083966698405821e-01
8.018604478657081341e-03
6.309090612133238032e-03
1.444418786765791843e-02
8.894035083743132009e-03
1.138984651348732419e-02
1.511439582779023662e-02
3.549917867781966774e-02
1.358726612093375842e-02
9.434286333289682025e-02
2.323065437140181197e-02
2.844797363673661969e-02
2.227090698824998188e-02
5.024731415419906450e-02
1.351501137902184208e-02
1.094405103587382973e-02
1.136584813833288465e-01
1.521670747554561831e-01
1.564494931232140312e-02
3.832113149398326535e-02
4.173894493576714437e-02
7.746578426058249069e-03
3.162953500899967074e-01
2.014448768772088630e-02
1.379091401621393258e-02
1.526135563568262535e-02
2.314544414378549506e-02
3.838017856809509964e-02
1.831231868528829243e-02
1.110717297721046035e-02
1.137413422116811609e-02
1.139031708371150177e-02
4.917625625304230391e-03
3.222573111800703938e-01
1.058135587170193868e-02
8.619329571645902716e-03
8.197606327862774767e-02
2.627295570328447988e-02
8.913820044911069038e-03
1.888893988722603265e-02
3.191646486708212688e-02
3.645367962354638391e-02
4.704986036324214360e-02
2.845491794726051973e-02
1.376999635348833025e-02
1.470130454733867970e-02
1.379387734053613875e-02
9.988369498156585841e-03
7.232907255132638158e-02
7.252749473103610282e-03
1.160951108654693226e-02
1.289439576914882396e-02
2.855833766899305501e-02
3.226337757480111923e-02
4.780381057306606896e-02
7.219286896022236721e-02
1.315895052905767700e-02
1.592745994560363157e-02
5.188166418343354708e-02
1.136213128974726365e-02
1.188623009446301143e-02
1.355039151328884216e-02
1.280326145675073253e-02
1.836879303053110674e-02
7.759404132975813995e-02
5.825547015346684704e-02
1.856736000179819712e-01
1.177381335901958453e-01
8.958477963344926853e-02
9.392679212520967102e-02
4.741729819249537042e-02
2.921947428554765719e-02
4.246452830390206462e-02
1.119142784407035213e-01
3.593639576629752141e-02
1.268841359254099799e-01
9.330119600655426004e-02
2.523203783519189711e-02
1.370892181982415470e-01
1.217772206862067219e-01
3.511018373127933884e-02
1.811041663131896309e-02
1.117564542312503850e-01
2.818145131065766078e-03
7.982569159827285210e-02
1.555756887290151991e-01
2.540346570907586754e-01
1.104026339839578735e-01
5.923714936094786471e-02
1.648072716256470116e-01
1.274040038206258330e-01
5.082954395013383059e-02
5.028308583186158476e-02
7.131714313600591437e-02
1.576351054310080602e-01
3.716931853724188967e-02
2.218084765157648033e-02
3.159179855333925369e-02
2.930535169118863442e-02
3.675237010081591066e-02
1.931417634364540892e-01
4.880934701287975575e-03
3.604830300166100149e-02
5.995704533224837512e-02
2.285945323196493864e-02
1.183775521305000938e-01
5.663581114509054493e-02
1.851451768802090114e-01
1.778411809742707073e-01
7.313343635185025338e-02
1.184312668843696820e-01
9.742721911820265146e-02
1.381418497789741739e-01
2.180187765690743129e-01
2.215216743236934072e-01
1.802387564504539796e-01
1.391080348221712670e-01
3.497187545215338367e-01
1.239560284038728338e-01
1.062686055967289461e-01
4.523577867680229625e-01
1.784097988854314032e-01
3.150656795001399724e-01
2.557500278323560083e-01
2.245809057867403369e-01
1.219033177031649262e-01
2.639760529870008310e-01
3.663098466183403179e-01
1.157668725231509599e-01
2.951852444392147889e-01
2.806747841153383050e-01
2.820314448973065477e-02
3.587339585806868791e-02
2.769145035961356194e-01
5.926311639744337445e-02
5.011671940112992496e-02
2.302601838483588070e-02
1.853475481086378981e-02
1.853399576667615067e-02
3.588955915466299912e-02
1.959713918386439269e-01
6.841525211147219711e-03
5.251812236329462397e-02
2.150244668379092672e-01
4.637107838498047974e-01
3.138987775713338868e-01
3.808926307509899467e-02
4.181829277323460825e-03
2.048590983120179565e-01
8.938210250477227059e-02
8.552203372234044865e-02
1.652516967654375779e-01
1.838437760385328024e-01
8.884938150424678827e-02
3.202822814512314847e-02
3.193933923851792755e-01
3.147077726787251423e-02
3.196451722168544562e-02
1.633552125498396665e-02
3.896624771157481543e-02
1.629879927281076557e-01
1.064491679977717792e-01
2.602408418946405844e-02
2.751210935844674438e-02
5.202860945794223618e-02
4.156541309764574810e-02
4.111549168276751876e-01
1.165650162279290546e-02
3.988086160627583171e-02
1.845184409140283865e-02
6.783215111349333304e-02
5.893260152501374194e-02
2.942532511925188485e-02
3.677640791311358182e-02
3.539567157617819204e-02
8.385894904597250912e-03
1.988571845385950568e-02
4.211388838223457109e-01
3.922597080138490871e-02
1.028439722631159098e-01
8.494743879282269650e-02
2.450347185033989461e-01
2.693580577978874624e-01
1.356698184489731340e-01
1.639460484587642319e-01
1.163859969039292702e-01
1.580710890788633582e-01
2.080014088900362379e-01
2.953276423360286576e-02
1.616310502201807886e-01
2.051756654254971446e-01
1.255675838833495428e-01
2.070666747003736818e-01
1.315074259532330592e-01
2.491485373586817542e-01
2.268219114241460665e-01
1.340732088901007424e-01
1.160165360967675141e-01
1.323352408450937101e-01
1.504105460290926788e-01
2.614645332259985522e-01
3.556256429139524333e-01
1.499761187799669715e-01
1.053981748454353995e-01
1.243394256682156251e-01
9.248328401242307539e-02
1.522929433414051126e-01
1.597776899123737049e-01
1.194818687001289459e-01
1.407442854046201397e-01
1.235813096997903926e-01
1.086075286447243521e-01
2.236853059588736481e-01
1.501518249753941159e-01
2.546743790303488963e-01
4.047807742081394045e-01
2.177829041354052975e-01
7.020547143099563348e-02
2.018784709070510219e-01
2.312432787683778301e-01
2.492761980236506691e-01
1.240980773018829225e-01
1.957296629967195112e-01
2.037015681789517696e-01
1.366770547616809606e-01
1.728775426993481579e-01
1.665960117545414731e-01
2.202495204594163425e-01
2.971001016068245404e-01
2.316767021687893557e-01
1.774113613235133446e-01
1.691178199924266157e-01
1.309079394116758610e-01
2.644028779877349300e-01
1.463551061598267478e-01
1.069980978568102620e-01
2.172373876542378346e-01
1.824114915746126719e-01
1.364439432329551116e-01
2.482557772737189195e-01
1.375743326851532056e-01
1.138664169570167001e-01
1.846521675177195398e-01
8.044786883072263528e-01
3.730699723678800317e-01
2.868110289251651346e-01
2.444883606370849838e-01
3.467392490554997986e-01
1.125951945880667160e-01
2.503017736331073495e-01
3.819519192921516648e-01
1.589244213421830143e-01
1.132437706207549688e-01
1.676976229631804149e-01
1.370137782285886230e-01
1.688650674595480183e-01
3.471192992687828494e-02
1.164527683349621777e-02
1.030744204378561749e-02
1.039885752368194527e-01
1.569623663783595996e-02
1.717146013862705031e-02
1.321416839387561798e-02
1.835367301112249619e-02
1.568576272187743176e-02
4.130664871054893356e-02
6.888758470115871613e-02
3.764458632649834297e-02
4.408679835391211138e-02
4.217053442784949452e-02
3.019287377585331833e-01
3.428134569826248729e-02
1.566287418606411574e-02
1.937359929808511391e-02
4.981331139106019712e-02
8.045858905117197687e-03
6.894224581263769247e-02
1.955966405653092668e-02
6.799505913026862580e-02
5.617231739721800093e-02
2.965101250825877832e-01
1.481932612039951191e-01
4.682846839908528375e-02
5.021715974124096177e-02
2.749180500064262941e-02
3.818078326491163021e-02
5.064154503241273531e-02
4.935148463041211936e-02
2.690422032539918976e-02
4.349428698221964595e-02
6.403915095749418418e-03
7.575932159172600946e-03
2.805909657737211682e-01
4.476283580205161344e-02
5.737635843778886302e-02
6.468922511636110428e-02
7.076233909379457676e-02
2.922100941647798877e-01
3.907975284416236039e-02
1.514749527552737562e-01
1.006123214394862991e-01
1.788240167213633880e-01
1.123595589089348562e-01
4.499406695594183048e-01
1.756829606288126122e-01
3.716862669644784012e-02
5.169963431228294035e-03
1.479897202604618309e-02
1.598275200941454838e-02
2.318983002373245159e-02
1.081362454763116869e-02
2.979042511299601764e-02
7.678319750586587097e-03
1.092241361303498970e-01
1.503861137056914654e-01
1.373692314282906612e-02
1.192590230646107911e-02
1.029496826467276721e-01
4.585248172819334465e-03
1.371133539074623764e-01
1.034115571877523287e-01
1.566400453815991120e-02
7.261479879488076661e-02
6.699029721879454224e-02
1.874447103549755841e-02
