9.861120830884972932e-01
1.608315133644273143e+00
8.563762669116898874e-01
1.014113561290803656e+00
1.776827395508816965e+00
1.060589511480668934e+00
9.611198058507043340e-01
5.334438608036248253e-01
9.208519664133695271e-01
6.772616689161105041e-01
1.126519578835337043e+00
5.655329778672322227e-01
9.829490509410666599e-01
8.722669671737739439e-01
6.666168025690335508e-01
1.350871770191254040e+00
1.246647658831978811e+00
1.636783324337682144e+00
1.734349510472549927e+00
5.789556718818246184e-01
1.048552763584624126e+00
4.518428511152546845e-01
2.405600119748304788e+00
4.783609504994098538e-01
1.340843986913664576e+00
8.323015888094600356e-01
1.284567237087188341e+00
8.159519614829719991e-01
1.355474007304298345e+00
1.167780161651113424e+00
1.063779918846502026e+00
4.734591593548653776e-01
1.197748204723510401e+00
1.136322497327474812e+00
8.948044290649262988e-01
4.251217676871056339e-01
1.057567445373807313e+00
3.137236902275674644e-01
1.557394184099725631e+00
6.906662842229122079e-01
8.607893999811098151e-01
1.558478683277288557e+00
1.372516022691384174e+00
4.706991439514527920e-01
3.718460449698389736e-01
2.106014325464938608e+00
1.274827855503266383e+00
1.561693140800819224e+00
2.079622338619920185e+00
1.023655396421303099e+00
5.170520191149817757e-01
5.242907847065766402e-01
2.087537023752695120e+00
2.526526888870069598e+00
5.427594963002810857e-01
9.765577701576340086e-01
4.477332896300562637e-01
8.064702815976894090e-01
1.557273572823149710e+00
4.630940956954054388e-01
8.003202567144089841e-01
9.048111449766809145e-01
1.420235701155136754e+00
6.837224690016767692e-01
6.426834832533342423e-01
1.862165854664954434e+00
1.324291712527457587e+00
1.069899313150413755e+00
1.184458994586913505e+00
1.383207261576885561e+00
8.983237563720116725e-01
4.276226892495234022e-01
1.423250574795231316e+00
7.253480114507920851e-01
2.654187058731874327e+00
3.914579603191967738e-01
1.499653842978810214e+00
5.441124059375812561e-01
1.134738701362824731e+00
1.163368838578207054e+00
1.059549677831631342e+00
5.545406382159239200e-01
4.526631050211360474e-01
1.156328477512983122e-01
8.227763723151100272e-01
7.348556679004838443e-01
5.005675497360442261e-01
6.220504422517048049e-01
5.398295998846309729e-01
7.084140927834240431e-01
5.055869575923260806e-01
1.254137044182414451e+00
2.575470251496095209e+00
5.328150269502320846e-01
9.934754402941669005e-01
6.512280103932716058e-01
4.913512730242313165e-01
2.537456483164429066e+00
4.587428097724419729e-01
7.350103190278982623e-01
5.550250601219594015e-01
7.072543417645363872e-01
4.061472203723830998e-01
5.350191317063819341e-01
6.745877099016577283e-01
7.184799563490650298e-01
5.115519540023580891e-01
9.905156018211341840e-01
6.996505503538777981e-01
4.381587044502698314e-01
4.673603118791471167e-01
1.572303989479830744e+00
8.854240282184026034e-01
6.512761115440476312e-01
5.492503121811190825e-01
1.158756100955075502e-01
6.451579044269307728e-01
7.477973296224944555e-01
4.931124228106740226e-01
4.999425683262718745e-01
6.101686653746398736e-01
4.941559515700938987e-01
1.777344663245112644e+00
1.157261714118702933e+00
8.484047767842274324e-01
5.470293467232764106e-01
1.077273749953017834e+00
1.333471436015944089e+00
6.510666008784988801e-01
4.591889665252974484e-01
7.031545089948524341e-01
7.109240035620865150e-01
3.106385019869284392e-01
1.116775332351211958e+00
2.145757413704721284e+00
5.193302564612630734e-01
7.248267984508891537e-01
9.159627550971705112e-01
4.556347223992557316e-02
5.681998214247369061e-02
3.547935728743861761e-01
3.925172982506365260e-01
1.011566890383633011e+00
1.611164536759230881e+00
1.243694372632337064e+00
1.183332692569761813e+00
1.002229740753407261e-01
1.156642761995638757e+00
5.646041032254159875e-01
1.890044297240971893e+00
5.388873813617988118e-01
4.353618095627984075e-01
5.554989094680536921e-01
1.840591708677714822e+00
8.555406138601335808e-01
7.744204805839410843e-01
9.164184911771295905e-01
5.901777194556586670e-01
3.812605928479712691e+00
1.825925094672719684e+00
5.603926945916037905e-01
4.586917203699421991e-02
7.903890371900101908e-01
5.768862143791058106e-01
5.019026255306602985e-02
9.513870401025893708e-02
6.705857739091335146e-02
1.639501541671347207e+00
8.305808927412682285e-01
6.733828537914517964e-01
4.554467963505060557e-01
7.418436236128991279e-01
2.496625470528896218e-01
2.727331328746576689e-01
1.188525883399924155e+00
4.680559707675804315e-01
4.687447835742409308e-01
5.720243175010055747e-01
7.637313111734833626e-01
1.401281107037522400e+00
2.221346704161188512e+00
1.544803162592014667e+00
8.891432063454950407e-01
1.154562343885259024e+00
1.058831441712568378e+00
9.625763352936926864e-01
1.990388890063762850e-01
4.370498779051498056e-02
7.237587434705590184e+00
6.801778488994583149e-01
4.782878116411773961e-01
6.167026914624236245e-01
1.359789854776068674e-01
6.429890323274248809e-01
1.197608254540899031e+00
1.437506736677605312e+00
1.105747265284726444e+00
1.113545259245094066e+00
8.192293760721064411e-01
1.909745343552859742e+00
1.389218696158543320e+00
6.840655562787424371e-01
4.637967494817525349e-01
1.231798167307372571e+00
5.503169531766386458e-01
1.217597338663953366e+00
5.882687758914159071e-01
1.133374761711660517e+00
1.367991072108338368e+00
1.239037626469608799e+00
1.437405351835648604e-01
4.875426412871681214e-01
6.126994914391532543e-01
1.219203449607174861e+00
7.773389570624953393e-01
7.560486096118382848e-01
8.490145757290826767e-01
7.338626092895150776e-01
1.004928381034469353e+00
4.788000129316272724e-01
5.599556619524588275e-01
4.845942844617152079e-01
2.285076392032192594e+00
9.116551089654741924e-01
5.529270922814167877e-01
5.792429675427350766e-01
5.039953835004589155e-01
9.630547350047781174e-01
5.265421790088322673e-01
7.541330952236425800e-01
5.458746957669327049e-01
4.871824756534864909e-01
8.970003415931168123e-01
4.088478896362479076e-01
8.068829951398498457e-01
8.529692738919529837e-01
7.237247210593136248e-01
4.798524457731631054e-01
1.197978151663307234e+00
1.076166330370408986e+00
2.044563628533655475e+00
2.359287043507485304e+00
4.110508913025581190e-01
5.139525744064550317e-01
4.532245065043205012e-01
1.265297296975035124e+00
8.209158323120396838e-01
3.444908491491698310e+00
8.142674956076076942e-01
2.938764286203452425e-01
8.561655319807756070e-01
1.601401270122078113e-01
1.077227150591513194e+00
1.007757737267906073e+00
1.019554701012933107e+00
6.141261282959595835e-01
2.317101260770117133e+00
1.103011685402066400e+00
1.213530889934717916e+00
9.953240003717670481e-01
1.399774662607701226e+00
6.033621259099243295e-01
1.182536818651429344e+00
1.301065680517539569e+00
1.580044981655278180e+00
6.715127079083991202e-01
1.123048515798908742e+00
2.218575887272681069e+00
1.364819104111695713e+00
1.956885362975546050e+00
1.701435543618246671e+00
1.704782905214716759e+00
1.114704482961653698e+00
1.384956754249430766e+00
9.924413046025772900e-01
1.227814118987268888e+00
9.698077961848855510e-01
1.990729812285644718e+00
8.164381058833481974e-01
1.625783051855409278e+00
6.352633549239996569e-01
1.242531508685081887e+00
1.398751074809047701e+00
1.170397901078839009e+00
8.868499955228956733e-01
3.155666373557625359e+00
6.224182560312595536e-01
9.438974502265620181e-01
5.283738495194563178e-01
1.448112318566624257e+00
8.282155238170469946e-01
1.122404231570768962e+00
4.123180184347744470e-01
1.077654750098818059e+00
7.860133491674201611e-01
9.404790406904541822e-01
1.533021460769087518e+00
9.508798358986203514e-01
7.713670936239551690e-01
2.012436068643578935e+00
2.068136151315290050e+00
1.657496013978054350e+00
1.012051290345906462e+00
1.004060774122715882e+00
1.300565295820129474e+00
2.596652294299869101e+00
1.278379895575265213e+00
1.558727540051913385e+00
5.934039296319847390e-01
9.114673861562551105e-01
1.207072120399553139e+00
3.794311588730216123e+00
9.923241775642763773e-01
1.332699355469479485e+00
1.077170451580189869e+00
9.236340454491320795e-01
8.385905078378455002e-01
1.894694206439842654e+00
1.429310999271946825e+00
1.269175677042990280e+00
9.494828616818370426e-01
1.377692446922939684e+00
1.041173600683876543e+00
1.022712928708424451e+00
2.001725642155125939e+00
7.240168783375460215e-01
8.202269558993824372e-01
1.342525772053968947e+00
1.364808322088673087e+00
1.739512888392348744e+00
1.029182270129009202e+00
1.426388407070475317e+00
2.094145248626523070e+00
1.139412495681018989e+00
1.042676065794172935e+00
2.733208569310526581e+00
1.084932964260170385e+00
9.830316790209134847e-01
8.074812678962380863e-01
9.658647874991680427e-01
1.250180808348034578e+00
9.099608948775705919e-01
1.147027876187671769e+00
1.269877395565413458e+00
1.122822481354553537e+00
2.878939318565809646e+00
1.270019087676655722e+00
5.832646249858235432e-01
7.856888993411612621e-01
1.340766880539545625e+00
3.176547548435670887e-01
8.097991492126734858e-01
4.805039311930870416e-01
2.583904083940904872e+00
4.250432425512535861e-01
9.757725701153369124e-01
6.935245069333215717e-01
1.407573383631572028e+00
1.223387021355667903e+00
1.010219390643951609e+00
9.315055130876549461e-01
1.177281429564492665e+00
6.137518385182468839e-01
1.310541242925727934e+00
1.519156425224701623e+00
2.475996826297211850e+00
1.816112932778095379e+00
9.092463453954421349e-01
1.450562551515291121e+00
1.305280177938842767e+00
1.357494905630978854e+00
8.287960152416524728e-01
1.629813361897156199e+00
2.198709817931853383e+00
1.073052095368743020e+00
8.180603361039924248e-01
4.673856619173343829e-01
2.764297808836291725e+00
1.068182816645137700e+00
1.462089885880823559e+00
8.271427335329764041e-01
1.423228134449641580e+00
1.530624857744792067e+00
7.849800907982911191e-01
1.110820657408388534e+00
1.313046645769908150e+00
7.409354710022278967e-01
1.137163458874181909e+00
1.221536656781790464e+00
1.264693327217695895e+00
8.178663159737686872e-01
8.851788064521667332e-01
8.273410940858874074e-01
7.364845661787121633e-01
8.884227254407582874e-01
7.798205426998411349e-01
7.641044652978093987e-01
5.050218950018137143e-01
1.588524294025075667e+00
9.901653900421464316e-01
1.240135927260809456e+00
5.717118617135646952e-01
1.192212088197074804e+00
1.214129415339801676e+00
8.381442012581680201e-01
6.252464276255814690e-01
2.136728051009353813e+00
1.541353206857800640e+00
1.734821481663381348e+00
1.528921046593880950e+00
4.733441016213546959e+00
6.807697049717698068e-01
5.123045919346790322e-01
1.289865184769918738e+00
