6.108742491648556233e-02
3.750811571847554454e-02
1.451605693605830805e-01
8.960210209911494139e-02
1.858065120572548745e-01
5.625489816185600539e-02
8.983376789657011863e-02
5.139860545966788014e-02
4.876400303106450534e-02
2.962627486101904184e-02
2.078360897275579600e-01
2.324409587137254984e-02
4.601429050970160667e-02
3.483122115877403807e-02
5.660244904496117280e-02
9.941651327803407989e-02
4.469386348751586829e-02
8.440408213630246070e-02
1.527895171474965286e-01
3.553880923120752294e-02
7.820028027691620920e-02
4.677285937956150025e-02
4.446521081136882714e-01
2.523255296323040006e-02
6.502200201881051800e-02
2.915073981610941112e-02
5.797915047351624024e-02
1.050061674533315087e-01
4.679509407893133743e-01
2.792415447348154944e-01
3.132744548897210546e-01
1.533868603229989747e-01
4.514537528010935108e-01
3.138038988919351069e-01
5.475587395052370493e-02
7.770891040603503663e-01
3.835070557377952549e-01
2.835465392768303783e-01
6.435346432325933508e-01
7.816050323059676730e-01
4.924040220659258171e-01
8.718760924114703492e-01
3.112252466785982441e-01
1.459291951720865788e-01
1.868976473008789885e-01
9.566823450923217509e-02
4.280019333877402299e-01
6.671849575536844545e-01
5.064046514184689096e-01
3.865432069035026896e-01
2.641550191929416536e-01
2.200142181605165004e-01
7.125211127057462512e-01
7.225678881634034489e-01
3.536783349431767420e-01
3.843490115939585117e-01
2.535000936886733225e-02
3.739373635916423133e-01
5.649937150814211551e-01
5.693829007124771024e-01
3.117939659641512651e-01
4.236509059094322738e-01
6.266357465993664944e-01
1.882210833244889192e-01
2.094114556777784131e-01
5.351670822276534123e-01
5.027200393171801229e-01
6.277243311120540847e-02
4.030273420622960678e-01
3.273333758875165422e-01
4.702106351104455295e-01
1.423332344747499922e-01
4.567534941836529083e-01
2.991853583963224317e-01
8.606530269182818271e-01
1.440923440689843293e-01
5.721549861002478421e-01
1.563664588491091856e-01
2.670190296098070085e-02
9.760604267025066103e-03
2.412855148729406429e-02
3.800873447233791419e-03
2.997129929980031204e-03
4.747840148068855487e-03
6.025127311544667581e-03
6.291634686940190437e-03
4.184951675877338594e-03
4.491826863919616379e-03
4.309083547471152624e-03
3.011413658951988051e-02
4.034636624337220243e-03
6.767863296730634685e-03
1.825009181451677951e-03
3.767356001694496023e-03
6.669407533494003774e-03
5.090211884400573476e-03
4.509881693600603474e-03
1.434438615532672911e-03
3.732170112032846040e-03
5.292689885963240866e-03
2.624657111470661205e-02
4.584604159047796570e-03
3.288680484454728058e-03
3.491282486499729023e-03
4.879554936056401150e-03
5.765292280365129536e-03
4.612892742953609605e-03
6.501360843403810631e-03
5.364645913401066939e-03
3.279995948043519516e-03
3.852195450984564895e-03
1.032592778987292542e-01
5.361785428355692745e-02
5.223538976971034246e-03
4.804457811830969462e-03
3.926215322056511928e-03
4.901538230986215820e-03
4.693870772529787697e-03
3.249735605528594404e-03
4.113473938995494510e-03
5.527754568283508967e-03
3.372052812670722766e-03
1.027210727868258823e-02
5.511142002676328727e-02
6.879736851020158868e-03
4.453099164994207826e-03
8.084695786185468538e-03
6.922067739558859963e-03
4.833076250365220261e-03
3.254596047040733079e-03
5.965538383214318181e-03
5.132167071930594272e-03
2.237692689052334181e-03
6.144001986094230205e-03
5.420243468431706901e-02
4.062301431235219341e-03
5.401883268781997212e-03
1.469810574957757798e-01
9.888301025811729872e-03
3.111754184942669681e-03
2.539269298345634470e-03
2.840785951417226004e-03
8.410199859443162618e-03
1.800634984114365608e-02
9.124762834097487063e-03
9.620179414668901530e-02
4.049432828367849520e-03
9.656497284949501492e-03
4.301062428598869530e-03
9.204160256099326934e-03
3.619251561520705346e-03
2.588337945578523484e-03
3.079468947999111639e-03
7.166089998484070217e-03
5.382608723610164507e-03
5.658609323839190915e-03
6.256157202141346407e-02
5.951426682897806991e-02
3.775060329040332095e-03
4.088713949503609314e-03
4.513770637839098661e-03
6.654593619197797516e-03
6.437542508715653894e-03
4.419405447926085494e-03
3.110638705163003715e-03
3.632847099511823507e-03
3.765311425464814340e-03
9.156492207728543498e-02
6.290747083264866535e-03
5.994301231833128706e-03
3.986132741638331346e-03
5.053601557259057055e-03
2.482442783829922478e-03
1.253694775131028449e-02
6.882428836148986318e-03
3.425301319562982366e-03
3.509034263171289733e-03
4.668537583685918556e-03
5.617064493368215811e-02
1.107002198050610620e-02
3.484179189512019020e-02
4.576012720307410901e-03
6.760047879833337194e-03
3.752162572405523880e-03
7.342180742783894522e-03
2.346610857666601210e-03
8.440117883334393931e-03
2.106994565893626718e-03
7.546127734423164340e-03
4.794453672774742076e-02
3.777401270523712048e-03
5.350405507435476715e-02
2.616708306504665280e-02
5.120276313516758555e-03
4.524957365246269451e-03
6.605907390974882082e-03
5.370046530406844161e-03
7.685317010461043159e-03
4.242354024945538087e-03
1.004990092770732119e-02
7.226062615052002147e-02
3.696608555161491963e-03
3.860433550573885448e-03
5.886835908550446667e-03
4.351841412651701393e-03
8.505233480842750229e-03
4.393796731963634829e-03
7.073211769709017264e-03
6.907218843728051526e-03
8.180958006781612057e-03
9.352048881057417953e-03
3.123748378605796516e-02
5.234331497039582289e-03
8.409489516040207988e-03
5.749659167064592909e-03
4.752155090739813327e-03
6.391085186274489231e-03
5.023088549362197432e-03
7.218459323397025292e-03
4.061142799846769770e-03
4.177463521292830266e-03
3.390904070671580273e-03
1.359761645080545811e-01
4.775322543892740468e-02
4.356996739593864583e-03
4.568113071982756943e-03
3.684956843008943550e-03
6.528359548195303459e-03
4.069312910045197462e-03
6.485198944642546655e-03
4.529841479222087089e-03
3.941873594458958005e-03
6.726253989183667015e-03
3.454322721707876742e-03
3.987893286246647906e-02
7.067407583668487182e-03
6.303660324002056947e-03
4.278360940344922737e-03
7.619062586738225944e-03
6.658980229886733888e-03
5.347732534090898250e-03
1.139301432238642303e-02
3.340735983580714330e-03
3.308631940870299885e-03
2.999422621643953180e-03
5.814229121021417118e-02
5.073047217948947751e-03
4.278581616986180947e-03
6.474310676791951956e-03
2.431526077005545863e-03
5.729994849331593310e-03
7.393872615356587852e-03
6.044541488627023888e-03
8.229612335174491325e-03
8.071483622132563304e-03
1.989663137050212971e-01
1.086390424955385736e-01
3.036083338602698634e-01
2.055594309128588593e-01
2.519325654717410878e-01
3.567299481578989906e-01
1.252830128893901718e-01
3.805143308353511888e-01
7.346617594084278169e-01
5.544320286999019354e-01
1.801024376500244550e-01
7.649714576844534042e-01
6.313030648160401770e-02
3.582291434092061411e-01
5.336691125793078250e-01
3.104797270367180007e-01
3.492633787635123777e-01
3.083106705945355963e-01
4.496133568474956488e-01
3.982300485308046256e-01
3.721191860034422927e-01
2.693366383095461836e-01
8.332023954369107699e-01
3.425536190881194737e-02
3.288945805396278899e-01
2.578817747123718362e-01
2.562995312483112853e-01
3.664973051463943921e-01
2.250945067596986926e-01
1.845175588619079043e-01
8.256760879930190589e-01
1.356626477324211766e-01
3.343649446786705615e-01
1.250573155098956279e-01
9.161129416309665707e-02
3.549757897388983174e-01
2.842151595291187993e-01
1.109357190035450830e-01
2.454585902956301080e-01
1.689595800596009612e-01
1.773306541281669535e-01
4.652961860487150880e-01
2.353034483056473947e-01
1.584972699989561362e-01
6.692773957476269020e-01
1.555229045839015556e-01
5.673585788908398486e-01
2.406391067699120700e-01
2.051167303165338518e-01
3.291781710923637472e-01
6.292897263401404651e-01
2.873111514624250851e-01
2.742256658214868303e-01
1.901031107806916420e-01
2.427966713386170705e-01
3.219980606816094659e-01
2.179799690263714285e-01
1.787091750349368569e-01
2.744934382301304487e-01
2.555384526921811172e-01
2.382355789296827231e-01
3.014623976424490870e-01
5.225647500642098819e-01
3.251171353602694825e-01
3.281498501059721407e-01
2.924926063535123744e-01
3.671322236545469520e-01
5.625029594252225346e-02
2.106816075982897996e-01
5.087983385144300152e-01
1.419744990628283299e-01
1.793524401501915555e-01
3.854279139444797830e-01
2.779918779738784207e-01
2.885655901890391006e-01
4.175019025104496073e-01
2.760332966850222447e-01
3.958446600007079486e-01
5.874982351248016904e-02
4.421311034270483664e-02
8.821701627357833031e-01
2.150317051084501274e-01
2.651864634998754577e-01
2.063208977402741784e-01
2.421173106058939484e-01
2.944171362838762795e-01
1.895581406112878398e-01
3.199076014200232243e-01
3.114842224033680940e-01
2.384210918852317229e-01
1.651291405405856116e-01
2.874351646259988291e-01
1.322023940434019218e-01
1.820624092877123068e-01
2.592381691832655877e-01
1.867614267150197183e-01
3.657344882525419283e-02
2.535026057929958346e-02
1.208053489219338278e-01
1.846232142212838115e-02
7.930374937887334219e-02
2.788386181635482686e-02
8.532331412268447102e-02
5.323830761509051185e-02
6.783374236919222089e-02
5.081193578139148181e-02
9.150703664527885806e-02
3.696529939136832671e-02
8.009926204509359993e-02
1.074910483809930484e-01
9.979912169263165100e-02
9.202566253196882429e-02
3.131379000927948103e-02
6.355448712353062302e-02
6.092224362345319971e-02
4.530827882286181385e-02
7.294497646133125957e-02
1.443548432863045183e-01
3.659485544528158774e-01
3.389950902832630092e-02
6.873627859265417361e-02
3.724699124541139966e-02
1.975361719684186335e-01
4.745040488860174932e-02
7.342244514394304089e-02
1.263029210056192675e-01
6.529383535913309278e-02
9.746304767520587442e-02
4.349765863560162149e-02
2.497776005865413318e-01
1.695385419706283148e-01
1.210874012762941238e-01
6.693942798649558934e-02
1.730141561728296973e-01
1.603769469639887146e-01
1.951312942361733624e-02
3.898507378536219398e-02
3.976431355926591388e-02
3.685930147253588252e-02
5.801753740251705538e-02
3.694382437261920643e-02
2.609324265501384299e-01
3.509790899523196339e-02
2.447679102029894638e-01
1.091319582984012215e-01
1.083028411049544726e-01
2.820410999281057832e-02
1.227142441073191953e-01
6.331218483538580966e-02
5.791210575224597923e-02
4.428699759137318809e-02
1.924888407908671439e-01
8.860828750604345105e-02
8.205009623659952067e-02
7.166054057262793986e-02
3.030424129396121491e-01
2.250446721286987126e-02
3.595186209861819110e-02
7.639867950280417042e-02
