1.231313705444335938e+00 1.121664047241210938e-02
1.442730426788330078e+00 1.191997528076171875e-02
1.321892499923706055e+00 1.104903221130371094e-02
1.528509616851806641e+00 1.361775398254394531e-02
1.398715972900390625e+00 1.202249526977539062e-02
1.377039670944213867e+00 1.096725463867187500e-02
1.434766769409179688e+00 1.293015480041503906e-02
1.399024486541748047e+00 1.235985755920410156e-02
1.378185749053955078e+00 1.139521598815917969e-02
1.448317289352416992e+00 1.334857940673828125e-02
1.401231288909912109e+00 1.185727119445800781e-02
1.406140804290771484e+00 1.378107070922851562e-02
1.331925153732299805e+00 1.300907135009765625e-02
1.398131370544433594e+00 1.157212257385253906e-02
1.387844800949096680e+00 1.311373710632324219e-02
1.250720739364624023e+00 1.264786720275878906e-02
1.491640567779541016e+00 1.163864135742187500e-02
1.317638397216796875e+00 1.438403129577636719e-02
1.453065633773803711e+00 1.329851150512695312e-02
1.286773443222045898e+00 1.143550872802734375e-02
1.453705072402954102e+00 1.186823844909667969e-02
1.276582717895507812e+00 1.085066795349121094e-02
1.481159210205078125e+00 1.360774040222167969e-02
1.436441421508789062e+00 1.104235649108886719e-02
1.375670909881591797e+00 1.107168197631835938e-02
1.396222114562988281e+00 1.331734657287597656e-02
1.330447673797607422e+00 1.280617713928222656e-02
1.435378313064575195e+00 1.379919052124023438e-02
1.481872320175170898e+00 1.398777961730957031e-02
1.327193021774291992e+00 1.134920120239257812e-02
1.340370655059814453e+00 1.297712326049804688e-02
1.358681440353393555e+00 1.347041130065917969e-02
1.339813947677612305e+00 1.128840446472167969e-02
1.489699840545654297e+00 1.369380950927734375e-02
1.291204214096069336e+00 1.271390914916992188e-02
1.277113437652587891e+00 1.096129417419433594e-02
1.377980709075927734e+00 1.170420646667480469e-02
1.460125207901000977e+00 1.351022720336914062e-02
1.446765422821044922e+00 1.386308670043945312e-02
1.269200325012207031e+00 1.095175743103027344e-02
1.316347599029541016e+00 1.216363906860351562e-02
1.310925006866455078e+00 1.163697242736816406e-02
1.414014101028442383e+00 1.296782493591308594e-02
1.410069704055786133e+00 1.370167732238769531e-02
1.311935424804687500e+00 1.082015037536621094e-02
1.349418401718139648e+00 1.111578941345214844e-02
1.432290554046630859e+00 1.325559616088867188e-02
1.401137113571166992e+00 1.448035240173339844e-02
1.389137744903564453e+00 1.327538490295410156e-02
1.380377054214477539e+00 1.094269752502441406e-02
1.358460426330566406e+00 1.347136497497558594e-02
1.329920768737792969e+00 1.166915893554687500e-02
1.443381309509277344e+00 1.338863372802734375e-02
1.423173904418945312e+00 1.303601264953613281e-02
1.400886297225952148e+00 1.118779182434082031e-02
1.415266036987304688e+00 1.142501831054687500e-02
1.273324489593505859e+00 1.117682456970214844e-02
1.380496978759765625e+00 1.425957679748535156e-02
1.412020444869995117e+00 1.112222671508789062e-02
1.387634515762329102e+00 1.296138763427734375e-02
1.429065227508544922e+00 1.343750953674316406e-02
1.335806369781494141e+00 1.146674156188964844e-02
1.356150150299072266e+00 1.369857788085937500e-02
1.403920412063598633e+00 1.401710510253906250e-02
1.402298450469970703e+00 1.128363609313964844e-02
1.330546855926513672e+00 1.115894317626953125e-02
1.386823892593383789e+00 1.129055023193359375e-02
1.336935520172119141e+00 1.108145713806152344e-02
1.366893053054809570e+00 1.208877563476562500e-02
1.320758581161499023e+00 1.189947128295898438e-02
1.444290637969970703e+00 1.167774200439453125e-02
1.393114328384399414e+00 1.306796073913574219e-02
1.328310966491699219e+00 1.100969314575195312e-02
1.438029527664184570e+00 1.349329948425292969e-02
1.332942962646484375e+00 1.377606391906738281e-02
1.373142242431640625e+00 1.341390609741210938e-02
1.367551565170288086e+00 1.089024543762207031e-02
1.338137388229370117e+00 1.386046409606933594e-02
1.249293088912963867e+00 1.160216331481933594e-02
2.175374031066894531e+00 1.264905929565429688e-02
2.019616603851318359e+00 1.099729537963867188e-02
1.929827451705932617e+00 1.173686981201171875e-02
1.944306612014770508e+00 1.140928268432617188e-02
2.058212995529174805e+00 1.340317726135253906e-02
2.102369308471679688e+00 1.138663291931152344e-02
2.080202817916870117e+00 1.362824440002441406e-02
2.045326709747314453e+00 1.085948944091796875e-02
2.139469385147094727e+00 1.366043090820312500e-02
2.052479028701782227e+00 1.207900047302246094e-02
1.427506923675537109e+00 1.125717163085937500e-02
2.098862886428833008e+00 1.361107826232910156e-02
1.944277286529541016e+00 1.071667671203613281e-02
1.769743442535400391e+00 1.084661483764648438e-02
1.920269250869750977e+00 1.135420799255371094e-02
1.922952175140380859e+00 1.350998878479003906e-02
2.035588741302490234e+00 1.428532600402832031e-02
1.974503278732299805e+00 1.115798950195312500e-02
1.975489854812622070e+00 1.114964485168457031e-02
2.134090185165405273e+00 1.149535179138183594e-02
2.044495105743408203e+00 1.141142845153808594e-02
1.356020927429199219e+00 1.166725158691406250e-02
2.054308176040649414e+00 1.238965988159179688e-02
2.090606689453125000e+00 1.337647438049316406e-02
2.003094673156738281e+00 1.313567161560058594e-02
2.085934400558471680e+00 1.327943801879882812e-02
2.011097669601440430e+00 1.176023483276367188e-02
2.143299579620361328e+00 1.388192176818847656e-02
2.035955905914306641e+00 1.167511940002441406e-02
1.948306083679199219e+00 1.080083847045898438e-02
2.091119527816772461e+00 1.148581504821777344e-02
2.126302719116210938e+00 1.355051994323730469e-02
1.287535429000854492e+00 1.117444038391113281e-02
1.269788265228271484e+00 1.165127754211425781e-02
2.049673795700073242e+00 1.130318641662597656e-02
2.056530237197875977e+00 1.101136207580566406e-02
2.073489427566528320e+00 1.099205017089843750e-02
2.168349742889404297e+00 1.378321647644042969e-02
1.887774229049682617e+00 1.067948341369628906e-02
1.874775648117065430e+00 1.150250434875488281e-02
2.141707897186279297e+00 1.136183738708496094e-02
2.033395767211914062e+00 1.312255859375000000e-02
1.976047039031982422e+00 1.249694824218750000e-02
2.056128740310668945e+00 1.085424423217773438e-02
1.355522632598876953e+00 1.156210899353027344e-02
2.271065950393676758e+00 1.142907142639160156e-02
2.146806240081787109e+00 1.358652114868164062e-02
2.266765356063842773e+00 1.125979423522949219e-02
1.921795606613159180e+00 1.405286788940429688e-02
1.915197610855102539e+00 1.176357269287109375e-02
1.895976305007934570e+00 1.126122474670410156e-02
1.993790388107299805e+00 1.117849349975585938e-02
1.924726963043212891e+00 1.107549667358398438e-02
1.928105592727661133e+00 1.140856742858886719e-02
1.973626613616943359e+00 1.134300231933593750e-02
1.300939798355102539e+00 1.387548446655273438e-02
1.828516244888305664e+00 1.247048377990722656e-02
2.123157024383544922e+00 1.106882095336914062e-02
2.155272722244262695e+00 1.363563537597656250e-02
1.848351716995239258e+00 1.142024993896484375e-02
1.877640962600708008e+00 1.334810256958007812e-02
1.869212388992309570e+00 1.155614852905273438e-02
2.021073102951049805e+00 1.399397850036621094e-02
2.053007125854492188e+00 1.296854019165039062e-02
2.010624647140502930e+00 1.578640937805175781e-02
2.042434453964233398e+00 1.353287696838378906e-02
1.289834737777709961e+00 1.621294021606445312e-02
2.104919910430908203e+00 1.149392127990722656e-02
1.972262144088745117e+00 1.144838333129882812e-02
2.127024888992309570e+00 1.081776618957519531e-02
1.988185167312622070e+00 1.119589805603027344e-02
2.112269163131713867e+00 1.293659210205078125e-02
2.015982389450073242e+00 1.255965232849121094e-02
2.013901710510253906e+00 1.160120964050292969e-02
1.759541511535644531e+00 1.075220108032226562e-02
1.959348678588867188e+00 1.433134078979492188e-02
1.919549942016601562e+00 1.360917091369628906e-02
1.303767919540405273e+00 1.092910766601562500e-02
2.294466495513916016e+00 1.162934303283691406e-02
1.837714433670043945e+00 1.174592971801757812e-02
1.915167570114135742e+00 1.114869117736816406e-02
2.063504219055175781e+00 1.156759262084960938e-02
2.391337156295776367e+00 1.154398918151855469e-02
1.927758216857910156e+00 1.115179061889648438e-02
2.191759347915649414e+00 1.306748390197753906e-02
1.779701471328735352e+00 1.083993911743164062e-02
2.110487937927246094e+00 1.128363609313964844e-02
1.890226602554321289e+00 1.218795776367187500e-02
1.263420820236206055e+00 1.338934898376464844e-02
2.108475685119628906e+00 1.349043846130371094e-02
2.045803785324096680e+00 1.139950752258300781e-02
2.089096784591674805e+00 1.176071166992187500e-02
2.100687026977539062e+00 1.145958900451660156e-02
2.069434881210327148e+00 1.088404655456542969e-02
2.067817926406860352e+00 1.088285446166992188e-02
1.982188463211059570e+00 1.364016532897949219e-02
2.057671308517456055e+00 1.135253906250000000e-02
2.267161607742309570e+00 1.406049728393554688e-02
2.223078966140747070e+00 1.124024391174316406e-02
1.335360288619995117e+00 1.343297958374023438e-02
2.266344308853149414e+00 1.379776000976562500e-02
1.944876194000244141e+00 1.088666915893554688e-02
2.170638322830200195e+00 1.134848594665527344e-02
2.125606060028076172e+00 1.573562622070312500e-02
2.105123281478881836e+00 1.072955131530761719e-02
1.877235412597656250e+00 1.118350028991699219e-02
2.099337577819824219e+00 1.259493827819824219e-02
2.132493734359741211e+00 1.344180107116699219e-02
2.000565052032470703e+00 1.173949241638183594e-02
1.915482044219970703e+00 1.092553138732910156e-02
1.349051952362060547e+00 1.411986351013183594e-02
1.979252099990844727e+00 1.130485534667968750e-02
1.879452466964721680e+00 1.356220245361328125e-02
2.061247825622558594e+00 1.174592971801757812e-02
2.106184005737304688e+00 1.142883300781250000e-02
2.227775812149047852e+00 2.470636367797851562e-02
2.025689601898193359e+00 1.124048233032226562e-02
2.150620937347412109e+00 1.349878311157226562e-02
1.993669748306274414e+00 1.149511337280273438e-02
1.884203672409057617e+00 1.226520538330078125e-02
2.080210447311401367e+00 1.174497604370117188e-02
1.248260736465454102e+00 1.339840888977050781e-02
2.120516300201416016e+00 1.126933097839355469e-02
2.169279098510742188e+00 1.396489143371582031e-02
2.081167221069335938e+00 1.167631149291992188e-02
2.150242328643798828e+00 1.154041290283203125e-02
2.099321842193603516e+00 1.363134384155273438e-02
1.982764005661010742e+00 1.153540611267089844e-02
1.998070478439331055e+00 1.086139678955078125e-02
2.060954332351684570e+00 1.360654830932617188e-02
1.850331306457519531e+00 1.418232917785644531e-02
1.818976163864135742e+00 1.146817207336425781e-02
1.191441535949707031e+00 1.093220710754394531e-02
1.868563652038574219e+00 1.064014434814453125e-02
1.951667308807373047e+00 1.098918914794921875e-02
1.939103841781616211e+00 1.231312751770019531e-02
2.053867101669311523e+00 1.127290725708007812e-02
2.169863224029541016e+00 1.407480239868164062e-02
2.024934291839599609e+00 1.298904418945312500e-02
1.939861297607421875e+00 1.107382774353027344e-02
2.100793600082397461e+00 1.163911819458007812e-02
2.042272329330444336e+00 1.259517669677734375e-02
1.910856723785400391e+00 1.131916046142578125e-02
1.289695262908935547e+00 1.095414161682128906e-02
1.279241323471069336e+00 1.088333129882812500e-02
2.038928270339965820e+00 1.363730430603027344e-02
2.031074285507202148e+00 1.157379150390625000e-02
2.059874534606933594e+00 1.074886322021484375e-02
1.994524717330932617e+00 1.135706901550292969e-02
2.036401271820068359e+00 1.241898536682128906e-02
1.951320886611938477e+00 1.324462890625000000e-02
2.120945215225219727e+00 1.112270355224609375e-02
2.084748029708862305e+00 1.130270957946777344e-02
2.026854753494262695e+00 1.351475715637207031e-02
2.183733224868774414e+00 1.190042495727539062e-02
1.255304574966430664e+00 1.080942153930664062e-02
2.195583105087280273e+00 1.399350166320800781e-02
2.136109828948974609e+00 1.169896125793457031e-02
1.970198392868041992e+00 1.105284690856933594e-02
1.825788497924804688e+00 1.084494590759277344e-02
2.051602602005004883e+00 1.377964019775390625e-02
2.047670125961303711e+00 1.213479042053222656e-02
1.952838659286499023e+00 1.176762580871582031e-02
1.909630775451660156e+00 1.155734062194824219e-02
1.903890848159790039e+00 1.367235183715820312e-02
1.812185049057006836e+00 1.122999191284179688e-02
1.194900751113891602e+00 1.332926750183105469e-02
1.881960630416870117e+00 1.081562042236328125e-02
1.906188249588012695e+00 1.115679740905761719e-02
1.850562572479248047e+00 1.114964485168457031e-02
2.015972375869750977e+00 1.165366172790527344e-02
2.008362770080566406e+00 1.136016845703125000e-02
2.034678459167480469e+00 1.130843162536621094e-02
2.025570392608642578e+00 1.298713684082031250e-02
2.061515092849731445e+00 1.264929771423339844e-02
2.094147443771362305e+00 1.411366462707519531e-02
1.990199804306030273e+00 1.172089576721191406e-02
1.318944215774536133e+00 1.091241836547851562e-02
2.022010087966918945e+00 1.126742362976074219e-02
2.166523933410644531e+00 1.203775405883789062e-02
2.141276836395263672e+00 1.186823844909667969e-02
2.180469751358032227e+00 1.238346099853515625e-02
2.164150714874267578e+00 1.139807701110839844e-02
2.046934843063354492e+00 1.155185699462890625e-02
1.935318946838378906e+00 1.284670829772949219e-02
2.066921710968017578e+00 1.136207580566406250e-02
2.142246007919311523e+00 1.144671440124511719e-02
1.986309051513671875e+00 1.352691650390625000e-02
1.249955177307128906e+00 1.284122467041015625e-02
1.963092088699340820e+00 1.189827919006347656e-02
1.902419805526733398e+00 1.076745986938476562e-02
2.193072557449340820e+00 1.203107833862304688e-02
2.083561420440673828e+00 1.430058479309082031e-02
1.964370965957641602e+00 1.134061813354492188e-02
2.171513319015502930e+00 1.296401023864746094e-02
2.022366046905517578e+00 1.365470886230468750e-02
1.977431058883666992e+00 1.409935951232910156e-02
2.149713277816772461e+00 1.373887062072753906e-02
2.098690032958984375e+00 1.358771324157714844e-02
1.275817871093750000e+00 1.291656494140625000e-02
1.986794471740722656e+00 1.137757301330566406e-02
2.025120496749877930e+00 1.135492324829101562e-02
2.084904909133911133e+00 1.103377342224121094e-02
1.992029666900634766e+00 1.380181312561035156e-02
2.052765846252441406e+00 1.138973236083984375e-02
2.141663789749145508e+00 1.148295402526855469e-02
2.342900276184082031e+00 1.319050788879394531e-02
2.237963438034057617e+00 1.291632652282714844e-02
2.159402370452880859e+00 1.192855834960937500e-02
2.336502790451049805e+00 1.189756393432617188e-02
1.264297723770141602e+00 1.064085960388183594e-02
1.967110157012939453e+00 1.112842559814453125e-02
2.130906343460083008e+00 1.425790786743164062e-02
2.122822761535644531e+00 1.181745529174804688e-02
2.186915874481201172e+00 1.396274566650390625e-02
2.179640293121337891e+00 1.169562339782714844e-02
2.213826417922973633e+00 1.330900192260742188e-02
2.129885196685791016e+00 1.139330863952636719e-02
2.175421237945556641e+00 1.096320152282714844e-02
2.135721445083618164e+00 1.151037216186523438e-02
2.154444217681884766e+00 1.138687133789062500e-02
1.315842866897583008e+00 1.079249382019042969e-02
2.249834775924682617e+00 1.119303703308105469e-02
2.244097232818603516e+00 1.243877410888671875e-02
1.860874414443969727e+00 1.361298561096191406e-02
2.110155820846557617e+00 1.418542861938476562e-02
2.422115325927734375e+00 1.152396202087402344e-02
1.998449087142944336e+00 1.350569725036621094e-02
2.186322689056396484e+00 1.310062408447265625e-02
2.233294963836669922e+00 1.414752006530761719e-02
2.058733701705932617e+00 1.144576072692871094e-02
2.122876167297363281e+00 1.159548759460449219e-02
1.227602958679199219e+00 1.086068153381347656e-02
2.123911619186401367e+00 1.122474670410156250e-02
2.198915481567382812e+00 1.395320892333984375e-02
2.104483842849731445e+00 1.108431816101074219e-02
2.086807966232299805e+00 1.383161544799804688e-02
1.838054656982421875e+00 1.144862174987792969e-02
2.129936933517456055e+00 1.139402389526367188e-02
2.406511783599853516e+00 1.408362388610839844e-02
2.103398323059082031e+00 1.122450828552246094e-02
2.209691047668457031e+00 1.279258728027343750e-02
2.327881336212158203e+00 1.151680946350097656e-02
1.209786891937255859e+00 1.057577133178710938e-02
2.121934413909912109e+00 1.193881034851074219e-02
2.176491022109985352e+00 1.433300971984863281e-02
2.052848100662231445e+00 1.150131225585937500e-02
2.122894525527954102e+00 1.186847686767578125e-02
2.061035871505737305e+00 1.151895523071289062e-02
2.190920829772949219e+00 1.170325279235839844e-02
2.145195484161376953e+00 1.137566566467285156e-02
2.218421220779418945e+00 1.329708099365234375e-02
2.106436729431152344e+00 1.103305816650390625e-02
2.277547836303710938e+00 1.144790649414062500e-02
1.294159650802612305e+00 1.091194152832031250e-02
1.342234134674072266e+00 1.100778579711914062e-02
2.243769884109497070e+00 1.405024528503417969e-02
2.158431053161621094e+00 1.170969009399414062e-02
2.057690620422363281e+00 1.100683212280273438e-02
2.198297262191772461e+00 1.422882080078125000e-02
2.292521476745605469e+00 1.179099082946777344e-02
2.250899076461791992e+00 1.385021209716796875e-02
2.200059413909912109e+00 1.421046257019042969e-02
2.044401645660400391e+00 1.271438598632812500e-02
2.035921573638916016e+00 1.178121566772460938e-02
2.067568063735961914e+00 1.122021675109863281e-02
1.368587017059326172e+00 1.116609573364257812e-02
2.173352718353271484e+00 1.175975799560546875e-02
2.211331129074096680e+00 1.123476028442382812e-02
2.049483060836791992e+00 1.378345489501953125e-02
1.999918222427368164e+00 1.270699501037597656e-02
2.007255315780639648e+00 1.351332664489746094e-02
1.275356054306030273e+00 1.110219955444335938e-02
1.319423675537109375e+00 1.101636886596679688e-02
1.266693353652954102e+00 1.100444793701171875e-02
1.301668405532836914e+00 1.246380805969238281e-02
1.308697938919067383e+00 1.134943962097167969e-02
1.339623689651489258e+00 1.348018646240234375e-02
1.249959468841552734e+00 1.083803176879882812e-02
1.315768241882324219e+00 1.103878021240234375e-02
1.260508537292480469e+00 1.142430305480957031e-02
1.263256788253784180e+00 1.237726211547851562e-02
1.279551506042480469e+00 1.134657859802246094e-02
1.312580347061157227e+00 1.101040840148925781e-02
1.324183702468872070e+00 1.125407218933105469e-02
1.255913734436035156e+00 1.283526420593261719e-02
1.307115793228149414e+00 1.118350028991699219e-02
1.228506326675415039e+00 1.281523704528808594e-02
1.239672422409057617e+00 1.228475570678710938e-02
1.396373271942138672e+00 1.091241836547851562e-02
1.353465318679809570e+00 1.149225234985351562e-02
1.311197757720947266e+00 1.382064819335937500e-02
1.253956317901611328e+00 1.371765136718750000e-02
1.267432928085327148e+00 1.106691360473632812e-02
1.294425725936889648e+00 1.058721542358398438e-02
1.370045900344848633e+00 1.163387298583984375e-02
1.260409355163574219e+00 1.101350784301757812e-02
1.341874361038208008e+00 1.105642318725585938e-02
1.302612066268920898e+00 1.076054573059082031e-02
1.278927087783813477e+00 1.125240325927734375e-02
1.288675308227539062e+00 1.368498802185058594e-02
1.393314361572265625e+00 1.375937461853027344e-02
1.360138177871704102e+00 1.256799697875976562e-02
1.308067560195922852e+00 1.071715354919433594e-02
1.297408342361450195e+00 1.107406616210937500e-02
1.260761499404907227e+00 1.155042648315429688e-02
1.273743152618408203e+00 1.123356819152832031e-02
1.317279338836669922e+00 7.583856582641601562e-03
1.220289945602416992e+00 1.122403144836425781e-02
1.331008911132812500e+00 8.859634399414062500e-03
1.321342706680297852e+00 1.111865043640136719e-02
1.255483627319335938e+00 7.694244384765625000e-03
1.257970571517944336e+00 9.083509445190429688e-03
1.269236803054809570e+00 7.695436477661132812e-03
1.237977981567382812e+00 9.802818298339843750e-03
1.225001811981201172e+00 1.049900054931640625e-02
1.232842206954956055e+00 8.488178253173828125e-03
1.244309425354003906e+00 7.566690444946289062e-03
1.180068731307983398e+00 9.429931640625000000e-03
1.229876995086669922e+00 9.297847747802734375e-03
1.165421009063720703e+00 7.281780242919921875e-03
9.654734134674072266e-01 7.585048675537109375e-03
1.079707384109497070e+00 7.216215133666992188e-03
1.078011989593505859e+00 6.683349609375000000e-03
1.056900501251220703e+00 7.515430450439453125e-03
9.701662063598632812e-01 6.998062133789062500e-03
9.866473674774169922e-01 6.718397140502929688e-03
9.965500831604003906e-01 6.798982620239257812e-03
9.122555255889892578e-01 6.382942199707031250e-03
8.937056064605712891e-01 7.368564605712890625e-03
9.080815315246582031e-01 6.738901138305664062e-03
8.729932308197021484e-01 7.021665573120117188e-03
8.539907932281494141e-01 7.349491119384765625e-03
8.051145076751708984e-01 6.788015365600585938e-03
7.704019546508789062e-01 6.328344345092773438e-03
