2.515904389241128275e-02
4.693677035660933500e-02
1.280920944064370057e-02
4.755292301150148594e-03
2.465602909925107555e-02
2.886625749010089323e-02
1.952464294017819055e-02
1.462404974526671821e-02
3.749156114025392009e-03
8.213023648822020267e-03
3.387369354844190373e-03
3.966626509729899788e-03
1.020487733650881634e-01
1.250800551117251143e-02
2.223759094530830885e-02
6.927811863843932015e-03
3.897772864236364460e-02
3.712258997093832724e-02
4.104656180528169773e-02
4.679217527902249790e-02
1.509830915757215397e-02
4.125036657677451889e-03
2.001333417675675574e-01
4.068297061330043013e-02
1.621542835255193049e-01
5.491067821403699048e-03
6.685025654496636049e-02
6.137743556382765225e-02
1.566492576859996808e-02
1.052972218103309480e-02
7.440309608599279464e-03
4.551662882338348287e-02
2.238735957920615777e-02
1.951315095887424383e-02
9.439875430720959248e-02
1.165800641498702245e-02
3.896577990690790715e-03
7.004461406557593167e-03
4.491933335873121019e-03
3.421342662376588000e-03
6.489346586482315840e-03
1.713358542382933600e-02
7.598356905382209862e-03
8.894701958196561675e-02
4.212968966753663502e-02
4.884278681801034611e-02
4.497605697280456644e-02
4.986843497715313239e-02
1.483882346638978715e-02
5.109157091347238389e-03
1.378699760215359171e-01
1.115416963729458089e-01
6.530933162522415715e-03
8.249286704372836565e-02
5.452477758395549157e-02
1.776974989478402253e-02
3.887642104542127219e-01
1.280675054150382658e-02
8.789378274638794813e-03
3.557099044267835602e-02
2.675132593857456470e-02
2.980854059478349818e-02
1.815539977719670892e-02
1.976108014113272734e-02
6.038425673826301222e-03
6.320200923790591542e-03
3.956469488689175716e-03
4.124028340015273297e-01
4.624415459544780477e-03
4.662483216721450066e-03
1.265327809086098411e-02
2.149561285277094488e-02
1.810858856497682065e-02
2.370066472315910180e-02
3.478548725062786257e-02
3.323677972739427083e-02
5.438739838627332929e-02
1.984300564022905417e-02
1.323546342941075288e-02
1.005710227051397759e-02
4.825784098462477384e-03
6.039209826670128428e-03
1.889765634137656192e-01
6.416560524172974095e-03
6.252356655472867536e-03
3.351191627549770374e-02
2.111200472961893837e-02
4.482093921152718180e-02
4.873711125992293176e-03
7.467110034351248649e-02
4.627962337448909315e-03
1.215274236548479110e-02
5.368516326265910382e-02
1.879059157751409095e-02
8.267473469001971817e-03
8.068550642680059198e-03
1.278043361895920584e-02
5.630811937175180665e-02
4.561133213581059637e-02
7.333781233184624715e-02
3.174178012647141944e-01
2.742156541595927241e-02
1.173399839771468584e-01
3.501370692773104337e-02
6.487606188271163865e-02
9.918761588944956242e-02
2.632328405585288716e-02
6.210433801206770299e-02
4.615501244545464760e-02
5.802545043223047982e-02
8.269196892212296590e-02
2.823312262059493941e-02
1.780695578759169950e-01
1.078530531384787050e-01
9.122163019527745886e-02
4.051470079245833578e-02
7.662739321461976838e-02
1.205104857881064521e-02
4.152715915132148411e-02
1.956266880755957172e-01
1.865256260255804821e-01
1.997876483226545818e-01
4.531871425817087656e-02
3.262250135576746368e-01
5.068071891433268555e-02
2.722195054697920322e-02
4.698486978514752888e-02
6.225592120483680603e-02
4.346750097327810314e-02
3.311807286151827179e-02
2.030138132800406170e-02
2.687194615395883945e-02
2.815776210292995213e-02
2.784713971782821346e-02
1.816898029655631130e-01
7.591079879157842589e-03
6.588052228766680396e-02
7.805224835275624551e-02
4.011918944322526159e-02
1.276318336705299650e-01
8.108545074374570727e-02
1.020841992212617177e-01
1.753176404574752212e-01
7.604410560557144094e-02
1.386044191179062190e-01
1.634533658577422832e-01
1.366800718927729807e-01
4.931665894992045551e-01
1.988479984949980128e-01
1.480080974592747622e-01
1.424378464136574762e-01
4.712126218819208678e-01
7.447216658653489640e-02
1.030520136821019700e-01
3.911289073842875164e-01
1.256851182196425387e-01
2.596551778059748572e-01
1.458961668410278523e-01
1.756634167640077626e-01
7.982045819246189056e-02
6.778063931109818974e-01
3.376604330315370328e-01
1.201545322236696606e-01
2.269870376662864175e-01
2.414687857311011709e-01
6.364267460314715352e-02
3.723121841991973435e-02
4.962210123812197393e-01
2.695985629547670293e-02
3.554610648794833544e-02
1.849688771332250875e-02
9.850606248031959153e-03
2.475402029596412631e-02
3.922018115697090829e-02
1.529270533199454385e-01
2.124873078474425955e-03
5.954618758252940014e-02
2.329179084304232594e-01
3.672191822210857381e-01
2.415484184323913319e-01
2.633623581824871135e-02
1.090241353137826573e-02
2.180573877272246330e-01
9.433087033314520309e-02
7.299147353036408714e-02
4.784963768208461143e-02
1.876050957174717759e-01
4.755467835405334520e-02
3.207535942841720222e-02
3.509468027151795844e-01
2.320043053868623903e-02
1.982962231717655052e-02
2.536500700086593424e-02
3.836021527012214993e-02
1.285127643960563004e-01
1.414669721285462534e-01
2.436859143543999504e-02
6.572141234124165288e-02
4.240427350222120140e-02
1.179815538405016712e-01
3.713451478592553201e-01
5.930946808596840834e-03
6.994060867517772062e-02
1.466711289837461032e-02
3.196399726641367678e-02
4.559485279804499636e-02
7.056120337751971283e-02
5.360553001108322307e-02
3.016745236783891296e-02
8.154139308229699928e-03
2.630072858894257765e-02
5.441869321834624795e-01
6.314766766072171800e-02
1.000966549113755100e-01
1.299710277204903786e-01
2.435048751570211278e-01
2.255825078915221771e-01
1.019243507394432258e-01
1.298195501020374398e-01
1.458716325175258843e-01
1.575765066878631049e-01
8.950520382966546673e-02
1.477056252910489628e-02
2.328685764942205194e-01
1.094305082391456296e-01
1.405352371384651355e-01
1.208021724504748373e-01
1.188339886349479707e-01
1.294847902106892046e-01
1.224422750436458956e-01
1.402862382349379655e-01
1.065081761851008474e-01
1.292645793935812970e-01
1.476891919267839248e-01
3.605846815375327585e-01
2.282090546706757872e-01
1.315211921865069578e-01
1.268118008426931120e-01
7.840157851154042068e-02
1.033909208534682100e-01
9.889114645075959553e-02
1.045110551550033906e-01
1.033884515054985243e-01
5.051148347305803310e-02
1.563012489042456543e-01
3.111932707428400335e-01
2.147963138847003572e-01
9.781687402601359216e-02
1.045056411010516495e-01
3.204812870522165680e-01
2.668262981902423947e-01
1.070401857530058759e-01
1.248930681878313714e-01
1.922345627627058129e-01
2.219908935804593697e-01
1.817320741527882477e-01
3.117085456082554495e-01
1.691811893333082240e-01
1.670627368672699398e-01
1.005222737420734397e-01
2.528629421404443023e-01
2.240060521074939137e-01
2.098581063625218068e-01
2.549699664846261093e-01
2.039318106599750380e-01
2.548942160278256930e-01
1.321837872194276398e-01
2.039697783262823527e-01
1.212471259214913527e-01
8.921551228862455163e-02
8.593111396295274873e-02
1.762952035646556948e-01
1.209452691631158761e-01
1.528729538241031527e-01
1.032077352927992242e-01
8.283608555025215314e-02
1.696048515725691597e-01
7.944313469058786326e-02
4.077315513634997557e-01
1.732853981032005941e-01
2.177418724099265956e-01
9.259833360758662479e-02
1.285476291158444972e-01
1.735636335831803878e-01
7.172883719696929172e-02
1.724278105940567629e-01
1.160319497163986441e-01
1.208705816763442076e-01
1.579316767245567132e-01
2.935450600850039726e-01
2.105040815847758484e-02
3.017649695777810046e-02
1.987121574918399719e-02
1.799079889704895963e-01
2.002633889804344633e-02
3.057835317484173393e-02
3.377739709107822202e-02
3.427531579550682772e-02
2.022001989310552583e-02
3.694805853235145349e-02
5.829733179938963172e-02
2.749435389680726996e-02
3.838265399475238732e-02
3.477909776047620471e-02
2.537769182263671097e-01
3.312223352407568655e-02
1.371385827557504086e-02
3.299073858061748327e-02
6.247360812468061297e-02
9.108684263073849735e-03
6.797447558414274060e-02
1.344156931571989233e-01
2.934615735331608244e-01
7.786635570009357854e-02
2.255127511823318553e-01
3.197610598679530569e-01
4.938256831508201772e-02
1.115809786957645405e-01
3.122023077321869206e-02
3.013576648129850238e-02
3.945920457297587974e-02
4.458873845345599773e-02
2.478750030279389810e-02
2.840046590782137337e-02
5.654729796903618447e-03
6.113341609310206023e-03
2.821283815515328586e-01
2.019420866811103693e-02
2.002858973743061946e-02
2.103031592321257665e-02
2.132854338913256834e-02
4.223242442666009788e-01
2.472908291974388120e-02
3.351792753178352013e-01
1.490029981401821690e-01
6.346830357710479820e-02
2.404650580518921665e-01
4.400451286964263131e-01
1.766568903868575291e-01
3.130481104005760490e-02
7.973324290221839999e-03
2.745863408730542937e-02
9.403084405414586372e-03
6.621872701258391634e-03
6.512536755583995737e-03
2.211663034268815040e-02
4.925027901149839869e-03
2.453499232288614343e-02
1.524570592116221979e-01
2.124281459853522361e-02
2.759041851940148907e-02
7.060304729245969746e-02
4.128235470537962824e-03
1.202221884378897182e-01
1.008955436818674001e-01
4.313206451604823834e-03
4.394637690011672648e-02
4.465746726133247579e-02
1.266596680600748023e-02
