5.534382744251290509e-01
1.700513194426228170e+00
1.906924384947988660e+00
1.122295675315719388e+00
6.411029943270323272e-01
1.034307300236914529e+00
7.657067119355565055e-01
1.080893292180560961e+00
1.208014243335791438e+00
5.630832000524471637e-01
1.080182031178076763e+00
6.774771270429770231e-01
4.393601239725281715e+00
7.272154889876747408e-01
1.019713484931858982e+00
1.237818530786341631e+00
1.543342309573498827e+00
6.434475745645641398e-01
4.631182317540155635e-01
6.629596515468270113e-01
6.832681319656723762e-01
6.777493795129850840e-01
1.341361189933928832e+00
5.000637635294064021e-01
1.451171736881051499e+00
8.416371852241609774e-01
1.454188278880785834e+00
1.208727818009645683e+00
2.891867733804922569e+00
3.804525190861877793e+00
2.855275795932382454e+00
4.740427712735042931e+00
2.636687810226488793e+00
3.045204853876996687e+00
8.671289018043808472e-01
3.847470536844550537e-01
6.004050651269563499e-01
2.393643430794988536e+00
2.209074553028047561e+00
2.854205694908952817e-01
2.915198732382692226e-01
2.842702609398301661e+00
1.968120184126950445e+00
2.214901720770531046e+00
2.990273707836912820e+00
7.980287221925277397e-01
2.065780148648956871e+00
2.373714328362612758e+00
8.229141309324712328e-01
1.271325471881134650e+00
2.279432443725890600e+00
3.930568586211032223e+00
2.285077387353529055e+00
2.648371144440875735e+00
5.904895387666370121e-01
6.100307190950229330e-01
8.306433050239894200e-01
8.788399268717035362e-01
1.257591827577566601e+00
5.126543809194341605e-01
5.881632858821554066e+00
3.306786939040213258e-01
2.143546402449683086e+00
1.070453551002784387e+00
1.028755865318371931e+00
6.202569947585621080e+00
2.597326684748869408e+00
6.410494263720110109e-01
1.486913872716625784e+00
1.605489664327008237e+00
1.945629054295106464e+00
2.104824455258276661e+00
1.790608679179172569e+01
1.540290573293323417e+00
6.250168768339451342e-01
9.298187927274612630e-01
1.489620151843186058e+01
1.676744421627920145e+00
9.340363512847701388e-01
3.091032861893965755e+00
1.247015258350376499e+01
5.794168596824234463e+00
4.159522683344911265e+00
6.037220904531195309e+00
3.348187609664405873e+00
2.882578922821403822e+00
3.282065657754440924e+00
2.941888541242760002e+00
3.471576541341194311e+00
6.948861628015370329e-01
3.149589598882200914e+00
3.389459708108257363e+00
7.019438314364488285e+00
4.602076534018422649e+00
2.440661771115434142e+00
3.724183802471435101e+00
2.288313332947531364e+00
5.252133780469086410e+00
3.346268346462279553e+00
3.769645427538752980e+00
5.384566283489096161e-01
3.859947112819573256e+00
3.061343604000924756e+00
4.204673794715518831e+00
4.266751877552440675e+00
3.549175022512088606e+00
1.912272605000927550e+00
2.820044210504641047e+00
4.000743509936168785e+00
3.863110398542212387e+00
4.053013811657137033e+00
1.102225650405086022e+00
5.921453002419168055e-01
2.662475185087916252e+00
2.981685225703321507e+00
4.081218751900962616e+00
2.988173041031073840e+00
4.207027739159532764e+00
6.026929991398949582e+00
3.668951928901740711e+00
3.295944488778033588e+00
5.012231283061921339e+00
7.789634789470895271e+00
9.973818316411395823e-01
3.381422836275478350e+00
2.686045801908401920e+00
3.261571631063194587e+00
6.338363047709744791e+00
4.818600096983749026e+00
5.249397680441354019e+00
4.091782807876889194e+00
3.512527564691347859e+00
3.810343245930118528e+00
3.148749218712505460e+00
9.432209134245196358e-01
2.831258572000687312e+00
2.600714449742579593e+00
8.784759428681858662e-01
5.926414874089093177e-01
4.719917363701810586e+00
3.946987664009755203e+00
3.657026294785257203e+00
2.877366941839055503e+00
1.718979478569985986e+01
3.282228731382383469e+00
9.902630516248474013e-01
4.269440635389131877e+00
3.153258304787320832e+00
3.527590199458248144e+00
1.659902647319231095e+00
2.694973640991303210e+00
3.249824507657035344e+00
1.288760581598839439e+00
3.494311202281472184e+00
2.060689644567313739e+00
4.739364203367710360e+00
1.239985669530017320e+00
6.407742838186387679e-01
3.684202733855057588e+00
5.613302442090377653e+00
4.504162368268413985e+00
9.348153955354248090e-01
2.952121650584236701e+00
4.404488664182419022e+00
5.662608858623939589e+00
4.850060776648196459e+00
5.352350796672969757e+00
8.086859207786594173e-01
2.727033732971882340e+00
3.385473261245711463e+00
3.421119116741479615e+00
5.857063577137135546e+00
7.118161927812230338e+00
4.988068049750054023e+00
2.430547727197392316e+00
3.183332639456892377e+00
3.092741147620446718e+00
3.844540313827574440e+00
7.837767698576508790e-01
4.181582167486995516e+00
2.186871243558987388e+01
5.674854420458556703e+00
2.956186423689742604e+00
1.231154745674962525e+00
4.497017239735353833e+00
1.009351361029421357e+00
5.877717294196879827e+00
5.118286124021504513e+00
3.389231834583758207e+00
8.728828742257963569e-01
3.030459403464127011e+00
1.594251615680742917e+00
6.483966278062914812e-01
2.992610668259810147e+00
1.398857304499091958e+00
2.176818346341455879e+00
1.379558161975370734e+00
4.200486463279973215e+00
2.904353809452745239e+00
2.627480014007502085e+00
8.765972181077230641e-01
1.389593094719265842e+00
3.272013820023995212e+00
2.649835682481407773e+00
4.237877172841539419e+00
3.099061189473101940e+00
4.801444346176970690e+00
4.431753735047474052e+00
1.569115355622419328e+00
2.693609435020798859e+00
4.051489954961137840e+00
5.452439558966724054e-01
2.316505270755606638e+00
3.459290982717848628e+00
3.231577788128812578e+00
2.729915926002450366e+00
2.827752396229624487e+00
3.638183780611991658e+00
2.224414794889213898e+00
2.684512831579263459e+00
4.145124656372654925e+00
5.587298950713487145e+00
1.000103621207767191e+00
1.135896835138799466e+00
3.461147299041947623e+00
4.435857859247134272e+00
3.182922614250899063e+00
4.496780168892168028e+00
3.953378839649119403e+00
2.774246849907760382e+00
3.712820093753646411e+00
3.731556608238478567e+00
3.074981686547376025e+00
3.656326083922139425e+00
4.972204928642018351e-01
3.162506086667873362e+00
2.678476621893211895e+00
2.277073840973822261e+00
3.774569586768965035e+00
3.874065764923292576e+00
8.958483502377230678e+00
5.285595134842666631e+00
2.963093451272578616e+00
4.784443769283355685e+00
4.389089365659433639e+00
4.662031054222514626e-01
2.843198444312016182e+00
2.316167170662627672e+00
1.503943521991309540e+00
3.538048366710221604e+00
3.960889763112327433e+00
5.893171522443469534e+00
1.352696769337172089e+00
4.519921840749852038e+00
3.789218533014792278e+00
9.334192343410587789e-01
1.492352202042098730e+00
9.302364532201313763e-01
1.439622823290273024e+00
1.637536460890910650e+00
1.348669796934985010e+00
1.736334906481080909e+00
2.171067341027183240e+00
3.590640268425092096e-01
1.135554928190328106e+00
6.707774177324569154e-01
4.028728965872164225e-01
8.988401564373856845e-01
8.382116074683804152e-01
2.082093471918974981e+00
1.961152867955627155e+00
1.869912568337454006e+00
7.625306041821623415e-01
1.386505667266038300e+00
1.372407251371908998e+00
7.206262790591874134e-01
1.235058586573106298e+00
1.087720596387836469e+00
6.763415442259157473e-01
1.711229512744445014e+00
5.158283313576123019e-01
1.112739395869125181e+00
1.006573387642865303e+00
1.426362625483375446e+00
1.298584719436111090e+00
1.709339561095059912e+00
1.291824804287278416e+00
2.319893757508136201e+00
6.798220843468729679e-01
1.418650871884558740e+00
1.044212998139104176e+00
3.427811857758336078e+00
8.292483748886749773e-01
1.256984064060692852e+00
7.486608170530165696e-01
1.215746222999494863e+00
3.348160145000309562e+00
9.368423571304388409e-01
1.012793873573351711e+00
1.529789286361676215e+00
1.867159606382775561e+00
1.344790277018380387e+01
9.505084758061930206e-01
7.627925562969756212e-01
1.798886750487325159e+00
3.274349623151944666e+00
2.347595573886307463e+00
2.548799166180005127e+00
1.615688814509677940e+00
7.387036786736187466e-01
1.138744445389356263e+00
6.789852840722192528e-01
1.357391039752049888e+00
1.107016903924669782e+00
1.001614461795492073e+00
9.244177521320073865e-01
7.290858088362349720e-01
2.191563653284324342e+00
1.773067550000054338e+00
1.251609823855990067e+00
1.198132698807641061e+00
1.639150857953655116e+00
1.127153383387778929e+00
9.284906232480366617e-01
1.085626784979516035e+00
7.588733950368612424e-01
9.983514824973087620e-01
1.335723163688166792e+00
1.632337796622230552e+00
1.316638152395489314e+00
8.453145681658192911e-01
1.811178007208158913e+00
1.692760726559508822e+00
1.575922674386981415e+00
5.226206931080786822e-01
2.004303247925604659e+00
9.937487799174002934e-01
6.284783800581591473e-01
6.714583227057052683e-01
1.528368092991961191e+00
1.570050244837925213e+00
4.851901828098766911e-01
1.188789407070768522e+00
2.028083530200119444e+00
9.639931711686834381e-01
3.588546688872491508e-01
1.198283025072913288e+00
1.251929075079379228e+00
9.345652435692813897e-01
1.252863690758708515e+00
5.979484400213580519e-01
7.474046971379026960e-01
6.750855720104386171e-01
8.154319670293991296e-01
6.185903769672650432e-01
7.248126173701721076e-01
6.094261029088172688e-01
1.323745864714224840e+00
1.502057259266382783e+00
2.410725995390311738e+00
5.687509639939876127e-01
3.963320407135689227e-01
6.545619475040912461e-01
1.131339747926477068e+00
1.134706518667267128e+00
6.463958350079291870e-01
1.921285089686720848e+00
8.542153887237309284e-01
1.072334176094619229e+00
1.265177893722759350e+00
9.553759949459711409e-01
2.426261443991725442e-01
9.335463391182959869e-01
4.940453221308585552e-01
1.322574429790204453e+00
1.367874184599167542e+00
1.277987167940613844e+00
7.712612840834975891e-01
8.069616246195713272e-01
5.668024086180702970e-01
6.038633457748464606e-01
1.336572551402992248e+00
4.597450315213109207e+00
6.478195121242386056e-01
1.295785503025765228e+00
1.441993172354146369e+00
6.369303680997541184e-01
9.575571311609402114e-01
1.823285444348969220e+00
1.031133563650543650e+00
9.133059525198319317e-01
6.991582410958963045e-01
7.339308148397349907e-01
4.284342662096642940e-01
5.432160309415399180e-01
9.622094934222447105e-01
6.452780315011188428e-01
2.614724441101436092e+00
1.473472121462162221e+00
8.786236338243681443e-01
2.566941143743673437e-01
7.275649936941482876e-01
8.037879644021124204e-01
5.726336653611127092e-01
7.485021363293941077e-01
6.865093212068097417e-01
9.354876955165587482e-01
6.383707201425991018e-01
6.225728585293490713e-01
5.910644852901761892e-01
2.068194101800203466e+00
5.475656897033127635e-01
4.090684529219058563e-01
1.104744396565960018e+00
