1.400152822011732390e+01
4.249686401123202728e+00
2.696485744162302023e+00
9.750711639832814193e-01
6.377778864700440309e+00
2.672139897314167456e+00
1.918062174867158021e+00
6.504586048612227778e+00
7.348631928497781907e-01
4.451529008627189476e+00
1.770103543278950253e+00
1.828614668933691956e+00
2.704459559789810785e-01
1.998716943807100632e+00
2.485914381448879773e+00
2.269880125269088111e+00
4.073891999073226411e-01
2.977544803051554112e+00
4.756208779003310738e+00
4.067174884068710305e+00
3.170758612174786162e+00
6.563357219340819615e-01
4.262835975529821297e+00
3.370500196212427468e+00
3.272311236969607240e+00
1.989724635680742315e+00
3.679673082074707002e-01
4.209989201183391150e-01
4.583655724638136419e+00
2.280276715292235856e+00
1.488334635239200621e+00
9.908974266070060821e+00
2.119498025081221204e+00
1.935663577835645688e+00
1.059050547175070633e+01
5.603338559950044484e+00
7.632197401816558369e-01
3.918104417221440983e+00
2.145307129617768815e+00
1.399494899544730053e+00
1.031293720584450346e+00
3.312442770051560625e+00
2.156914695530890658e+00
6.742723441920449590e-01
3.261567320870081499e+00
4.256396418520894009e+00
4.218242474901126471e+00
3.453511960687255744e+00
3.057245945801329245e+00
8.991983581313380824e-01
2.949997930300356064e+00
2.229016988869353177e+00
1.816330698186826798e+00
1.762197513919457059e-01
2.019253255798211244e-01
2.929481405453536524e+00
2.002431251271954693e+01
1.951361667017343704e+00
2.392441572626725410e+00
6.170768231403194193e+00
2.139164754299072158e+00
2.582615834865095383e+00
4.093983376633900662e+00
6.557159800080882839e+00
1.318615707457384545e+00
2.740882971831750226e+00
1.356499840519426625e+00
2.222236427292709493e+01
1.462949521171924339e+00
1.237497625073951557e+00
2.617250127063313503e+00
2.815669059643978400e+00
3.605927733663235824e+00
2.637482517214241318e-01
2.303926871810974220e+00
1.904455525063377896e+00
3.794922240499554622e+00
2.845511445542752593e+00
4.511285966703434624e+00
3.794804237889682241e+00
8.946907123570222442e-01
2.027183236285193590e+00
2.085462837266399472e+00
1.126743510225115985e+00
1.850738579591900690e+00
4.249211777859311034e+00
8.656788174602075836e-01
4.960618534472185814e+00
1.652940007986098303e+00
1.018953631559189255e+01
9.953086878258085024e-01
4.054117108685749038e+00
4.316101304733480859e+00
4.881879334112197100e+00
3.539034473257049118e+00
2.659531130499844132e+00
2.395922754212084005e+00
4.386335043561468083e+00
1.408033759973122745e+00
3.191213068951664233e+00
7.456088879653512969e-01
1.154628657344579645e+00
3.064665050257278978e+00
8.193199072855552600e-01
3.979355104936316945e+00
1.232611032869903145e+00
8.820957533679888440e-01
3.251331125870541516e+00
2.047870849461576270e+00
3.382223214443802028e+00
1.276912091328632926e+00
8.306731242234649315e+00
1.338529855089252818e+00
7.397050163418155133e-01
4.640550579306006007e+00
1.847414802616594187e+00
3.712144310568293193e+00
2.803486090640280981e+00
3.549852110447643927e+00
2.274261310294711791e+00
1.006048683123896836e+01
4.828579400399265253e+00
1.254662759253231030e+01
9.949785552643993780e-01
2.475465882795437889e+00
2.047323359984045155e+01
1.876702798563875563e+00
1.341119084325317568e+00
1.510283203289869203e+00
5.076612722669075595e+00
3.785888982511456113e+00
8.421606193698473186e-01
9.529209010823997961e-01
2.321679866367825973e+00
5.487603998139158890e-01
1.038334076480006862e+00
3.235055277451797107e+00
3.530137450727090176e+00
3.190328916330488429e+00
2.568086998104674556e+00
8.969869303884928646e-01
2.459446244846996255e+00
1.701567138695489367e+00
1.426081565228076498e+00
1.070923101841526393e+00
8.680878010218119334e-01
1.478709676068329593e+00
4.474501891745050308e+00
2.203850175725906801e+00
1.911228075190436471e+00
9.440278917793651914e-01
3.367051703876351443e+00
1.182971950193673072e+00
1.108287268692655925e+00
5.418806846733152938e+00
1.421967808403254097e+00
1.147665200263298768e+00
2.481872860791930258e+00
2.286160827810058471e+00
6.564576682393487017e-01
7.412358654450043716e+00
6.479902294012545028e+00
1.406485115892820215e+00
2.339380203499410449e+00
4.299546766654723129e+00
7.570606231493828275e+00
1.339824842931746751e+01
2.686212856843658514e+00
3.364197107947425103e+00
8.544470116481788224e+00
4.976892552611463572e+00
2.922208353700960437e+00
9.277193813315514959e+00
4.602219948813220718e+00
3.110545010821214706e+00
3.163945765829707657e-01
6.276239235678727546e+00
2.504772601826329659e+00
1.150946397452496939e+00
3.367604630703141533e-01
1.605926643543268639e+00
3.933906300562002301e+00
4.344315422539138716e+00
1.412690934986903235e+00
2.178789452195940779e+00
1.334643718488704334e+00
2.994194744514817597e+00
1.125742081584539811e+00
6.915640590056510995e-01
1.308413471188812238e+00
8.684432826497030522e-01
7.314353056220905813e-01
3.469293801422923096e+00
8.279901579094005371e+00
4.665755404625633318e+00
4.056769528787381951e+00
1.381593299871978875e+00
4.089602390074387195e+00
9.867882665149741994e-01
2.570111657759647006e+00
1.311176656930818751e+00
8.753962291563410769e-01
2.418339018994682732e+00
6.009782333048059311e-01
3.696644991315636841e-01
1.429719746233143685e+00
2.307263643261245445e+00
6.147288576923409131e+00
2.991438875568190880e+00
2.092760353739156809e+00
3.237818165483406396e+00
1.845725494127016475e+00
3.766168737790874577e+00
4.957767287742227857e+00
8.590140710438358695e+00
1.160072554887289220e+00
2.583902199242507525e+00
6.430822469544161812e-01
8.613708922956705427e-01
8.665437838046803343e-01
9.331250085674271944e-01
6.301672256336123823e-01
4.344129481873604703e+00
1.477368522922212435e+00
7.564083019903696803e-01
1.104807882778670702e+00
9.549094792577415003e-01
7.073896813618049118e-01
8.148807276521787823e-01
7.834769657965923173e-01
8.632481337676536359e-01
6.950497819923072695e-01
8.196809500845567698e-01
1.241658649779559198e+00
1.811891438935052667e+00
1.572307492680637298e+00
9.969448132864416889e-01
1.261105215038025529e+00
5.585374559215919854e-01
9.409033884704524064e-01
7.940456346657863707e-01
8.109386828248997814e-01
5.692216814800362679e-01
3.823476441965817929e-01
1.366355262737973808e+00
1.806973732983000902e+00
1.809665595271611416e+00
7.894542412470598736e-01
9.422964417764996270e-01
2.313412868764496810e+00
2.267533609209738898e+00
7.477601608281808643e-01
1.079708724142345977e+00
1.525508837649675931e+00
1.293910233059402781e+00
1.458631645632261442e+00
2.110264522438402235e+00
1.289900944789969639e+00
1.241233774492366049e+00
8.754329862081067226e-01
2.050474785013609136e+00
1.574183975546705971e+00
1.810464183570944741e+00
1.580535965885096150e+00
2.147026987228371375e+00
2.295769321725290801e+00
9.679363534226886889e-01
1.586537307984915879e+00
1.204514816997104720e+00
8.278718907950937123e-01
7.525063359861454693e-01
1.310131722784684705e+00
8.771869124895281811e-01
1.144764373742082286e+00
7.240537066192462845e-01
5.887141328070885082e-01
1.344005262139174040e+00
5.903975894780782996e-01
1.727377652166530719e+00
6.287076130448338018e-01
1.167169863272863539e+00
9.306871718113070013e-01
1.073199636191499717e+00
1.196350300023788282e+00
6.327057127154576133e-01
1.130584095214818952e+00
9.430504505473481514e-01
1.002124742930192935e+00
1.393938965526174023e+00
4.343615188270961269e+00
3.394992186178735327e+00
2.565134615326268186e+00
4.266089163804860362e+00
1.495398141840228456e+00
4.415805580820586052e+00
2.551485146978826446e+00
2.788370178022919532e+00
2.870513473709602081e+00
4.465613519979542367e+00
5.398525751061828970e+00
4.764784374231900266e+00
4.045541801920259140e+00
5.467259179663393809e+00
2.900634473068257169e+00
6.044324373230479663e-01
2.762175202542458852e+00
1.557660790448528898e+00
2.738020788246498860e+00
6.794436557558805045e-01
4.808891919745574284e-01
2.623038577099033652e+00
5.710471079408499406e+00
1.313282918010997591e+01
3.389806214094462700e+00
9.096515730629423091e-01
1.073050982184156954e+00
8.034822766876031253e+00
1.009489641798217896e+01
3.617203070531031628e+00
2.861303665953040198e+00
2.666072002143688113e+00
3.249084519068866417e+00
6.429277034386747580e+00
1.273693155212142614e+01
1.276342792451113928e+00
1.087543153198824442e+00
5.858249399327178919e-01
1.588579614402026552e+00
3.068786596274760692e-01
3.869562062481941012e-01
3.923603381598995132e-01
2.762731358255155456e+01
2.077050708004624102e+00
1.936463210678806890e+00
3.806748738766264406e+00
1.258348756901420229e+00
4.063807002649025613e+00
2.225948120013958142e+00
2.805156409619736113e+00
3.143617360373238245e+00
4.383504021107701654e+00
4.724319788070100223e+00
1.491714045843102854e+00
2.022042748467174800e+00
1.911203738519988704e+00
2.503422441524692399e+00
1.751792536604134920e+00
3.204704589615290922e-01
1.162198667805483865e+00
2.414096245686719655e+00
4.464422699102784442e+00
8.663223287078398727e+00
6.568404588953821177e-01
3.583236926628596386e+00
2.930749843328494197e+00
1.713356162210925238e+00
3.165335838533940849e-01
3.903178585006165657e-01
3.896592615583148955e+00
