id,0,1,2,3,4,5,6,7,8,9,10,11,12
W1,35036.99880979615,35386.420697134025,35060.562142976065,35060.28038808523,35131.47666392536,35226.6830342036,35170.502989850014,35175.23258045943,35243.60872718011,35339.118973751574,35282.75961593889,35287.50430228688,35356.09868955008
W10,5138.715946659439,5147.726384460081,5158.306356727548,5167.350602560045,5176.410455761697,5183.923899543015,5193.012351642222,5202.116486171005,5212.806472951027,5221.944761404984,5231.098816901583,5238.690381783763,5247.87332875174
W100,11539.143862854982,11521.310515258545,11584.098162924729,11583.486656004048,11593.533337033616,11532.574895179834,11525.975519380856,11542.037675768863,11658.276800118247,11682.577783384997,11646.234113239116,11591.599702799786,11558.72280194439
W101,9895.676927140525,9909.59894972733,9874.123103814705,9808.082901139685,9893.880825487908,9958.756231539099,9924.575835151587,9896.198437796415,9936.180395119449,9945.893098232282,9947.210130722448,9917.381272577693,9922.501979913863
W102,16191.128605999178,16138.735337005366,16142.372558948522,16194.382425763419,16164.556379892072,16177.897898349876,16214.91730687471,16192.48359068096,16219.18117735765,16239.968538401597,16222.339038399188,16258.662434128813,16253.73236888462
W103,4162.472438238141,4185.04297658536,4172.48124891334,4192.304508701624,4173.145801286493,4203.3388240830345,4177.220482361956,4215.6707110476955,4180.369737766931,4225.53015286676,4211.678594413632,4245.9752522250055,4213.6379411857515
W104,1016.0295425258663,1017.3656163644965,1020.0341133783477,1015.4421455328206,1019.1170039595961,1013.5380983755986,1017.8658900418436,1011.8334829560602,1016.3619637466646,1010.3864275922866,1014.9047730902536,1008.9414416962619,1013.45332540262
W105,9184.36488564586,9186.378799799322,9193.666759883912,9199.281559534671,9204.91333814008,9210.548564486584,9216.18724068487,9221.829368846875,9227.47495108589,9233.123989516447,9238.776486254383,9244.432443416868,9250.091863122343
W106,2158.462509567176,2162.8151614189987,2164.6713812026105,2162.9410919391657,2156.728602006964,2160.6291076197563,2164.496123007567,2167.0575721611194,2165.7775578847786,2157.418712565442,2158.290236947919,2166.2506132020694,2169.5159384658073
W107,24043.940158103807,24033.011246375718,24050.793399840633,24052.231389418015,24071.352046214182,24085.450131123514,24097.1904522681,24109.218436285857,24121.25105902787,24133.28832175676,24145.33022573551,24157.376772227097,24169.427962494767
W108,15939.722534098688,16013.518757723466,16023.234303190955,16035.977021741732,16046.928399157026,16058.2714991068,16062.14778092167,16075.54865359203,16084.42914384283,16095.618739754455,16099.50311584305,16112.931970063824,16121.831001815903
W109,14167.714790574984,14228.621956331051,14236.616082654555,14244.614190965094,14252.616282992578,14260.622360467387,14268.632425120584,14276.646478683908,14284.664522889701,14292.686559470892,14300.71259016118,14308.742616694848,14316.776640806784
W11,317.1742732963414,299.62889290284767,295.18570573912933,299.12910566972283,313.9842729329796,326.25911595767326,308.2273761645065,302.22631421764373,309.5379514881376,316.9107561194144,300.86209172322856,298.48909584566115,315.9220368084673
W110,7359.275089908567,7371.301173958063,7373.642835291741,7378.487957543236,7384.158213388665,7388.240415886189,7392.667039607622,7397.096315500547,7401.528245154013,7405.962830157953,7410.400072103296,7414.839972581918,7419.282533186656
W111,1064.46710795267,1063.2943590919617,1062.0430931133258,1060.748179288505,1059.5047815639948,1058.2628413283835,1057.0223568732365,1055.7833264921285,1054.5457484806268,1053.3096211362995,1052.074942758713,1050.8417116494202,1049.6099261119696
W112,9633.132539561024,9568.33441549023,9548.698084382697,9652.19873077571,9675.062069198379,9570.95416237325,9625.468088551412,9664.237721278047,9644.97879546226,9644.72583553691,9685.699522120665,9646.093566252772,9647.451866523988
W113,714.7969438827489,730.4298731820436,727.0030983664886,709.083391947763,707.5759350598776,727.2976927102818,719.0651655395353,703.3618845068086,711.7659817771366,722.7898617536342,709.8539321209702,693.0374756955122,699.2543000627621
W114,10718.712014929388,10669.656734135475,10680.349121308089,10584.55235616084,10709.276834552802,10651.563060715465,10666.120313225829,10581.613385459537,10662.702936136237,10715.351618146024,10606.418468347147,10695.39158331215,10658.402082056153
W115,11442.966202298267,11510.107765722147,11481.983732563576,11491.068314438158,11446.362692826924,11405.307921816318,11450.377223549813,11428.070202965719,11437.609233406858,11433.650180696834,11496.197439966592,11533.305697907086,11516.184090050634
W116,14822.473321690655,15120.995911668833,14741.835885865348,14829.800460197634,15132.297331284617,15267.583236215289,15049.106832934536,14759.232706100798,15351.467936238021,15521.394142308867,15573.718279039875,15429.633748598724,15026.040646370231
W117,7122.665181667,7134.253734422542,7163.31227359769,7166.997928466373,7180.848126473259,7206.117026434115,7208.324293846576,7229.519156156296,7243.887994731125,7227.528702677857,7276.065635179354,7265.840660174143,7238.744133808157
W118,1742.7818656420045,1747.926470295198,1750.2677518529867,1738.696358960804,1738.9042834956285,1752.0907813396307,1752.965577771329,1745.9094129695081,1738.4390458378934,1750.3496389999623,1753.4670971615176,1752.9378865631677,1741.2204500828846
W119,999.3655130169453,972.2110257613718,978.8214195962488,992.1987564919425,950.7301696223356,991.2800315813761,975.8721261100216,937.2988878140711,982.3533379596017,966.7821979063449,923.940480946777,978.7898163346043,958.5244217460638
W12,1028.982206249748,1028.937237174411,1028.8922690624822,1028.8473019139587,1028.8023357288466,1028.7573705071425,1028.7124062488492,1028.6674429539662,1028.6224806224964,1028.577519254439,1028.5325588497954,1028.4875994085667,1028.4426409307532
W120,881.509594990425,863.024389299206,881.3315101768474,844.3611278211865,873.1752244610414,851.5452214498987,833.4439878588794,864.9811357155521,833.3404708487468,832.1490355913908,869.7329560938074,822.8246591814433,840.6788209766783
W121,10515.349258936405,10506.741483008034,10466.798405959842,10418.6676151097,10445.774247512994,10552.82524321549,10530.041354447889,10491.02691782266,10418.239769280359,10475.419047529631,10589.848314436333,10560.847687604668,10517.98651495556
W122,374.82636070261407,389.9890267686016,389.52500613428253,371.9330456158772,353.8919599222985,371.673639099623,374.73031404759786,372.6607565751304,371.9847793385873,369.17695017355186,372.7964728279056,369.0301763159365,374.35244377383435
W123,488.7922566253026,502.37835564062453,496.94623082417905,472.50267130020205,471.43301406432005,501.06706656985193,499.91015330828833,488.21550420462216,464.81015936339435,483.7876115593544,489.0336232118361,482.55839361353003,487.26225722267446
W124,8508.645284822065,8485.679014729136,8557.878787824278,8497.934242539855,8525.74370536166,8518.412562121124,8619.681316582739,8571.402161678167,8584.879417336864,8587.071988484207,8576.830701804673,8575.354698596708,8581.871480569987
W125,10953.39112996295,11006.57955455837,11074.063046841304,11080.948567760826,11059.58306848893,11056.82071740538,11048.246342068947,11096.466616916681,11169.512486228881,11021.759782349483,10996.219793400467,11067.38135086936,11066.864325831308
W126,9632.651665820395,9622.584808332205,9568.56694341421,9564.310241152802,9602.683029170446,9648.476711034318,9621.647280015375,9586.667284205094,9564.90825999315,9650.871821910476,9702.212677081905,9673.62444875774,9622.534756496678
W127,11258.405596807164,11262.109857832156,11434.900264934104,11454.90685905944,11416.607270350352,11563.814373319421,11588.273447833735,11569.628386116643,11526.342401944445,11526.909339989163,11558.27036260676,11529.517842685544,11520.348008582774
W128,3692.1263797449637,3695.529399237291,3694.46842625549,3635.798456643136,3646.1551863845752,3676.746134394311,3622.120410087739,3626.5316499327128,3658.31723413833,3652.3355448817833,3624.176593773044,3601.0609328504625,3587.3219713294843
W129,996.7846191386025,999.397975548618,1000.8227318315411,998.0183779184953,999.6060546860859,996.8488784476476,998.2708579732786,995.2018791897988,998.0627864649092,993.0826895320542,996.6900324808643,991.9311400208607,995.5692406733413
W13,2654.6833320013993,2661.9963082264844,2646.7633907789,2618.191055769991,2573.8034961446224,2601.174748556733,2663.7835846239796,2653.699935640985,2650.6356247952253,2669.418576874445,2716.5628433106176,2677.9549112574687,2564.846894648832
W130,8182.715501795628,8186.010421287186,8190.711933822323,8196.5884273424,8201.116738174835,8205.070987315445,8209.603984419417,8214.716686453563,8219.25501241641,8223.218007052248,8227.761029651088,8232.885039296183,8237.433402539506
W131,2157.5973189595434,2161.388298619399,2163.146287311163,2163.7166412175484,2156.713508861701,2153.143231232451,2163.382922075505,2165.985170112183,2166.2837251334913,2159.7633155932726,2155.8725073547484,2165.6060895040478,2168.5077480796085
W132,22738.99228321473,22785.561005218322,22814.471873650986,22823.09803451867,22843.914670718732,22865.957303916603,22866.65468652245,22847.555012297755,22862.56359070528,22853.508926012586,22895.43774237195,22906.27354667204,22934.462247366886
W133,13903.665195106189,13933.06692873776,13953.245119432913,13992.650849127784,13977.39110137482,13965.28553435506,13964.26864561761,14009.060630350588,14027.16417944869,14004.107432942135,13987.882505110441,13949.967709477096,13977.127215545632
W134,12170.150373134498,12206.320380977559,12142.13898600722,12096.003997926335,12172.844762106313,12187.644822597227,12188.663939456208,12116.72387622518,12161.98845758494,12242.531911164346,12247.557006023875,12209.04038937551,12172.458573957023
W135,6256.099666101927,6272.890511739406,6285.55302143082,6299.450465760418,6318.946403378703,6309.7829537321495,6328.581523832652,6309.108076361576,6328.732037142068,6327.2352650712355,6357.320069267403,6372.083257871744,6361.284341884246
W136,6501.10092405428,6449.772151773108,6513.407440555591,6487.872966146632,6566.526349436901,6498.366214955542,6533.113271031294,6539.60702914028,6591.639295142689,6597.865029211076,6577.660208679426,6571.572195835571,6636.708252058951
W137,7106.069212959483,7106.788972181241,7135.784791106425,7141.430815132015,7144.677953165313,7152.264051964844,7155.955696429138,7150.747893195006,7154.501128651749,7169.779398056891,7171.416338468906,7149.117532139151,7183.8156835023065
W138,357.45005060689414,355.403809929442,324.4416355525017,339.04572602799,339.82852507634396,347.24841590990525,339.10716152890967,326.8618685540724,333.92530813003634,341.68919875845904,345.45228716698483,325.24015330572894,327.08685236763495
W139,7975.505876313637,7934.569093083407,8059.858328133449,7936.620391843658,8041.618229210703,7956.441032248267,7996.298000649636,7952.424136731458,8016.317217200742,8021.342048582988,7976.907995005609,7992.521808086817,7996.248256370774
W14,2586.9686149986615,2517.456093093778,2494.8636546473513,2550.5150401743686,2477.989926798619,2508.3469759938052,2550.0704641010598,2532.033528740937,2508.1044435115896,2550.9623420931657,2497.260680062285,2534.900564564144,2525.8432157007783
W140,8469.274308232647,8369.927342558698,8388.549961989283,8408.351949413356,8376.572719823578,8367.819530972809,8431.567273400271,8303.250200354772,8460.604506089434,8352.282144723064,8423.299241677048,8303.690827618759,8429.93205234909
W141,11227.098995322922,11101.163850169967,10973.481460854307,11286.557171699982,11300.053640146622,11344.26239682777,11303.068638822324,11230.474710759785,11446.079933716064,11171.416716402104,11329.695102958263,11314.016161110942,11269.578352472221
W142,5447.347606314622,5459.43113071485,5467.060530182692,5465.588722621805,5472.752775712459,5484.325089998822,5482.092445071219,5478.557061650411,5490.308778734112,5500.342543545742,5502.233402329793,5507.858546715492,5517.618552362912
W143,11331.88280919532,11338.19133450366,11339.883419136053,11338.329489896652,11343.99009662788,11352.134644971666,11349.720306560981,11356.884899989665,11362.403477516667,11366.547357759902,11372.03256760807,11380.110659013852,11380.288146379999
W144,1022.3214874540527,1024.731436583754,1012.7482051395606,1014.5962169561499,1005.7231116900016,1013.5847321101724,995.7667029749502,1017.0638217323914,981.4461173900843,1028.5634611074363,992.2603451077723,1024.2413700372017,985.2771556114863
W145,8912.081172734688,8846.911724436764,8633.110511384748,9005.587055240328,8785.320888944338,8625.955872856515,8895.89484129799,8928.393801437893,8670.719463939946,8928.849486363304,8953.813694385035,8652.066079359069,9114.14856479685
W146,6789.293757707577,6792.668479539963,6749.124792310957,6735.589104880559,6794.784127635119,6826.824049494863,6801.757989185036,6760.2141952842585,6764.275843090288,6821.1794263728,6837.5387255602445,6806.732634020488,6741.100957775677
W147,108.38247813377563,108.94708851191807,104.93671971755194,118.33985432212158,106.82002151169246,103.29124911131197,118.1307014143566,108.86940269132903,102.47862457058415,107.31811129066828,108.9355043742218,105.95956681013146,112.06457604882098
W148,222.2971047926284,219.74590457452328,220.5418280382048,215.30910801390996,211.6937032325028,215.84384669130853,213.068909841922,213.1960722268691,193.09659280850676,204.30091284135472,240.71388721771632,214.151535863623,194.87801441506076
W149,4445.358793569935,4378.4631709535115,4413.595566386449,4400.117109805366,4496.580864030312,4458.705205356898,4466.997785444047,4452.963680086621,4446.389834076783,4451.596845384526,4445.471061593719,4442.028839884734,4449.525698165228
W15,6161.486246350441,6600.789645131511,6395.790630070023,6293.178883578066,6424.245082378588,6485.6935349284395,6194.583870831216,6628.416204209954,6773.435248878192,6446.877566507512,6594.94063187384,6412.33940336889,6590.744244112769
W150,8124.227803924504,8173.9182535994105,8228.7538606062,8172.6663799108455,8162.605180630291,8197.250129018397,8221.953643838711,8267.017574306241,8157.454504381283,8152.306324296676,8222.84188701755,8235.971886304489,8279.017737764843
W151,6368.393300663752,6341.054783852483,6270.037840718698,6304.981137191649,6383.947590961616,6353.052245284973,6285.032052016592,6316.818825506913,6394.079799716042,6367.34710387151,6298.479757022916,6328.872311519042,6407.342544314807
W152,8716.44584632838,8725.647253050181,8726.764377456195,8753.174716624104,8762.147258382436,8794.521096931438,8785.319626751958,8782.473586882103,8813.607701571313,8804.265651992559,8799.658503649993,8827.963126568147,8821.604510584964
W153,3021.946062302638,3040.09341903982,2963.624123237765,2996.810524896513,3015.753250362821,3010.240762081505,2946.0304552311236,2851.9618275737557,2956.647757547049,2919.014836784728,3044.8206526671456,3024.817661489834,3082.3738422247866
W154,8636.20512659855,8597.68153733553,8609.56003718755,8620.872929324503,8610.939546896345,8617.089438763298,8621.31467679694,8652.490359211179,8639.278639127231,8668.64674256175,8632.0080802966,8658.878379144113,8638.866427804302
W155,4634.04799410805,4620.7370468818535,4621.320181092013,4619.642164926668,4614.9102667888465,4625.896328945006,4627.893117143616,4628.0007761506995,4628.210267188618,4633.271408068704,4636.127430375353,4639.510337538811,4640.250274766383
W156,5476.74653664577,5478.329240278379,5482.151643664895,5485.378847244174,5485.759411359937,5488.866794803749,5492.054116555553,5495.8215990110675,5498.882163253002,5501.637456754906,5505.040789935009,5508.753583449385,5511.8213493320845
W157,1428.9902469420413,1428.7534615360785,1429.4420754756488,1431.67919706244,1429.9006952128225,1429.4700948380678,1433.8161395714762,1431.4983732145458,1431.3250312157024,1435.5814840490627,1433.6958215471698,1433.2480606684232,1437.620474096491
W158,16660.464355697433,16668.584200102992,16676.28348513068,16682.35305575905,16689.41096862381,16694.136656446422,16702.518540783236,16712.402576318327,16723.06732900202,16732.447116897325,16741.873092504225,16751.30411523098,16760.74018763931
W159,9284.581668255702,9320.308962762529,9273.916893786285,9240.654443841928,9288.189963998686,9337.411403326458,9319.46367118136,9284.599314732473,9269.017489117214,9319.843526300912,9339.674311152634,9328.47305598108,9281.5572539941
W16,6000.382039312113,7029.811080668309,6866.182345867109,6480.800901705264,6594.594144677402,6388.73638292297,6602.228339011784,6699.37184512903,6583.397619531285,6605.043348893793,6562.66253565029,6855.694869048828,6873.962501171803
W160,8074.135207572124,8095.43771284854,8043.169305635191,8033.176215198191,8059.877125478995,8093.239432198263,8105.45203826633,8086.8591211471,8002.219205170086,8058.154947346997,8124.575483327395,8130.820106786075,8106.360582011464
W161,12158.53331945416,12196.52505588703,12218.082414287643,12237.873998866962,12261.70099294093,12258.993493782811,12262.594045020454,12254.52425647303,12283.25413944264,12292.696556426865,12301.646974799269,12307.21442102599,12314.891714178078
W162,4542.515437046402,4519.558889393577,4515.388127988085,4568.25990218868,4521.103970107392,4517.588967634953,4550.235385082541,4539.916543947687,4525.84890007911,4559.054797319785,4553.109268906053,4538.98757160901,4563.014457707579
W163,3750.6217856527182,3743.979941205005,3746.239403784008,3739.2333996464517,3744.26616328529,3734.2465063046834,3741.362522557349,3728.3203142329257,3728.2399840188536,3720.8680214998744,3726.2652916981788,3717.5647419919223,3721.7370763990343
W164,25072.61824308294,24954.154550529038,24796.53962182082,25040.937682667278,25057.535693737795,24937.20886525962,25093.080088648694,25117.151439975063,25123.17648529101,25087.506176677663,25153.409121014938,25201.181242022652,25101.42120191332
W165,3745.8308096046885,3625.216891977273,3704.778631851242,3758.66510993574,3694.4361189868628,3728.2002560408273,3693.229944149362,3722.104100945156,3717.079110301141,3665.7041667278845,3722.9141176196417,3708.239889276214,3659.4586508334287
W166,2657.8851901113017,2686.843093327654,2704.316745092422,2692.1946437359366,2704.428004614639,2698.1575626546914,2705.811900411708,2706.7782982762806,2713.0277538166365,2718.096216388333,2729.6656558687305,2730.1398713781327,2727.8116922595636
W167,3050.5337480853495,3087.1512262454216,3088.1658731263524,3085.947124700527,3080.192381173896,3083.951111379926,3089.3930105255,3076.2442951613994,3080.1787621996405,3091.272102569069,3090.188864562909,3083.305960061507,3072.673091183414
W168,3740.332092268932,3829.0923166677353,3881.3259264502517,3852.6566847765066,3854.7090837172777,3929.1918071401133,4006.681230951234,3959.0163807769272,3855.8483873855976,3812.9572168934305,3873.666967783011,3957.7540401144333,3925.4908648150677
W169,1675.5857549893094,1678.2675627787553,1676.9886029282402,1678.087416233654,1678.0424812923145,1680.3382568725485,1676.1219580260777,1680.6667305725082,1684.986458720683,1680.5667723604568,1684.7973181694813,1684.0799048276197,1688.1683522616809
W17,12023.576969312242,12041.63640791917,12059.722971679981,12077.836701336275,12095.977637690752,12114.145821607466,12132.341294011825,12150.564095890728,12168.814268292566,12187.091852327456,12205.396889167236,12223.729420045602,12242.089486258097
W170,3617.845375966522,3628.8513666690665,3623.8779820159502,3618.342675129177,3619.4351462521563,3630.3327771580466,3635.6407493723914,3621.9326347625683,3622.271085779377,3636.6687736053063,3646.7954362000605,3632.946569151188,3634.531445619499
W171,6103.08753969548,6089.143590372638,6080.962917470732,6085.07562813112,6118.044813679225,6114.52531779427,6100.889619014947,6092.310898291383,6093.907561809737,6097.275098518651,6104.909199940812,6113.691945243423,6116.405664013852
W172,3681.721879273482,3689.518523081956,3675.2861670388406,3675.440784381898,3694.4078517149983,3700.1469824460987,3685.8543525852924,3683.4297946845372,3698.1806026010445,3710.8773185695845,3698.4078649501434,3690.908458715554,3684.7591669041444
W173,3017.001213522396,3082.2157648300567,3080.6427773106734,3060.1599898445334,3073.4781410192927,3074.145961847146,3067.9769246325977,3050.605218867845,3062.0426196593457,3058.3612867361726,3049.4944830119625,3051.443665155813,3038.4220770883016
W174,2836.426363648062,2824.1185779722514,2826.267020315932,2831.372766353673,2820.079937756345,2830.651275429626,2823.959555204339,2822.998121554052,2830.1785067219753,2821.415801416196,2832.217806467348,2824.331707754838,2830.24134714411
W175,3271.462955440174,3280.0892891254807,3287.6755891655557,3297.475814443076,3302.510822201554,3293.2049866564257,3284.8690120911738,3288.3292417438324,3300.579179340372,3313.876027290871,3315.81782801784,3302.484986487887,3288.317081795257
W176,2597.0896970857784,2558.5650941133877,2522.724999259251,2553.263090851976,2623.8104570488654,2610.8324148489396,2568.825618424473,2523.420958840963,2514.183967264412,2611.433260045601,2654.354502087997,2601.955835962119,2544.810913096532
W177,6630.37362650662,6650.762393020905,6620.016099715122,6710.426221690128,6787.831622548595,6733.425768475399,6751.752174804897,6728.034456393625,6791.233296356873,6758.008374851871,6778.1684629565825,6782.129140113807,6791.517962970606
W178,1480.5187501000162,1483.1099007062978,1465.1679738519633,1486.1060855631986,1480.5973211369703,1479.3851541979618,1482.7088178088484,1486.0775071686978,1483.2792524117945,1481.0664933399821,1477.194469482306,1471.7878576068724,1476.1904823132402
W179,2730.2116814573533,2713.8912405299316,2729.0401389360804,2736.302763024334,2719.802480827975,2735.1290876251924,2742.404931134526,2725.874605785275,2741.229119850273,2748.518201415491,2731.957790549704,2747.340251235895,2754.6425895104353
W18,4364.889249421935,4375.912238597367,4386.868396835972,4397.8519863116535,4408.863075704348,4419.901733865941,4430.968029820717,4442.0620327657825,4453.18381207144,4464.3334372817435,4475.5109781148185,4486.716504463373,4497.950086395077
W180,7303.939668238275,7273.911414804581,7260.256388574424,7269.560174591428,7307.145627934372,7303.104379459686,7295.497115899831,7284.547548443823,7287.963415443897,7297.057128104006,7301.7865159239345,7308.351588730415,7320.57665389942
W181,8829.153417349746,8830.876910873869,8814.272179131045,8820.103172231067,8840.026567476607,8838.513378036063,8833.97731685234,8828.85070340124,8853.797099035111,8869.435695355049,8852.726077698602,8852.079427823812,8878.459348151619
W182,1377.450032792015,1361.7918922871188,1367.1320342398328,1378.529720667187,1369.7736310150792,1354.6324284694442,1359.1474764679388,1370.5070505830372,1361.7802280626406,1346.689823993463,1351.1896988292035,1362.511193124555,1353.8136127945834
W183,6116.138372918355,6105.030258047162,6087.720388989642,6094.288445480919,6101.338619539601,6089.368291984706,6092.703317623646,6119.678572576005,6110.995531172636,6099.960420840331,6122.870747051382,6110.111794431133,6116.830445773144
W184,4601.992715782538,4604.67453807351,4607.461685359504,4610.250195412507,4613.040068740337,4615.831305850955,4618.6239072524095,4621.417873452924,4624.213204960821,4627.0099022845625,4629.807965932759,4632.607396414129,4635.40819423753
W185,4063.1107779386484,4065.405095487369,4067.811792085838,4070.219638450675,4072.628634999822,4075.038782151333,4077.4500803233573,4079.8625299341493,4082.276131402074,4084.690885145601,4087.106791583303,4089.5238511338516,4091.94206421602
W186,1742.2646446705671,1743.238797983469,1744.5680735628755,1744.9303040519426,1745.7235946325027,1746.4677970059658,1748.5560563753402,1740.2124760278698,1742.6771077092435,1743.8086815103418,1744.554519089787,1746.7006146911308,1747.7054641188085
W187,904.1839399196664,897.7179108477716,908.7058820191415,893.6238427540845,894.7867012682814,895.3209816514683,885.7495797902628,887.750698688893,884.1479314226475,877.6161918439261,873.9554850779642,859.9577700804098,871.2563791714642
W188,2154.2816964231492,2170.9844595043237,2187.858940680041,2109.374359305238,2117.932003583563,2130.202591129692,2129.0229798254873,2108.2663756009615,2079.878054229968,2084.1073223930957,2036.816436246643,2046.9854550216105,2058.8716501107256
W189,2042.5099567497114,2052.281359555183,2089.4072708148665,2033.7108865697105,2012.9451986692409,1933.7397055676277,2048.266142463885,2037.3118360251917,2010.2005784154605,1963.2491753886993,1985.611562991262,2014.229778256414,2000.878422451068
W19,2311.6179260007816,2563.2552508380986,2514.851058175899,2468.138167367472,2595.600678158417,2667.3688287504647,2683.075569220227,2657.4328778155445,2563.206516218454,2556.2400343143177,2506.5197380316463,2490.1589548636466,2488.5733274631903
W190,436.31796795468426,440.973441842337,440.6075080393742,434.934428830797,438.01231681989447,438.15479558103794,434.13546054392225,436.21699613874193,436.46847381668834,433.72114030824827,434.89366614372943,434.53578270619386,432.2121017622238
W191,6454.0324019835725,6467.5419728919915,6210.723747452283,6390.78897982279,6343.228148547121,6461.34225650854,6565.188681076231,6463.563203762848,6536.828756640821,6303.475507411065,6481.890916289908,6322.162513845192,6488.470355652467
W192,1170.5811912955419,1153.951022155408,1176.1157688172852,1145.0832624912864,1153.7896366097593,1134.2598610628336,1143.277944406807,1156.013186580056,1164.0826463105352,1142.3229830218893,1161.9800928053983,1130.9173380722439,1145.640568024858
W193,6361.589985845808,6175.543499423077,6266.077814169027,6332.792421093373,6299.410376155505,6312.136360278474,6295.81018053329,6248.473809244993,6265.062185774158,6291.474074853737,6284.698028423315,6373.759038066302,6400.783299278343
W194,463.9599787758106,460.80660162347897,447.09727850990816,448.44126368433166,461.9633687509459,452.1280067069794,441.8990982233512,457.8959783522681,450.66747879585614,444.50149785339704,454.5514037634867,446.79031092792917,434.7506579248949
W195,1028.0054647614486,958.0316729858284,979.4169341658477,1027.8088334413078,1004.6535577853655,980.4815352182237,1001.2948407273284,980.178868954539,991.0396241410563,992.3708965834439,1019.091740392363,975.8907054942272,992.6662842409047
W196,9393.531239464513,9400.950658945509,9395.744900771124,9384.894400326162,9383.830101619153,9406.164061597176,9411.822599505853,9409.78033553729,9416.918208096553,9431.303439836007,9428.89303412179,9436.045404702034,9450.459854865869
W197,3224.9000924151314,3279.862413943001,3246.053532073191,3250.066085704339,3236.6958293779417,3245.9271163112344,3254.074468500311,3240.7057950708936,3253.7351333438146,3243.2111375525906,3261.637143882247,3255.2009845643597,3258.9386982465135
W198,2377.6349712360693,2367.2326915518224,2368.275635610516,2386.3037383543624,2368.090478368874,2365.7291726989015,2380.991175430276,2380.986321436954,2354.494823056126,2361.9950811301046,2392.278149434516,2372.5945047242453,2371.490588337861
W199,713.9806535902587,715.2534097843227,723.9401993583156,733.6319401486195,719.1011178666142,712.8310047541908,736.6410582759867,726.6037233032149,720.4277386721458,729.7430900744647,715.2133969701167,711.5612010238567,719.8361830705569
W2,3463.88477999002,3508.8089029353946,3529.5920678186635,3522.2949598940554,3518.997334481827,3531.2083169251173,3541.474272777611,3514.4813348636926,3529.1991746896865,3544.38625769443,3573.6185386406423,3561.4000078243635,3541.2245668079863
W20,4014.722865237751,4247.792828943685,4165.5902869692745,4144.326379510853,4257.116905083057,4194.8345202087585,4090.6886966846396,4703.655122794315,4887.038764442509,5030.7520084916505,4948.386751826206,5270.337387952957,5185.577572171521
W200,1749.6231461273142,1699.5891870067453,1736.369077681931,1621.8268421511978,1753.327615477253,1720.784812902446,1682.8338111081525,1676.4881333327114,1669.1670219938424,1608.6994352421964,1551.0194258607742,1557.7555773009333,1555.261354743006
W201,1812.9174086455569,1808.8006617012109,1809.4844963550388,1805.6142499044176,1797.6303643148524,1799.456741867169,1804.470118263677,1805.3504526824372,1806.4823202230957,1807.6141877679809,1808.746055317091,1809.8779228704243,1811.0097904279764
W202,4023.28232498209,4037.601010964132,4013.771382398058,4029.6712371318954,4016.6234343871256,4025.398999863656,4013.4174053467905,4019.6590437816253,4006.1414479718032,4032.753467129957,4011.2907617716132,4025.8334299679054,4006.5127613243226
W203,5487.150330266221,5287.75435978716,5335.565889123164,5481.647717781884,5372.751179223856,5393.7875889341485,5499.02396197176,5401.534494740897,5448.336516522924,5452.13941017397,5453.121728629481,5462.941504257252,5421.906703238541
W204,7361.872756378478,7388.612441883698,7403.583536124395,7400.808148029593,7423.753044605602,7431.3028983509275,7434.025662923592,7418.410857747892,7438.156198604575,7445.790138734499,7448.498305407674,7447.093149630323,7455.173124686924
W205,13355.253454734835,13322.742868981311,12926.452580886542,13146.74682685153,13435.55002532827,13156.880760927872,13140.95986260351,13508.256331095394,13343.182811572418,13128.498773825171,13250.682317825644,13437.553156466303,13130.469947289575
W206,888.2149019000583,907.2898439467239,907.5186105365301,947.0738556897048,901.8483648723043,993.040907965141,965.3159493083853,898.8950486222224,912.1640003313851,871.3396272542428,897.8137482817435,869.4620467455553,876.0184366187382
W207,11506.857887935124,11786.291441037025,11236.079219483847,11754.75230221007,11778.614014879473,11288.464061845041,11698.331747250488,11861.740169132272,11227.206115950014,11888.65811573852,12276.5534425081,11116.14891593863,11896.53809490261
W208,29912.32851399726,30327.173357362324,28934.27165381786,32400.859438190102,30524.548629400917,28498.114245511835,33222.01703064977,28348.084073314458,29861.35632878597,32057.103136313908,31943.34170469271,33957.624305984245,38433.35372608819
W209,4196.926151665421,4202.294803321519,4205.915360660128,4209.757220713949,4213.955397960599,4218.157761811392,4222.364316441369,4226.57506602973,4230.790014759837,4235.009166819252,4239.232526399672,4243.460097697007,4247.691884911316
W21,1428.0614050770648,1963.0213743187917,2070.3460116549227,1670.8042654599358,1886.776450519652,2142.516637714539,2015.0161866697931,1986.0032704524965,1963.0257855545456,2068.410915743429,1969.3993859697653,1817.4603020416669,1894.7896773208838
W210,8396.55819815746,8614.934322496725,8466.278322140523,8983.811529076998,8993.87003851776,9085.059474758147,8728.879171637855,8871.405384235917,8603.863069500925,8475.956277952915,9069.794397333355,8976.015504559511,9201.835861397918
W211,19225.265833432954,19271.56985567522,19317.985400415113,19364.512736251283,19411.15213242915,19457.903858842637,19504.768186035733,19551.745385203903,19598.835728195925,19646.03948751517,19693.35693632146,19740.788348432365,19788.33399832505
W212,5468.723420701547,5477.2230222086955,5472.729487051221,5479.720795794379,5489.067583723727,5486.945182413218,5498.726927881066,5493.80050409449,5502.776606169809,5511.199682189465,5509.031327762989,5520.858289527963,5515.912959529333
W213,3322.4002166676128,3306.4956753277393,3293.7194662030665,3317.0046830054,3307.4598932150793,3270.377568225686,3329.3886355647046,3297.1924365625164,3326.265105018608,3322.1718234586815,3293.532528981623,3296.906103019485,3310.5925236114635
W214,1912.3558578414682,1930.681960958123,1933.7404897014867,1948.6838264437288,1908.4528621282848,1908.2804742486703,1917.385336234819,1923.078461373447,1927.4932628986035,1923.2937706448556,1918.6892472341892,1892.7497975315157,1861.6763015070144
W215,2353.2757670716696,2359.31834359108,2357.426523724027,2364.1055115543127,2354.9894984503617,2362.6634824806233,2359.4704290498703,2345.7903465061236,2361.8695396324088,2348.175054590435,2357.3156921846817,2365.88137404795,2361.9187972198724
W216,3155.145231355738,3165.6038829387835,3169.018762510763,3167.9854019803547,3154.8312765391365,3149.066993173924,3155.7724408625168,3149.9688876505365,3158.1540650684374,3152.8592789611243,3161.191370642129,3168.0555265499747,3169.2411678745916
W217,9828.66426449839,9590.797914220862,9776.62937619529,10060.647421851072,10335.018366250439,10016.443914940523,10050.018386788463,10079.692201686594,10025.480141919901,10010.701807990856,9881.533122724424,9988.39644495048,9931.233688898974
W218,9935.401201385353,9815.831989278708,9756.945598832437,9783.669236335994,9805.53006948609,9814.859746041955,9809.746421190084,9812.642745861298,9815.219507235079,9815.62481759344,9814.194051037295,9814.789060459985,9817.180925413306
W219,1043.0379752057702,1042.9505884925136,1042.885699159199,1042.8208098259104,1042.7559204926447,1042.691031159404,1042.6261418261874,1042.5612524929943,1042.4963631598253,1042.4314738266803,1042.3665844935604,1042.301695160463,1042.236805827391
W22,2791.5363750030147,3365.8482015186837,3300.77362061597,3054.2688396992535,3234.6192217518906,3155.202738197222,3406.552390889429,3571.3207346899308,3230.1531650456322,3370.994702764261,3324.8736623169248,3112.310627070011,3030.0022164875295
W220,1780.6941086680572,1800.5530746133288,1793.5601092746062,1787.264977712392,1784.7022493884385,1798.585760362178,1792.9925109861294,1786.5835023047564,1791.4940074001015,1797.1081577195387,1789.658284459637,1785.1220362841034,1786.4173577863953
W221,7823.284436064016,8056.931490797849,7812.772719457222,7946.421531069893,7880.8843119277635,7737.5379797297155,8053.877770656315,7721.271596457844,7906.0686669419365,7668.348251927314,7929.763686810779,7714.609608748545,7896.242510533289
W222,8404.920553570479,8538.776670376716,8250.144300128008,8214.468429269944,8332.716094742309,8539.743207311087,8331.316244493539,8455.05375951065,8622.255230267909,8440.429776934468,8545.981761834084,8347.511009764317,8210.31609166571
W223,28378.26049349121,28345.122433543616,28187.437636662842,27819.96024337561,29282.45258175561,28817.274082094733,28524.780079365955,26901.06538625992,28915.231055267785,28502.80265107554,28014.78089187838,28815.456725841686,28415.675297632195
W224,1696.507695002176,1664.2939703647367,1710.8937908035186,1674.9678122323721,1714.424212491241,1662.810926774567,1715.0536049171967,1676.1419400627562,1719.5703751789515,1672.3852796858714,1732.5151247092538,1719.37501696293,1738.7378417558443
W225,1972.1099851734266,1907.9005635750314,1906.8211565726233,1926.0143517072945,1954.258944653297,1978.0601537009406,1915.505155141531,1979.8020067310256,1980.9061845425101,1952.6964756700743,1936.2794730024664,1909.3875971051973,1942.0918928100573
W226,2847.658571659172,2906.2264096477743,2876.5796516421383,2899.202649436639,2858.9713223834947,2908.403396816814,2890.1075162407533,2901.327471096917,2861.548675743165,2910.220003360021,2893.006892981642,2907.9420215440045,2883.3501404663702
W227,1299.6279594567234,1314.1731484394818,1345.2114388203747,1342.6114635476608,1334.6798800353483,1330.8238248842415,1317.5405373260323,1330.5168424696021,1318.1733936860442,1322.5330759684596,1336.7091651726012,1333.22638461114,1326.5416198948933
W228,7995.161489093739,8031.856018117759,7914.2084814412065,8043.3588186570205,7975.971742781874,7839.64195017959,7789.655934198597,7949.933050085165,7823.788850296185,7772.391823836195,7948.766188359339,7833.307737398767,7884.177000174338
W229,525.5045480387017,486.5244487692685,518.5275936753609,497.7247677859606,507.846788090295,501.16517148640423,503.254783019858,497.89601489984733,500.161547359388,490.5654260878264,494.9463234890637,498.1978509258801,499.0341411932378
W23,767.8618884626891,830.9779643814752,857.8141234745874,827.1466786519053,849.0780844499299,874.921667125908,833.6224706586349,933.5688834899298,910.0951258989811,853.3699047935258,948.5509704627368,870.4498190424505,870.366496439267
W230,3296.178475728921,3278.592719721438,3395.2191159492395,3354.4470614535967,3492.8780855015784,3384.2896515272637,3479.6762577980994,3404.0388074092775,3657.618394801754,3523.2750818338036,3545.795983227584,3578.983685550411,3466.4364868373227
W231,561.7315376634803,566.6292758617539,565.6643443822244,569.2660913818022,570.492357929365,561.3161235887683,561.0540813878979,554.5866919713992,557.2866842634155,571.7991567125082,590.3792399202632,579.1721354489547,582.476849933459
W232,1921.3663588633349,1909.0712419438944,1941.5944205046808,1946.5433556276446,1935.9893962198178,1961.382351646466,1956.202115549457,1963.7605163268993,2009.6368046166567,1990.0624823017636,2017.9166835517226,2054.344353628449,2048.8756094389746
W233,1022.3095269314398,1035.5223054149058,1027.5850389094912,1042.9480550181977,1061.3831799503969,1072.2298125180514,1077.4704988786898,1089.9691239776791,1093.0000065686359,1088.6490059274254,1093.610276794019,1082.4320752838755,1057.8601989837314
W234,1849.7836932025239,1832.6452755020766,1920.669528106358,1864.9002405353601,1860.503542646428,1926.1901162621007,2003.3856379536687,1925.8861534909547,2878.5647346311953,2315.4038415735536,1994.460994463457,1762.449709656314,1829.6850593788852
W235,413.2705198070319,404.7856951725571,402.81610964187894,419.8306293375029,419.72891234725785,407.4768439082594,415.34858292684777,426.96157683133316,394.2141670863946,399.9735006479513,401.2528058404131,389.7585914600296,402.2607244935894
W236,3266.0317681437214,3314.3234695587103,3334.821913739287,3331.8349353404415,3389.6546600842057,3433.439407613019,3437.7588394230647,3479.261990709836,3466.898959316553,3516.2713308636644,3532.4641387185316,3600.3350251052343,3550.677758020346
W237,1092.3395611526553,1120.396104564231,1083.83856303305,1087.5032510397084,1074.542032441131,1075.072916975004,1083.618976364742,1086.2279120330484,1090.9420332880866,1098.363581038963,1084.7740267176825,1103.909656097832,1108.3688097187458
W238,389.7515217190746,382.6272682491881,383.1369261894601,393.124864511179,387.12021830496246,395.43673744253584,398.3362941381213,392.68681411595713,403.17770232435817,402.2929229739295,406.3806884425234,411.89635516291634,410.6100346681871
W239,3796.444071495108,3863.604245523921,3903.4494756043664,3909.1912927517583,3958.793208513855,4029.154442462241,4044.108028033472,4008.0152632063496,4167.386590576463,4079.4418389672855,4221.828773802783,4161.237822642524,4270.886340581409
W24,7649.541258372793,7270.761346628193,7449.372858310561,7216.64930044202,7666.936632523335,7701.351282978612,7316.416557427,7404.432387519336,7369.988336470238,7614.412405367214,7407.911700160045,7730.071323820511,7276.214129667864
W240,2600.501358156398,2614.73200270015,2631.248816844251,2677.0014767240273,2691.5221529242613,2706.8121882658706,2703.8987173392575,2751.7859061548297,2757.831034441055,2860.7560874169935,2783.312205282663,2878.718038511918,2831.3767665505393
W241,1017.9328010494202,1016.3277501116141,1029.7668243313108,1033.3209237243213,1053.4173190670826,1057.2678479208805,1081.7225899604318,1075.0053554367541,1104.1858634519049,1095.205057665163,1110.4367059495296,1103.9640239440967,1105.426101355431
W242,1481.672253287661,1560.822513636301,1535.6689659775134,1553.6437754042677,1583.2585124964519,1624.0096148835607,1617.846088988556,1665.5667429685516,1633.1079299143255,1651.6700113284337,1677.2961941187718,1669.1814753096737,1693.856250821135
W243,1198.7821246409133,1189.073326892795,1191.244422481639,1185.0906850737033,1192.484534134112,1209.8567480603035,1197.4975321149177,1198.8997958191069,1162.545760438547,1166.1061738941871,1173.7171759365604,1201.254767251719,1207.4803632236017
W244,781.4082401357192,787.833648925649,798.9499325075452,794.4875805511956,798.9871190001461,792.4274218069676,796.4235605705385,788.2182667378862,804.2262432710446,797.7654568592047,802.711794629726,807.9297093938337,809.2041246774462
W245,2309.503658342181,2328.714196550504,2317.232472078798,2309.056736426083,2330.8614928340603,2318.8984940950527,2311.314150512796,2335.306876725773,2320.0190948874383,2319.0119312311504,2329.9378032949676,2329.276525705076,2322.6088627197055
W246,1106.6816642226265,1094.9933099263808,1138.169815483145,1102.5612413750698,1138.5502308340863,1183.1447647883354,1126.8084792788054,1201.6454066285164,1070.4289668949573,1158.476759908483,1058.8875549662025,1133.7043238210608,1034.2993923518704
W247,4289.4516873872,4347.219453259945,4403.194397212513,4315.032225053909,4449.022394027104,4339.698494386386,4513.156201953006,4383.360302303548,4405.507608436939,4452.82876895233,4424.687628471082,4408.528662385683,4308.939776671766
W248,16321.683095245926,18303.316980717376,17881.08507873696,15949.34035721748,16365.068576691676,18035.309942747168,17676.233779447517,16154.814898221699,16605.27832171921,18240.901145809465,17830.784526630632,16142.48116336715,16558.201449116714
W249,20932.70397383977,21276.86559419902,21075.57427167498,20953.510408293245,21092.37793176662,21114.15038806442,21131.14601478424,21148.155321884216,21165.178320376144,21182.2150212806,21199.265435627083,21216.329574454026,21233.40744880861
W25,1351.010553539967,1411.2141714917977,1400.6131443585768,1379.8307648049386,1262.7075961145024,1110.5494656821147,1214.2912391508457,1400.4978326003124,1541.092404790384,1443.2217228036916,1242.3486771411513,1147.0922317757015,1284.9017820895197
W250,3509.402464174176,3271.242996209183,3238.622559371541,3350.887787133165,3464.0875738435548,3522.838382547169,3348.6022195468795,3300.3691633705234,3416.9716729638376,3524.1181700206757,3292.6512313626736,3259.148881076838,3368.270741214916
W251,6741.3089868039615,6784.387429105053,6757.466213301366,6761.862553252308,6761.254043643352,6759.839346607962,6763.907820581379,6764.297748061462,6766.587484771371,6769.028694493867,6770.978810354376,6775.149309096901,6775.003349836332
W252,8768.989464297867,8744.329741183286,8619.018246960624,8649.215111888852,8925.887076618585,8893.855338426014,8733.821493844129,8717.090853811951,8894.27586668744,9025.391332165585,8890.566677652534,8779.764150184259,9011.2335337976
W253,12480.625702555399,12389.153316817528,12351.80829492785,12347.968406400163,12392.969418474973,12478.223665955093,12457.293798085804,12506.48979593499,12544.142773790498,12516.159757793075,12572.139267171953,12644.168620148906,12596.772371217987
W254,6046.076315446757,6217.971852620414,6173.955121500146,6072.883475170312,6082.877889911107,6246.95878749493,6164.268337619524,6079.515540262731,6149.026371627879,6306.401444261095,6163.853564308108,6097.703536951377,6145.332270380143
W255,1930.0749429542027,1932.1428475884154,1933.5940899670836,1939.4971678045874,1949.714770109491,1953.6302990366212,1947.2025299996478,1944.6554278551223,1947.2730640532448,1953.1487975702366,1958.6670787521282,1952.1261131605388,1950.743974593791
W256,2734.863302293585,2720.8706896269773,2786.6869206272845,2675.8070048769455,2510.706635139215,2634.690415825564,2891.7151753928956,2925.9526361182047,2767.9436816508714,2794.4805045378885,2885.359591275155,2854.9399312497144,2789.9808377573136
W257,4022.8057473301023,4025.731633003834,4028.6575186902546,4031.5834043893296,4034.509290101064,4037.4351758254493,4040.361061562471,4043.2869473121277,4046.2128330744013,4049.1387188492827,4052.0646046367738,4054.990490436854,4057.916376249526
W258,2126.821748110367,2149.404447732313,2148.8799170260904,2132.885614681044,2143.2651193194924,2138.849893142242,2168.116426390802,2138.333787617823,2141.109500957369,2147.716184663562,2141.768054830932,2142.8388302119024,2137.6818943340872
W259,7570.080429202064,6974.338763013422,7429.573094189217,8286.549793997363,7485.990036655528,7921.2180554187835,7348.007451842761,8131.7287206982855,7503.897761736269,8114.749783545741,7503.8188594920475,8194.47418523717,7511.652006178776
W26,3031.635288854058,3004.925393419959,2816.9501103543516,3037.6280368254174,3098.748077533061,3400.9351784325067,3025.9640458671274,2893.7029094638146,3314.125785063924,2615.739335749829,3051.757360235821,2796.710763404578,2922.6855305936465
W260,663.1930689942028,491.99330673497553,595.0305652575519,576.1506639106444,601.1318658601549,895.2947124229224,587.0214409697519,622.0403031470448,471.9183079695731,608.2597193682292,580.7078113195469,520.5175335237735,530.3990542525207
W261,4726.509623006381,4735.69063607594,4763.694823259059,4811.334645735173,4847.520816791889,4793.555585073615,4586.913946798318,4699.310630952868,4742.16830242669,4729.074693162198,4788.0319594380935,4800.576701365942,4844.345507205475
W262,4390.130960000895,4397.517435279728,4404.916338363514,4412.327690162004,4419.751511620144,4427.187823718105,4434.636647471365,4442.098003930766,4449.571914182555,4457.058399348478,4464.557480585779,4472.069179087339,4479.59351608167
W263,2339.8411689632007,2401.4773962789327,2364.88034789969,2344.434348784657,2396.055315713364,2354.210241299988,2342.850134871615,2385.1951457686164,2369.989075116195,2370.541944080037,2349.3221049064105,2358.8208581474396,2367.913663179851
W264,3564.1887614161883,3833.7083940357466,3613.588327887539,3827.36703496632,3835.7909062155936,3837.321117754992,3883.6772830620857,3991.0694867486145,3894.720811405674,3788.146914299922,3809.067064439466,3780.5660606979322,3841.727945078517
W265,2165.51887748157,2173.7749866785975,2133.7447827044084,2164.408816116594,2172.660949104947,2159.0930292961225,2148.051367784252,2132.4203836399,2160.5739105221837,2168.385232329606,2172.6113028237523,2165.1293641899606,2166.8156100750607
W266,2171.3839711764003,2130.866561081253,2108.833125267322,2138.83999954269,2126.2439362824794,2121.0413702168535,2123.0446307815373,2149.8575534095253,2139.687677034296,2106.6578106033785,2097.2940642797535,2147.4811700725236,2135.119109947684
W267,3350.8765559360927,3169.7871211421384,3264.912549410284,3145.461868531245,3168.4293799257903,3170.8906917297536,3195.0027185644994,3185.102525822506,3126.081094193767,3070.7405815788316,3120.993959322939,3038.5882775275177,3159.9820183799043
W268,1340.3278929284384,1372.001334678188,1383.7629736213878,1347.813731244359,1343.992189874981,1361.5188554036163,1362.5666698808689,1354.592843341099,1339.1690010860445,1348.62307219993,1349.4514896984508,1344.2156983688863,1341.2482425477983
W269,1312.995162234166,1297.8808572420123,1295.9230725699329,1295.8020187066036,1292.4935741815523,1271.6622656932145,1288.3666670930038,1262.0136261962762,1242.098976229,1281.424393066947,1205.3098537403687,1245.4025909641332,1254.6191098870634
W27,2118.483301912481,2036.2797710277457,1932.8593672772922,1791.7869556160697,1808.1294616011166,1955.741417248795,2088.5550930638215,2076.754382622417,1987.9138522831695,1826.370163533528,2019.7314052176812,2165.6081746633176,1954.481283326738
W270,8081.214721852623,8291.974851773983,8033.212716034465,8248.77792623102,8246.690154861806,8152.211695585694,8281.969611070279,8252.8635871184,8161.1705871774175,8293.425510355772,8256.737905783715,8225.178959231329,8342.086607541813
W271,7723.629421313111,7959.010815301394,7929.640116839772,7932.580503856567,7996.021448278637,7938.362600885757,7971.375402638573,7983.227626507053,7983.958269702846,8027.208066668794,8027.995212370764,8078.317464737464,8094.585010572063
W272,976.5447952669292,976.4798046291683,975.2481815176337,975.7149586366453,974.4028190224949,974.9373028308534,973.6272833664342,974.1613417770266,972.852364962252,973.3859983136538,972.0780633186797,972.6112719491961,971.3043779448363
W273,6498.593479535498,6475.629993476399,6500.7934099347995,6487.38763055138,6432.866371293089,6480.018576542483,6471.1554904784925,6447.122895812935,6422.466257450049,6446.021986460587,6461.342942467901,6435.981908479163,6454.85323036339
W274,819.9252002200168,811.6346549595096,822.5908893513208,810.4935990607074,804.7630413319192,808.0379713987106,807.8166647020137,817.5511318303693,810.0688684232863,803.0956718200043,795.3256381492617,806.4022198514065,804.2214842039391
W275,8812.21252544964,8808.050608613457,8787.442710973872,8875.280321748945,8905.164554824612,9043.072336402169,9198.21230762295,9117.06507408642,9089.034012918431,9221.667890291568,9093.675369934374,9103.381659308656,9179.054593404124
W276,11270.081033224487,11362.707637723139,11508.190274981996,11564.700880734972,11642.93943324085,11481.183509243301,11529.760301804457,11728.289392881901,11414.612712062362,11254.521200507508,11465.518860001752,11480.566933223421,11634.612949613072
W277,3098.3299466900685,3078.5687082519216,3052.8466682671633,3082.0629355535248,3060.627432585827,3052.344145864101,3052.7173707203724,3036.761009208201,3065.749518556646,3045.8104507403295,3061.6642171200774,3041.131690302661,3068.4089385722896
W278,1287.3933323628178,1334.117729429164,1309.4931476614627,1272.2383600816343,1301.059906149545,1307.5003790314104,1292.8111899461408,1313.8998489347978,1318.5528481619758,1298.1775378782324,1301.5438627588649,1335.2036238534688,1330.3094044321397
W279,1290.1798988668206,1327.3046516592153,1313.7608945173404,1314.0992594733054,1369.5540688254036,1386.7157087642406,1380.3770130525702,1370.8960720231316,1404.1489427390786,1331.113007243813,1419.1934727030525,1366.7738521187916,1376.9756708509071
W28,3643.9958923788104,3057.6342455917584,4730.946355558601,4152.5421789339,4749.04582363107,4613.623344973388,4133.775563321833,5287.411229039126,5241.278464698749,4128.140284097656,4946.440829899141,4611.321626678123,4671.363954678527
W280,5428.431342150103,5424.525406687562,5415.081680652915,5429.063530734405,5432.813111678365,5423.639242459156,5450.603278657123,5444.335611642019,5435.889504472023,5447.241589260063,5457.684250957135,5446.861848866363,5459.500038342786
W281,1727.8780022280744,1727.3518892131872,1739.0590282047328,1753.5845217933704,1740.7602513663921,1761.6398014824658,1737.3888490671886,1769.7433985410078,1727.1136061337152,1750.5760360119175,1725.0860007954986,1708.2496949806805,1694.2868690034945
W282,2101.7673718521132,2101.525212167185,2114.1855117884606,2113.1452722264244,2107.70666800125,2094.78610313533,2101.4978986795422,2084.9626810141544,2102.0922585141393,2088.1046688729407,2093.6323992183657,2068.9253731756803,2078.4688382070667
W283,341.1578266846564,343.36807773659524,341.0387832567962,343.1065911488357,340.1530592208815,342.47072554606746,340.16741086541543,342.0754541195198,339.53176935137606,341.9542356609752,338.8617146470383,341.2807217019756,338.8747766981869
W284,566.0549886802071,559.0666165510333,565.4987550838409,565.6552866833998,561.3332099205641,565.2228051050636,565.3077548487825,565.1403061403051,565.3667010480336,564.8760137548387,565.2262134276907,561.3421426457145,567.4895704020018
W285,710.0322368525921,708.0693394413023,688.0204279917227,685.6713497015523,700.3673290618239,710.533030718927,715.7232485407108,583.3239374423991,666.748919091995,612.1938049605757,718.7666745346326,578.9427166622118,648.2612925445753
W286,10950.846452767222,10965.95188316913,11009.65246655244,11088.546549858527,11053.802048834243,11119.768283682432,11082.329625288448,11144.348682387728,11112.017173231563,11179.041296405367,11143.320537140164,11213.145692362925,11176.637372830832
W287,2230.2513335081726,2233.883885457144,2243.8503384894025,2257.5153804578335,2271.7665013260794,2257.887001999738,2258.1149239611036,2269.165670703313,2268.843120307981,2264.8705697687933,2273.743475808483,2277.9021045281493,2255.3019813218834
W288,7838.338072111875,7844.668004105158,7850.328160192586,7855.87051547036,7861.41573485262,7866.963819277613,7872.514769683777,7878.068587009648,7883.625272193912,7889.1848261753685,7894.747249892962,7900.3125442857545,7905.880710292939
W289,10105.23434129597,10127.99189085465,10084.45763166941,10076.509287123004,10111.165295892211,10165.107105860105,10214.754504749235,10139.423583462542,10162.271492062288,10242.388063193606,10142.438622046777,10140.12200339851,10133.605517914406
W29,723.7692896919658,647.6241998661827,684.2583617977975,614.4657436888517,824.8083874039799,668.4650409237761,645.5503727593506,734.5110327757525,685.291875327359,712.6228053843313,727.4422455714741,646.2752739360401,807.2402731567249
W290,16610.190507239,16520.38657319489,15793.443019701075,16815.664619370506,16876.79507322376,16093.21429201911,15968.033442904203,16122.470877568527,16112.85223776549,16150.30109481295,16004.179553756365,16136.087731175216,16369.720242864398
W291,8582.53962297134,8794.791028404541,8716.832808146146,8522.752651372139,8850.593737845533,8734.599858354875,8550.540194947256,8646.361474088511,8534.589208296253,8873.488835075721,8683.618675126572,8504.24868183767,8643.074357093818
W292,18963.452654999182,19405.526511764085,19424.772257985667,19811.09186758633,19623.23859933163,19436.38533561683,20108.299083046153,19657.833570764546,19415.95131859745,19802.11376335352,19476.279135377674,19455.56946778044,19941.169497464496
W293,1877.0832551562412,2314.3652391084597,2364.7784719536157,1959.5191358779143,1989.2142025902033,2500.035585022083,2888.823657869731,1957.9253939571968,2074.16994548852,2397.5754037494594,2518.347565412972,2176.215797218379,2586.6317603734065
W294,1631.156866626563,1544.1127606605976,1539.2869938558629,1645.3816385244982,1551.8163737420118,1572.33291367022,1648.2650162281611,1555.679872022662,1607.8427588059892,1620.9464691611208,1579.4236871359883,1744.6244675987473,1683.880290652346
W295,3002.4617767452332,3048.72024191186,2910.4257389320105,2926.400129495788,2819.070688811142,2838.907887301179,2866.3868200216984,2826.8765152487613,2813.0583534852803,2864.538057053515,2874.7208913254194,2858.479244879418,2775.1979537905886
W296,2873.0627105850954,2846.8231865325497,2771.9831058722584,2905.093389033619,2795.6105361438063,2743.020017761068,2938.618650950976,2884.050546745167,2684.0101493883726,2996.985084776847,2906.1803915091828,2672.421666415093,2986.1885389112513
W297,4890.14658474773,5090.777273035323,5262.877228126068,4675.872665036795,4735.155665273271,5126.9896074587805,5767.367668704728,4699.809652691619,4429.075199455893,4890.0776794221065,5882.771381005037,5432.887939374965,4748.637233007311
W298,3385.026831222632,3086.231966978104,3238.8813828143925,3078.4062907041807,3308.9865713020326,3405.4310609535087,2949.753751368531,3155.3861546671196,3570.0250744547766,3371.1351480010435,2961.174172092569,2998.325928124326,3544.2718963419306
W299,3116.6120418178616,3151.386786723692,3252.708246789988,3302.2930673240016,3230.9069151736735,3035.3218902019553,3190.272714692818,3343.918759165188,3234.590015154976,3045.9160012746825,3218.310919031939,3351.303755333613,3215.6585146182347
W3,9765.820002395032,9826.748214917756,9644.526636412038,9586.144610115454,9813.32750061933,10035.467740250579,9754.532050332056,9657.236867646017,9651.43382781059,9948.754435097071,9966.862938722186,9875.676681652927,9916.790193209945
W30,4019.6720084300837,3884.311186280932,4046.8895850395024,3784.135322905299,3926.618365808198,4136.178294189443,4022.4614406101628,4054.223334246496,3759.2651506760567,3789.1888437441116,3707.8558125160257,4232.010875079656,3937.0460189460805
W300,1868.5185776262124,1775.5281204075347,1889.9105292318916,1783.986695264519,1787.9984089252152,1875.4243078053462,1794.7743816981613,1755.869061151659,1879.4041011942234,1756.1706224023976,1780.1940927176913,1791.445697166673,1819.32870610791
W301,2501.7949539312526,2495.524715032434,2430.1390698195846,2416.1908876294033,2280.93491485716,2249.4764555181705,2321.9096890348724,2451.8886211511235,2462.0888984343787,2424.8984019740356,2357.0589873320937,2111.861513568766,2366.0204158197807
W302,2732.0520161880304,2993.31625060987,2794.6599748980457,2673.630691552043,2557.446400217427,2847.209568565806,3214.279541164442,2698.672549834344,2939.4441866988304,2973.985086296869,2727.3011190353755,2714.9047212050486,2746.340905679348
W303,5052.817250494776,4946.0402992637555,5048.1969791644215,5196.035590503579,5313.9766167481275,5581.736396001526,5090.36719644701,4883.93403388776,5015.266763158092,5168.08946999334,5222.5879852592625,5581.312480773809,5080.143702257664
W304,3039.399496044361,2557.219341281792,2648.690281072149,3248.6378015533724,3000.1484336912376,2629.7832939032073,2733.4745480542138,3183.2180735947677,3142.6819545742387,3114.335362217745,3039.044319380704,2544.802319779551,2584.9605634842483
W305,3101.5876381471953,3075.6705517863415,2950.543581539449,2937.9430591031587,3084.117439743502,2899.459467797506,3104.5365720255554,3003.810159494971,2839.0707412722713,3087.2282646445065,2774.788966050472,2795.7446825766147,3013.5561503810563
W306,2422.359501711546,2191.2335549649433,2366.391314459777,2266.8381825010915,2418.379723971215,2420.8888267770308,2428.955625648941,2288.7645527379814,2285.773454877229,2332.143980935491,2508.4431190107375,2514.3107373665052,2411.891986302568
W307,3124.8493959350035,3115.1676060780287,2968.0997647862305,3337.9133173073337,3519.7712139635587,3026.8840474216217,3048.4847534707314,2991.498166592557,3266.9928518787456,3461.690407958152,3071.8165081724965,3209.6814727214733,3327.6523104953567
W308,2301.8535597515543,2256.856952091649,2106.750667728813,2216.777831618275,2528.213126767093,2317.1825257313158,2233.7090426628606,2121.6852754620195,2290.8330001865625,2441.8484381618814,2244.2114172579763,2149.3365993591933,2404.4437970255103
W309,5953.602744710925,5385.354730371806,5708.050127408884,6956.5958679997875,6004.706502802379,6057.720721003107,5804.96928429309,6111.188700107766,6086.234706153162,6005.2649512390435,6126.916233792581,6088.751386024548,5815.462265061801
W31,1037.7804881960947,972.8198200066093,955.6842207865799,1065.5835238284476,906.2551998158312,1057.624172755607,1027.0508164361463,957.2887329270172,1019.0826887143834,944.2013353366041,1046.6909726953766,971.3013885425792,1021.7364584750052
W310,4103.0907848452125,4131.336660104347,5028.38357269286,4186.944147220985,4089.167088770983,4135.661959258786,3973.255966503342,3962.4132327308425,3988.4373691369105,4148.262354193607,3946.4756866667703,3926.7852108195834,3926.423079309341
W311,4613.61179381627,4255.637843453363,4369.764075365128,4374.9852975969525,4499.253087997021,4415.033573278631,4449.620118732968,4485.501422362656,4363.699771756375,4451.390835314288,4839.202805793963,4859.072346121153,4476.627773151544
W312,4238.278952303158,4729.374942830845,3906.673507227719,3951.291826678296,3722.1921942352683,4014.2364003544335,4294.739148852234,3787.2451095296315,4320.123674833007,4255.320136010028,4197.386795640041,4038.779228469465,4072.682820176065
W313,2033.4975897366655,2064.6522004036196,2054.502434939746,2024.7002798742453,2010.573158743209,2023.9505644284684,2030.1849112023087,2006.842694837563,1993.909402387272,2006.8953874272026,2010.2557152327238,1987.5787693217171,1974.2417011018122
W314,8373.744208830092,8718.1309468821,7777.236860215778,8385.61408264832,7604.797891066603,9193.404227225657,9239.901434138666,8035.066823838497,7541.1014108608515,7983.290001763478,7577.699301177325,8686.971951802996,7692.371181011156
W315,5455.8845345214195,4437.952380432169,5330.3773515192925,4888.711934239436,5281.736187886432,4827.745835458022,5496.723175762721,5009.472830607402,5134.594463508031,5115.464497128315,5362.515398526346,5221.774641633942,5216.873831007506
W316,2610.791875330729,2985.0840103759097,2813.756111863535,2712.6103152345086,3018.1700665097874,2899.416303635298,2635.6246856622865,2883.001310185347,2745.818077889636,2771.397475057458,2786.486761277313,2711.0274287660545,2922.412458071788
W317,3938.1641485542764,3966.948026888978,3708.815439935841,3702.3079580422045,3837.3362172927978,3870.1802900232033,3602.0899225224916,3624.873394778252,3776.0958815699523,3796.688842397269,3555.816321939519,3549.089870090507,3683.23264320135
W318,3692.7843886709243,3623.1165588233775,3608.4618276349056,3648.0348470321455,3612.776858229974,3580.485552328936,3581.2933128774857,3607.721088879048,3587.388549536754,3540.406919385266,3538.8616517700552,3572.0589372551162,3555.6803893388014
W319,2095.5628891846623,2140.6182019205676,2121.5083433697837,2077.0474572200687,2076.441195050491,2057.8165803479387,2335.851917984101,2159.684220527652,2188.580577600126,2063.054096317911,2138.2090670834496,2144.3983577198414,2127.6819901618837
W32,4803.504398247295,4386.182730138066,4772.41036796118,4367.818852488078,4329.198967505729,4373.010424505693,4334.642026451437,4549.1088892116295,4308.155608715754,4541.896474530995,4132.095750170462,4665.663011949813,4220.772822982949
W320,1843.6983383457673,2080.8058770962693,1906.009690939287,2352.976324923369,2229.2350846854542,2221.1499185653993,1961.0983153567795,2069.0989522661516,2350.479607269648,2219.494077471399,2187.3137296040104,1952.729050972304,2201.543356054808
W321,6238.585620493635,6122.530206053578,6030.526028943669,6343.680492757443,6634.102630803216,6319.36169341673,5735.20275026647,6082.663687811233,6701.451403640114,6427.237525386995,6084.996778673968,6297.179669011278,6254.832232109375
W322,2447.186891432179,2159.0761615964657,2220.6675619061025,2397.0561183418918,2335.276532805268,2273.9831351000594,2308.689600282176,2345.8694679053897,2366.3097421974494,2462.0255836572373,2306.9951658442264,2314.3910544239293,2180.041028694378
W323,4208.844070717948,3947.905771391213,3525.821278361775,3795.714444288549,4138.4972503607605,4295.028196426102,3588.9090576355948,3610.2946630489487,3923.1488944177386,4175.389657901474,3753.4187385347327,3688.28389758319,4001.94691656673
W324,2174.4214192500945,2145.4173425734225,2342.0243089890246,2230.606347183163,2131.154765371186,2226.8229316151064,2411.9310229857083,2197.882330727625,2119.0360998967926,2303.2667581634078,2261.9536189258733,2113.8391808603956,2254.560897408631
W325,3299.8585325112444,3599.2092635311114,4087.510127277536,3543.3660754993753,3748.5129759684214,3569.792822427448,3551.238358170903,3900.5616911337347,3662.170652411881,3551.5881913816584,3364.2503911353997,4058.6656898485444,3996.5511759436445
W326,3555.8458265782447,3270.453261490617,3319.775067854228,3741.9231319376704,3822.35329841245,3636.026391963173,3269.8574527525793,3401.9874747544973,3583.975972300259,3669.2387043972176,3472.612720141842,3449.010370899455,3220.538571198027
W327,8902.615866208114,8689.455157251052,7835.030297734122,7143.5384331686555,7915.682653050141,7787.3886238957,7961.272346636393,8063.032948807104,8187.716342701237,7897.810211252411,7686.609882650443,7699.234880784719,7961.276517050612
W328,2299.718531896545,2157.681596546777,2006.2764142636815,2109.4856245476053,2102.676700825416,2177.432835090754,2183.558975018049,2145.7790215314194,2104.822213137745,2087.971279314132,2127.1877140458055,2125.687336966889,2135.3529014293254
W329,8710.7410349558,8476.462193094081,8691.288401443526,9366.81583010131,9288.656052318189,7879.0495784142995,7860.554450076326,8692.772863984124,9087.826317358082,8341.401421183858,7741.545393100741,8848.718395376785,8183.293962336557
W33,1328.0634508847666,1524.0562738759922,1653.4598549450725,1565.9379677678508,1586.9190099055409,1536.167564656149,1629.4448356574733,1527.2875482623908,1662.044364916783,1455.5706160405878,1561.7612443435714,1656.5671701329202,1540.7034915728311
W330,3135.8830835252447,3184.9583572700612,3142.7606035892554,3378.18811929347,3240.3376546791214,3145.1189388007206,3601.0717963706293,3285.526440490533,2982.565355846416,3012.978733976809,3095.803673955521,3170.2421932222446,3086.698716244398
W331,5530.932403823757,5451.476410969017,5666.3799697518325,5534.635683594258,4945.037661392963,4977.5765596358815,5470.978515255251,5803.087675268619,5588.806453461017,5026.583539587664,4862.215775777782,5372.255983277839,5808.69552548277
W332,3020.776125641865,3151.6571948970695,3279.279559136721,3772.3318221721825,3543.2920850063238,3050.5711755692114,3223.810976813938,3430.235263754157,3655.958037324151,3759.5119348761336,3264.77006597799,3339.7262770568273,3440.4561549289624
W333,2493.5686761954607,2198.1235030153957,1924.4647051842426,2166.31629604995,2480.884219628989,2172.1374026706712,2510.702820980641,2348.4165608499347,2331.681818300616,2226.1853484762037,2341.3823575198708,2200.5378201560934,2339.6874442502353
W334,3406.544118265897,3097.084077184513,3089.451684821212,3414.0786778053484,3500.049904856172,3044.4917310676365,3142.4943523771058,3349.878093520903,3337.174296565143,3073.942693367459,3099.3433824736244,3369.82453180962,3361.4227448031747
W335,3811.93663331402,3479.5851597202504,3889.227955818816,4120.054806029646,3809.237541642281,3604.538601244551,3761.0624325142117,3780.5535486128074,3942.7903662765666,3838.2974688155223,3830.8546077895685,3753.653765976295,3783.331451787079
W336,1329.4309892273661,1253.294828541927,1448.5843703525074,1635.9383780676642,1515.363101903368,1348.8961985033661,1401.621019839145,1431.898817408177,1540.3366160950657,1434.062822941328,1447.0222475312335,1472.1996782092233,1390.1767024953426
W337,1516.8545587673477,1498.2363315383623,1617.2277553406177,1737.64287756663,1536.0483829826583,1555.944369552891,1601.565300791978,1595.694692644446,1628.2875931479625,1560.2262028296245,1615.184377976816,1530.4215794773502,1601.8811399062736
W338,1910.9934858144084,2057.7976750351745,2101.219208431039,1939.918450410556,1990.0953777648738,2065.1635147836782,1928.6345109567417,1962.8846968572786,2065.4572568781823,1930.318581716645,1935.303219061474,2020.7088608686643,1973.1810531687363
W339,3683.7859037358244,3618.0480808346606,3727.0715587281566,3318.996485769303,3246.4910927151063,3716.9391093929034,3515.8808051523647,3508.828698982093,3588.029091519017,3194.7791643531486,3276.1238520140187,3190.488119566056,3419.6320331384527
W34,1375.3668691865778,1633.4033771049174,1461.2081473404185,1372.314605445638,1349.7586879076118,1381.75531122921,1522.0632256576896,1481.5895473898718,1569.7977267094916,1577.3094525630654,1404.1734160116705,1404.6303290010146,1328.3876768849893
W340,6079.198359070536,6029.846564444825,6686.982659008438,6182.490869827762,5722.818981177557,6441.272694407401,6096.387231166948,6082.215538463734,6641.371429713675,6280.994349565781,5852.367364703113,6483.215160682258,6569.963772864467
W341,5231.18592420323,5263.792230157876,5622.137297936933,5088.609105325076,4903.039269915764,4985.7804336523,5509.195574347045,5381.480932934754,5169.164808242667,4707.4198773708285,4893.744845496088,5251.995152693243,5802.323525973191
W342,1292.5542324530668,1246.1648064236256,1370.5392021549346,1324.356349853006,1270.668354411006,1349.975773726708,1323.724591008409,1304.2394113159862,1316.0401230734772,1309.290874341459,1311.1183117204323,1312.098067947941,1309.6507402816674
W343,3367.0177201982237,3086.4568988528404,3061.9323845840013,3283.404861804317,3435.123960768693,3432.6620973371632,3415.3631882463333,3406.772956682757,3422.2076502817936,3457.0710776452343,3381.881782395451,3237.926557473313,3443.184822585218
W344,3494.983104545142,3403.396517805948,3390.3371898486107,3341.582415808905,3220.0349917272474,3325.912838537307,3500.6166789897047,3352.3651849031653,3252.330027183238,3380.0041334726566,3410.2748259805126,3296.3850413147366,3378.602940975811
W345,3023.3776431017873,2693.083429518459,3052.898951958745,2978.7415256188333,3094.100139944686,2958.930967158458,2689.180433366268,2830.34655706858,3003.8402192769577,2999.8883324334,3153.4037419673928,3230.9773758974566,2915.437778132453
W346,5488.681869093689,5603.616678525258,6139.517049002012,5676.530069682409,5275.613114244739,5607.245409289555,5689.393268692383,5619.103701332151,5678.177493302787,5739.895569858848,5658.143568355709,5423.290845538477,5903.526562723877
W347,3456.8476073160537,3404.1677748454053,3462.466681124192,3848.4179187730756,3751.544755618747,3382.278420385819,3120.9363975427864,3678.28432578043,3766.4990756294596,3240.637753599129,3010.0513426700213,3761.103051189054,3727.2547089497307
W348,4050.569003541273,4099.498094489514,4152.006607081158,3683.2723789622655,3599.9080393982995,3850.5996035847384,4058.5600789951973,4218.787000940854,3824.5376327039116,3626.5970588931536,4011.0401485475622,3929.3167238510114,3998.519354933749
W349,3316.0241607265657,3368.1544778944053,3349.4145632979066,3367.833220479472,3358.1675107429637,3346.920108524542,3256.738894993103,3235.5252972661538,3225.9756664981796,3255.589617607925,3245.6521316410754,3236.682413577676,3165.9141515226142
W35,1022.961453658952,994.3489929036936,1146.347918239236,1084.1518545715192,1029.6965984518679,983.921427517185,1038.2254033861955,1104.6005408944386,963.3053302667117,1107.559108639717,978.7661622272997,1095.2311397284043,972.8499057073592
W350,4638.498520927616,4424.5355908120755,4781.237755457259,4743.420837323989,4248.2769183307255,4783.15034274425,4921.269550680737,4493.835500571026,4785.13785013788,5392.161567619762,4707.219718192876,5311.676611804971,5278.396542074695
W351,1587.1379368519174,1366.4689552939503,1494.8388848861382,1491.2687645295339,1499.4994888516326,1359.7957511178781,1341.0723373822993,1431.8012674056179,1447.4836789396436,1430.4895905408603,1426.1382908514977,1427.8361683486175,1418.8907656664908
W352,1302.061168801414,1306.998589662556,1296.4715342296415,1287.129841085537,1278.0274304873008,1268.9893905420236,1260.0152660344202,1251.104604968368,1242.256958544149,1233.471881135835,1224.748930268853,1216.0876665976966,1207.4876538837957
W353,1811.4188850361797,1821.8586290951082,1865.4507973784753,1755.020638057057,1639.3247611534018,1710.0224317821012,1586.1142821447984,1565.004676785159,1733.0442790779289,1741.0063227268097,1624.9091269475732,1599.6821513560221,1594.6084785106723
W354,3127.2282113014903,2981.769089796656,2955.7309832877927,3018.25376486603,2885.373424683305,2920.577558078829,2883.092379785864,2834.5161371741992,2793.1603589922724,3042.7313339611746,3342.942894838275,3282.318336261341,3292.537234560964
W355,2760.6634984314364,2740.3139359094093,2721.958235871234,2707.592374369714,2693.3023320891775,2679.087708878177,2664.948106697145,2650.8831296072276,2636.892383759215,2622.9754773825002,2609.13202077411,2595.3616262878077,2581.663908323211
W356,3833.721056306174,3685.4076991827123,4279.48479502097,3735.0905201396254,3556.1318171370126,3983.289411625776,3721.6699605579597,3507.111655552692,3758.2887463088573,3451.7637956576186,3536.6328126893222,3448.126834762196,3407.79069703776
W357,3477.494909067101,3139.5739346523847,3442.2728452118563,3380.903334660421,3106.0123334710856,3313.2103006253315,3455.274594529011,3088.692636737678,3281.511498454907,3545.9275620536496,3138.982145968655,3281.673955834749,3380.2465736023146
W358,5089.8526800694835,5615.311399093992,5136.596334828581,5148.568539959735,5669.631782258419,5220.979547511311,5321.778806696188,5299.363001026097,5246.90650400101,5187.962737785867,5328.344390719711,5320.293558696101,5245.942016597684
W359,3633.4622329077893,3466.2997119360725,3790.9728579676903,3671.4705694881823,3470.7830935273887,3812.8295143456035,3865.587162427883,3863.402654160192,3785.280579367283,3743.0577353288763,3506.7039182487097,3596.852875683811,3781.608236924954
W36,19527.06544295535,22992.41975131076,19359.655095232658,19312.319824550617,21171.302374716728,24013.04892284085,18827.38969445425,17686.866952364908,17703.88739683202,19326.47622542208,20388.875630822673,20843.9760987163,20898.485096944823
W37,2892.2293856021665,2908.8172404748925,2890.39229853245,2913.4148227103515,2887.8910612242685,2916.7432378393655,2903.8453763364905,2946.592421534283,2917.9419690833074,2930.654340411772,2916.860721338998,2939.6592428288504,2939.016036070041
W38,3107.6649099318724,3126.180769905121,3107.264737248087,3117.274964841539,3103.073878185344,3128.353557539941,3121.416640532449,3127.815788936906,3129.1836328719714,3133.959724354247,3133.2553743926032,3115.9315166758424,3148.0536294682533
W39,5869.580691917566,5885.037625888445,5894.152838671179,5869.976443806366,5867.9890501475575,5860.863359794363,5880.784471160845,5868.607268365694,5869.928943846156,5872.575939853206,5875.381063653367,5876.770054972173,5881.2087353924435
W4,2363.180914495373,2353.8376194468815,2561.485041784294,2430.62979367696,2355.551749114216,2472.5014381557885,2422.2880483721806,2454.8802077153614,2496.74825702123,2479.377303429047,2545.167680716731,2393.3845324986914,2424.8348166638098
W40,5866.088388101968,5882.203363266717,5894.838330497138,5863.244366548218,5859.038956542706,5862.177709273734,5853.967218415402,5883.2116770516295,5867.960795692239,5868.6402593545645,5861.6169914933935,5891.189160669654,5872.939110730942
W41,6298.827517062252,6223.518700970962,6211.478792214874,6252.611563752301,6240.589928762984,6238.834366059351,6264.49875023681,6283.955216435843,6292.272420943751,6373.365718440973,6349.93145020979,6338.747220955674,6275.606767946306
W42,6300.434060383165,6269.281069724071,6289.064262157455,6280.815542092667,6271.811733938498,6312.152180809523,6318.755018266946,6277.235305569547,6324.034300899649,6344.464454932764,6353.23125051,6346.809709554026,6340.2302380150495
W43,6314.022120091571,6243.5316225612,6224.752736993482,6288.0772514375185,6277.24265016974,6283.433141282707,6359.874356321224,6320.642878961883,6337.532337128382,6311.942622233809,6364.94676757525,6339.106609677699,6342.987682236808
W44,5865.073550697442,5888.511900578119,5884.3166964209,5858.790248383124,5853.834123537728,5854.8660319104265,5866.64312504319,5860.373432565211,5866.808439556761,5855.62611944371,5883.04867698253,5867.05187427863,5879.241057186874
W45,2929.7463836558354,2905.266183698659,2977.9247829062087,2946.2541547974565,2951.6679223324586,2943.86143021055,2907.3467918157266,3000.9046413071305,2921.1815889903273,2925.4675820378507,2942.790368709479,2951.67756144237,2937.828837359384
W46,3282.0210440913565,3276.879172877387,3297.4580317043105,3332.56821644846,3268.817146453242,3307.9018846296403,3326.811853047433,3227.4164066956137,3300.2675148335993,3309.198728836936,3267.427422303123,3308.0888891646478,3329.3653459348902
W47,2915.558591209654,2912.6053924495623,2958.64981081038,2962.627290632782,2965.737755052445,3000.8760964846047,2989.538576481711,2985.0750180433815,3007.350467314976,3002.078960961733,3001.9268915690573,2990.6819483870922,3006.4967127626583
W48,3027.2749001741804,3032.9512597658577,3022.383831351275,3033.510145907939,3001.654421308849,3033.628955351967,3026.150357458635,3033.2723947884615,3039.7336656981697,3060.619935633509,3050.110637519458,3071.2043569174302,3060.713250626651
W49,3257.1993549617223,3266.300115888498,3140.7186203662304,3271.035483485769,3255.5694484068867,3213.606316447847,3268.4943425288748,3277.535287261972,3225.1897505182937,3289.471295471186,3281.706317461278,3257.9460851754443,3287.0205660238375
W5,1331.762150681506,1326.0477511436236,1405.8909367990052,1287.0999085584558,1468.820861582972,1452.6760525789482,1326.7859519772194,1341.822362091875,1299.0298963267346,1437.7333383067034,1569.2893123443032,1398.2666777013308,1313.8268067891152
W50,3269.013510696607,3260.045972451084,3191.697731858026,3218.35936066376,3276.146419365366,3199.309170632645,3277.079698784107,3254.123931000687,3198.805340339981,3229.0607043076825,3262.706507680692,3241.463214735286,3269.2177417522435
W51,6477.241095633351,6504.1423997891825,6499.7883182088935,6479.7091759584955,6475.204230232335,6482.461431279906,6479.847721317159,6470.658180104691,6471.224392574562,6469.571035207524,6454.639851178377,6475.653523687275,6460.196292822331
W52,6977.408010356469,7169.128187146918,7122.283120851265,7111.091323077534,7172.423325734047,7167.422610114986,7193.397319977176,7172.057069950968,7224.581086827982,7192.5593664452235,7228.443580998358,7221.956589055925,7231.298286617415
W53,1966.7023940228003,1979.3998125869498,2001.4369760374532,2003.0231825520552,1996.9492074883085,2010.849587136785,2016.3234842666063,2015.9973803682985,2026.98734584079,2025.595173327403,2023.1861787360785,2023.036314535564,2027.1974200463972
W54,2453.7072144503663,2456.8662261647924,2461.2274404958425,2465.4650939813896,2448.369134995867,2427.0017403252195,2435.996383305106,2450.0063183028024,2449.4134666927707,2444.4791781241993,2432.628031511393,2427.2146444499467,2448.285857202627
W55,5162.292903853083,5188.052440611865,5292.730664331073,5143.827478460018,5192.05902463916,5287.337350739238,5217.840942952568,5195.035172278826,5264.002114329683,5135.738908929658,5052.948580850235,4970.856185961416,5060.673396644419
W56,2999.3824238077336,3033.180636130186,3024.805258745077,3092.6019047520554,3106.591906676086,3078.810850435621,3080.837599141237,3085.347697592072,3087.4312303416505,3079.315753014362,3085.0761110594053,3082.0940551816834,3079.8260994693505
W57,2063.591271419635,2071.3266672619716,2121.002373322558,2145.0230209917313,2113.684021805999,2142.041124607007,2142.211967434101,2138.325687427441,2141.528929701862,2138.6080362277116,2144.41018152861,2141.9133830566216,2147.0123821547736
W58,3444.0898629968106,3450.064311704162,3483.1009535430553,3493.021063094473,3437.83483314303,3444.7084747276135,3437.6039304615942,3464.4505434728085,3436.1669046717907,3479.057422802488,3469.0314352981404,3482.341550457225,3470.8451445192277
W59,2451.9578870241216,1936.1657581423783,1790.203538879334,1913.6129150579882,1618.3395068060406,1592.516218984975,1636.2129506224865,1476.413844711057,1555.6690520853613,1729.340263920235,1675.7114191221997,1585.1555032098106,1347.6615744918129
W6,686.2561056482493,523.0333950712347,500.69167712243575,619.6253906666014,601.9781899655476,581.248913074668,529.7774221505297,582.0199231110863,602.0327932253095,518.9278320957326,583.4132908575476,644.8112235567885,513.5381389956588
W60,9012.050679570242,8984.635407974205,8978.952241288169,8963.340624329576,8930.819851797272,8907.93724081741,8901.34308559157,8935.811884993418,8938.224648144953,8939.51695320671,8936.911707307558,8930.536315081508,8916.488284308012
W61,10178.278400938236,12277.913780235907,11565.934784282312,9737.74622292548,10380.489906656578,12916.122821661038,11932.138559791203,9866.852110362435,10699.297849236604,13698.308209601364,12323.063115560468,10083.824672278171,10788.34434526474
W62,7309.9536676864045,7242.023019737545,7332.068353846984,7300.233574939337,7347.9922166635515,7341.501124874894,7477.320129676297,7395.82590251039,7376.356684617182,7391.337533314986,7369.4070627546425,7353.322880986502,7388.082598632567
W63,6138.743619418574,6369.365006241132,6285.217649399856,6131.354070631232,6296.526762375329,6419.400358716212,6424.777158918701,6483.85063397898,6528.050829555067,6511.542881756629,6492.435385210321,6493.563581413005,6491.807207609249
W64,15562.204910649309,14319.98590952383,13166.79044698646,13981.898557939756,15087.103047784565,15093.401037529145,12997.787463294753,13778.309641103684,15093.721544309685,14655.020755488695,12818.691949937527,13575.031829711383,14555.841951443934
W65,20796.101380969307,18863.875955633135,18959.37923846927,20115.796625550916,21276.521580014098,20648.40303705023,18854.625924502394,19552.66133045326,20796.12635566944,20994.4999329032,19562.605705346832,19376.53834833685,20557.91093074495
W66,7535.691199453517,7519.555673693769,7380.67703306887,7447.116709645775,7653.445297456421,7628.668675149517,7630.689197235331,7747.628138294245,7825.0500186944255,7733.079029325021,7728.076951645131,7977.633020633426,7977.823723505832
W67,13515.261184265522,13500.930438551599,13441.067077622325,13411.398477957811,13498.344198804642,13468.648807915506,13450.71398230379,13487.369859645047,13472.9726947157,13486.886888320925,13486.130546559118,13491.772901271312,13496.712469814369
W68,6919.379411232459,6936.995933244626,6950.543192026063,6954.587239232305,6965.939396290928,6974.435145109175,6985.55809608418,6994.138952566493,7005.206687232985,7013.800605544101,7024.885176737357,7033.492159933357,7044.593571590049
W69,6927.602045931587,6940.828447419034,6946.167826684441,6952.772939591308,6960.57383379608,6966.977388857636,6974.180392519591,6981.383396225876,6988.586399976483,6995.789403771338,7002.992407610394,7010.19541149361,7017.3984154209575
W7,2454.5283002578635,2385.3273250768225,2749.78952398447,2888.9629915620976,2631.1731998462224,3034.007507906705,2655.366716579983,3331.5465138799655,3100.2365886367947,3495.585143843066,2878.5865062345847,2938.7669434613854,2973.8113008511064
W70,2572.4188621287217,2584.9865546879773,2578.652417886746,2575.2486894225676,2576.6821306418096,2570.881284507896,2565.8247116539387,2565.119966304275,2563.396759494525,2556.0801335358774,2554.740947802489,2552.0685390956833,2547.184040988361
W71,1912.4451881058305,1905.3875632039164,1897.9855357275674,1890.5931443630582,1883.2104015851517,1875.8373199173218,1868.473911932068,1861.1201902512332,1853.7761675463307,1846.441856538881,1839.11727000072,1831.802420754352,1824.497321673271
W72,1912.3658767590312,1904.8150636974044,1897.1554577328754,1889.5046907516191,1881.8627780433028,1874.229734968387,1866.6055769586605,1858.9903195177837,1851.3839782218329,1843.7865687198496,1836.1981067343997,1828.618608062134,1821.0480885743648
W73,1911.8773922563748,1904.2523300329526,1896.5928427298252,1888.9421943000345,1881.30040004307,1873.6674753292777,1866.043435600427,1858.4282963702403,1850.8220732249295,1843.2247818237668,1835.6364378996252,1828.057057259554,1820.4866557853459
W74,6908.771840836206,7191.526432956533,6728.315439965487,6045.1156588034955,6711.043275029928,6143.951493287639,6386.568627720363,6888.407845322697,6327.036388902694,6661.647886804936,6791.271665267301,6115.587034028158,6371.376912294557
W75,23898.194211711343,23921.289847092346,23907.4218972621,24306.237312951776,24292.062328343887,24550.62338395096,24290.755890898963,24841.410481493127,24372.98906995245,25347.208881131686,24502.367563771688,25371.02818359388,24841.39054803115
W76,310.4592785690049,286.71759348798037,285.3310755699152,275.69801279650613,239.8156653972837,255.62061411742036,241.00438448464575,243.76292348732673,229.5890924317313,235.2454670031192,212.84348100366347,218.4301619273144,206.76430612240554
W77,4582.549450268702,5411.505568151596,3881.3051287195017,4170.132015244468,4375.275470761332,4491.601743437036,4758.276689533792,5734.623193767487,4978.621049107966,5676.591929341871,5214.546154805916,4453.555276217861,4878.515134531053
W78,4120.199901538531,4171.419737447516,4420.207148420249,4524.316764381888,4275.194379058519,4378.7110336667365,4677.674274665258,4715.569687966769,4567.447931897253,4659.165115646946,4616.560912735694,4327.212140757292,4203.694708370326
W79,1418.9565630052991,1470.7785335467404,1356.3407279904743,1397.70350620997,1380.8452003477523,1307.513625951348,1313.4160127790165,1331.9350845733643,1307.5351425651431,1329.1819954819257,1282.8098994782092,1266.9700805615353,1269.536087340931
W8,2938.285704437698,2848.087862729322,3124.8222062393447,2997.9497243944934,2622.693055255785,2795.1354258012298,2774.765458234036,2766.336206805303,2752.267547932369,2739.2092880068412,2833.1229716352113,2942.9252233257716,2517.0384053954053
W80,1584.512330946979,1574.2982809042887,1490.797885822989,1470.645028585926,1427.3696527846578,1427.8903856114146,1453.2325704338396,1388.6674952239407,1367.6300250579945,1379.6637756262442,1383.7448217495025,1396.720624925449,1426.4745986200573
W81,24873.56961556126,24676.953426220975,24795.443287623428,25048.69696455279,24948.264859160543,24965.979818315558,24915.599568440393,25053.540087312118,25198.973223522524,25131.77011855869,25167.001501978968,25165.875641417035,25247.75754083423
W82,4424.757661942505,4430.352881868498,4435.140937515738,4439.934167771111,4444.732578226958,4449.536174481665,4454.344962139638,4459.158946811378,4463.978134113433,4468.802529668432,4473.6321391050515,4478.46696805808,4483.307022168385
W83,6013.105817958173,6043.203836844467,6128.342394244831,6181.440723671727,6151.890739837107,6180.825914862766,6172.285175427498,6188.0367512630355,6187.627619424036,6191.170718152213,6187.64494950434,6192.36242313603,6202.221393501668
W84,5970.415416551292,6005.343674277467,5982.43170092574,6016.831168568133,5991.521127319603,6024.51249548218,5999.776342537646,6033.303827778138,6008.46130055377,6041.967612070546,6017.125084633234,6050.631396437017,6025.788868787081
W85,17283.129384618354,17307.953733505743,17333.43231084037,17358.941498327647,17384.48132446224,17410.05181775752,17435.653006745797,17461.28491997821,17486.94758602461,17512.64103347387,17538.36529093362,17564.120387030383,17589.90635040954
W86,17301.5996785505,17327.47635261194,17352.96337463307,17378.48098037737,17404.02919826299,17429.60805672663,17455.217584223843,17480.85780922881,17506.528760234563,17532.230465752797,17557.962954313916,17583.726254467223,17609.52039478066
W87,1078.3736222073567,1077.1118764266564,1075.952072721637,1074.6827573134137,1073.4253299854424,1072.1693738954343,1070.914887321997,1069.6618685457472,1068.4103158493174,1067.1602275173507,1065.9116018364914,1064.6644370953945,1063.418731584713
W88,12130.975879182735,12090.130905691643,12062.765728781396,12146.60601328925,12107.45897970261,12076.62076388589,12160.27504469513,12117.207936046003,12114.96323096449,12196.691505941932,12173.582968831955,12156.945651948197,12211.368101551747
W89,1120.0539841117604,1161.2065180350385,1120.711091519856,1126.7336347316157,1126.462575450445,1120.306204708688,1110.6861889694608,1103.391225896529,1105.189680617791,1110.0987113405918,1094.6395661704971,1084.786263860227,1091.8145248581327
W9,8159.0144279107,6969.529739441256,7056.986983093527,7028.81872189442,7196.021878869266,7235.097932322199,7575.261830690885,7489.77839085803,7247.953944925533,7914.892801442785,6924.325164912042,7340.485997200579,6902.485654915617
W90,1947.3375977088992,1892.9106439228183,1918.7925666363917,1892.701304989334,1918.9831644393605,1890.5611802267808,1914.6421850694098,1890.0855121058555,1885.716024322934,1881.3074886903537,1882.6394489407971,1871.619654119064,1849.358067055064
W91,20526.781544819612,20446.84463284817,20195.121263920893,20247.60712386437,20146.959977524737,20309.19439866402,20204.320629496826,20266.53005739174,20147.173631656893,20270.271699720666,19998.4446196979,20217.360315552472,20032.038441096804
W92,24743.281178581088,24248.36901524368,23719.158950066536,23825.8009362545,23787.804531625374,23674.292777367806,23935.379573496477,23673.862866601106,23752.671098027662,23792.369654631824,23781.67135377392,23785.68541638827,23830.77747660138
W93,1743.8410712268312,1748.5730153518793,1750.5638594665868,1739.3709408914638,1738.539887692352,1752.4420408378369,1753.1515081951623,1744.8757292125592,1738.259494509128,1747.0274289730792,1751.8915284390787,1753.6432541030981,1744.5337000537243
W94,1822.9680817856756,1790.4854122002432,1817.6931798030998,1769.8993366254967,1805.6680536132146,1786.9661083877672,1796.645855995938,1754.7120571610935,1758.8664933976893,1721.4346853587701,1755.983296256079,1754.6284978034314,1743.9702874870718
W95,1631.509840655241,1664.5185602076722,1647.2247172641153,1643.7129226133632,1612.3060704345842,1636.2915604790333,1588.845022506827,1629.3468123405073,1600.288015646405,1642.1138262702707,1586.7378830897067,1616.2866076333285,1595.4766957619634
W96,11397.649885931922,11432.059171284254,11442.856945617586,11376.81341369435,11358.481225219506,11459.751104475927,11498.540046046399,11423.118861157747,11433.44676494149,11516.28801990514,11514.232189881008,11477.369571483434,11474.140558577768
W97,441.86143455615695,474.8502871473378,507.8296318142892,506.5937935286368,507.6095084554997,497.50500947750936,499.82400715209985,494.3452574550113,502.3373730127356,488.74174005152446,511.1889442769661,481.63699216080295,467.57289694851687
W98,603.9147558956246,621.6540100553229,649.4221939429551,631.4307748617895,626.8637007112329,631.961850447113,615.4345415296494,602.2649091122004,600.0552344329553,622.830348880048,643.3940082523217,613.4435671928064,607.3656809648419
W99,15047.500968693003,14958.379937260219,14978.619493330081,15063.894142723684,15054.515915518661,15049.105094784949,15096.157122791396,15083.287773112215,15046.573908631552,15113.434772579629,15126.543026551151,15100.41056472727,15121.42156965413
