2.073966972298681849e-02
3.632869185377634452e-02
1.845136941397600844e-02
5.466291248116464732e-03
9.531677296938862939e-03
2.832159274334527382e-02
1.982186218334731215e-02
1.198106626061817143e-02
3.341876235700243745e-03
1.370340396694555256e-02
5.299871808985686869e-03
5.657160964619928692e-03
2.305960404263085739e-01
2.272466537117083171e-02
5.419506510202887900e-02
5.100857276361179908e-03
2.880976595271017224e-02
3.854932162411721375e-02
3.273024365165520810e-02
3.060825143507071508e-02
1.420971083658120575e-02
6.966330993267885220e-03
1.376874435588226753e-01
2.748551354551411266e-02
1.309990878349343579e-01
1.064608267294776638e-02
1.345258824550284449e-01
8.125287857860900853e-02
1.560261620435990024e-02
1.566077681502202681e-02
8.081283082940751358e-03
1.410035153298027852e-02
2.870963787881551654e-02
2.094629350847391006e-02
3.056138332562159665e-02
8.913632646494121584e-03
3.349450738648914079e-03
1.427799317352017837e-02
5.611043201571455294e-03
7.499332193513230660e-03
2.190196018520717755e-02
2.343588015241102399e-02
6.183967998392351714e-03
6.366143084274016040e-02
4.640568543424364312e-02
3.751546152508199866e-02
4.380977076332549097e-02
3.843243709935465630e-02
1.259738324081636704e-02
5.813696413006640314e-03
7.441937217329110121e-02
7.558138854987735133e-02
1.290403914912295093e-02
2.652380558980749203e-01
1.477248590573130294e-01
2.397209252697049195e-02
1.644125007560357787e-01
1.841854287983848634e-02
1.488498133026569525e-02
1.659164191496166271e-02
2.980701436547853259e-02
4.088874353053836841e-02
1.511280214101168480e-02
1.607855779363241699e-02
6.438359357665786147e-03
1.128851415441630909e-02
4.553684890960319961e-03
1.661190451151529357e-01
6.702933195408168274e-03
1.079892181180994344e-02
2.829608897717872731e-02
3.470581131356809818e-02
9.411347721068361732e-03
2.354267214731497332e-02
1.955577235961186711e-02
1.977879144649781484e-02
3.886149941952432574e-02
3.324357251796014601e-02
1.424387836059986222e-02
2.101342978311972892e-02
1.611239083073016942e-02
9.654050051573770386e-03
1.090772198219987776e-01
6.750548669368908704e-03
1.185180601147861265e-02
1.114448660898934712e-02
2.467033304157397952e-02
2.098065607404231425e-02
4.120365578755418555e-03
5.980119430542821940e-02
1.516496480098727603e-02
1.316212388890703085e-02
1.084169353114031453e-01
1.820200852174949299e-02
9.041324549932892515e-03
9.552926074568672196e-03
8.445976744122408661e-03
1.365085031097141091e-02
1.804320998338682092e-02
9.709887007576609164e-02
3.171193972850833154e-01
2.487329716756515180e-02
8.359685203299949130e-02
6.338526144275904994e-02
2.197513419607917753e-02
7.718039864591179355e-02
5.679196432204666051e-02
3.337937411248412256e-02
2.064706937088978816e-02
5.905081774721084725e-02
7.075019689367798015e-02
2.239453902189277382e-02
2.282255554608935699e-01
9.609252632889066226e-02
4.560591345201128743e-02
2.173153382930069141e-02
1.351426240986541571e-01
9.562863110317924506e-03
7.434345788407346889e-02
1.105743512691058777e-01
2.672641518518768522e-01
1.111396967388369461e-01
4.109825093662922840e-02
2.328392238122569680e-01
1.547022264027494709e-01
8.461610342975519131e-03
3.192817560412622435e-02
5.104603874741479863e-02
5.284896139868187903e-02
3.161272922919706324e-02
2.386420986361076010e-02
2.699177676901996087e-02
3.295903407481854536e-02
2.323697032658034872e-02
1.700622282753770365e-01
7.122453912910007949e-03
4.018226984271784652e-02
7.211388526375440977e-02
3.228997095253039601e-02
7.600536078127032025e-02
9.997957521835759698e-02
1.283216357362233773e-01
3.911806537570917952e-02
7.428738603208465130e-02
1.024498481701804908e-01
2.889386605163293265e-01
1.082254708687413608e-01
3.503234796622252678e-01
1.377087279452751389e-01
1.194707060635269436e-01
2.462665754794980955e-01
2.443159290310883691e-01
5.593874275403099006e-02
1.153421424306745602e-01
2.757865084766115138e-01
1.240678565822375123e-01
4.010557280582652262e-01
1.620230720083609688e-01
1.394853612545561006e-01
8.676404806109519474e-02
5.223644806120442130e-01
3.437823321152554401e-01
6.047636610015974523e-02
1.565989533936402722e-01
2.540078647328976036e-01
2.257576569596307300e-02
3.749038165657676835e-02
2.535735903221698062e-01
3.110251779810773581e-02
3.530806265704308777e-02
1.675290996152803760e-02
1.562834500271879229e-02
1.264567825295908471e-02
3.939605326680318403e-02
1.444626656294172584e-01
1.132637501713971637e-02
6.474357125639323973e-02
2.126683197977549677e-01
1.870359432049808757e-01
1.806955363556597138e+00
1.010168230552710260e-02
1.254105739021166635e-02
1.978191465136214522e-01
1.065128479888220875e-01
6.357709320665859420e-02
5.565540294335520610e-02
2.072930333113143786e-01
3.878812490170795158e-02
4.757090930639817222e-02
1.440865187352837751e-01
2.106783811396541542e-02
2.369492539589714356e-02
1.443032451642181288e-02
3.020439587855868607e-02
1.257749901724884711e-01
1.357848353707992728e-01
4.259397241430785963e-02
3.638871868041303886e-02
3.960734165461404083e-02
8.968727937410506112e-02
4.366802269201008335e-01
1.011916520319668285e-02
5.874953844285798338e-02
1.695541818982590834e-02
4.869488976254217338e-02
3.256774802844659977e-02
1.465537212559153146e-01
2.751534208721244379e-02
3.230588576032349807e-02
9.939519857418820797e-03
1.485231248057988784e-02
2.484920090439884099e-01
4.777679344976171888e-02
1.028242208238639016e-01
7.640731189231304843e-02
1.298099938068197345e-01
2.078510772042310439e-01
2.343792641908122865e-01
1.206695099203975302e-01
1.275168440938674597e-01
1.403148317574635651e-01
1.087663475070020092e-01
1.677119240126916794e-02
1.590708012408738881e-01
1.181512888304891012e-01
1.218855367810236234e-01
1.242736174703739371e-01
1.176105602350267509e-01
1.295413252076204613e-01
1.500991239883051331e-01
1.557337756180669774e-01
1.044368574206137185e-01
1.228841988415816239e-01
1.749314658236112152e-01
2.680940835176834902e-01
2.349825607168102848e-01
1.312663695091504656e-01
1.568924990270458286e-01
6.587765670070978852e-02
1.599215680807415663e-01
8.939495014074269608e-02
1.305588874855714288e-01
1.464401705112520213e-01
1.049571814473831133e-01
1.596539539969117072e-01
1.439193716799554157e-01
3.206394532365733907e-01
1.024106294723106797e-01
1.257142904661088800e-01
2.651732296260176924e-01
2.250013046591871624e-01
7.681527609356986197e-02
1.459307420282409673e-01
1.597796205491951449e-01
1.719436656971910227e-01
1.864614815451506036e-01
1.431359867852526890e-01
1.416701174202574798e-01
1.638290499338502793e-01
1.165751432103332430e-01
2.345243925160428733e-01
1.745589022896624765e-01
2.118516505842166775e-01
2.353355424623189418e-01
1.743398858940031770e-01
2.262812056413647521e-01
1.205237189588520413e-01
1.993870734349999230e-01
1.585213280963202742e-01
1.470863749064371395e-01
1.320859986017361154e-01
1.721414077930182029e-01
1.274067954025470129e-01
2.551033823812048906e-01
1.163375014441291044e-01
1.279684424801963705e-01
1.463751836073688417e-01
5.729825156208420145e-01
2.175449657955522698e-01
4.841190295198070648e-01
1.418143666384983625e-01
9.774292918774428740e-01
1.310313162292103817e-01
1.832293849718626688e-01
3.448370048308687097e-01
1.256723235016035944e-01
1.106153512566826064e-01
1.593758581287819387e-01
2.057643636040588364e-01
1.567581719109531757e-01
1.945111263688462447e-02
1.753018586527651732e-02
1.720678111485681588e-02
9.326447452310213104e-02
1.708839110009408024e-02
2.031189993620637069e-02
2.051181642331826108e-02
2.040027290364429188e-02
1.697521672660982917e-02
4.505900965705107036e-02
7.001178718173130255e-02
4.486725601615227516e-02
5.065062771235720462e-02
2.964998490936759587e-02
2.482942449924248896e-01
2.962176431025716206e-02
1.964201935830722431e-02
3.120386809241218126e-02
7.832025290103415693e-02
9.807569037686699603e-03
4.365367604037195814e-02
1.801818678264486551e-01
3.527782936697122507e-01
8.429215299307785125e-02
2.169636737331226695e-01
2.136868334878608000e-01
4.303591629930655915e-02
3.517875105652833179e-02
3.257347460556271612e-02
3.153138765978005797e-02
5.887624137444215366e-02
5.046794997232587066e-02
1.807817869381155018e-02
2.971240669424947758e-02
5.517429802617188767e-03
6.405444211326763101e-03
4.486047575029238343e-01
4.518410940950907950e-02
1.536324233893548996e-01
1.412669597685169698e-01
1.413619598922868370e-01
1.907179682825142220e-01
3.057961013725470079e-02
4.656480479952682661e-01
2.300225439843490982e-01
2.300052956571627394e-01
2.487468052928772932e-01
3.369624918079443532e-01
1.960170626560265028e-01
2.851092348854093045e-02
6.024484114615530697e-03
6.903046107428247209e-03
8.158921501216730848e-03
7.599935904883756838e-03
8.131317940254160007e-03
5.289237979834796044e-02
3.637110197261814344e-03
8.830405396625357062e-02
1.023887761346444075e-01
1.853466963104633339e-02
1.913506393641726394e-02
5.032635510128191658e-02
6.934263725087964035e-03
9.819407821260689451e-02
1.006791129842295601e-01
7.518697802522903567e-03
7.748317255600833953e-02
5.269340567408758308e-02
2.304302348439899242e-02
