6.498399504437829544e-01
2.083337967894266729e+00
1.685533726027876433e+00
5.264270835550182159e-01
1.899469789405395348e+00
1.453207492795250522e+00
5.184252450912479881e-01
5.705200965926726653e-01
9.289919651301636883e-01
5.736717490773906025e-01
1.071148833543143386e+00
7.157853671854801370e-01
3.141459689921688891e+00
7.451251076452681810e-01
8.325008834156888415e-01
1.298950504480951063e+00
1.679506773898149730e+00
1.137543181272384185e+00
3.658246320244906702e-01
5.497408685676276052e-01
1.253285866336196319e+00
4.723712647695383904e-01
2.712497482962801243e+00
4.794013164917064196e-01
1.655064893190209663e+00
7.728315443837376897e-01
1.335925805398803012e+00
1.131152219166033035e+00
1.040944742702594183e+00
1.257179927699001443e+00
5.380104395456349886e-01
6.942059833744819164e-01
5.822485440455805739e-01
7.796612505511472113e-01
7.942628872657016004e-01
3.874151303303124405e-01
6.315522704079253868e-01
1.687527946092034492e+00
1.165920752795573501e+00
5.016602847171103274e-01
5.514506334894054840e-01
1.835706912490298937e+00
5.186376010127249359e-01
4.652013122069067474e-01
6.206630615972675846e-01
1.272450311172844462e+00
1.209024182145511661e+00
1.431802451406928967e+00
5.629668686157147661e-01
1.148040640877447283e+00
7.929255317796355396e-01
5.588322117376662845e-01
8.877686666200391707e-01
1.147155129612071223e+00
5.646454925681270165e-01
8.990545602922798141e-01
8.522126709738618855e-01
9.481987335235192438e-01
1.452120275283232953e+00
4.936448914550269906e-01
1.514935929697764694e+00
5.244408445064756563e-01
7.288574268529465217e-01
7.647252717631484176e-01
7.182812057178123988e-01
1.416448272539077236e+00
1.288232213765805101e+00
7.791232410707580325e-01
1.415083248283345085e+00
1.039410418527976887e+00
1.300936937886663092e+00
1.056114720260748818e+00
1.557792006541758534e+00
9.274988156637001824e-01
1.253387544719060109e+00
1.074483110336394764e+00
1.248742246275014844e+00
1.167929388068801755e+00
1.035022355829909202e+00
3.563957080520761878e+00
7.131022067617229787e+00
5.701651589802987807e+00
4.782701473957896354e+00
4.561366084663495357e+00
3.297700413525118446e+00
5.134362758770788737e+00
2.986683003990286522e+00
4.974209326345282456e+00
4.423794340189998842e+00
7.151363987197105754e-01
3.615359791799251266e+00
3.937016486459978815e+00
8.533155801957637010e+00
4.596950423486383386e+00
2.157109604000050140e+00
3.839826808749766229e+00
2.587639966562765181e+00
4.720285422419580712e+00
3.841400961511253431e+00
5.231527540217575378e+00
5.216682415457793986e-01
5.117892304931610958e+00
3.401930715479655198e+00
4.042103226052293330e+00
4.434131586957146709e+00
4.014589681471615989e+00
2.607834506324429036e+00
2.849606740737075761e+00
4.867791519926594646e+00
4.445969464271314564e+00
3.604884807755384113e+00
1.796559263655358452e+00
5.955769797728313053e-01
5.131400943863153152e+00
3.279386855586459149e+00
3.757659313431233716e+00
5.293900009095915848e+00
4.197353835083955431e+00
5.620219583672005470e+00
3.481704968355409324e+00
2.931195379092850661e+00
4.998189229240663778e+00
1.094496185519025744e+01
9.291863641906579208e-01
6.516929250929808681e+00
5.172006171436914101e+00
3.350601050045557194e+00
5.329956520012686383e+00
4.988635049745930417e+00
5.253906543895999981e+00
4.128817227079492724e+00
3.972907622386286697e+00
4.654217080783668692e+00
5.718351027362843730e+00
1.705183063023616885e+00
3.198254007789488984e+00
4.638842009045830217e+00
9.654168559331985922e-01
5.214222458320599829e-01
4.051804592933316407e+00
4.599365398706360963e+00
3.430101281266677127e+00
3.609352989154245961e+00
1.906825394522950035e+01
7.435345637741123781e+00
4.905282969640159529e-01
4.161178698380818552e+00
3.749324797373454476e+00
5.034181636609423194e+00
2.511885427884287925e+00
2.697648889253377646e+00
3.733189590224880394e+00
1.565181519032806889e+00
7.429409585155759999e+00
2.032796574531861467e+00
4.755034475755525847e+00
1.211598937253240971e+00
8.982557860779213366e-01
6.797421049296004547e+00
6.055705869447042922e+00
4.255833640776545579e+00
4.416540313636090898e-01
5.984786346457854123e+00
4.247965214887275742e+00
4.239028904762057515e+00
3.659382449887135902e+00
4.026517242640530903e+00
1.586203157392436891e+00
4.560389166496267244e+00
3.633944677078388530e+00
2.731083208680365804e+00
7.736209079470454775e+00
4.788113541586983324e+00
4.226312606699679009e+00
2.556932615746633886e+00
3.240027617547869720e+00
3.962787718472745802e+00
3.758004982747444433e+00
7.302346376988653187e-01
4.281473530330902832e+00
2.371553721810407112e+01
5.889931544785453887e+00
6.094237607532721590e+00
1.529098706381958106e+00
4.963839407290683958e+00
1.706629910070344813e+00
4.246801148682440186e+00
4.492785289219368927e+00
9.682614615245205059e+00
5.244726048644677840e-01
3.073748087722726563e+00
1.106437098464720048e+00
6.459971626802268885e-01
3.145460739820708174e+00
1.733912592484580628e+00
2.271902803786717051e+00
1.840427561568821258e+00
4.226994875808545160e+00
2.628757158176732389e+00
6.002206840603890647e+00
9.328831628443129409e-01
1.128643307131688811e+00
4.105931779718527075e+00
5.979627094951524668e+00
3.827984193268644031e+00
3.771005897272408980e+00
5.715973451353954182e+00
4.106635931336741763e+00
1.897680332884044141e+00
4.612136740142136482e+00
3.839004424082264055e+00
1.037558441075608018e+00
2.264975284386080201e+00
6.233647031080990608e+00
3.412736775896747510e+00
2.943353689303821685e+00
5.858343488291095191e+00
6.812674544005257182e+00
4.889447664927047299e+00
2.559840034452451007e+00
4.375497123841793901e+00
5.171017627107619141e+00
1.767474158355627267e+00
1.055805366788903576e+00
3.846424295201848143e+00
4.850023257486467010e+00
3.452750129041159077e+00
6.313992329967632600e+00
4.044224843025327587e+00
3.647986337527164835e+00
3.510720552498038494e+00
3.144264953735032897e+00
3.155824871577541213e+00
3.515251800396315573e+00
1.108929637916331146e+00
3.679843450826444595e+00
2.649645124837649135e+00
2.905406426933230701e+00
6.847841741165775709e+00
8.267182951570644533e+00
8.477180518387820385e+00
9.724850464988483267e+00
2.595063618786705106e+00
5.299810673309590214e+00
4.785442169292900338e+00
1.045863850133891049e+00
3.392792798207656890e+00
5.873220003088560404e+00
2.232752545251779352e+00
3.933948465177445009e+00
5.941705904622576639e+00
4.589675639291977305e+00
4.467961860635013771e+00
3.739461329885975349e+00
3.947168478734111918e+00
8.122525502954939247e-01
2.529641278686186823e+00
8.871569381514448072e-01
1.166834192673156023e+00
6.587409943305071458e-01
9.625397386800939037e-01
9.889857192467841340e-01
9.277356539551989689e-01
2.783296851909843883e-01
1.128562352609921104e+00
6.321901496136471676e-01
2.926054678585636726e-01
2.223805152824686715e+00
5.917722101230968867e-01
1.666856131239629057e+00
1.758798254644360126e+00
1.538298697469551390e+00
7.975975467839662159e-01
8.936923178831190917e-01
9.186456958199736844e-01
1.353349888702868986e+00
8.663102021069284397e-01
2.599140010228375264e+00
1.289361245505314946e+00
1.341334653206031069e+00
9.171306846088947973e-01
8.232018882777859536e-01
5.984568208691075641e-01
1.574482419375719200e+00
8.496859605133689763e-01
9.304690241173411147e-01
6.581078572548640926e-01
8.494218608083305977e-01
8.650341554892534424e-01
1.228381336848983985e+00
3.902949833880335340e-01
1.121961358965493094e+00
4.798916921087961196e-01
8.491563664402432821e-01
6.497114398958281356e-01
7.755953415754455182e-01
9.270869945959281377e-01
8.857237832945137335e-01
1.049525748464405162e+00
9.817563445346823015e-01
2.787706710821977740e+00
1.070551234488908099e+00
8.066049703600397525e-01
7.361529917455115202e-01
7.067573589736283468e-01
8.162570362383866351e-01
1.039538292716377432e+00
1.565993280471188243e+00
1.316006729649468410e+00
6.561116234257993174e-01
9.635591208660472251e-01
1.806632560905534035e+00
8.566497088348428157e-01
1.230932219034928110e+00
1.039210140251645598e+00
6.814872160763363329e-01
7.177003011380729269e-01
8.581829992509486527e-01
1.158532607491771227e+00
9.536516466498746736e-01
1.213460870503829891e+00
8.224122356080668661e-01
1.054647538408003404e+00
9.330807272994826596e-01
9.886375400140373637e-01
7.468959046881923358e-01
8.103614777817944592e-01
1.163906229006405946e+00
1.184476847994348825e+00
1.711897807377210645e+00
9.111368719940314831e-01
1.374651075775352504e+00
1.474387292345849865e+00
1.539825230781066256e+00
6.715688168662704571e-01
8.561643854852822866e-01
1.027972397215598965e+00
6.555786539060404206e-01
8.639445229171841545e-01
6.740501592885809190e-01
9.055772226778012746e-01
5.062384748266386403e-01
9.481619434721910711e-01
1.599010607602375345e+00
9.204150920446901862e-01
1.432380311282198893e+00
1.157555630022460313e+00
7.419602972541516905e-01
9.070747073126020910e-01
1.102752517874953542e+00
6.204235743853935281e-01
7.479916729254386665e-01
6.824470206689053908e-01
1.753568048092580156e+00
6.463893853456292860e-01
6.797452364939485792e-01
6.396615617227053852e-01
1.327878876648953321e+00
1.303060515772690886e+00
1.105635872246182094e+00
9.780864890370243314e-01
6.774384213386140940e-01
6.038669368554264727e-01
7.778194877850482802e-01
3.793112408889398601e-01
1.666624899854986186e+00
1.922492371158716740e+00
7.761576272209593785e-01
9.778042759932125128e-01
1.055098125688196387e+00
1.048051437945661135e+00
3.173043275033800015e-01
1.376560165309157924e+00
1.809105489596591232e+00
9.441599152413132634e-01
6.508086654810764093e-01
7.692054151009604102e-01
1.960269736894983961e+00
8.012622012096958235e-01
1.108487309224484685e+00
7.724099527940941901e-01
7.647553404098788032e-01
3.709466918288233828e+00
4.206526953749808451e-01
8.114377650872387493e-01
1.255351223101769387e+00
6.029129117127317583e-01
9.968651936805951186e-01
9.560680133992133234e-01
1.103010934914205210e+00
9.786733510620809762e-01
6.892642235506745152e-01
7.277410120303701158e-01
4.426982059799048908e-01
5.403201844806072573e-01
9.236646826821769407e-01
8.856102175498292706e-01
2.660119121120602337e+00
1.881298737325441506e+00
6.568808991603051206e-01
1.037820054693573635e+00
5.471103715507100729e-01
9.679208332637356804e-01
9.829857317563462926e-01
4.734136851748255159e-01
5.849960938640917929e-01
1.015071349987651139e+00
1.327448506140312290e+00
1.155035695739457635e+00
1.088291302826061235e+00
3.072342473499869442e+00
8.151304576730272755e-01
3.358161010630366650e-01
8.260387490711806890e-01
