2.032152414321899414e+00 1.452636718750000000e-02
1.939049959182739258e+00 1.422047615051269531e-02
2.301440477371215820e+00 1.414680480957031250e-02
2.103807449340820312e+00 1.479125022888183594e-02
2.218899726867675781e+00 1.416420936584472656e-02
2.722074031829833984e+00 1.399230957031250000e-02
2.204277992248535156e+00 1.417183876037597656e-02
2.104997158050537109e+00 1.393151283264160156e-02
1.991343736648559570e+00 1.433086395263671875e-02
2.008052587509155273e+00 1.398491859436035156e-02
1.971879959106445312e+00 1.437735557556152344e-02
2.149937391281127930e+00 1.374387741088867188e-02
2.620336055755615234e+00 1.860952377319335938e-02
2.200434684753417969e+00 1.354312896728515625e-02
2.053609132766723633e+00 1.401948928833007812e-02
2.391462564468383789e+00 1.490044593811035156e-02
1.957737207412719727e+00 7.704734802246093750e-03
2.598777532577514648e+00 1.496410369873046875e-02
1.947258710861206055e+00 1.390480995178222656e-02
2.311444044113159180e+00 1.375699043273925781e-02
2.001487016677856445e+00 1.447319984436035156e-02
2.407554626464843750e+00 1.293444633483886719e-02
2.302690744400024414e+00 1.446580886840820312e-02
2.407642364501953125e+00 1.364445686340332031e-02
2.626610040664672852e+00 1.383566856384277344e-02
2.257870674133300781e+00 1.381254196166992188e-02
2.452447652816772461e+00 1.425862312316894531e-02
2.640013456344604492e+00 1.353573799133300781e-02
2.684980869293212891e+00 1.351380348205566406e-02
2.689133405685424805e+00 1.564812660217285156e-02
2.538991212844848633e+00 1.499962806701660156e-02
2.752872467041015625e+00 1.349925994873046875e-02
2.151665925979614258e+00 1.422977447509765625e-02
2.272982358932495117e+00 1.373791694641113281e-02
2.213842391967773438e+00 1.415610313415527344e-02
2.289659023284912109e+00 1.409459114074707031e-02
2.265499114990234375e+00 1.334476470947265625e-02
2.259413719177246094e+00 1.409411430358886719e-02
2.214688539505004883e+00 1.386904716491699219e-02
2.207233905792236328e+00 1.403856277465820312e-02
2.298811912536621094e+00 1.409125328063964844e-02
2.259786605834960938e+00 1.405620574951171875e-02
2.335957288742065430e+00 1.421666145324707031e-02
2.310325384140014648e+00 1.381611824035644531e-02
2.284665822982788086e+00 1.411962509155273438e-02
2.321232795715332031e+00 1.414680480957031250e-02
2.263736248016357422e+00 1.399898529052734375e-02
2.217699289321899414e+00 1.365470886230468750e-02
2.321348667144775391e+00 1.428008079528808594e-02
2.301926136016845703e+00 1.441550254821777344e-02
2.287633895874023438e+00 1.451325416564941406e-02
2.301940679550170898e+00 1.336383819580078125e-02
2.233986139297485352e+00 1.356840133666992188e-02
2.313237667083740234e+00 1.371335983276367188e-02
2.277443647384643555e+00 1.270675659179687500e-02
2.231138229370117188e+00 1.425933837890625000e-02
2.505966663360595703e+00 1.519417762756347656e-02
2.226180791854858398e+00 1.347112655639648438e-02
2.262903690338134766e+00 1.322650909423828125e-02
2.312900543212890625e+00 1.297807693481445312e-02
2.278726100921630859e+00 1.338171958923339844e-02
2.239850759506225586e+00 1.365494728088378906e-02
2.484552145004272461e+00 1.408004760742187500e-02
2.327980756759643555e+00 1.346349716186523438e-02
2.226141691207885742e+00 1.283431053161621094e-02
2.265502691268920898e+00 1.359820365905761719e-02
2.202938556671142578e+00 1.407384872436523438e-02
2.256398439407348633e+00 1.359653472900390625e-02
2.205296754837036133e+00 1.298952102661132812e-02
2.255918264389038086e+00 1.405358314514160156e-02
2.252413988113403320e+00 1.514244079589843750e-02
2.234510660171508789e+00 1.291418075561523438e-02
2.324888706207275391e+00 1.411342620849609375e-02
2.303834199905395508e+00 1.420474052429199219e-02
2.311039924621582031e+00 1.334309577941894531e-02
2.336708545684814453e+00 1.362061500549316406e-02
2.288524150848388672e+00 1.344609260559082031e-02
2.237138509750366211e+00 1.350450515747070312e-02
2.272573947906494141e+00 1.474142074584960938e-02
3.168321609497070312e+00 1.323556900024414062e-02
3.004990100860595703e+00 1.426744461059570312e-02
3.032222032546997070e+00 1.389193534851074219e-02
3.125285625457763672e+00 1.363039016723632812e-02
3.033999681472778320e+00 1.344633102416992188e-02
2.984601497650146484e+00 1.364207267761230469e-02
3.148101568222045898e+00 1.323080062866210938e-02
3.112534999847412109e+00 1.388859748840332031e-02
3.011292695999145508e+00 1.408958435058593750e-02
3.029229402542114258e+00 1.349616050720214844e-02
2.270474195480346680e+00 1.424598693847656250e-02
3.137891769409179688e+00 1.514720916748046875e-02
2.971843957901000977e+00 1.537752151489257812e-02
2.881671428680419922e+00 1.369261741638183594e-02
3.381950855255126953e+00 1.556158065795898438e-02
3.103178977966308594e+00 1.460790634155273438e-02
3.369515419006347656e+00 1.397180557250976562e-02
3.016232728958129883e+00 1.403951644897460938e-02
2.870206594467163086e+00 1.412224769592285156e-02
3.108400106430053711e+00 1.369214057922363281e-02
3.089874982833862305e+00 1.449513435363769531e-02
2.231412649154663086e+00 1.331377029418945312e-02
3.042983293533325195e+00 1.332545280456542969e-02
3.089583396911621094e+00 1.404261589050292969e-02
2.990894079208374023e+00 1.361846923828125000e-02
3.391130685806274414e+00 1.395893096923828125e-02
3.106933593750000000e+00 1.395583152770996094e-02
2.956785678863525391e+00 1.323342323303222656e-02
3.057858228683471680e+00 1.324725151062011719e-02
3.395139694213867188e+00 1.377272605895996094e-02
3.086083412170410156e+00 1.353192329406738281e-02
3.124700546264648438e+00 1.368546485900878906e-02
2.314461231231689453e+00 1.369190216064453125e-02
2.273187160491943359e+00 1.403212547302246094e-02
3.167651414871215820e+00 1.480174064636230469e-02
3.122493743896484375e+00 1.286196708679199219e-02
3.170585155487060547e+00 1.369667053222656250e-02
3.023113489151000977e+00 1.463651657104492188e-02
3.198278665542602539e+00 1.371741294860839844e-02
3.009917736053466797e+00 1.478123664855957031e-02
3.164776563644409180e+00 1.341509819030761719e-02
3.065081596374511719e+00 1.377725601196289062e-02
3.008358478546142578e+00 1.340770721435546875e-02
3.068727016448974609e+00 1.460433006286621094e-02
2.281167507171630859e+00 1.330351829528808594e-02
3.134229660034179688e+00 1.525020599365234375e-02
3.143548011779785156e+00 1.340150833129882812e-02
3.372846841812133789e+00 1.448798179626464844e-02
3.376835584640502930e+00 1.417613029479980469e-02
3.016986846923828125e+00 1.352667808532714844e-02
3.021308660507202148e+00 1.388025283813476562e-02
3.142338514328002930e+00 1.398468017578125000e-02
3.032530069351196289e+00 1.351690292358398438e-02
3.061732530593872070e+00 1.329135894775390625e-02
3.147760629653930664e+00 1.402544975280761719e-02
2.235617637634277344e+00 1.311683654785156250e-02
3.109673976898193359e+00 1.369786262512207031e-02
3.127872228622436523e+00 1.389503479003906250e-02
2.978232145309448242e+00 1.327753067016601562e-02
2.984464168548583984e+00 1.401472091674804688e-02
3.029812335968017578e+00 1.310014724731445312e-02
3.121650457382202148e+00 1.356768608093261719e-02
3.041974544525146484e+00 1.375794410705566406e-02
3.004149913787841797e+00 1.357388496398925781e-02
3.372324228286743164e+00 1.362824440002441406e-02
3.368206024169921875e+00 1.309800148010253906e-02
2.199023962020874023e+00 1.359915733337402344e-02
3.162067413330078125e+00 1.340913772583007812e-02
3.247460603713989258e+00 1.251149177551269531e-02
3.318777561187744141e+00 1.364946365356445312e-02
3.126863956451416016e+00 1.414275169372558594e-02
3.101300954818725586e+00 1.414322853088378906e-02
3.134646415710449219e+00 1.493692398071289062e-02
3.077533245086669922e+00 1.352787017822265625e-02
3.208741664886474609e+00 1.407456398010253906e-02
3.079224824905395508e+00 1.393651962280273438e-02
3.223387241363525391e+00 1.362156867980957031e-02
2.310689449310302734e+00 1.346087455749511719e-02
3.261330127716064453e+00 1.339578628540039062e-02
2.963191509246826172e+00 1.354742050170898438e-02
3.030234575271606445e+00 1.333093643188476562e-02
3.521416187286376953e+00 1.483488082885742188e-02
3.485327005386352539e+00 1.530337333679199219e-02
3.128433942794799805e+00 1.388454437255859375e-02
3.270821571350097656e+00 1.536870002746582031e-02
3.106838226318359375e+00 1.377606391906738281e-02
3.211549758911132812e+00 1.355051994323730469e-02
3.234247446060180664e+00 1.336908340454101562e-02
2.389369010925292969e+00 1.345324516296386719e-02
3.279523134231567383e+00 1.530361175537109375e-02
3.163050651550292969e+00 1.354384422302246094e-02
3.173002719879150391e+00 1.338005065917968750e-02
3.116438865661621094e+00 1.396107673645019531e-02
3.144180059432983398e+00 1.317095756530761719e-02
3.128427982330322266e+00 1.387834548950195312e-02
3.140253067016601562e+00 1.350569725036621094e-02
3.231158256530761719e+00 1.425075531005859375e-02
3.518497943878173828e+00 1.376771926879882812e-02
3.508938789367675781e+00 1.305198669433593750e-02
2.414836883544921875e+00 1.319932937622070312e-02
3.037914037704467773e+00 1.351857185363769531e-02
3.058064222335815430e+00 1.410531997680664062e-02
2.948127746582031250e+00 1.345682144165039062e-02
3.116567850112915039e+00 1.274895668029785156e-02
2.846432447433471680e+00 1.397013664245605469e-02
2.972326517105102539e+00 1.320672035217285156e-02
2.878647327423095703e+00 1.381492614746093750e-02
3.133945941925048828e+00 1.349878311157226562e-02
3.090234041213989258e+00 1.335263252258300781e-02
2.906542539596557617e+00 1.310372352600097656e-02
2.198909997940063477e+00 1.324057579040527344e-02
3.097334146499633789e+00 1.337313652038574219e-02
2.972513914108276367e+00 1.299142837524414062e-02
3.108615159988403320e+00 1.382279396057128906e-02
3.364271640777587891e+00 1.470208168029785156e-02
2.864454269409179688e+00 1.377129554748535156e-02
3.179568052291870117e+00 1.447772979736328125e-02
2.977097988128662109e+00 1.349067687988281250e-02
2.968374013900756836e+00 1.378202438354492188e-02
2.959930658340454102e+00 1.473402976989746094e-02
3.075781106948852539e+00 1.339745521545410156e-02
2.231687068939208984e+00 1.337695121765136719e-02
2.837860584259033203e+00 1.363515853881835938e-02
3.091301918029785156e+00 1.410627365112304688e-02
3.130483865737915039e+00 1.350808143615722656e-02
3.033473968505859375e+00 1.373267173767089844e-02
3.122506380081176758e+00 1.328492164611816406e-02
3.077438831329345703e+00 1.356244087219238281e-02
2.992927312850952148e+00 1.404690742492675781e-02
2.984889984130859375e+00 1.391935348510742188e-02
3.056552171707153320e+00 1.405191421508789062e-02
3.131078720092773438e+00 1.321434974670410156e-02
2.209917306900024414e+00 1.447606086730957031e-02
3.119665622711181641e+00 1.411247253417968750e-02
3.143698453903198242e+00 1.358938217163085938e-02
3.033366203308105469e+00 1.377677917480468750e-02
3.067206382751464844e+00 1.314473152160644531e-02
3.038994312286376953e+00 1.385402679443359375e-02
3.043749570846557617e+00 1.369881629943847656e-02
3.118178367614746094e+00 1.415014266967773438e-02
3.132324457168579102e+00 1.336479187011718750e-02
3.129720449447631836e+00 1.346778869628906250e-02
3.079745531082153320e+00 1.344561576843261719e-02
2.207973241806030273e+00 1.294326782226562500e-02
2.285179615020751953e+00 1.339364051818847656e-02
3.069802522659301758e+00 1.343846321105957031e-02
3.109305381774902344e+00 1.368927955627441406e-02
3.014505863189697266e+00 1.380014419555664062e-02
3.122688770294189453e+00 1.334476470947265625e-02
2.995734691619873047e+00 1.518058776855468750e-02
3.011369705200195312e+00 2.100276947021484375e-02
3.121580839157104492e+00 1.417708396911621094e-02
3.363372802734375000e+00 1.588296890258789062e-02
3.376962423324584961e+00 1.435804367065429688e-02
3.032957792282104492e+00 1.330828666687011719e-02
2.269515991210937500e+00 1.346707344055175781e-02
3.037036418914794922e+00 1.324319839477539062e-02
2.994298458099365234e+00 1.393699645996093750e-02
3.132706642150878906e+00 1.363611221313476562e-02
3.001473426818847656e+00 1.321458816528320312e-02
3.073859930038452148e+00 1.370429992675781250e-02
2.931005716323852539e+00 1.326227188110351562e-02
3.121630430221557617e+00 1.405239105224609375e-02
3.154438495635986328e+00 1.429033279418945312e-02
3.107509374618530273e+00 1.398873329162597656e-02
3.014580726623535156e+00 1.315975189208984375e-02
2.332588195800781250e+00 1.362037658691406250e-02
3.043022155761718750e+00 1.386880874633789062e-02
2.893546581268310547e+00 1.378035545349121094e-02
3.065485477447509766e+00 1.362371444702148438e-02
3.045719861984252930e+00 1.389360427856445312e-02
3.044425487518310547e+00 1.466345787048339844e-02
3.111863136291503906e+00 1.343822479248046875e-02
3.219508409500122070e+00 1.360440254211425781e-02
3.109068870544433594e+00 1.326251029968261719e-02
3.174106359481811523e+00 1.348543167114257812e-02
3.135936260223388672e+00 1.348066329956054688e-02
2.232313394546508789e+00 1.407742500305175781e-02
3.076409339904785156e+00 1.329326629638671875e-02
3.152462959289550781e+00 1.332259178161621094e-02
3.021666765213012695e+00 1.374220848083496094e-02
3.128613710403442383e+00 1.352715492248535156e-02
3.009960889816284180e+00 1.381540298461914062e-02
3.123591184616088867e+00 1.328063011169433594e-02
3.051255702972412109e+00 1.353597640991210938e-02
3.202100038528442383e+00 1.337122917175292969e-02
3.036771535873413086e+00 1.319384574890136719e-02
3.011437654495239258e+00 1.394081115722656250e-02
2.308985233306884766e+00 1.389241218566894531e-02
3.565010070800781250e+00 1.388645172119140625e-02
3.026333332061767578e+00 1.316404342651367188e-02
3.369519948959350586e+00 1.483035087585449219e-02
3.166011333465576172e+00 1.314949989318847656e-02
3.041634559631347656e+00 1.347064971923828125e-02
3.165894508361816406e+00 1.467108726501464844e-02
3.055641651153564453e+00 1.401114463806152344e-02
3.120271921157836914e+00 1.305890083312988281e-02
3.234030961990356445e+00 1.319098472595214844e-02
3.100119590759277344e+00 1.389527320861816406e-02
2.322936058044433594e+00 1.416802406311035156e-02
3.146678447723388672e+00 1.470232009887695312e-02
3.092881679534912109e+00 1.451897621154785156e-02
3.152626991271972656e+00 1.357603073120117188e-02
3.161077976226806641e+00 1.427507400512695312e-02
3.116454362869262695e+00 1.376128196716308594e-02
3.241337060928344727e+00 1.346588134765625000e-02
3.137837409973144531e+00 1.404142379760742188e-02
3.083342552185058594e+00 1.412796974182128906e-02
3.147588491439819336e+00 1.350164413452148438e-02
3.121703147888183594e+00 1.330924034118652344e-02
2.274065732955932617e+00 1.338815689086914062e-02
3.072530269622802734e+00 1.385998725891113281e-02
3.217917919158935547e+00 1.323699951171875000e-02
3.244808912277221680e+00 1.343679428100585938e-02
3.195299386978149414e+00 1.384091377258300781e-02
3.286516904830932617e+00 1.391458511352539062e-02
3.157350063323974609e+00 1.402783393859863281e-02
3.152172803878784180e+00 1.374053955078125000e-02
3.079254865646362305e+00 1.321506500244140625e-02
3.084598779678344727e+00 1.328802108764648438e-02
3.229745149612426758e+00 1.388740539550781250e-02
2.306264638900756836e+00 1.162433624267578125e-02
3.187385797500610352e+00 1.469588279724121094e-02
3.222040176391601562e+00 1.344084739685058594e-02
3.191826343536376953e+00 1.550364494323730469e-02
3.143288612365722656e+00 1.135659217834472656e-02
3.268069505691528320e+00 1.224613189697265625e-02
3.360137939453125000e+00 1.463389396667480469e-02
3.373309373855590820e+00 1.384019851684570312e-02
3.162647008895874023e+00 1.313233375549316406e-02
3.158623218536376953e+00 1.379084587097167969e-02
3.227205276489257812e+00 1.395821571350097656e-02
2.366231441497802734e+00 1.342964172363281250e-02
3.247009277343750000e+00 1.364684104919433594e-02
3.209828615188598633e+00 1.361203193664550781e-02
3.078414916992187500e+00 1.316428184509277344e-02
3.192065238952636719e+00 1.358270645141601562e-02
3.246881961822509766e+00 1.362204551696777344e-02
3.169990539550781250e+00 1.339817047119140625e-02
3.277467250823974609e+00 1.402044296264648438e-02
3.026372194290161133e+00 1.408910751342773438e-02
3.288156986236572266e+00 1.327276229858398438e-02
3.209450483322143555e+00 1.338911056518554688e-02
2.150713920593261719e+00 1.326084136962890625e-02
2.969721555709838867e+00 1.454591751098632812e-02
3.066881895065307617e+00 1.340198516845703125e-02
3.062794685363769531e+00 1.357150077819824219e-02
2.981816530227661133e+00 1.366353034973144531e-02
3.013867139816284180e+00 1.450586318969726562e-02
2.954867124557495117e+00 1.349997520446777344e-02
3.051100254058837891e+00 1.420903205871582031e-02
2.980297565460205078e+00 1.313424110412597656e-02
2.981016397476196289e+00 1.334261894226074219e-02
3.046636819839477539e+00 1.341414451599121094e-02
2.211892366409301758e+00 1.353597640991210938e-02
2.227226257324218750e+00 1.345229148864746094e-02
3.078082561492919922e+00 1.334810256958007812e-02
3.119099617004394531e+00 1.380276679992675781e-02
3.054250240325927734e+00 1.339578628540039062e-02
3.119164466857910156e+00 1.416230201721191406e-02
3.506350755691528320e+00 1.464486122131347656e-02
3.504551172256469727e+00 1.401638984680175781e-02
3.061757564544677734e+00 1.440382003784179688e-02
2.999590396881103516e+00 1.375484466552734375e-02
3.098185777664184570e+00 1.319026947021484375e-02
3.043791294097900391e+00 1.393795013427734375e-02
2.287559509277343750e+00 1.363444328308105469e-02
3.141505479812622070e+00 1.362395286560058594e-02
2.958884716033935547e+00 1.322746276855468750e-02
3.097428321838378906e+00 1.396274566650390625e-02
3.035139322280883789e+00 1.352381706237792969e-02
3.083313703536987305e+00 1.405858993530273438e-02
2.284677505493164062e+00 1.424336433410644531e-02
2.257565736770629883e+00 1.404237747192382812e-02
2.214795351028442383e+00 1.323580741882324219e-02
2.246910810470581055e+00 1.335859298706054688e-02
2.188232183456420898e+00 1.317620277404785156e-02
2.252500295639038086e+00 1.362657546997070312e-02
2.279353618621826172e+00 1.323533058166503906e-02
2.287479400634765625e+00 1.478219032287597656e-02
2.227583885192871094e+00 1.351046562194824219e-02
2.183171033859252930e+00 1.332783699035644531e-02
2.214706659317016602e+00 1.364207267761230469e-02
2.236948966979980469e+00 1.323413848876953125e-02
2.210985898971557617e+00 1.306748390197753906e-02
2.185120820999145508e+00 1.358938217163085938e-02
2.230775594711303711e+00 1.329207420349121094e-02
2.248277902603149414e+00 1.320862770080566406e-02
2.310269832611083984e+00 1.325988769531250000e-02
2.255552530288696289e+00 1.330733299255371094e-02
2.279808044433593750e+00 1.327300071716308594e-02
2.289629697799682617e+00 1.347064971923828125e-02
2.292339324951171875e+00 1.386046409606933594e-02
2.229504346847534180e+00 1.330089569091796875e-02
2.291265249252319336e+00 1.413607597351074219e-02
2.263454914093017578e+00 1.397705078125000000e-02
2.264273881912231445e+00 1.335525512695312500e-02
2.250143289566040039e+00 1.307940483093261719e-02
2.216289997100830078e+00 1.375412940979003906e-02
2.487653732299804688e+00 1.522135734558105469e-02
2.285197019577026367e+00 1.319098472595214844e-02
2.255476474761962891e+00 1.431989669799804688e-02
2.449403285980224609e+00 7.787942886352539062e-03
2.179551839828491211e+00 1.321506500244140625e-02
2.328611373901367188e+00 1.356101036071777344e-02
2.188991069793701172e+00 1.326274871826171875e-02
2.234469890594482422e+00 1.348519325256347656e-02
2.296211242675781250e+00 1.389217376708984375e-02
2.281265497207641602e+00 1.338005065917968750e-02
2.228333950042724609e+00 8.137941360473632812e-03
2.268804311752319336e+00 7.618188858032226562e-03
2.206865310668945312e+00 1.396346092224121094e-02
2.168936491012573242e+00 8.695840835571289062e-03
2.245576381683349609e+00 1.388645172119140625e-02
2.149571418762207031e+00 7.324218750000000000e-03
2.222030401229858398e+00 9.246587753295898438e-03
2.077719926834106445e+00 7.072687149047851562e-03
2.163324832916259766e+00 7.032155990600585938e-03
2.081357002258300781e+00 7.150888442993164062e-03
2.031177043914794922e+00 7.098913192749023438e-03
1.759564399719238281e+00 7.219314575195312500e-03
1.862406969070434570e+00 7.123231887817382812e-03
1.869081020355224609e+00 6.998300552368164062e-03
1.604547739028930664e+00 7.458925247192382812e-03
1.571330785751342773e+00 7.313489913940429688e-03
1.478153228759765625e+00 6.752490997314453125e-03
1.493620157241821289e+00 7.049322128295898438e-03
1.597377300262451172e+00 6.513833999633789062e-03
1.476483345031738281e+00 6.612539291381835938e-03
1.476520776748657227e+00 6.388664245605468750e-03
1.581683874130249023e+00 6.415128707885742188e-03
1.404626846313476562e+00 5.938529968261718750e-03
1.321397066116333008e+00 7.367610931396484375e-03
1.352915525436401367e+00 6.584644317626953125e-03
1.256688356399536133e+00 6.236553192138671875e-03
