1.162164946451111902e+01
3.302961544110524450e+00
3.875127651601150358e+00
1.118610103022736890e+00
2.442593568674213955e+00
2.617114861601901765e+00
1.950077181541800986e+00
5.320370604992485042e+00
6.546035245778335510e-01
7.400815630672848755e+00
2.773403311975215946e+00
2.611086799837030181e+00
7.204616536342589583e-01
3.608192986818629322e+00
5.940564188880098406e+00
1.668350278581376189e+00
3.026258045140102770e-01
3.094927041440540538e+00
3.775981805482692355e+00
2.627840634904465844e+00
2.996783340761715930e+00
1.106035692097554257e+00
3.034855636404989010e+00
2.294540521445235459e+00
2.696600172147271213e+00
3.845705414486080720e+00
7.777665348018177882e-01
5.644339868774446156e-01
4.563002331609461670e+00
3.379898418095036661e+00
1.614968935448997334e+00
3.011774588327968516e+00
2.713717667852016735e+00
2.082323163556884627e+00
3.313212938176407274e+00
4.276371395149110910e+00
6.556059278227615028e-01
7.949540211952452751e+00
2.674656281677576075e+00
3.064005601614976371e+00
3.462319352690553131e+00
4.511603236117073479e+00
1.751608181190946967e+00
4.898764311344144806e-01
3.601657487705794747e+00
3.203884847198495756e+00
4.106138741580941165e+00
2.651195958868375779e+00
2.602783172355028096e+00
1.023376778718357638e+00
1.650896532965328456e+00
1.546782230632199662e+00
3.572411076605090052e+00
6.806569037254024401e-01
5.898396928264101335e-01
3.963258336654207348e+00
7.187889072635150534e+00
2.796995631713357078e+00
4.038482322383230461e+00
2.844211340618924666e+00
2.378503084507809895e+00
3.568200867650839658e+00
3.401860151453352632e+00
5.321931097861197557e+00
1.406132936287013413e+00
4.878072014299012160e+00
1.559971216034041541e+00
7.479398842572247297e+00
2.119879110103548570e+00
2.849058179810440183e+00
5.801868113083155976e+00
4.506022381717348146e+00
1.863918413214298075e+00
2.629282868811922413e-01
1.282846886099242356e+00
1.125325002598924540e+00
2.642291574521368869e+00
4.709272533342133471e+00
4.847561327436451961e+00
7.860485233728597976e+00
2.963296768312971174e+00
3.232927924645574880e+00
1.265353061653841982e+00
1.185031601262896528e+00
3.499200633586615261e+00
1.392816641858587223e+00
1.010927808607443801e+00
2.291493542204812606e+00
1.398457031612948764e+00
8.066056281834809383e+00
3.238615949277302342e+00
4.387949773401928155e+00
8.435869005379679209e+00
4.730864943532704814e+00
3.868333220078727486e+00
3.145203107957842192e+00
1.588486375523537442e+00
1.091894708892327426e+00
5.743601282758243887e-01
4.172361862801116317e+00
8.157691268638035398e-01
1.044839441702546390e+00
2.229105191636125305e+00
1.515106127362228605e+00
1.309080153717193440e+00
9.673421052516271157e-01
1.943519892529875559e+00
1.816560322739237510e+00
9.387615503116213400e-01
3.440058737842811354e+00
1.128779325140818024e+00
6.616475751344056633e+00
1.754357957404399260e+00
6.709061176859040243e-01
2.484472255280629316e+00
1.020308748105916763e+00
6.840819634617365530e+00
2.201959071806662838e+00
6.231468484585827916e+00
1.358226017025470966e+00
1.363326761035439816e+01
2.397466531939988155e+00
1.134140882313692344e+01
8.420720578713091209e-01
7.136103212156103659e+00
6.359355131878078993e+00
1.285237187742518827e+00
1.103347243618821860e+00
1.867859567472533788e+00
4.850553821541561561e+00
4.439859918435056230e+00
8.468508594437533787e-01
1.122730221420296770e+00
1.942175259879804106e+00
5.418589646424470940e-01
9.748025801353065178e-01
1.923862974564821471e+00
3.203801589891163815e+00
2.492716476075026222e+00
1.600241671128241228e+00
1.129902086217244417e+00
3.142318956888211279e+00
4.144625387618927626e-01
1.395334035467347134e+00
7.736799471417130647e-01
1.709752142255492657e+00
1.177750459669202332e+00
3.455836150472772594e+00
1.584851525373457637e+00
1.570603541814643123e+00
1.798023710767500560e+00
2.011564315837459649e+00
8.828837306448620303e-01
1.309911192496321597e+00
4.144755542434077178e+00
1.405609365971731251e+00
1.775588213429438955e+00
2.723980425275543293e+00
1.859522112956288442e+00
7.069307549432201077e-01
6.173838092028352875e+00
6.571011453803621727e+00
7.277847802110041231e-01
1.692146438758505900e+00
4.480657457184975989e+00
2.665159844124015631e+00
1.366737759296507448e+01
1.557212972926241168e+00
3.846470000836283543e+00
8.487728077518722714e+00
4.490881180069900225e+00
4.629389189226927215e+00
4.674927188956052859e+00
4.623554173043686433e+00
2.927023285368578254e+00
1.674714668032401876e+00
6.847648003238997028e+00
2.267196755870791058e+00
6.470579023397274865e-01
1.865470235616055961e+00
6.077533360024304221e-01
4.526567906038519773e+00
3.880970387833873936e+00
1.577430488565705780e+00
1.888481715987926135e+00
1.559035263147470651e+00
3.266995568364212232e+00
9.129890013561159368e-01
1.027839197212575995e+00
6.162081237115306642e-01
7.901516236260924808e-01
8.684517373383919825e-01
1.963302256685141467e+00
6.550985471886261458e+00
4.558956928754136051e+00
3.878974033248332898e+00
2.384014872514859551e+00
2.298110911755470998e+00
9.199604555386364790e-01
1.917965798547325740e+00
1.550421915418541241e+00
1.490203459557351895e+00
2.048219940459858890e+00
6.898174036253461594e-01
5.717611284670672811e-01
1.016428886861443059e+00
5.549896211239158106e+00
3.107596189802379616e+00
3.202553437263806924e+00
2.556091859888139251e+00
1.814629662191730386e+00
1.010196983830468076e+00
2.801660516138619883e+00
5.099633005800578545e+00
4.897071173905456654e+00
6.196715421349000552e-01
2.342743208369759689e+00
1.379254500290909791e+00
7.994207678724576382e-01
7.461228475967638385e-01
8.416941941760087698e-01
7.634305394125018296e-01
4.944859201730953835e+00
1.048242550418282626e+00
8.189370399345474727e-01
9.668857633658107797e-01
9.846378386016506612e-01
7.031557226868663246e-01
8.242611545428386588e-01
9.787178866092887120e-01
9.748563269128193154e-01
6.790066182558012198e-01
7.734395831684465206e-01
1.456304086603183556e+00
1.374507959149401826e+00
1.620981831703488085e+00
9.918746892243751612e-01
1.514588529558380303e+00
4.739208246695277849e-01
1.383698950576468079e+00
7.088226395375177846e-01
1.001973101206823147e+00
7.917012677359762662e-01
7.627947213501132806e-01
1.388595104849416950e+00
8.755023237004543324e-01
2.549394818067106883e+00
8.189796170626517657e-01
1.109887355929665365e+00
1.974738621588591814e+00
1.958765651609382763e+00
5.231869301464393551e-01
1.252843982591383298e+00
1.295828870560246537e+00
1.027874941738053050e+00
1.498049932458410227e+00
1.105257344342772674e+00
1.097449156530772241e+00
1.226560418334192049e+00
9.825593357541435591e-01
1.931696794804675932e+00
1.256016818141594493e+00
1.830079618758308824e+00
1.478269152749628557e+00
1.870743246333779419e+00
2.073957432931837985e+00
8.974188193791901025e-01
1.553139316501312761e+00
1.538243775100159416e+00
1.306086937117245217e+00
1.127678063299963229e+00
1.285295146521917120e+00
9.292070034457211580e-01
1.829252934028308797e+00
8.249906525699556292e-01
9.248474699139385136e-01
1.174815520109547373e+00
3.375375824066450203e+00
1.023688795804053697e+00
1.526882028747663878e+00
7.821284307386953127e-01
6.547647390346480911e+00
1.084170718588811422e+00
1.271048975824096150e+00
2.624992741276610975e+00
8.268421265241332474e-01
9.045922520240428089e-01
1.304770196539282612e+00
1.752051495286529148e+00
2.040320045693214013e+00
3.131394781411082295e+00
1.478591824904554208e+00
3.688758380231669243e+00
7.828322848266938694e-01
3.761790377612097558e+00
1.683383227363076218e+00
1.680126426727169830e+00
1.694112540722048088e+00
3.742245297926060310e+00
6.552163614249769452e+00
5.755765459930499262e+00
6.523330223297056918e+00
7.271488215776465758e+00
2.476623948293982025e+00
7.028895720133369052e-01
2.473735770162035941e+00
2.233538828592577907e+00
2.583919885829106367e+00
8.592397693965666550e-01
5.143607204357395490e-01
1.650503001962739580e+00
7.442896106955330104e+00
1.644452069119475723e+01
3.663421386064448004e+00
8.900256312183905116e-01
7.763395712023076767e-01
7.027897066816145788e+00
3.035072717439870615e+00
3.745649482315763112e+00
2.956727676684190786e+00
3.908289457000720724e+00
3.645361717983133687e+00
4.621197362708635126e+00
1.330247226480415002e+01
1.244082605230866001e+00
1.139414248459343915e+00
1.028160951660506139e+00
3.495918488131567692e+00
2.176105930782254116e+00
2.421300190920876894e+00
2.422512889419620841e+00
1.065556471301045249e+01
2.567167538764578261e+00
3.500774654660213425e+00
5.076007172893680419e+00
4.065968588844368625e+00
4.200147617677449929e+00
1.820588690820937439e+00
3.098291873197856372e+00
2.860169356624116865e+00
3.306889134024002530e+00
1.170727907975678717e+00
1.293661578304498683e+00
2.317629693512815336e+00
2.382795348639724864e+00
5.874343359389461838e+00
1.290882769820566267e+00
1.192012536223739705e+00
8.131444116013575307e-01
2.096908906390130500e+00
3.080087405398044709e+00
6.113148545036971804e+00
1.101045756399991582e+00
2.965888031553678861e+00
2.925213610230323003e+00
2.982530724426769364e+00
5.641304681364903706e-01
4.632790213444533123e-01
7.126461968336037955e+00
