1.720282554626464844e+00 6.539106369018554688e-03
6.983966827392578125e-01 6.216049194335937500e-03
1.869640588760375977e+00 6.774902343750000000e-03
2.354841232299804688e-01 6.010770797729492188e-03
1.735569715499877930e+00 6.424427032470703125e-03
1.821403503417968750e+00 5.911111831665039062e-03
3.383185863494873047e-01 7.033586502075195312e-03
1.760852813720703125e+00 6.293535232543945312e-03
6.012835502624511719e-01 7.532119750976562500e-03
1.839461565017700195e+00 5.742549896240234375e-03
1.717529773712158203e+00 6.442785263061523438e-03
1.853622674942016602e+00 5.978345870971679688e-03
7.560715675354003906e-01 5.937576293945312500e-03
2.227730751037597656e-01 6.933212280273437500e-03
2.311491966247558594e-01 5.563497543334960938e-03
1.902647256851196289e+00 5.761861801147460938e-03
9.273498058319091797e-01 6.343603134155273438e-03
9.865860939025878906e-01 6.101369857788085938e-03
1.799989938735961914e+00 5.820989608764648438e-03
1.908943414688110352e+00 5.764007568359375000e-03
8.554470539093017578e-01 6.210327148437500000e-03
4.893102645874023438e-01 5.658149719238281250e-03
2.348628044128417969e-01 5.728006362915039062e-03
3.566489219665527344e-01 6.048917770385742188e-03
3.231227397918701172e-01 6.153583526611328125e-03
1.880269050598144531e+00 6.324052810668945312e-03
1.915041446685791016e+00 8.284807205200195312e-03
1.846342325210571289e+00 6.361961364746093750e-03
1.895448446273803711e+00 6.336212158203125000e-03
1.974474906921386719e+00 8.249282836914062500e-03
3.344740867614746094e-01 5.766391754150390625e-03
1.904802560806274414e+00 6.419897079467773438e-03
1.917135000228881836e+00 6.533384323120117188e-03
4.047029018402099609e-01 5.640029907226562500e-03
7.141807079315185547e-01 4.789352416992187500e-03
2.076041221618652344e+00 7.740974426269531250e-03
6.054239273071289062e-01 5.585670471191406250e-03
1.902900934219360352e+00 6.734848022460937500e-03
1.920542478561401367e+00 6.393909454345703125e-03
1.889494895935058594e+00 6.246328353881835938e-03
3.630113601684570312e-01 5.599260330200195312e-03
3.481910228729248047e-01 5.580902099609375000e-03
1.385917901992797852e+00 5.928754806518554688e-03
8.507425785064697266e-01 5.641222000122070312e-03
9.990451335906982422e-01 5.656242370605468750e-03
7.102677822113037109e-01 5.594253540039062500e-03
1.389796018600463867e+00 6.327629089355468750e-03
1.396103382110595703e+00 6.285905838012695312e-03
7.442548274993896484e-01 5.352735519409179688e-03
9.041805267333984375e-01 5.649089813232421875e-03
7.701044082641601562e-01 6.984233856201171875e-03
9.946441650390625000e-01 6.438016891479492188e-03
1.403453350067138672e+00 6.207466125488281250e-03
1.402160167694091797e+00 6.515264511108398438e-03
1.631452083587646484e+00 5.864858627319335938e-03
1.369438886642456055e+00 5.746841430664062500e-03
6.278123855590820312e-01 5.652666091918945312e-03
1.566981077194213867e+00 5.850076675415039062e-03
1.391987323760986328e+00 6.325721740722656250e-03
1.539777755737304688e+00 5.414485931396484375e-03
1.650974273681640625e+00 5.795955657958984375e-03
1.007697582244873047e+00 6.411075592041015625e-03
9.045612812042236328e-01 5.196809768676757812e-03
1.394858121871948242e+00 5.733489990234375000e-03
9.168493747711181641e-01 5.899906158447265625e-03
1.529589891433715820e+00 5.804300308227539062e-03
1.409155607223510742e+00 6.371974945068359375e-03
6.253471374511718750e-01 5.633354187011718750e-03
1.509037256240844727e+00 7.193088531494140625e-03
9.072272777557373047e-01 8.334398269653320312e-03
9.330251216888427734e-01 5.643844604492187500e-03
3.409292697906494141e-01 5.601882934570312500e-03
1.365422964096069336e+00 5.687475204467773438e-03
8.798151016235351562e-01 5.905628204345703125e-03
9.257280826568603516e-01 5.594015121459960938e-03
1.422340393066406250e+00 5.823135375976562500e-03
1.538914442062377930e+00 5.602836608886718750e-03
7.518479824066162109e-01 5.567789077758789062e-03
6.252286434173583984e-01 5.740880966186523438e-03
1.477071046829223633e+00 5.744934082031250000e-03
5.844688415527343750e-01 5.498409271240234375e-03
2.122979402542114258e+00 5.921602249145507812e-03
5.771303176879882812e-01 5.649566650390625000e-03
3.699920177459716797e-01 6.177425384521484375e-03
1.492881059646606445e+00 5.606889724731445312e-03
1.503445148468017578e+00 5.598068237304687500e-03
1.531924486160278320e+00 5.735397338867187500e-03
3.413863182067871094e-01 6.355524063110351562e-03
1.558885097503662109e+00 6.543397903442382812e-03
6.743588447570800781e-01 1.078510284423828125e-02
6.331284046173095703e-01 5.868196487426757812e-03
1.652613401412963867e+00 5.720615386962890625e-03
3.493537902832031250e-01 5.517959594726562500e-03
1.500110149383544922e+00 5.597829818725585938e-03
1.547327280044555664e+00 5.716800689697265625e-03
1.542426109313964844e+00 1.135349273681640625e-02
3.171200752258300781e-01 5.699157714843750000e-03
8.881139755249023438e-01 5.750656127929687500e-03
8.398172855377197266e-01 5.683898925781250000e-03
8.729100227355957031e-01 5.555391311645507812e-03
1.392979145050048828e+00 5.660057067871093750e-03
8.609857559204101562e-01 5.753517150878906250e-03
8.573999404907226562e-01 5.555152893066406250e-03
8.858683109283447266e-01 5.608558654785156250e-03
8.975303173065185547e-01 5.729675292968750000e-03
7.029769420623779297e-01 5.619764328002929688e-03
7.238893508911132812e-01 5.444765090942382812e-03
8.673229217529296875e-01 5.613327026367187500e-03
7.549438476562500000e-01 6.420373916625976562e-03
8.670833110809326172e-01 6.885051727294921875e-03
9.413018226623535156e-01 5.641698837280273438e-03
1.412729024887084961e+00 6.696939468383789062e-03
1.313744544982910156e+00 6.265878677368164062e-03
1.035423755645751953e+00 7.171154022216796875e-03
9.709491729736328125e-01 5.860090255737304688e-03
9.278795719146728516e-01 9.865999221801757812e-03
7.301454544067382812e-01 5.604982376098632812e-03
1.283120870590209961e+00 6.403207778930664062e-03
7.746455669403076172e-01 5.468368530273437500e-03
7.956142425537109375e-01 5.638122558593750000e-03
8.009190559387207031e-01 6.994962692260742188e-03
7.932662963867187500e-01 5.660533905029296875e-03
7.860593795776367188e-01 5.655765533447265625e-03
1.273080348968505859e+00 5.614042282104492188e-03
7.858800888061523438e-01 5.620241165161132812e-03
7.898805141448974609e-01 5.343914031982421875e-03
7.971763610839843750e-01 5.578279495239257812e-03
8.004016876220703125e-01 6.178379058837890625e-03
7.483553886413574219e-01 3.209114074707031250e-03
7.220001220703125000e-01 5.597591400146484375e-03
7.665669918060302734e-01 4.899263381958007812e-03
4.301390647888183594e-01 5.820751190185546875e-03
4.299774169921875000e-01 5.656480789184570312e-03
5.066545009613037109e-01 6.841897964477539062e-03
1.341325521469116211e+00 5.733966827392578125e-03
4.143025875091552734e-01 5.605936050415039062e-03
9.299905300140380859e-01 6.348133087158203125e-03
8.844075202941894531e-01 5.841970443725585938e-03
1.167600154876708984e+00 7.357120513916015625e-03
2.058674097061157227e+00 5.697011947631835938e-03
1.337441444396972656e+00 6.621599197387695312e-03
1.311943054199218750e+00 5.637884140014648438e-03
1.286906242370605469e+00 5.686521530151367188e-03
1.383924245834350586e+00 6.347894668579101562e-03
1.304235696792602539e+00 5.628347396850585938e-03
1.314554691314697266e+00 5.603551864624023438e-03
1.363194227218627930e+00 5.946636199951171875e-03
1.397712707519531250e+00 5.588769912719726562e-03
1.410126447677612305e+00 5.903959274291992188e-03
1.339069604873657227e+00 5.644798278808593750e-03
1.242758989334106445e+00 6.456613540649414062e-03
1.324497461318969727e+00 5.554676055908203125e-03
1.275433301925659180e+00 5.587816238403320312e-03
1.524659395217895508e+00 5.660057067871093750e-03
1.277289867401123047e+00 5.632162094116210938e-03
1.336146593093872070e+00 5.644083023071289062e-03
1.237672090530395508e+00 5.620718002319335938e-03
1.293706178665161133e+00 3.213167190551757812e-03
1.295408725738525391e+00 5.684852600097656250e-03
1.320080041885375977e+00 5.553483963012695312e-03
1.486591577529907227e+00 5.399703979492187500e-03
1.387917280197143555e+00 5.522012710571289062e-03
1.282275915145874023e+00 5.867242813110351562e-03
1.323075771331787109e+00 5.548954010009765625e-03
1.440152645111083984e+00 7.157087326049804688e-03
1.831690788269042969e+00 6.159305572509765625e-03
1.881782293319702148e+00 5.785703659057617188e-03
1.323313474655151367e+00 5.491018295288085938e-03
1.896155357360839844e+00 5.527973175048828125e-03
1.579990863800048828e+00 7.017850875854492188e-03
1.740189313888549805e+00 3.265857696533203125e-03
1.641176462173461914e+00 6.502151489257812500e-03
1.174514770507812500e+00 6.712198257446289062e-03
6.445474624633789062e-01 5.598068237304687500e-03
6.330528259277343750e-01 5.585670471191406250e-03
6.324565410614013672e-01 5.657672882080078125e-03
6.137855052947998047e-01 5.620718002319335938e-03
5.597920417785644531e-01 5.520343780517578125e-03
1.452016592025756836e+00 7.036924362182617188e-03
7.180609703063964844e-01 6.234884262084960938e-03
6.564471721649169922e-01 7.082700729370117188e-03
6.252088546752929688e-01 5.594015121459960938e-03
2.872302532196044922e-01 5.911588668823242188e-03
2.875692844390869141e-01 5.724430084228515625e-03
4.742691516876220703e-01 5.665540695190429688e-03
3.406507968902587891e-01 5.610227584838867188e-03
2.464132308959960938e-01 5.721092224121093750e-03
3.751676082611083984e-01 6.887435913085937500e-03
3.368420600891113281e-01 5.629539489746093750e-03
1.332768201828002930e+00 5.621910095214843750e-03
9.795291423797607422e-01 5.655765533447265625e-03
9.643931388854980469e-01 5.555629730224609375e-03
3.180515766143798828e-01 5.368709564208984375e-03
1.330205917358398438e+00 6.380558013916015625e-03
3.411495685577392578e-01 5.678653717041015625e-03
8.993244171142578125e-01 3.221273422241210938e-03
3.302652835845947266e-01 5.100965499877929688e-03
1.514354944229125977e+00 3.298044204711914062e-03
3.447747230529785156e-01 5.751609802246093750e-03
8.640291690826416016e-01 5.582094192504882812e-03
1.275036811828613281e+00 6.361722946166992188e-03
1.337813615798950195e+00 6.178140640258789062e-03
6.859014034271240234e-01 4.773616790771484375e-03
7.162830829620361328e-01 5.213737487792968750e-03
8.403213024139404297e-01 5.538463592529296875e-03
9.172847270965576172e-01 5.449771881103515625e-03
7.810971736907958984e-01 5.886554718017578125e-03
9.886510372161865234e-01 3.309249877929687500e-03
9.982049465179443359e-01 5.987644195556640625e-03
9.301629066467285156e-01 5.603790283203125000e-03
1.005645513534545898e+00 3.177642822265625000e-03
1.364490270614624023e+00 6.711721420288085938e-03
9.991335868835449219e-01 3.307580947875976562e-03
1.054965972900390625e+00 5.666732788085937500e-03
1.135522603988647461e+00 7.219791412353515625e-03
1.069237709045410156e+00 3.302574157714843750e-03
1.089002132415771484e+00 4.232645034790039062e-03
1.239550113677978516e-01 5.848169326782226562e-03
1.268000602722167969e-01 6.276369094848632812e-03
1.354331970214843750e-01 6.169080734252929688e-03
1.272654533386230469e-01 6.044864654541015625e-03
1.227416992187500000e-01 5.561590194702148438e-03
1.383302450180053711e+00 7.391214370727539062e-03
1.061714887619018555e+00 3.799915313720703125e-03
2.451198101043701172e-01 5.672693252563476562e-03
1.367933750152587891e-01 6.190061569213867188e-03
1.084203720092773438e-01 4.880905151367187500e-03
1.204087734222412109e-01 5.666255950927734375e-03
1.515915393829345703e-01 5.619049072265625000e-03
9.513735771179199219e-02 6.026029586791992188e-03
1.036341190338134766e-01 5.644083023071289062e-03
1.077165603637695312e-01 3.219127655029296875e-03
1.154205799102783203e-01 5.624294281005859375e-03
1.155064105987548828e-01 3.231287002563476562e-03
1.017117261886596680e+00 5.866527557373046875e-03
1.181538105010986328e-01 3.385782241821289062e-03
1.203563213348388672e-01 5.576848983764648438e-03
1.189625263214111328e-01 5.598306655883789062e-03
1.217920780181884766e-01 4.931449890136718750e-03
1.248795986175537109e-01 5.704164505004882812e-03
1.213140487670898438e-01 5.676031112670898438e-03
1.213402748107910156e-01 5.623340606689453125e-03
1.179494857788085938e-01 5.681037902832031250e-03
9.343600273132324219e-02 5.579948425292968750e-03
1.208157539367675781e-01 5.684852600097656250e-03
9.967262744903564453e-01 5.567550659179687500e-03
1.124875545501708984e-01 5.546808242797851562e-03
9.913325309753417969e-02 5.691766738891601562e-03
1.119861602783203125e-01 3.243207931518554688e-03
1.084752082824707031e-01 4.258632659912109375e-03
9.665632247924804688e-02 5.888938903808593750e-03
7.713103294372558594e-02 3.176450729370117188e-03
1.069025993347167969e-01 5.797386169433593750e-03
1.151900291442871094e-01 5.381345748901367188e-03
1.075122356414794922e-01 3.339290618896484375e-03
6.724023818969726562e-02 3.583908081054687500e-03
1.095412254333496094e+00 5.673408508300781250e-03
1.218671798706054688e-01 5.807638168334960938e-03
1.023201942443847656e-01 3.201484680175781250e-03
7.191061973571777344e-02 5.403041839599609375e-03
9.459972381591796875e-02 5.860567092895507812e-03
8.084583282470703125e-02 5.721330642700195312e-03
1.227104663848876953e-01 5.709886550903320312e-03
1.146566867828369141e-01 3.142118453979492188e-03
8.009719848632812500e-02 3.129482269287109375e-03
7.997035980224609375e-02 3.891468048095703125e-03
8.849000930786132812e-02 3.185749053955078125e-03
9.306318759918212891e-01 5.636453628540039062e-03
1.155805587768554688e-01 3.359079360961914062e-03
1.118624210357666016e-01 3.303527832031250000e-03
7.976627349853515625e-02 5.661964416503906250e-03
1.228947639465332031e-01 5.635023117065429688e-03
8.843898773193359375e-02 3.403425216674804688e-03
1.217734813690185547e-01 5.856752395629882812e-03
1.090483665466308594e-01 5.945205688476562500e-03
9.141373634338378906e-02 5.711317062377929688e-03
8.022570610046386719e-02 5.582809448242187500e-03
1.981675624847412109e-01 3.194570541381835938e-03
1.266756057739257812e+00 5.858421325683593750e-03
7.792830467224121094e-02 3.347158432006835938e-03
8.338475227355957031e-02 3.819227218627929688e-03
9.874773025512695312e-02 3.529310226440429688e-03
1.177983283996582031e-01 6.007909774780273438e-03
1.208295822143554688e-01 3.280878067016601562e-03
1.040701866149902344e-01 5.681514739990234375e-03
1.072835922241210938e-01 3.290414810180664062e-03
2.571225166320800781e-01 6.537675857543945312e-03
6.580996513366699219e-02 3.203392028808593750e-03
7.120847702026367188e-02 5.500316619873046875e-03
6.504118442535400391e-01 5.567073822021484375e-03
3.651247024536132812e-01 5.643129348754882812e-03
3.623530864715576172e-01 5.546569824218750000e-03
1.395477771759033203e+00 7.467031478881835938e-03
1.961486101150512695e+00 5.699396133422851562e-03
1.260542392730712891e+00 6.542444229125976562e-03
7.469995021820068359e-01 5.728244781494140625e-03
9.178113937377929688e-01 6.251811981201171875e-03
8.195784091949462891e-01 5.682229995727539062e-03
1.264209270477294922e+00 5.666017532348632812e-03
1.323372840881347656e+00 5.744934082031250000e-03
9.006471633911132812e-01 5.885601043701171875e-03
1.088976860046386719e+00 5.856275558471679688e-03
1.060427188873291016e+00 6.008148193359375000e-03
8.873314857482910156e-01 5.679368972778320312e-03
1.304772853851318359e+00 6.591796875000000000e-03
8.789741992950439453e-01 5.645751953125000000e-03
1.065083980560302734e+00 6.558656692504882812e-03
8.306603431701660156e-01 5.625724792480468750e-03
1.226109981536865234e+00 6.256818771362304688e-03
8.584129810333251953e-01 5.649566650390625000e-03
1.534322977066040039e+00 6.020784378051757812e-03
8.637108802795410156e-01 5.619764328002929688e-03
4.350223541259765625e-01 5.557060241699218750e-03
5.948212146759033203e-01 5.562305450439453125e-03
2.391853332519531250e-01 3.322362899780273438e-03
1.345674991607666016e+00 4.927635192871093750e-03
1.707914829254150391e+00 3.230810165405273438e-03
1.423436880111694336e+00 5.960941314697265625e-03
1.658197879791259766e+00 4.280805587768554688e-03
1.690336704254150391e+00 3.315448760986328125e-03
1.633390188217163086e+00 3.385305404663085938e-03
1.568803071975708008e+00 3.257036209106445312e-03
1.585405349731445312e+00 3.113985061645507812e-03
1.148548841476440430e+00 5.555391311645507812e-03
5.828871726989746094e-01 5.709409713745117188e-03
4.630675315856933594e-01 5.614042282104492188e-03
1.192811250686645508e+00 5.704402923583984375e-03
4.410514831542968750e-01 5.621671676635742188e-03
4.505407810211181641e-01 5.628585815429687500e-03
4.507958889007568359e-01 5.885601043701171875e-03
4.405732154846191406e-01 5.695581436157226562e-03
6.386449337005615234e-01 5.684852600097656250e-03
6.297397613525390625e-01 5.635261535644531250e-03
2.666964530944824219e-01 5.693912506103515625e-03
6.187493801116943359e-01 5.495309829711914062e-03
6.859560012817382812e-01 5.963325500488281250e-03
6.621665954589843750e-01 3.836870193481445312e-03
1.103419542312622070e+00 3.306150436401367188e-03
6.362254619598388672e-01 5.933761596679687500e-03
5.905604362487792969e-01 5.602598190307617188e-03
8.987948894500732422e-01 3.368377685546875000e-03
4.551358222961425781e-01 5.641698837280273438e-03
4.486236572265625000e-01 6.354570388793945312e-03
6.363413333892822266e-01 5.390167236328125000e-03
6.094300746917724609e-01 5.609750747680664062e-03
3.438770771026611328e-01 7.039785385131835938e-03
1.328964948654174805e+00 4.729509353637695312e-03
7.152080535888671875e-01 3.288030624389648438e-03
9.806370735168457031e-01 3.685712814331054688e-03
7.699961662292480469e-01 3.180980682373046875e-03
1.240747213363647461e+00 3.809690475463867188e-03
1.231121063232421875e+00 3.407716751098632812e-03
4.728643894195556641e-01 3.250360488891601562e-03
2.764658927917480469e-01 3.247976303100585938e-03
2.798764705657958984e-01 5.696058273315429688e-03
1.140275955200195312e+00 3.162860870361328125e-03
1.104704618453979492e+00 2.854347229003906250e-03
1.059184312820434570e+00 3.002882003784179688e-03
1.124377489089965820e+00 3.021478652954101562e-03
