3.869994439584189400e-02
4.893124462532203595e-02
2.232543734583503914e-01
4.683394629880616167e-02
2.170654749879458167e-01
7.476164195351496511e-02
4.559152343454919015e-02
5.745563582790947504e-02
4.812004642986609376e-02
2.321799724158921455e-02
1.995096395252247412e-01
2.782994958564216637e-02
1.613523133630194450e-01
2.842342356490469915e-02
7.452499872498730138e-02
9.627792612276932227e-02
6.264356084037790706e-02
5.836372267433242306e-02
3.274990369459629402e-02
3.527794849648966530e-02
9.806182276674631215e-02
4.863449774501699824e-02
4.769395860257358843e-01
2.864452534550042742e-02
7.867064116403320317e-02
2.603087775506478588e-02
6.142191755989812041e-02
1.647263478590736963e-01
4.609121489395559546e-01
3.328477969419872395e-01
2.207459775507269184e-01
2.838888270970156280e-01
2.721996793327505770e-01
2.725303332502193032e-01
4.681683319255002668e-02
6.014235575083155538e-01
2.216878313390991950e-01
5.386898384487556202e-01
4.232609229690639796e-01
5.283313292244249393e-01
3.665966100213776113e-01
7.557688354692778665e-01
1.948374524137174157e-01
2.244318825944843498e-01
2.812323592783936843e-01
5.711455959821341161e-02
4.163157606513685494e-01
4.747658055026795498e-01
2.030880495829781029e-01
4.027931350567151569e-01
3.741889247388418549e-01
2.633942596525498114e-01
3.457220105710945290e-01
3.536896116194480633e-01
3.641246240525424227e-01
2.656981720237153177e-01
4.797803280993062636e-02
3.701915813564153335e-01
4.466445966503558296e-01
3.813233448931097613e-01
4.953845431551000544e-01
3.027222129367707626e-01
4.237549384999537705e-01
2.067032944491695723e-01
2.475570026899838183e-01
4.690961030730731451e-01
4.806130684848140544e-01
4.205653887656257695e-02
4.175857233402081037e-01
2.736999850994041306e-01
5.914671384840007873e-01
2.936486349413838237e-01
4.488600572060121863e-01
2.762667242469408202e-01
3.124952783646997578e-01
2.356114103443903984e-01
4.233968689040520927e-01
2.615023991941201609e-01
2.463379086946461752e-02
2.777914083264814218e-02
1.578343557572695899e-01
3.744689890986147018e-02
3.170561305786407519e-02
1.787918364560828755e-01
2.349740767865834967e-02
3.723866324113401377e-02
2.593386196164983518e-02
3.101386828483097477e-02
3.114274068062652945e-02
3.104063935745450184e-02
2.636111043842039037e-02
1.985073109047890555e-02
5.955144370273601599e-03
3.185459072568665867e-02
1.391050423186146988e-02
2.887266624803103143e-02
2.186310003732273508e-02
2.631031848868226834e-03
2.914742151406113022e-02
3.505088260827925184e-02
2.377152277852476181e-02
2.878179679593673157e-02
2.392494361129516786e-02
2.716705695499913031e-02
3.073711506822726647e-02
2.748983081473308984e-02
2.145622471956591323e-02
1.866958872122638155e-02
3.243745329073634970e-02
3.027376477351868475e-02
3.030986908723865350e-02
1.133276350065181431e-01
3.281096008185355184e-02
3.402115990035404353e-02
2.556057640317492899e-02
1.255978658122067493e-01
3.510693145308254465e-02
2.928744654885363785e-02
3.672165202139869578e-02
2.908522595216768772e-02
2.546800303966355664e-02
3.630881281610548461e-02
5.164766927255053791e-02
4.458656255770309523e-02
4.430080196583968677e-02
3.603412589856077458e-02
2.873512386979715227e-02
2.480962843175382737e-02
3.304025467732824017e-02
3.549227103452256421e-02
3.149887263419230005e-02
2.678273815605336505e-02
3.091888898860375642e-02
2.872606991373081661e-02
4.288588372413997679e-02
1.918150747766603909e-02
3.039912362742788754e-02
1.474662375008780613e-01
1.091754813842663041e-01
2.127875339826776901e-01
3.106281615563815171e-02
2.401418552277726284e-02
2.571850996091812336e-02
2.030956373350775446e-01
4.753215577948969456e-02
3.956025889357520087e-02
1.718100922649239415e-01
2.803794841614421982e-02
3.278087471151985843e-02
1.313775434401375820e-02
1.707322098351052309e-02
2.143118452563951351e-02
8.911577438948084864e-03
3.028320850798532637e-02
1.158871068720115222e-02
3.388868154133655580e-02
8.399660063376823693e-02
8.851455408636348110e-02
6.573457467327160908e-03
1.307933562759757036e-02
3.341853771562264958e-02
6.327460835179644916e-02
4.190848818400400022e-02
3.343075123235653839e-02
2.585072280079687701e-01
1.355541456890938523e-01
2.367035257385063929e-01
8.505371515506365832e-02
2.990474302095906881e-02
2.834538168524433979e-02
2.319295209294094939e-02
4.737050935503430565e-02
4.808734771689784915e-02
1.882845489206590728e-01
1.494784332353213396e-02
2.458950490536748745e-02
2.921907740962139191e-02
3.081599715028963613e-02
5.350481442026852608e-02
3.337334309846045483e-02
3.527711732851881443e-01
1.840320436486566139e-02
3.980936015690374891e-02
4.943180372380148561e-03
2.914402788879473863e-02
4.230298114760523524e-03
1.888241906312093654e-01
2.148615586267679234e-01
9.826713299544619085e-03
3.456589842931457462e-02
2.675534194172212235e-02
9.523337018295785494e-02
1.236127590829399492e-01
2.650237083304908883e-02
6.398326646515780335e-03
1.033364798811069879e-02
9.573874820188827892e-03
2.660105157343392937e-02
1.415266210593891551e-02
3.045760731897965978e-02
4.675958202713300510e-02
5.833955220774063137e-03
3.259437244874758416e-02
2.636408417502033100e-02
3.148604224254250572e-02
2.139149028120524224e-02
4.024476032242742946e-02
2.565089821730657735e-02
9.961091081012939455e-03
2.627704556199977892e-02
2.582456384751500855e-01
6.446411189597138491e-02
2.178276276095507044e-02
3.625686865515610063e-02
2.710326104797010707e-02
1.829451881920836354e-02
3.945374774017960939e-02
3.922596756725344608e-02
3.048949318434735281e-02
2.133739039193574549e-02
3.392262361258435027e-02
3.684599505427283567e-02
9.793359528058077912e-02
5.320816793959295271e-02
2.885542123012056412e-02
3.448100230043112807e-02
2.656709490560830653e-02
3.449314999294406103e-02
3.190954717234692484e-02
2.521169520009603274e-02
3.128289687927148649e-02
2.682489211522949210e-02
2.707958008861500662e-02
2.839503566644779528e-02
4.959191235846729245e-02
2.693257220614911351e-02
2.218409192784150455e-02
2.035412895745255038e-02
3.904660117314942558e-02
3.822748615293671687e-02
2.163532301639740918e-02
4.557356554323562653e-02
2.164154741563716414e-02
3.146263585939097079e-02
3.229121861101206387e-02
4.722125431763671971e-02
1.790061315977990730e-02
7.206166060263432226e-03
1.538681038787126885e-02
2.815928623447626691e-02
3.436122883934446953e-02
2.005483213522807617e-01
2.155142277190914488e-02
3.025248345602647368e-02
3.264517309974779291e-02
2.457808244719329183e-01
1.144269604682958685e-01
2.529832215185567890e-01
1.919539528011444673e-01
1.640615637456499243e-01
2.711374375864182840e-01
1.801236745184594534e-01
3.097164098388816567e-01
1.404642989588670010e-01
2.698302929163365893e-01
1.612049179313746750e-01
1.528658903227511079e-01
6.082101968850071178e-02
2.319551962648580823e-01
4.387831846110383793e-01
3.258599035587070314e-01
2.859525845973335256e-01
2.067032321081720969e-01
2.903419513639876048e-01
3.283784275552621423e-01
3.995729163021111141e-01
2.246318243627930811e-01
9.490067459305984165e-01
5.345487976245581058e-02
2.570157876726137380e-01
3.485911646258090246e-01
1.857460037333205083e-01
1.375741675451279677e-01
3.436433991911287400e-01
1.695016025421131334e-01
2.003045667996000423e-01
1.399021735360242158e-01
3.267201448928382934e-01
1.806196084205064223e-01
7.533806607416637657e-02
1.794200760619606150e-01
3.270223684157428923e-01
1.148808132945544624e-01
2.003242928740645024e-01
1.356800772472477323e-01
1.317935150018951507e-01
3.478843747648365237e-01
2.238485917531201075e-01
1.982861839511302071e-01
2.615171761513961912e-01
2.131585890489992863e-01
3.446434683940504118e-01
1.947460185031134328e-01
1.536581369912654871e-01
1.846205129984793414e-01
1.477435142620088515e-01
2.558420620111402921e-01
2.629120066831092672e-01
3.320874539793252089e-01
1.788591670694753277e-01
2.589583584610700151e-01
9.950799197834336862e-02
1.801516820169611899e-01
2.617898791115344515e-01
2.484941298591417935e-01
1.628531116257905254e-01
2.589628174495065549e-01
2.210698215469996952e-01
2.564024942343874347e-01
2.246685078341839059e-01
3.400028752356849537e-01
1.899007966576704565e-01
5.316704948665298275e-02
2.000265832815080191e-01
2.117163851084087611e-01
1.368137780833762751e-01
1.871911522479225154e-01
2.828980049052366996e-01
2.284616586134284866e-01
2.761413126410532382e-01
3.755961036213899540e-01
2.418403808781603992e-01
3.260777229472743843e-01
8.276118312500256591e-02
2.785561361734545383e-02
1.840673522565004772e-01
2.015420801799180373e-01
1.947015008478700515e-01
2.083209531310053764e-01
1.801383089883225319e-01
2.336762882590322221e-01
1.210131721999761628e-01
2.408567093977111995e-01
3.889495152357332342e-01
2.022846525287083086e-01
8.236222776918256105e-02
2.722420390058913897e-01
1.430262537098222764e-01
2.030698928562065797e-01
2.105684024136356136e-01
2.970608903062305628e-01
3.367421206649476306e-02
3.136466106461534981e-02
8.006529100239402619e-02
2.577984188439242860e-02
5.573410823619193849e-02
2.571103237077819459e-02
7.726899320458152642e-02
5.750022057497175543e-02
8.669521409908605147e-02
5.027281760772916996e-02
5.184954297134788948e-02
3.742814655628737969e-02
4.655312743934278408e-02
2.753620333967840908e-02
6.539050598311199614e-02
9.677387138662180144e-02
2.641284886237093774e-02
4.579136342646265151e-02
4.779601156042131288e-02
3.365926069373841728e-02
2.875758566402579833e-02
1.228710256777410664e-01
3.334945683455683429e-01
3.010819676717170837e-02
5.947941768545251390e-02
6.400865084136407590e-02
1.284240324790406063e-01
3.566336195688516592e-02
5.456991341916735822e-02
1.235949310708960164e-01
3.705798516563154482e-02
2.519935272573023965e-01
2.478114115738870929e-02
1.924340325717257827e-01
1.619361082529784390e-01
1.020701583536422069e-01
5.641080039976478083e-02
1.687775255916359463e-01
1.407924511884780239e-01
2.336035770127266667e-02
3.043924462772144846e-02
3.491401093731422156e-02
2.150469657003800661e-02
3.504150244373429451e-02
4.473613902635132505e-02
2.202884359705897521e-01
1.831689087971966334e-01
3.124685920067076794e-01
6.696482900069521127e-02
8.999305892877958180e-02
2.678565003463449432e-02
1.009968306516281222e-01
5.038175737818036820e-02
3.220476240597593132e-02
3.981802625045541971e-02
8.996277282395988284e-02
7.761973767021386472e-02
5.286512565621758614e-02
4.959013310524474499e-02
1.934048505443941579e-01
2.733884886753919566e-02
2.413685830984164601e-02
5.025030852153364314e-02
