5.185335172318340513e-01
1.180997901126756844e+00
1.997290122567081383e+00
1.169382208262083722e+00
7.240005092610859450e-01
1.104538398537166843e+00
1.060006976587836158e+00
1.051341330105916017e+00
1.139844867391439420e+00
5.429813357836602572e-01
1.105944228712254285e+00
7.120373195469751337e-01
4.433480102274440782e+00
7.221589387406793792e-01
1.023882190229020273e+00
1.213113599737434267e+00
1.575299763725849234e+00
6.326932508475959782e-01
4.948544061999686217e-01
6.329119152986787400e-01
6.986256681325314633e-01
6.456979992112492628e-01
1.105617141758985067e+00
5.008700169273145875e-01
1.419651474345837050e+00
9.592183241463358989e-01
1.508478301828148682e+00
1.279867815963927180e+00
2.857445171092053648e+00
3.779021438798589205e+00
2.927332123775498118e+00
4.655669592205660123e+00
2.714892024601182285e+00
3.020248052296729657e+00
8.566082758672440844e-01
3.884637089128651355e-01
6.763585348720300150e-01
2.322124935455573524e+00
2.148867123772717935e+00
2.916749313785325648e-01
3.675922163333051884e-01
2.844849765866230840e+00
1.934829909302135276e+00
2.262032387670586342e+00
2.934298513280212628e+00
7.990274245848018042e-01
1.938071317312044073e+00
2.243193687028086192e+00
7.671083239966137723e-01
1.277061049436243101e+00
2.144563883819702532e+00
4.088679039754197220e+00
2.313053473989823861e+00
2.681167767599061502e+00
6.136560058890085934e-01
6.466264123551074272e-01
8.232382426657109953e-01
9.569608779930475206e-01
1.328256784898648180e+00
5.509110209051867324e-01
5.809694092382073016e+00
3.486328286516024999e-01
2.818326561609814540e+00
1.052733985882588152e+00
1.095946426526806405e+00
6.166278038009481044e+00
2.579310776786897907e+00
8.125532591631822177e-01
1.447697935692288773e+00
1.633212304171246521e+00
1.920631473906325049e+00
2.123540468753129851e+00
1.764370690104915695e+01
1.518996660814461164e+00
6.871543493739243891e-01
8.805360090961729114e-01
1.541300461007796407e+01
1.514925978548081087e+00
9.679887890338735312e-01
3.200767685580320876e+00
1.257260163112059281e+01
5.851127405426618466e+00
4.294757152132053335e+00
6.025673383130532024e+00
3.286496493731839941e+00
2.860499441515666597e+00
3.132325316255450076e+00
2.943756584834308576e+00
3.483660476351613244e+00
7.157292750247820079e-01
3.109931644661064976e+00
3.143955449786577816e+00
7.024313926465395319e+00
4.843853599494738482e+00
2.311627256376322492e+00
3.787721615707666523e+00
2.291763651904766164e+00
5.208768641637061769e+00
3.320028896790407913e+00
3.845187868069899650e+00
5.687882982852743297e-01
3.745708737377047015e+00
3.143913024656038502e+00
4.145418763009039331e+00
4.383403706817897927e+00
3.480033571156556871e+00
1.908156320058444821e+00
2.729307703798725893e+00
3.841676740015262936e+00
3.877501386297220520e+00
4.081564143266225742e+00
1.077710138656665650e+00
6.155693767114350790e-01
2.650044821764033998e+00
3.264558134413419133e+00
4.031457057193264859e+00
2.968644932732723341e+00
4.372131228018302451e+00
6.081633917516338528e+00
3.706947901719214844e+00
3.222978952027442112e+00
5.258708999030003106e+00
7.559616875228525323e+00
9.128632443435671373e-01
3.547546785532544433e+00
2.627211987957847938e+00
3.312129420698672000e+00
6.526829491172838615e+00
4.585561586087758101e+00
5.475680554539743561e+00
3.922340016827764675e+00
3.470931847102046941e+00
3.890294847179425641e+00
3.049665262899456053e+00
9.842478162602176228e-01
2.731952120405928941e+00
2.720857960912687723e+00
1.090341508964615569e+00
5.900444716663642009e-01
4.707687682076476143e+00
3.967415991304322986e+00
3.595470244948650862e+00
2.909145655856321788e+00
1.720189663477035324e+01
3.395494528631899378e+00
9.491285067020612809e-01
4.278577792323715379e+00
3.294493943021809645e+00
3.496122415526908611e+00
1.620194534001339060e+00
2.546165478654972336e+00
3.411297559644535404e+00
1.364659915788028588e+00
3.733361542123223131e+00
2.096706250512236469e+00
4.885364923166315876e+00
1.292891478939349303e+00
6.458405211780545718e-01
3.802062433961391985e+00
6.079303696427428072e+00
4.492614106107173377e+00
9.039588424093522034e-01
3.051353026406641966e+00
4.401500373007459110e+00
5.655825726403435283e+00
4.781721387280560620e+00
5.321270472401103291e+00
7.596029577181994119e-01
2.652569195270338298e+00
3.408954026638137069e+00
3.399046553155203210e+00
6.162721957155246066e+00
7.137954188883526285e+00
5.044383405079448934e+00
2.528380806289840965e+00
3.276029260972458612e+00
3.144492697109441792e+00
4.173204367280990645e+00
8.866409391809598750e-01
4.212721267876355036e+00
2.188373141017835977e+01
5.724712090113094121e+00
3.207872723799431558e+00
1.296944880416443846e+00
4.350270289427925263e+00
1.122547354637456918e+00
5.897822762875277292e+00
5.092532894248766873e+00
3.501225489932262125e+00
8.816266088141369028e-01
3.020032843321488691e+00
1.604874882136168690e+00
6.277110295898244985e-01
3.006704797227927273e+00
1.314261533642977042e+00
2.195967617020984086e+00
1.404522367623825208e+00
4.150202544975598151e+00
2.863618757626071876e+00
2.776019414700332089e+00
7.125476101262493422e-01
1.479819143506746260e+00
3.241517496713603119e+00
2.541041899562757944e+00
4.436676990786011743e+00
4.481172302255702178e+00
5.183276278031269335e+00
4.437900750969037134e+00
1.683802115122001952e+00
3.217932038471036815e+00
4.064058732492269677e+00
6.352706413830876420e-01
2.417782269860513367e+00
3.543015700940586488e+00
3.165478714582468989e+00
2.752569924980313942e+00
2.846294149483108438e+00
3.740143868979881603e+00
2.193048735546060168e+00
2.727646379949665523e+00
4.307714643552541744e+00
5.786733759965651203e+00
1.006985604055222527e+00
1.810799332303606235e+00
3.404675507771387721e+00
4.531078987283382098e+00
3.043325437928197541e+00
4.740457358089146922e+00
4.044452760001028047e+00
2.999062061269848645e+00
3.735379634912475488e+00
3.681610838506914618e+00
3.096863909684160809e+00
3.764532546152799863e+00
6.785972897627569056e-01
3.166107144991578082e+00
2.690184400374680873e+00
2.478521061841106654e+00
3.995756702123784088e+00
4.144787264497226786e+00
8.749085027896450484e+00
5.496659708597189997e+00
2.900388253726091659e+00
4.804982169262396852e+00
4.375458316675297610e+00
7.971801976039616378e-01
2.730613597674405923e+00
2.842516210479398620e+00
1.940960943840155606e+00
3.531209588213233275e+00
3.925486424341697145e+00
5.821841267738969705e+00
1.410339883728169319e+00
4.517517550735868248e+00
3.884942484784151162e+00
8.540123889808337587e-01
1.535510675443321871e+00
9.439255772815920986e-01
1.443031509907538368e+00
1.617260381969783944e+00
1.264145426588352050e+00
1.772345518446693857e+00
2.085734219868541572e+00
3.932276767989759669e-01
1.178627732090092417e+00
7.253659382444530568e-01
3.709865053112580968e-01
9.456947266099625660e-01
8.663652401774084577e-01
2.090770349413405338e+00
1.955549173855786416e+00
1.878936402209750334e+00
7.469450034454070408e-01
1.367986980548955955e+00
1.382434921686996443e+00
7.007694062450624539e-01
1.293773974606863719e+00
1.122285478879640808e+00
6.761617974920819396e-01
1.760632780455668955e+00
5.491201809841117498e-01
1.267292139211049440e+00
1.010833442952340899e+00
1.474977550582306618e+00
1.341357167542278406e+00
1.659130787132834239e+00
1.365218768498603685e+00
2.310958589739657842e+00
7.176247571227865052e-01
1.496989281142111050e+00
1.060349378921198626e+00
3.335660684849182545e+00
8.603753898728049299e-01
1.190271853826486259e+00
9.187512016019694361e-01
1.146983590222678817e+00
3.342182555448091730e+00
1.049131233926030360e+00
9.662087554601721529e-01
1.527273067194725886e+00
1.898185346638968651e+00
1.349318390718939575e+01
9.389152578524148085e-01
8.490270210799588657e-01
1.780278424031052964e+00
3.306685722647104697e+00
2.187509493181446718e+00
2.535693711021635099e+00
1.841117731656077172e+00
7.818817373863984344e-01
1.364921579408088004e+00
7.451650542923359266e-01
1.451647077764530280e+00
1.354686804141717049e+00
1.222835968258870531e+00
9.906001868600432525e-01
8.430688209107962683e-01
2.177398400266647993e+00
1.758741489863200558e+00
1.206691972554296166e+00
1.205161113225886815e+00
1.644085723430364521e+00
1.196361718639615379e+00
9.545089175147214444e-01
1.092326376270231991e+00
7.778268930029037520e-01
1.002003689069238090e+00
1.402944991141765074e+00
1.691531620230705801e+00
1.291288285582996798e+00
8.199308955913112706e-01
1.869136096339715003e+00
1.715447686164390806e+00
1.550677973234033891e+00
4.947130188378440763e-01
2.039715371277844636e+00
9.928231841889424425e-01
6.417156096320029146e-01
7.457403898543644161e-01
1.610213359869440364e+00
1.565152368255736004e+00
4.912157772831362568e-01
1.208240982582536649e+00
1.951530914708173636e+00
9.891626398339268267e-01
4.303601417727845324e-01
1.148317918482799405e+00
1.147752070856114193e+00
1.022447383002648813e+00
1.177963238072271990e+00
6.158838833793690570e-01
7.625372103684844305e-01
7.026897571662683584e-01
8.365687176591209973e-01
5.887624804661640843e-01
7.130035536002318208e-01
6.377618616855740274e-01
1.289040262474349774e+00
1.461055334146338591e+00
2.386861138309624319e+00
5.703030436046446772e-01
4.254267326495534407e-01
6.644275673575802399e-01
1.173086877358942015e+00
1.031756521014650207e+00
6.299855952139721271e-01
1.865904635791018062e+00
9.586776113400230503e-01
1.178578320000156943e+00
1.156125229019832501e+00
9.249959978957769113e-01
2.690029164197548228e-01
9.508914005737393316e-01
5.339123812266735047e-01
1.334644609268229365e+00
1.278671556710866408e+00
1.316099031164402522e+00
1.184472442602870546e+00
8.008173527310115114e-01
5.619675219988974346e-01
5.978112539852450391e-01
1.309108779685583812e+00
4.670550773683355139e+00
6.340871487940054063e-01
1.331663451883009941e+00
1.465987742791044823e+00
6.989810258441918611e-01
9.518938706327952914e-01
1.823874362023929718e+00
1.050217120299760998e+00
9.256559893533438110e-01
7.006527323858926515e-01
7.559525848018922023e-01
4.500429974042688408e-01
5.608600662913406643e-01
1.005134387326781287e+00
6.224107421336521062e-01
2.588747780898292383e+00
1.398978033642347407e+00
8.225083217461297558e-01
3.815695752780293160e-01
7.590208251506960213e-01
8.192174496833091180e-01
5.803740308076955623e-01
6.970445187287208633e-01
6.786786958021134852e-01
9.899562601038007781e-01
8.555130951408953521e-01
6.822553700663462894e-01
5.883934319091763676e-01
2.149423308089154716e+00
5.312969627275662132e-01
3.987810999826915115e-01
1.132084432805022134e+00
