1.033826088905334473e+01 1.629424095153808594e-02
9.926878213882446289e+00 1.914739608764648438e-02
1.142024016380310059e+01 1.837229728698730469e-02
1.088122582435607910e+01 1.886987686157226562e-02
1.147185373306274414e+01 1.662206649780273438e-02
9.784633398056030273e+00 1.610469818115234375e-02
1.098804044723510742e+01 1.619672775268554688e-02
1.102545404434204102e+01 1.656556129455566406e-02
1.079902839660644531e+01 1.624679565429687500e-02
1.050734281539916992e+01 1.661920547485351562e-02
1.111851477622985840e+01 1.963329315185546875e-02
1.093261981010437012e+01 2.005910873413085938e-02
1.112649655342102051e+01 1.760816574096679688e-02
1.019840884208679199e+01 1.591539382934570312e-02
1.141427683830261230e+01 1.754236221313476562e-02
1.083591032028198242e+01 1.812362670898437500e-02
1.067621660232543945e+01 1.570081710815429688e-02
1.006683444976806641e+01 1.604819297790527344e-02
1.075750827789306641e+01 1.916384696960449219e-02
1.133911585807800293e+01 1.743388175964355469e-02
1.111888051033020020e+01 2.139377593994140625e-02
1.067556262016296387e+01 1.991915702819824219e-02
1.125084471702575684e+01 1.992726325988769531e-02
1.057179594039916992e+01 1.636719703674316406e-02
1.022793149948120117e+01 2.112579345703125000e-02
9.841526031494140625e+00 1.937079429626464844e-02
1.081568574905395508e+01 1.673436164855957031e-02
1.075871157646179199e+01 1.986455917358398438e-02
1.125370597839355469e+01 1.736354827880859375e-02
1.115741014480590820e+01 1.798939704895019531e-02
1.064551115036010742e+01 1.811289787292480469e-02
1.044546985626220703e+01 1.939272880554199219e-02
1.046879029273986816e+01 1.693534851074218750e-02
1.111026740074157715e+01 1.757788658142089844e-02
1.093626642227172852e+01 1.856374740600585938e-02
1.075615882873535156e+01 1.739788055419921875e-02
1.067616844177246094e+01 1.688051223754882812e-02
1.113927412033081055e+01 1.700496673583984375e-02
1.050386047363281250e+01 1.705980300903320312e-02
1.070611381530761719e+01 1.680779457092285156e-02
1.040951442718505859e+01 1.991248130798339844e-02
1.065973424911499023e+01 1.752448081970214844e-02
1.022707462310791016e+01 1.645874977111816406e-02
1.067163324356079102e+01 1.700139045715332031e-02
1.087625741958618164e+01 1.760458946228027344e-02
1.082213330268859863e+01 1.673841476440429688e-02
1.077972054481506348e+01 1.829695701599121094e-02
1.135206365585327148e+01 1.829099655151367188e-02
1.051589488983154297e+01 1.988720893859863281e-02
1.076863145828247070e+01 1.681423187255859375e-02
1.016366124153137207e+01 1.940274238586425781e-02
1.024908614158630371e+01 1.588940620422363281e-02
1.106702566146850586e+01 2.051115036010742188e-02
1.064913463592529297e+01 1.667737960815429688e-02
1.058771157264709473e+01 1.690149307250976562e-02
1.015317106246948242e+01 1.909613609313964844e-02
1.059172129631042480e+01 1.877045631408691406e-02
1.039668965339660645e+01 1.753425598144531250e-02
1.064701962471008301e+01 1.781225204467773438e-02
1.065699005126953125e+01 1.924061775207519531e-02
1.067164945602416992e+01 1.670241355895996094e-02
1.036144852638244629e+01 1.938724517822265625e-02
1.073289299011230469e+01 1.920628547668457031e-02
1.090259814262390137e+01 1.724600791931152344e-02
9.794177055358886719e+00 1.682615280151367188e-02
1.018638634681701660e+01 2.095794677734375000e-02
1.188695120811462402e+01 1.663970947265625000e-02
1.064544415473937988e+01 1.628851890563964844e-02
1.105155754089355469e+01 1.097917556762695312e-02
1.155724620819091797e+01 1.890516281127929688e-02
1.034955430030822754e+01 1.940178871154785156e-02
1.068833565711975098e+01 1.735687255859375000e-02
1.003335404396057129e+01 1.208925247192382812e-02
1.090270137786865234e+01 1.651668548583984375e-02
1.174952912330627441e+01 1.647853851318359375e-02
1.108678793907165527e+01 1.978039741516113281e-02
9.928489685058593750e+00 1.123547554016113281e-02
1.055650281906127930e+01 1.711058616638183594e-02
9.594663858413696289e+00 1.721358299255371094e-02
1.428400111198425293e+01 1.681399345397949219e-02
1.530248951911926270e+01 1.863646507263183594e-02
1.617295265197753906e+01 1.677560806274414062e-02
1.517515850067138672e+01 1.744222640991210938e-02
1.766607403755187988e+01 2.126741409301757812e-02
1.594514465332031250e+01 1.692891120910644531e-02
1.432186913490295410e+01 1.681041717529296875e-02
1.515599322319030762e+01 2.197265625000000000e-02
1.574968600273132324e+01 1.707983016967773438e-02
1.550559043884277344e+01 1.870942115783691406e-02
1.162623691558837891e+01 1.721549034118652344e-02
1.587325429916381836e+01 1.984953880310058594e-02
1.595933270454406738e+01 1.903104782104492188e-02
1.684817481040954590e+01 1.960968971252441406e-02
1.575640082359313965e+01 1.974296569824218750e-02
1.404253005981445312e+01 1.745176315307617188e-02
1.469407606124877930e+01 1.765704154968261719e-02
1.438274979591369629e+01 1.996016502380371094e-02
1.704465079307556152e+01 1.779150962829589844e-02
1.474702739715576172e+01 1.658892631530761719e-02
1.428252577781677246e+01 1.663160324096679688e-02
1.062686824798583984e+01 1.645398139953613281e-02
1.512290740013122559e+01 1.677346229553222656e-02
1.499997878074645996e+01 1.988959312438964844e-02
1.472098970413208008e+01 1.955890655517578125e-02
1.466751527786254883e+01 1.665878295898437500e-02
1.479154753684997559e+01 1.982545852661132812e-02
1.455148601531982422e+01 1.625108718872070312e-02
1.461440920829772949e+01 1.695275306701660156e-02
1.466604328155517578e+01 1.735043525695800781e-02
1.499628400802612305e+01 1.949262619018554688e-02
1.490634870529174805e+01 1.679468154907226562e-02
1.002335953712463379e+01 1.590776443481445312e-02
1.057761096954345703e+01 1.648354530334472656e-02
1.481301379203796387e+01 1.686048507690429688e-02
1.472379207611083984e+01 1.867985725402832031e-02
1.543679094314575195e+01 1.788449287414550781e-02
1.480151200294494629e+01 1.712179183959960938e-02
1.518501043319702148e+01 1.813530921936035156e-02
1.515458059310913086e+01 1.690149307250976562e-02
1.531340146064758301e+01 1.925849914550781250e-02
1.477747631072998047e+01 1.884508132934570312e-02
1.545282030105590820e+01 1.827216148376464844e-02
1.590462446212768555e+01 1.721739768981933594e-02
1.023182392120361328e+01 1.923012733459472656e-02
1.502911090850830078e+01 1.788425445556640625e-02
1.473027682304382324e+01 1.657986640930175781e-02
1.496217894554138184e+01 1.679301261901855469e-02
1.552949976921081543e+01 2.128553390502929688e-02
1.535918068885803223e+01 1.717758178710937500e-02
1.494112133979797363e+01 1.754474639892578125e-02
1.483505654335021973e+01 1.789522171020507812e-02
1.539641046524047852e+01 1.917052268981933594e-02
1.500025296211242676e+01 1.660919189453125000e-02
1.551198458671569824e+01 1.750421524047851562e-02
1.035577511787414551e+01 1.925492286682128906e-02
1.486805367469787598e+01 1.995849609375000000e-02
1.495122981071472168e+01 1.960659027099609375e-02
1.509561896324157715e+01 1.712822914123535156e-02
1.691576504707336426e+01 1.970529556274414062e-02
1.639586424827575684e+01 1.729702949523925781e-02
1.544727873802185059e+01 1.727652549743652344e-02
1.476360630989074707e+01 1.959133148193359375e-02
1.463163709640502930e+01 1.665711402893066406e-02
1.479038476943969727e+01 1.688647270202636719e-02
1.505152010917663574e+01 1.699972152709960938e-02
1.055184245109558105e+01 1.946997642517089844e-02
1.574767947196960449e+01 1.771903038024902344e-02
1.507578945159912109e+01 1.956653594970703125e-02
1.494445729255676270e+01 1.840519905090332031e-02
1.575380921363830566e+01 1.754856109619140625e-02
1.498392510414123535e+01 1.665639877319335938e-02
1.563729572296142578e+01 1.979231834411621094e-02
1.504794621467590332e+01 1.969170570373535156e-02
1.626349282264709473e+01 1.881361007690429688e-02
1.471698832511901855e+01 1.697397232055664062e-02
1.528146624565124512e+01 1.798534393310546875e-02
1.102992320060729980e+01 1.944851875305175781e-02
1.664379239082336426e+01 1.989507675170898438e-02
1.729045224189758301e+01 2.030444145202636719e-02
1.760861277580261230e+01 1.745939254760742188e-02
1.508613896369934082e+01 1.662373542785644531e-02
1.565162706375122070e+01 1.991438865661621094e-02
1.504010558128356934e+01 2.034854888916015625e-02
1.511711239814758301e+01 1.675987243652343750e-02
1.677497959136962891e+01 1.749563217163085938e-02
1.637002158164978027e+01 1.977515220642089844e-02
1.695917248725891113e+01 1.730418205261230469e-02
1.008779716491699219e+01 1.611852645874023438e-02
1.455858850479125977e+01 1.660132408142089844e-02
1.461057305335998535e+01 2.176022529602050781e-02
1.465615296363830566e+01 1.979970932006835938e-02
1.507159805297851562e+01 1.661968231201171875e-02
1.681414103507995605e+01 1.962804794311523438e-02
1.571925473213195801e+01 1.791930198669433594e-02
1.594861102104187012e+01 1.750326156616210938e-02
1.496838927268981934e+01 1.766920089721679688e-02
1.475258064270019531e+01 1.656150817871093750e-02
1.481814098358154297e+01 1.743102073669433594e-02
1.006529164314270020e+01 1.889991760253906250e-02
1.496876358985900879e+01 1.989126205444335938e-02
1.499284148216247559e+01 1.714372634887695312e-02
1.780583143234252930e+01 1.779460906982421875e-02
1.486247396469116211e+01 1.825809478759765625e-02
1.576766753196716309e+01 1.737427711486816406e-02
1.513520121574401855e+01 2.125144004821777344e-02
1.685801672935485840e+01 1.738047599792480469e-02
1.696695446968078613e+01 1.787471771240234375e-02
1.631179404258728027e+01 1.953029632568359375e-02
1.766517400741577148e+01 1.975154876708984375e-02
1.067948627471923828e+01 1.634669303894042969e-02
1.501282095909118652e+01 2.004885673522949219e-02
1.690068125724792480e+01 1.778626441955566406e-02
1.643455719947814941e+01 1.782774925231933594e-02
1.457409882545471191e+01 1.672577857971191406e-02
1.634412217140197754e+01 1.963019371032714844e-02
1.639658331871032715e+01 1.799511909484863281e-02
1.580518555641174316e+01 1.988053321838378906e-02
1.497068643569946289e+01 1.686167716979980469e-02
1.507542610168457031e+01 1.946711540222167969e-02
1.518894195556640625e+01 1.796221733093261719e-02
9.919900894165039062e+00 1.903510093688964844e-02
1.500155496597290039e+01 1.996922492980957031e-02
1.472151350975036621e+01 1.953458786010742188e-02
1.684354662895202637e+01 1.731753349304199219e-02
1.522488570213317871e+01 1.970076560974121094e-02
1.437832045555114746e+01 1.704192161560058594e-02
1.491141343116760254e+01 1.903963088989257812e-02
1.521750426292419434e+01 1.728844642639160156e-02
1.583527541160583496e+01 1.670980453491210938e-02
1.482581496238708496e+01 1.681542396545410156e-02
1.672211456298828125e+01 1.706647872924804688e-02
9.517458200454711914e+00 1.580548286437988281e-02
1.470083880424499512e+01 1.720881462097167969e-02
1.472135162353515625e+01 1.726865768432617188e-02
1.459009599685668945e+01 1.948451995849609375e-02
1.541153383255004883e+01 1.686930656433105469e-02
1.480586123466491699e+01 1.977109909057617188e-02
1.510540556907653809e+01 2.011728286743164062e-02
1.459798884391784668e+01 1.940655708312988281e-02
1.477039265632629395e+01 1.973009109497070312e-02
1.545106005668640137e+01 1.694655418395996094e-02
1.527289748191833496e+01 1.972866058349609375e-02
1.012965297698974609e+01 1.649880409240722656e-02
9.680453062057495117e+00 2.012372016906738281e-02
1.472902965545654297e+01 1.678133010864257812e-02
1.509816837310791016e+01 2.067375183105468750e-02
1.472721123695373535e+01 1.681971549987792969e-02
1.495215773582458496e+01 1.982831954956054688e-02
1.527404713630676270e+01 1.999044418334960938e-02
1.499533939361572266e+01 1.847147941589355469e-02
1.510236167907714844e+01 1.780200004577636719e-02
1.501582431793212891e+01 1.960587501525878906e-02
1.515819907188415527e+01 1.751232147216796875e-02
1.465731048583984375e+01 1.975727081298828125e-02
9.513612747192382812e+00 1.585006713867187500e-02
1.473381567001342773e+01 1.703834533691406250e-02
1.470873379707336426e+01 1.958560943603515625e-02
1.432854485511779785e+01 1.980948448181152344e-02
1.490746068954467773e+01 2.009272575378417969e-02
1.555116462707519531e+01 1.716947555541992188e-02
1.649542570114135742e+01 1.756477355957031250e-02
1.551614999771118164e+01 1.750254631042480469e-02
1.465033960342407227e+01 1.630258560180664062e-02
1.525540733337402344e+01 1.712679862976074219e-02
1.483315587043762207e+01 1.678657531738281250e-02
9.586248874664306641e+00 1.801490783691406250e-02
1.483722805976867676e+01 1.691961288452148438e-02
1.649046206474304199e+01 1.867771148681640625e-02
1.489630556106567383e+01 1.745486259460449219e-02
1.483732581138610840e+01 1.712894439697265625e-02
1.470262193679809570e+01 1.951599121093750000e-02
1.608293128013610840e+01 1.937580108642578125e-02
1.558975219726562500e+01 1.732659339904785156e-02
1.476294755935668945e+01 1.686620712280273438e-02
1.517424869537353516e+01 1.746773719787597656e-02
1.611403489112854004e+01 1.779508590698242188e-02
1.043104624748229980e+01 1.610112190246582031e-02
1.663923859596252441e+01 1.788592338562011719e-02
1.615594291687011719e+01 2.057385444641113281e-02
1.664102649688720703e+01 2.066135406494140625e-02
1.680922794342041016e+01 2.028489112854003906e-02
1.703581428527832031e+01 1.915574073791503906e-02
1.690269231796264648e+01 2.034449577331542969e-02
1.642889618873596191e+01 1.785731315612792969e-02
1.650959181785583496e+01 1.749992370605468750e-02
1.690997719764709473e+01 1.918244361877441406e-02
1.698657512664794922e+01 1.772880554199218750e-02
1.022644448280334473e+01 1.896977424621582031e-02
1.682815527915954590e+01 1.730275154113769531e-02
1.599945068359375000e+01 1.823854446411132812e-02
1.588845300674438477e+01 1.830601692199707031e-02
1.601880073547363281e+01 1.830625534057617188e-02
1.621019220352172852e+01 1.726746559143066406e-02
1.617252993583679199e+01 1.750111579895019531e-02
1.585176610946655273e+01 1.727795600891113281e-02
1.643547821044921875e+01 1.737236976623535156e-02
1.559083628654479980e+01 1.959371566772460938e-02
1.582723951339721680e+01 1.734852790832519531e-02
1.039196729660034180e+01 1.882314682006835938e-02
1.611683225631713867e+01 1.967954635620117188e-02
1.623762226104736328e+01 1.739525794982910156e-02
1.599616384506225586e+01 2.052712440490722656e-02
1.632833838462829590e+01 1.772427558898925781e-02
1.641415905952453613e+01 1.947832107543945312e-02
1.684994173049926758e+01 1.776504516601562500e-02
1.635866522789001465e+01 2.041673660278320312e-02
1.637124681472778320e+01 1.860380172729492188e-02
1.616669392585754395e+01 1.815414428710937500e-02
1.707496118545532227e+01 2.031373977661132812e-02
9.779720544815063477e+00 1.881432533264160156e-02
1.718700051307678223e+01 1.792693138122558594e-02
1.598730492591857910e+01 1.724791526794433594e-02
1.599792838096618652e+01 1.875162124633789062e-02
1.652879929542541504e+01 1.894569396972656250e-02
1.678762531280517578e+01 1.756811141967773438e-02
1.645074295997619629e+01 1.736450195312500000e-02
1.717504835128784180e+01 1.829767227172851562e-02
1.617459797859191895e+01 1.859807968139648438e-02
1.630646872520446777e+01 2.023744583129882812e-02
1.744838547706604004e+01 1.948380470275878906e-02
1.057918620109558105e+01 1.644873619079589844e-02
1.590619158744812012e+01 1.760292053222656250e-02
1.622331953048706055e+01 2.047848701477050781e-02
1.544964551925659180e+01 2.001428604125976562e-02
1.649464702606201172e+01 1.766753196716308594e-02
1.626289701461791992e+01 1.697564125061035156e-02
1.610436773300170898e+01 1.757740974426269531e-02
1.642905855178833008e+01 1.922869682312011719e-02
1.592942643165588379e+01 1.793026924133300781e-02
1.703442168235778809e+01 1.908302307128906250e-02
1.587557268142700195e+01 2.068352699279785156e-02
1.020578551292419434e+01 1.914143562316894531e-02
1.662590169906616211e+01 1.780867576599121094e-02
1.584119749069213867e+01 1.708292961120605469e-02
1.620165419578552246e+01 2.058696746826171875e-02
1.579395914077758789e+01 1.959037780761718750e-02
1.627460145950317383e+01 1.971578598022460938e-02
1.544926500320434570e+01 2.052450180053710938e-02
1.694999217987060547e+01 1.954388618469238281e-02
1.641738367080688477e+01 2.093243598937988281e-02
1.588060140609741211e+01 1.811218261718750000e-02
1.727223920822143555e+01 2.022361755371093750e-02
1.014719796180725098e+01 1.622438430786132812e-02
1.616310214996337891e+01 1.750445365905761719e-02
1.711044979095458984e+01 2.023220062255859375e-02
1.668618345260620117e+01 2.127146720886230469e-02
1.635466074943542480e+01 2.076268196105957031e-02
1.725299596786499023e+01 2.090716361999511719e-02
1.748837995529174805e+01 1.806473731994628906e-02
1.646261954307556152e+01 1.792430877685546875e-02
1.641404032707214355e+01 1.727485656738281250e-02
1.611579704284667969e+01 2.014994621276855469e-02
1.623024654388427734e+01 1.814913749694824219e-02
1.020821690559387207e+01 1.585745811462402344e-02
1.080306077003479004e+01 1.654195785522460938e-02
1.651391744613647461e+01 1.746296882629394531e-02
1.650681757926940918e+01 1.895189285278320312e-02
1.602009487152099609e+01 1.743173599243164062e-02
1.639076709747314453e+01 2.029657363891601562e-02
1.588552188873291016e+01 1.684093475341796875e-02
1.694204735755920410e+01 1.792764663696289062e-02
1.627978348731994629e+01 1.772618293762207031e-02
1.671436905860900879e+01 1.766228675842285156e-02
1.575934076309204102e+01 1.771354675292968750e-02
1.577044916152954102e+01 1.996254920959472656e-02
1.092157888412475586e+01 1.911377906799316406e-02
1.635117864608764648e+01 1.997971534729003906e-02
1.621420097351074219e+01 2.054953575134277344e-02
1.594488167762756348e+01 1.801204681396484375e-02
1.650884175300598145e+01 1.863121986389160156e-02
1.576569867134094238e+01 2.056550979614257812e-02
1.067568612098693848e+01 1.945710182189941406e-02
1.011032748222351074e+01 1.805996894836425781e-02
1.101577925682067871e+01 1.922202110290527344e-02
1.024455022811889648e+01 1.737856864929199219e-02
1.024001240730285645e+01 1.915192604064941406e-02
9.981023550033569336e+00 1.868367195129394531e-02
1.054939723014831543e+01 1.704239845275878906e-02
1.049574685096740723e+01 1.892042160034179688e-02
1.018385601043701172e+01 1.963829994201660156e-02
9.980618238449096680e+00 1.644873619079589844e-02
1.055614113807678223e+01 1.654100418090820312e-02
1.066871857643127441e+01 1.743769645690917969e-02
1.069681882858276367e+01 1.700377464294433594e-02
1.061601972579956055e+01 1.696801185607910156e-02
1.063593339920043945e+01 1.946139335632324219e-02
1.019809722900390625e+01 1.918292045593261719e-02
1.005992698669433594e+01 1.622033119201660156e-02
1.012821149826049805e+01 1.654624938964843750e-02
1.068401432037353516e+01 1.665973663330078125e-02
1.072870612144470215e+01 1.827907562255859375e-02
1.097611212730407715e+01 1.896572113037109375e-02
1.040594387054443359e+01 1.666307449340820312e-02
1.112299823760986328e+01 1.787042617797851562e-02
1.098911356925964355e+01 1.944899559020996094e-02
1.069773626327514648e+01 1.954889297485351562e-02
1.114530706405639648e+01 1.680588722229003906e-02
1.051773452758789062e+01 1.871991157531738281e-02
1.033924245834350586e+01 1.580667495727539062e-02
1.011668944358825684e+01 1.664733886718750000e-02
1.032943201065063477e+01 1.608800888061523438e-02
1.064765167236328125e+01 1.788878440856933594e-02
1.066159677505493164e+01 1.892280578613281250e-02
1.089467501640319824e+01 1.697611808776855469e-02
1.062191009521484375e+01 1.660895347595214844e-02
1.117631340026855469e+01 1.691770553588867188e-02
1.041203117370605469e+01 1.650381088256835938e-02
1.053771758079528809e+01 1.646804809570312500e-02
1.119499087333679199e+01 1.661109924316406250e-02
1.043346858024597168e+01 1.721334457397460938e-02
1.000431394577026367e+01 1.602530479431152344e-02
9.968028783798217773e+00 1.071071624755859375e-02
1.005654120445251465e+01 1.691532135009765625e-02
1.002311015129089355e+01 1.118254661560058594e-02
1.014311528205871582e+01 1.267123222351074219e-02
9.166924715042114258e+00 1.119852066040039062e-02
9.574339866638183594e+00 1.132941246032714844e-02
9.882856369018554688e+00 1.633358001708984375e-02
9.884323596954345703e+00 1.168751716613769531e-02
9.840963840484619141e+00 1.061916351318359375e-02
9.261473894119262695e+00 1.123881340026855469e-02
8.726288557052612305e+00 1.134467124938964844e-02
8.702857732772827148e+00 1.055264472961425781e-02
8.439051389694213867e+00 1.113486289978027344e-02
8.582228660583496094e+00 1.004838943481445312e-02
8.299052953720092773e+00 1.255941390991210938e-02
7.641132116317749023e+00 9.996891021728515625e-03
7.200987100601196289e+00 9.590148925781250000e-03
7.332517862319946289e+00 1.085019111633300781e-02
7.410501718521118164e+00 8.777141571044921875e-03
7.705585002899169922e+00 9.143352508544921875e-03
7.648146390914916992e+00 8.721590042114257812e-03
7.703566789627075195e+00 1.031661033630371094e-02
7.295993089675903320e+00 9.155035018920898438e-03
