1.335564263174855171e+01
4.285606776686537778e+00
3.392962440290208992e+00
2.091035175606560159e+00
4.529555735596120236e+00
1.636571988694467183e+00
1.625493212400334508e+00
6.268992921450246669e+00
8.457994447659274995e-01
4.640566336570762118e+00
2.968227713406287549e+00
3.079796875507976761e+00
2.829152504712627580e-01
1.935346497171205105e+00
2.409365238514633134e+00
2.160307283710794390e+00
4.741405174212827145e-01
2.719524973006183899e+00
4.738636521248202449e+00
3.342333700487839732e+00
3.138003433721291646e+00
1.576346076923259565e+00
3.457594566545713732e+00
3.370090998111635372e+00
2.719389068950447630e+00
3.586506325398323369e+00
4.488418339524426481e-01
5.456542727285074168e-01
1.665700842836069340e+00
2.944395463878552999e+00
1.767650192778848162e+00
5.669820426400562496e+00
2.414586039489552416e+00
1.793954400726650356e+00
6.020388305295520937e+00
5.449814133417420159e+00
8.489517630429029849e-01
5.095418272531614612e+00
2.185002376627884768e+00
2.072363699862740827e+00
1.616825451796802815e+00
4.408583518953769875e+00
1.930785253546952740e+00
6.325857312019906864e-01
3.098756577257060218e+00
5.837397597580037178e+00
3.569278401218584751e+00
2.643542553561421204e+00
2.828770443384874156e+00
1.091431679237210295e+00
2.918154121970716997e+00
2.145723848054060579e+00
3.225153391418385862e+00
1.549285149622487423e-01
3.865915694520467571e-01
2.055947938978597733e+00
1.685018627961649074e+01
2.686118223016428441e+00
3.187762818800192299e+00
4.292489651122584959e+00
1.972894173498741521e+00
2.352079484299687273e+00
4.258213973223997861e+00
6.410197312890792531e+00
9.848688225695184650e-01
2.884180541811677045e+00
1.702472684838096662e+00
1.356889547005038565e+01
2.014868139315612705e+00
1.225436449888394064e+00
3.453798163714135061e+00
1.981478130372263280e+00
1.402141157810457672e+00
2.361305958937346960e-01
2.065297554740790797e+00
2.531386862549890981e+00
1.870210920289390844e+00
2.815535238754445668e+00
4.610845295482111972e+00
4.077017944925818149e+00
2.449226155135504346e+00
3.181993906295129015e+00
2.020772073131550606e+00
1.236607204924271786e+00
2.767084259047786432e+00
2.206840594619857487e+00
1.353903105606185653e+00
4.553372682673110461e+00
1.989632807068769216e+00
7.783664373951431514e+00
1.793100832926133315e+00
3.929702532518771108e+00
4.477387644091734842e+00
4.812526021701387435e+00
4.182140137785040679e+00
3.004524832403097978e+00
2.531883030091516940e+00
2.669351703846363666e+00
5.973210895899336847e-01
3.122229841153924212e+00
6.657247774943984009e-01
1.103437382278701140e+00
3.035518102287254383e+00
8.574856214818398215e-01
2.226005365437546235e+00
1.036586391763047565e+00
1.498251232431894842e+00
3.517382761020196202e+00
1.548889855485479972e+00
3.328675137440692211e+00
1.119599447190030794e+00
8.542919584374164543e+00
7.430051420857499700e-01
1.164214182808466891e+00
4.202893940125268735e+00
1.550762465548082725e+00
2.947537123688683369e+00
7.348126522885899403e-01
4.509613685550198703e+00
1.449809938383716634e+00
1.187497176630515305e+01
2.760151173163797989e+00
1.833251349676323017e+01
8.600429731945816725e-01
5.012012444281830348e+00
2.068417067843044421e+01
1.436714331918125032e+00
1.215858450447123484e+00
9.620002824098474736e-01
4.402192713041741534e+00
4.154675722832246620e+00
5.425840018837776446e-01
1.037448810142102440e+00
2.273348458967897834e+00
4.476401335526740688e-01
4.708377588110102679e-02
2.237438144790114158e+00
3.500620811486551354e+00
2.768774587656765984e+00
2.299870238904937914e+00
1.240834771149978977e+00
2.065584619073687289e+00
1.583674182096146188e+00
1.054640795709335999e+00
5.996171040269208108e-01
6.898631365730172327e-01
1.313280607997451055e+00
4.552107543796267031e+00
2.477019987744733420e+00
2.187192615939041573e+00
7.390863603093279499e-01
3.079290163282087711e+00
1.603405722837017100e+00
1.052928383048275629e+00
5.773049131225335806e+00
1.498568297195208565e+00
1.306983544287729782e+00
3.025966052779199167e+00
2.452732453929356460e+00
6.881026756571336778e-01
7.554156574799990587e+00
6.659341648004968306e+00
1.334808387904781402e+00
2.655628747610375040e+00
4.466108490308372758e+00
3.646217260758124912e+00
1.035771438452313120e+01
2.801953846166307383e+00
1.570459632044193254e+00
9.478838131803270173e+00
6.573510698198059998e+00
5.779731783268510448e+00
3.376318428277139017e+00
4.875901336222698390e+00
2.128014330903417406e+00
2.551092093673941186e-01
5.726917502149809103e+00
1.660065030645681228e+00
1.070495546250325836e+00
3.614979318964164356e-01
1.888948082675062201e+00
4.017181944608951838e+00
4.448428521046857043e+00
1.470571402740505462e+00
1.985208604665726684e+00
2.116752459522790453e+00
4.543127590444183461e+00
1.251226329187608455e+00
1.259704646499186786e+00
1.163305306299164954e+00
8.901541470401395095e-01
9.001817024850511384e-01
3.372408622442758297e+00
8.202772736325250946e+00
5.442894334553147750e+00
2.694060894315261301e+00
1.789667558820114079e+00
3.014875552315055884e+00
1.516386920229734869e+00
1.544624083198102182e+00
1.478702616700343864e+00
9.417644357537704458e-01
2.149094011446458730e+00
3.920937796557836807e-01
4.177866371867923201e-01
2.062892382136899627e+00
8.734478165116158488e-01
7.107820824583634511e+00
3.870864346427516534e+00
2.543829556800880631e+00
3.435015033973324527e+00
1.675513984663780764e+00
3.447149474866423535e+00
3.520114271118564453e+00
5.666913302454736012e+00
7.247089190386706292e-01
2.144107717718913619e+00
7.547948531817683104e-01
7.304807304118223765e-01
7.235364177561426358e-01
7.816510306234444316e-01
7.457752623964722938e-01
7.492795982684302913e+00
1.352130380244681795e+00
9.704031776916932639e-01
1.104288805140876351e+00
1.109176528528318828e+00
8.081106115698557524e-01
7.815817686584685120e-01
1.072763258794014130e+00
9.618826216103179005e-01
9.864652924056307448e-01
7.911099275860764557e-01
1.256232072813660006e+00
1.858556835692881659e+00
1.304841946625333371e+00
1.169889685309048577e+00
1.047766125668531334e+00
5.020956901384469040e-01
6.967665674077963001e-01
1.318064004231275899e+00
8.862434442489964814e-01
6.664099415800390780e-01
6.971441872966274156e-01
1.327585495768492940e+00
1.805721350524333690e+00
1.717297328245678489e+00
9.967568377804540969e-01
1.286993042010879273e+00
2.377525642595509581e+00
2.123355728936052511e+00
9.975765074295932511e-01
1.418134420714909583e+00
1.185714919774517151e+00
1.137969308085699183e+00
1.705471603611944831e+00
1.942337937042101892e+00
1.046372089591375509e+00
1.404137343274446836e+00
7.422341759590981303e-01
2.154147392056547705e+00
1.849935405089790263e+00
1.924586553725244675e+00
1.364201335331504117e+00
2.110715145265426251e+00
2.004244977090777091e+00
1.063645222668420098e+00
1.952426197780024575e+00
1.418655884955761337e+00
9.618883516294663982e-01
9.007322264878212525e-01
9.484751824279216148e-01
8.894267779593164613e-01
1.453976918709829480e+00
8.831554474239697861e-01
7.731496985830789148e-01
1.299701523258811386e+00
5.584357345990971222e-01
1.476037320710307910e+00
5.999114995364249747e-01
1.426373899419552504e+00
7.877373658103907772e-01
1.071004424185227011e+00
1.143045390968181474e+00
1.037355644967499213e+00
9.274030546102436379e-01
6.585462862524493755e-01
9.232703914175003357e-01
1.351075243679232152e+00
2.766613193023641948e+00
3.110954506227037619e+00
1.528594910224632564e+00
4.196552398799482830e+00
1.617685956073529940e+00
4.570101568825221783e+00
1.769135843961642474e+00
1.838475115511153390e+00
2.133176090469465880e+00
4.465495247132508005e+00
6.874219118757944003e+00
3.892963638198798204e+00
6.396644420046851742e+00
3.671587384147243061e+00
3.299360988059549360e+00
5.330289119960284205e-01
2.295663915537323518e+00
1.771512033568288569e+00
1.825331983804894254e+00
6.227582931988040471e-01
3.589591509061942354e-01
1.847689956191786553e+00
5.244642226808837293e+00
1.144437922056157397e+01
3.704210283370733769e+00
8.238024396533714100e-01
1.179339512948468283e+00
6.718627721529084162e+00
3.448742501623670798e+00
3.005393212885262511e+00
2.226487696991521048e+00
1.715871942285280838e+00
1.512758223365492372e+00
7.236593941531625163e+00
1.124451979117087852e+01
1.770845393675264834e+00
1.371675862349959640e+00
6.349365221977335549e-01
1.530860877536426523e+00
1.021720757262454704e+00
3.692009924550808120e-01
3.682695600990757434e-01
2.200283335666609830e+01
2.650283463079684321e+00
1.472645049457485200e+00
1.429580772123131061e+00
1.960967606816243602e+00
3.165153980019842717e+00
2.118786141224929143e+00
1.955257775812904830e+00
2.606447045504464377e+00
3.738511695128600820e+00
1.351340675481167874e+00
6.500147004550502317e+00
3.235716568637799107e+00
1.853949545363355655e+00
2.546372820962439665e+00
1.248775727339108021e+00
7.465955716136374321e-01
1.532009505882752309e+00
1.873652053431285713e+00
4.215471697687778629e+00
9.531054354299969944e+00
1.215899997759455564e+00
3.248555892181671290e+00
2.663657388251756686e+00
2.600101712187950831e+00
2.843961846593159315e-01
3.376386922563427984e-01
4.176038398615389724e+00
