id,0,1,2,3,4,5,6,7,8,9,10,11,12
W1,34407.84157290238,36922.8223262009,34410.6295119984,35448.393184745044,34539.93861855521,36152.517764726115,35420.53136051753,35037.51143068437,35806.095094125994,35030.7733831953,35619.58480377608,34306.18672441075,35257.2305965954
W10,5133.920845772213,5142.92300814719,5151.94070642987,5160.973967002209,5170.022816290266,5179.087280764217,5188.167386938465,5197.2631613717,5206.374630666994,5215.501821471776,5224.644760478069,5233.803474422447,5242.977990086111
W100,11598.618405896006,11564.26473713287,11365.024617212646,11412.934386655115,11609.551155430361,11640.262054888859,11489.145630785972,11446.71197925521,11664.90525906074,11464.40079218741,11631.919727255741,11455.393375192316,11392.34243022774
W101,9920.317232713038,9838.212694201124,9755.27785944798,9818.150279896154,9929.079863569541,9934.480729884643,9851.201097141899,9714.941888662926,9860.961221711616,9977.102841656191,9907.830150097072,9741.88715342789,9834.48814281911
W102,16058.616819624522,15855.465374861655,16180.749925680624,15964.62587753423,16330.055220692117,16097.901552278337,15998.497506133548,16273.577134091782,15982.36816253985,16065.728999193643,16083.118532988756,16118.208798260704,16108.584786922087
W103,4156.614331199607,4182.23359606072,4038.7463855777473,4031.0513157197447,4283.343040089878,4195.495314087908,4063.270251120963,4018.999641216718,4153.794678328012,4156.47252650965,4179.488601625928,4048.5141746139548,4085.2671607921584
W104,1026.7524051569662,1019.1002249319437,1022.4200041717265,1009.4835029411284,1021.1326405202113,1011.1661117716227,1009.0811374961883,1006.6746634512697,1009.9743683525628,1009.5276736715294,1015.9715424127198,1005.1339219227281,1014.8307932255516
W105,9180.781830092092,9191.41817532185,9197.04514001055,9185.55489826054,9208.309405879067,9209.960447527903,9202.435353834831,9208.069063174187,9226.885753340817,9232.534431068038,9224.990893177639,9230.63841088285,9249.501221238525
W106,2162.0125516970397,2147.422855116542,2141.0385007356435,2157.3268241633505,2163.374844681009,2151.7322344108507,2143.0559702408777,2147.6687320205815,2159.8998728880215,2148.9540494535845,2147.3091823881236,2143.3828971340863,2154.642523202474
W107,23981.327734579663,23982.191169267913,23995.53070471731,23992.328695713783,24035.94449282676,24109.37194122908,24123.3352968019,24053.596190040604,24152.44858157929,24089.65553613277,24176.55180726684,24181.63765817192,24139.070805027004
W108,16037.849032606033,15967.207315519774,15889.920638720929,15877.899195022435,16002.606474923332,15965.580252886879,15905.619735972183,15984.147373086314,15993.438202222162,16002.733880371323,16012.034409776883,16021.339792682838,16030.650031333987
W109,14205.738022277334,14183.719517852032,14136.428076617942,14142.267692604544,14169.609769740713,14236.492459029521,14188.846963465492,14180.250867318377,14188.220893902962,14196.194892003336,14204.172863345364,14212.154809655676,14220.140732661373
W11,349.1062414907446,353.3969048811514,261.017745215927,301.80375680959327,307.20423964770237,310.6957095430532,282.75734170039425,294.1646289684839,336.1797983919707,313.19348098333285,311.4574889779943,295.7516750474474,320.4890614156959
W110,7407.983244347915,7352.402050008631,7385.223787835712,7351.876804714586,7365.611419483925,7357.857355692505,7368.260703567398,7451.007283147402,7416.683040106868,7436.900556054261,7433.224563727544,7435.135599315385,7432.751973050173
W111,1065.230698721569,1063.9820466668607,1062.7348582600487,1061.48913178548,1060.2448655295175,1059.002057780521,1057.7607068288708,1056.5208109669434,1055.2823684891184,1054.0453776917743,1052.8098368732892,1051.5757443340271,1050.3430983763574
W112,9492.092469988136,9509.70319471727,9499.471012598153,9485.473770185656,9506.947387187147,9521.717237092396,9517.093054082481,9503.478203658628,9541.520894745532,9512.676218117878,9522.97112076019,9539.18159934765,9501.747569079089
W113,731.554616024562,716.412918869538,685.5797964202106,690.1990471203493,696.644984926092,726.3940380399572,714.5497719922835,688.1941789814408,717.5192082389343,707.9503982413511,728.3443597657732,706.3680148531511,702.609403636348
W114,10545.61439402012,10630.079019879346,10783.628874482749,10660.733086269107,10573.12856648018,10660.837036059034,10704.393310423919,10577.056373292979,10595.713894972305,10656.366194675853,10624.595777750701,10552.557267920289,10598.016127363935
W115,11270.968639156,11505.064361557364,11530.087963542725,11396.54024312719,11388.038361661473,11504.284884419645,11413.489601873203,11243.90393366944,11433.02109564837,11538.012645553084,11694.951988583867,11561.758015144385,11570.935760770397
W116,14659.033917466235,15231.194151866313,14793.713928858728,14322.087913431109,14818.340348022548,15525.291054598942,15444.859044851813,15140.65166363224,14768.869710216273,14687.055462340182,14884.934937862467,15189.653270801564,14925.146358986696
W117,7092.513071416899,7096.113329819815,7084.802080474824,7120.702835422995,7126.110746003611,7124.030380823934,7131.2537092943585,7136.778288194802,7142.3071469584,7147.840288900694,7153.377717339847,7158.919435596578,7164.465446994144
W118,1743.4791852678889,1729.8615801457734,1730.3305969117835,1732.4123707481956,1737.1488134943977,1729.8790845030135,1731.8755019637892,1730.3121910071666,1729.9168450990685,1730.5517909395849,1730.5506693788464,1730.9427904431047,1731.3349115078922
W119,1019.9563359065033,1001.0213366435602,1001.8705389999827,987.0411237391571,994.0269468641266,1011.4173197401307,1027.716167085126,1016.1327314938426,998.7739648170055,1017.5836851509325,1016.0764785367865,1020.2431475780996,1033.1966817190075
W12,1028.9874062466636,1028.942437059924,1028.8974688365922,1028.8525015766677,1028.8075352801523,1028.7625699470457,1028.7176055773493,1028.6726421710641,1028.627679728191,1028.582718248732,1028.5377577326844,1028.492798180053,1028.4478395908357
W120,922.452906141345,912.9342159308078,889.0158127540899,873.7914238230907,871.3515465880198,863.5794740368472,879.4050676986498,892.4068492407209,887.0098459252979,871.2859516886255,887.2664308027204,872.3989747439772,888.571746715312
W121,10504.285016861817,10458.371862387537,10303.752653611391,10289.800822349765,10575.151990205448,10533.54535513844,10355.503390775006,10331.946904628147,10600.859013356172,10594.000110188423,10379.460172690382,10344.731113352882,10627.711399104064
W122,362.89738048177804,383.32014679762915,391.6934949481903,391.057768024966,358.13074843859033,396.5526084721677,401.94024082632046,393.9602107395409,339.37650725552436,360.1899481602514,381.3143327021331,395.1766791891691,339.92873298931397
W123,467.4427487628021,493.4130337978387,575.3929201802741,472.706210249876,483.4293613304259,492.2061595539579,536.6941076571085,481.5955282205255,463.55936278261817,450.99412721619746,506.59250689359845,512.1261362342607,469.43222221823214
W124,8454.776819589042,8418.028949114967,8463.260595254063,8443.075240475033,8451.426739511271,8440.949674375037,8471.543736183816,8470.325850219771,8459.618504383518,8477.243076652801,8480.703588496579,8484.165366638106,8487.628411487254
W125,10800.321758404018,10964.430531736876,10943.737152983798,10844.927102599131,10838.365830625167,10967.158563383493,11048.133917652507,10890.214218894927,10811.767325092263,10903.738990973869,10987.494742969206,11006.876951385299,10890.598020121344
W126,9624.219501540534,9607.605488841957,9503.030043949453,9538.822169095343,9642.775185352753,9653.017352743323,9600.432185841391,9553.616937702607,9608.85247180349,9670.356177848438,9642.134625234175,9613.51586918545,9587.882778825746
W127,11074.920329600012,10976.996056743234,11099.750179864843,11312.773640007577,11116.503379322516,11157.772206679332,11042.954988609796,11319.844394616703,11640.542611755025,11171.686702680188,11098.177938756322,11037.574900653986,11775.197725058426
W128,3783.8758579058444,3645.6176596001333,3448.88934352338,3536.4613326774465,3757.298775992135,3670.6189876417907,3561.7972018196183,3454.6583100280554,3684.6279800001257,3759.2893248464748,3654.869555318961,3519.1020560945285,3680.4001682034796
W129,1001.9099795577401,994.0820569559592,999.5925024729896,992.8765294776385,998.0619924695116,993.7882161949061,992.9771957357352,998.1724898299944,995.1816983993357,999.062083815531,990.7338064056839,993.0684171196223,992.1361577468437
W13,2499.1348837827168,2520.395941601085,2533.67985643196,2499.792901333595,2521.513189043656,2600.54461839621,2572.5301617401483,2471.998102045249,2516.0634948867564,2514.7073124314475,2586.4134919552475,2635.4272880636977,2582.8089350237733
W130,8171.4834482434335,8194.753785709514,8180.514824981889,8203.810881392477,8189.556183418223,8212.87798719834,8198.6075345844,8221.955114190498,8207.668889524533,8231.042273444527,8216.74025929503,8240.139476048276,8225.8216549644
W131,2160.7704858585003,2149.6255048768326,2137.9254290171707,2154.886650288,2162.9680833986818,2148.963481935995,2141.5498563617393,2145.4841171855455,2157.0027872359115,2150.052586517947,2146.838664061454,2142.977863013112,2151.602658820942
W132,22750.667703779895,22711.183479082996,22759.028500717763,22742.37850828199,22777.460794659433,22789.07277049633,22777.185687825855,22788.797551414063,22823.93712974043,22835.568064902996,22847.20374352529,22835.292396482135,22846.92796268381
W133,13908.187946754208,13908.278594011483,13781.266326038789,13840.715392500584,13897.048005006262,13951.564925255347,13951.673191310472,13780.865843826157,13874.803204533055,13933.34219989766,13980.954449850073,13835.79509858192,13819.920028487528
W134,12192.136532469523,12169.03781049851,12051.463126901675,12068.043128915731,12154.826829795751,12188.015154498857,12170.456194285634,12055.680880743075,12101.864847635097,12202.62659792885,12227.7274544095,12115.050838292631,12103.38425335929
W135,6247.495268052344,6252.841563858637,6239.454501223211,6246.202449909685,6289.668428061112,6280.767275907513,6287.538308091974,6278.119971602745,6310.849671740235,6311.362259929057,6276.731927380134,6279.169434605609,6290.142291246786
W136,6517.506043729813,6421.9634660398015,6494.009289903242,6479.755673087403,6624.541310144455,6416.953328546409,6434.172799075485,6524.8561451477235,6430.032605007201,6531.368448506507,6388.1097931328095,6548.631792723106,6497.591474910483
W137,7071.486187882274,7093.37227271452,7034.018054541768,7103.122250418077,7099.391523088175,7094.8171701065485,7082.995188161346,7098.064722097934,7083.716543241747,7114.950103948136,7088.555516291721,7104.853155676564,7075.200529099854
W138,298.03424038894894,354.83781411338884,381.15529146195985,326.40250919080563,304.1317440797389,358.34160213697334,350.2253409428541,346.8967163837651,335.837583938955,346.75804968235855,332.1158398113079,333.248514116243,339.09177988032235
W139,7931.730421329586,7996.012329737119,8003.1513712078895,7971.838986429121,8004.830997968219,7972.846105771725,7954.971684696647,8019.848055013443,7904.049939456876,8008.246922385284,7930.833920452329,7973.3847626335255,7971.327502721527
W14,2930.82552515271,2350.9950227382933,2603.046360766851,2555.414500510492,2537.8040630704127,2552.0910720680135,2582.9713769576783,2617.393068516998,2464.026053490465,2558.0181204767277,2530.1361360904893,2556.2846763483285,2566.6119067986524
W140,8348.83346839959,8325.08497843326,8446.378465250244,8293.710948630829,8361.440477448263,8330.775649478539,8287.415048030676,8301.396693282626,8379.4121211756,8308.48439618959,8351.97098531453,8280.495284933924,8332.654723854033
W141,11061.546512364936,11406.216768820013,11005.62718481201,11082.147747918434,10905.076513269343,11484.105021439847,11520.554805126818,11085.414457818406,10634.494711558862,11541.226030851343,11365.211016135272,11092.697399557173,10712.176703189363
W142,5426.776077284466,5427.954780069754,5426.380897962533,5435.411340952915,5440.249964081623,5445.092894544692,5449.940136176512,5454.791692814835,5459.647568300841,5464.507766479166,5469.372291197812,5474.241146308235,5479.114335665339
W143,11359.799804782688,11304.18864727344,11229.54453888687,11343.183046462811,11379.255188936919,11283.522090967908,11268.2141529951,11268.802374970086,11323.607972025251,11283.644666763568,11286.690634117032,11297.242549962828,11302.870245205431
W144,1021.1142668054027,1003.1887266020118,1013.2251363714387,985.8027090720815,1026.5944265303322,1017.2609076227307,1030.1317533199326,989.6206308688163,988.3881620069443,1027.2055786000026,1045.649400810811,1020.5065608900833,968.5223822969884
W145,8622.090702465173,8816.521098381105,8765.335243251255,8605.196443622432,8629.320603605362,8976.465640407154,8868.958854980176,8632.927744059718,8809.213251245385,8940.288641342177,8866.943791297947,8633.126994122367,9074.099921934912
W146,6787.392409132603,6768.9567610106915,6696.709535516674,6691.598966885971,6852.29808738804,6784.229562574269,6779.747955409211,6691.366522789559,6756.458066153172,6792.748835163251,6795.369853365783,6720.56966999665,6707.334720782122
W147,105.2398324474771,118.82294874523066,126.4869358966041,114.02330659304768,100.8548775790672,114.55356281358509,119.02103409148596,115.72301524972455,110.44552089076168,103.80901787053858,120.55052132852055,121.26772170732602,104.30928181915812
W148,228.05469183732905,228.87951752304667,230.18400229681413,235.11156799246845,236.18907427868638,226.92487805609224,235.93866738828214,236.24423920020436,241.66254085569796,230.2345611063115,234.15514204335184,239.7084420637644,241.335017476615
W149,4468.365828151212,4350.487434704243,4407.662992922948,4385.061385947062,4516.488792397003,4373.124444403682,4350.116304816228,4424.248605107135,4430.077284594127,4398.367729570031,4435.866218161341,4361.13463221001,4376.490204908287
W15,6913.327907706866,6141.86012508563,5388.794378779331,5074.009998031462,5055.524388030305,6193.74193138961,7789.220022850842,6591.266708940212,4822.684432692353,6294.498266930036,7586.668286051081,6339.821333008085,5561.483094613649
W150,8055.414041478313,8148.969049510114,8150.754416362406,8041.665621881588,8140.572413101922,8125.991246312933,8126.081349647536,8034.74284481284,8097.750277760728,8100.261138661632,8223.537548896098,8120.836653116605,8106.195572542506
W151,6398.674629019027,6335.000854227028,6301.107645490625,6263.159781565723,6390.8420959398745,6339.0427224201485,6344.711369985677,6226.368069157489,6321.5235199973795,6370.336891421604,6362.621708092113,6291.917114240455,6289.969332208131
W152,8681.678326461493,8545.596703221727,8488.992104537383,8556.86931089081,8760.059900627119,8528.617393808327,8816.957698128457,8640.55785065142,8987.667805693558,8616.550523448032,8615.693826914568,8632.292432701606,8832.608571649696
W153,3001.483952338883,3005.9401789653148,2821.9129464295,2934.7915587288617,3035.61953521774,2982.569319117062,2846.2410081188095,2791.823329053633,3123.682941427302,3065.3266999306866,2992.8835377424202,2799.1721464936913,2885.6126015275368
W154,8607.124610775121,8621.816488668997,8581.572525064628,8578.013593813634,8567.695808517088,8565.356245490668,8581.767418863776,8564.74125577297,8608.555090978522,8628.070933848045,8657.912461829192,8634.924298437785,8655.545881416312
W155,4614.458865532333,4628.874721511824,4621.709771642133,4623.960729592489,4621.84134339609,4633.661511570173,4641.681525990997,4633.409852366098,4635.05536739703,4638.576725846683,4639.842831352533,4643.151449095573,4645.57048449941
W156,5467.16270210527,5477.512568773605,5483.670576891877,5492.70778735875,5480.21565075891,5486.515698114355,5497.239226605894,5492.966948950021,5496.195418402137,5499.425785362995,5502.658050947856,5494.611809005397,5509.128282453744
W157,1427.386874249716,1422.5775069913773,1421.6597673502217,1426.493130848498,1428.0041376694246,1425.359528244193,1424.6575282141855,1425.8213762161488,1427.3201208300704,1427.7913875738504,1427.0308413077316,1428.1604536630011,1428.6317228558719
W158,16640.280694889705,16629.588841352674,16642.95314507652,16652.47349222743,16669.461524935017,16684.272220349907,16696.615783977395,16692.39575065829,16696.459457833702,16700.441047899563,16731.46641690644,16749.281681152992,16755.535357535467
W159,9313.784407076328,9255.742663202514,9208.395428753667,9198.969945742647,9305.415283518463,9322.011954284128,9275.514372706562,9203.984727418272,9241.691465107531,9336.944311307536,9257.51401923984,9243.56081836841,9245.94514226612
W16,5316.243595338949,5677.552773982314,5850.104978876531,4989.6986858820555,5477.469717576502,5337.24682773291,6678.291582722001,6846.079360841837,4901.161950134838,4676.758027762711,5814.737273839667,7126.887481325007,6177.585092892051
W160,8093.86255011753,8070.814929157265,7988.094269508461,7984.453115740507,8109.105442747786,8118.0132089920735,8019.7419010922595,7994.320597813158,8127.031044315346,8152.876007244811,8056.406244151175,7941.9426614324475,8116.4652572857985
W161,12140.714346328088,12221.099877732095,12239.804221486867,12242.242277173124,12254.38205420617,12176.246821288976,12221.097771885607,12217.591255712166,12196.08359205697,12243.277041665162,12234.947736484231,12259.180990456576,12276.80174037873
W162,4523.299865704251,4474.134658121476,4491.910410638532,4476.214377785307,4458.740510183713,4472.204047856352,4511.048342087185,4487.1641010408375,4520.643899505938,4534.639381095376,4533.025590008218,4500.3652282933,4482.1569562755785
W163,3800.2746218276307,3732.127447637713,3777.4413014119405,3746.368377991573,3788.9803085332896,3721.345688721657,3765.4061785121216,3771.4534278293545,3733.331360574643,3756.33950234391,3771.4761409576777,3759.519568475322,3731.489202439124
W164,24850.670553305037,24734.164797425583,24531.814906461874,24363.493120205603,24745.939279090344,24799.44988918153,24746.561304386953,24658.717633439817,24578.55575614116,24561.716657058405,24958.008152783656,24729.09884174919,24695.351384495414
W165,3706.142778500959,3713.3980090336054,3716.107008500071,3742.660082487991,3704.5002100515608,3721.6924618364246,3738.1236134075125,3676.064169991592,3680.5742674649127,3679.111755375444,3712.4508051266284,3708.2646569753747,3664.041693761249
W166,2642.416206595402,2648.732090413019,2734.2675304455393,2704.0737299176994,2684.1923451347548,2678.242688617132,2698.4354439161098,2728.733953697539,2698.990264973031,2677.5099069705584,2705.7939356570573,2713.235201650773,2736.2237452362237
W167,3002.4712947106545,3084.882233462748,3137.575905865162,3136.210550214196,3118.096631238957,3121.586771927589,3128.125797610391,3132.9315670863984,3143.126297495854,3129.0167475035983,3127.536759648041,3127.4421028900847,3137.553820261774
W168,3851.854045362382,3792.7027396015324,3597.293950484019,3570.377648419163,3836.046997019176,3966.2720011232227,3695.7456548699547,3657.074549623086,3699.670022187586,3916.3090836477486,3798.5801625339195,3563.670976471599,3598.3331429964296
W169,1665.658174373307,1654.1063386190162,1663.961033386328,1679.719656366534,1672.9612363915921,1664.8729941302922,1660.801252711647,1670.9597067302002,1678.7097100808517,1677.0704463453856,1672.3034314101963,1673.7117187135052,1681.4232798774015
W17,12009.837171406121,12033.595522035857,12051.67000844081,12069.771642601267,12087.900465292623,12106.056517351728,12124.239839676618,12142.450473226781,12160.688459023268,12178.953838148738,12197.246651747493,12215.566941025723,12233.914747251418
W170,3608.054544677155,3608.41397762778,3608.323384507511,3615.13452757089,3614.3045945006033,3617.6862761788325,3614.5439534851494,3617.823756278811,3619.629725639415,3623.334615750277,3625.1426916952005,3626.951458632841,3625.382600248085
W171,6075.37351221328,6054.466580878033,6030.88981549569,6061.899671949744,6048.275462087373,6038.7620825419035,6038.35546797033,6039.574165126502,6041.182471711571,6041.12764239686,6042.090799318124,6043.054109797739,6044.017573860224
W172,3681.177013201987,3667.9552608891004,3663.2931622800716,3667.9684057949235,3692.950890116177,3673.3659769297265,3640.0918054000495,3671.8234698015162,3679.144030798542,3676.497909976386,3647.8217657097507,3680.0393516417985,3683.399690225175
W173,3031.1334696803315,3182.936862062248,3148.068989249822,3132.8095615469792,3087.237310839102,3117.9446871089863,3095.154282004093,3108.8850857804932,3003.480985031894,2985.453341302605,3082.5102266065737,3079.744790464572,2974.3958052458315
W174,2832.3977611025975,2837.942475191101,2825.9779822996506,2809.0229892754865,2834.2197606312516,2853.0519185334774,2813.7358997593897,2799.3320497044056,2842.314398067906,2803.5354898716296,2826.459033699691,2815.3107109577477,2864.72825033314
W175,3294.118230164545,3281.506675188664,3248.4150023564794,3280.3967507258885,3284.324266805231,3284.393235140182,3274.5103422541015,3256.3607651557013,3291.949277753847,3300.837413206525,3267.5871810619337,3270.369113664952,3279.2254758577146
W176,2480.8595589603597,2456.001840244504,2509.191945778955,2464.8011864094574,2550.6973035393476,2566.9498885830512,2500.1257253450894,2492.0711213706672,2546.597209399383,2539.620397420981,2551.2606890447023,2476.9869030639607,2506.3657956330035
W177,6549.039271533362,6640.561573853654,6548.696562632714,6691.135756570888,6589.726951765828,6621.378806218653,6606.590592909619,6650.013280490189,6636.379510457496,6669.359897307483,6641.389177687352,6566.003144624602,6646.010316431855
W178,1487.181590524105,1477.2929751686318,1443.074663361225,1490.005164625818,1482.4259621451176,1493.9974466894873,1456.7061180420842,1479.768768109573,1467.6932972355867,1501.500613073028,1468.8610074383134,1463.8915593911472,1451.7984212714698
W179,2740.029759476178,2718.0368412371436,2729.109680613383,2745.442201864813,2724.1057493951653,2735.198755912852,2751.5609964051864,2730.1857128215424,2741.2989149268064,2757.690916540953,2736.276747112569,2747.4101732799973,2763.831977938696
W18,4354.158661219028,4373.1415751712775,4268.853063932854,4394.2623473243575,4290.256046444486,4291.868695794264,4311.766337619416,4320.391235519084,4334.827897833642,4344.993843809416,4355.111000708116,4366.015078309708,4376.94645675341
W180,7277.408175190189,7233.437331290329,7231.72212597806,7297.199626557855,7302.166541408898,7261.649913853033,7231.855090072781,7271.564832570773,7308.099763289557,7242.834441335539,7230.3270645238945,7245.310917825357,7287.155898871931
W181,8846.109681226008,8855.760564191707,8811.386304018717,8811.226714397877,8834.95812987139,8854.151221606146,8812.168721555512,8816.930226780825,8883.418040569128,8890.217883274974,8848.58489729877,8848.374184502598,8872.2312491991
W182,1392.8045444628365,1351.6969002200533,1350.3568634350881,1387.0776983841447,1384.73433056896,1343.7641723957074,1342.4286472392866,1379.0265332487907,1376.6909696729583,1335.8581803308407,1334.5271629301521,1371.0022049572717,1368.674438994276
W183,6113.125711885795,6097.372440705276,6095.262474545674,6113.69381163566,6101.356648690912,6092.114664308625,6071.72982081982,6127.377129478133,6138.288108523173,6115.526674771723,6106.557417339602,6088.834199462667,6127.234206024079
W184,4628.428160010171,4617.085462014226,4589.56819987514,4611.351968233318,4613.608709712268,4610.603490956976,4600.695395292014,4604.205617640986,4625.317672799266,4626.440507440294,4612.5704601731595,4615.361467734596,4618.153839501359
W185,4090.9967384914326,4074.4291674908727,4044.630093715316,4079.428171940939,4077.632294245799,4074.484159428386,4066.298591293995,4070.002826074874,4093.2586448476686,4096.850349242328,4076.448349764597,4079.645303084721,4082.0588008400964
W186,1739.33586224772,1739.509786750917,1745.7129837131758,1744.4854242429399,1745.5834863427986,1745.3482306927133,1742.8524853136792,1739.4369285233406,1743.6899482697083,1742.3612423307084,1745.7996592532882,1743.048447927797,1747.3393062588677
W187,915.8350383100126,907.4692205943172,888.3319604776384,916.3784372737457,914.6080587151662,913.4422089326666,867.0079723868557,920.3409965438335,913.3504994167462,920.5721825000185,907.6506081738356,899.3648494672302,911.8347916523667
W188,2272.978484247367,2125.4854157383843,2193.0226937231687,2226.323895772674,2171.678450108361,2155.933232549689,2174.747422884181,2142.275426358732,2210.00356782046,2182.6935115344054,2191.03205976006,2246.9387326378205,2193.771890351876
W189,2093.9424721781916,2021.8211604977084,2016.1245758746113,1990.0696907304764,2023.7265999001984,1978.3511983888739,1973.2398772542983,2094.5628535519436,2068.0813238009737,2045.3871728093175,1897.505922662218,1902.0539199782181,2064.5971917310503
W19,2476.3686952971148,2787.42458560047,2370.8053526323088,2775.3237488175005,2558.148823944665,3072.77431345133,2501.770295313515,2640.6093680715812,2417.1341398610075,2894.0740331306943,3335.7317062152047,2364.1969077577987,2399.8107870938684
W190,438.877433872932,437.9154136096345,440.2563844008556,437.2067105353364,445.1648136592321,443.6701373904769,441.8092515976627,438.78305119467717,433.7305283338008,441.3015993340592,432.202715578699,438.73239250979253,434.99063387514644
W191,6450.317782955867,6337.5662839394845,6341.813214308814,6354.991947344734,6448.189169020856,6512.644183145863,6280.220622950224,6405.956375611986,6417.693533008486,6558.144930219043,6405.62675805108,6622.928232535421,6453.141059842146
W192,1131.5028549133588,1156.2078656530146,1177.897560901836,1142.045946140818,1163.688916880837,1164.216018334411,1118.6663302612221,1151.28756306008,1154.746476016593,1178.0496128397986,1118.6762477356845,1148.1429354264096,1124.7018303986226
W193,6294.5762328401515,6081.570004443823,6061.425203779175,6052.359616180382,6114.968125309994,6205.544368444843,6062.856916901949,6077.14074256148,6116.3841005567165,5976.836775517502,6096.545441668868,6020.421368818888,6032.960847582948
W194,457.23635402314625,456.0050396277077,441.21701885232324,466.611024297474,464.5731873923018,464.9747942685029,458.69913318222166,459.5311942123606,459.5415070690654,464.8200835965154,455.0111462856812,458.0849089992606,456.48387149589115
W195,972.3310547151495,965.2770837788661,912.1110308408613,953.3098176746902,926.0049556822813,965.42141117087,926.3338513224153,916.3237586872012,922.7692802386706,917.8881858423875,933.0143937832818,887.0882273816112,940.7190907393409
W196,9460.732894753857,9417.029674473839,9170.436559691643,9290.212814297707,9409.791207366028,9477.557014986221,9261.12451544853,9242.061725964784,9435.28345783515,9525.922965987967,9294.79234961979,9261.077809575074,9460.844769448715
W197,3264.667479274022,3298.5998115023044,3298.0122403631967,3300.3801898011875,3268.014432609008,3277.6825556485505,3316.1497434430053,3273.3133181113662,3330.5133761855996,3241.048017361085,3311.9348270390287,3220.3364303473863,3338.360124421742
W198,2391.836578997562,2364.907755404594,2318.008050239503,2379.0726791806997,2398.376411542366,2304.8139789058014,2294.507884783445,2435.21942748775,2424.658980006272,2382.884943943624,2327.254736682649,2395.7400194595157,2376.347495352993
W199,741.8018536026404,724.3277335405197,719.1424498725797,711.7591325355612,701.7921631551587,731.5839842969469,706.3350238767723,747.3861024335622,728.4402089785883,743.3645416040886,721.4250361066486,749.4672140003288,731.7654109041554
W2,3497.00109167754,3498.210310488056,3535.786255173786,3529.698179288671,3549.134558890838,3526.470142480511,3537.600790742771,3520.2703760141253,3487.30281284231,3408.022778630472,3396.8481316919165,3436.890088983259,3470.262051258085
W20,3669.527056741295,4267.0104531293355,3776.8151877265727,4214.269745579821,3506.57142868144,4743.126351609703,4096.407542259078,4413.289062801322,3550.990813284654,3960.83696384375,4290.16596518377,3751.9189220093103,4050.499076862661
W200,1612.2026524090234,1612.4983672379012,1644.4907145403479,1423.1522901481126,1356.90015762851,1676.837649036392,1667.2672113458443,1576.1408447541778,1603.1230261407643,1550.1678953681462,1544.0919854864696,1709.2489270687925,1573.0400491454297
W201,1825.082103289491,1788.4438784721667,1818.7501339574335,1817.1105339864507,1814.66706423383,1828.8038701592086,1829.9357377869255,1825.698113196614,1826.8299808128675,1833.331340695103,1829.0937160579106,1830.2255836866952,1831.3574513196536
W202,4082.320180874408,4085.5416636452915,3997.9440917750594,4011.5876295245534,3981.1271695352025,4098.041860168436,4053.687395592917,4094.545893268898,4047.841679498025,3996.4654473745413,4038.2605169834565,4053.1268680117723,4068.96190270067
W203,5408.271037334515,5493.7776276569475,5312.380592800523,5388.816127897549,5228.953372050057,5299.585930558705,5253.156436956315,5271.247876218526,5407.15469686339,5375.990559251908,5287.367997450249,5305.545062008114,5342.260969789985
W204,7330.542858735367,7334.5352105598695,7324.21503198335,7334.266884106698,7339.918994589816,7343.783516950105,7347.572460809801,7350.715093432556,7354.507098408244,7358.949334774921,7362.74497560814,7366.542292222332,7370.34128523286
W205,12725.656510637304,13287.623921238675,13000.621590072864,12785.666685186234,12827.930692652282,13147.334744948714,12926.001163646952,12801.676438052096,13026.27105370983,13124.142115620441,12897.9538321036,12909.11187937502,13166.623024611736
W206,962.3246545829447,1037.9878055909912,1039.3918964957436,979.3318009622182,1041.0168983031404,935.1177039069598,1098.402374210275,991.8207009891989,976.0599447586142,880.7216387103178,1076.7524450592314,992.696136460017,1014.8674404804703
W207,10832.295187575395,13756.93690690267,12457.816184312887,11346.387596576342,12191.448662892595,11848.747698674002,10948.814374521377,10572.433900807184,11295.687758640199,11574.04884604857,11311.09876962734,11410.818514635044,12107.688914043663
W208,29321.261002656087,29086.611990873273,27669.058672328705,31337.26720519023,32506.671090569813,27166.440075496746,24357.73811208675,28908.462333819563,29712.373571541433,29442.305810159094,27521.320953669387,27592.4609458911,28677.221864998774
W209,4186.598369391578,4199.383669893255,4209.364688031925,4198.18020261315,4216.456296853705,4323.346362981452,4311.859582343685,4315.6068697635965,4353.139695930045,4435.019691498368,4396.780196556032,4399.066278769648,4459.364965097609
W21,2008.3567480187446,2082.3712920317384,1965.0086535275523,2171.061227638581,2065.840302086904,1825.146142003214,1810.6263171545183,1891.8012452649061,2098.3527230165646,2035.2223932205397,2172.1582379694023,1957.00972459344,1958.247115636276
W210,8173.537851502524,8269.935397574869,8195.767910030772,8321.986800599883,8096.743717561389,8331.796198714874,8232.432425057612,8307.92392161957,8119.100544167661,8459.668066526141,8060.487088114977,8306.318300705056,8077.370256246928
W211,19218.743485460476,19265.03179873167,19311.431596666083,19357.94314777093,19404.566721200463,19451.302586757047,19498.151014892806,19545.112276711254,19592.186643968897,19639.374389076762,19686.6757851019,19734.091105769025,19781.620625462183
W212,5486.613019668405,5479.512864403875,5505.3783254523605,5476.77497134729,5546.451808350405,5543.964562620699,5597.485352949601,5695.595594548701,5563.595090512741,5589.358673263102,5582.968316896551,5652.595623184916,5621.538432703414
W213,3533.1269691087623,3615.401006592844,3481.0345122226017,3532.6569182624085,3573.212197669871,3501.5262613991677,3489.13960402621,3425.1729618742047,3448.6609614248005,3463.3511142268594,3551.848892323891,3401.0715107940982,3613.8192221315167
W214,1794.5018380637775,1768.2768410491458,1907.3070157519453,1891.1649932499095,1820.5421832339348,1811.563016441678,1838.9115001248913,1838.1290066267416,1856.0448000769104,1898.8021868750836,1918.1700302555007,1808.8151848547893,1876.0757367540302
W215,2358.7438527085014,2371.3507465665502,2352.169057170497,2377.918255203955,2398.802077693845,2364.3327826375867,2372.055242437079,2392.094364608779,2360.126786886083,2369.28861490971,2353.625192647629,2359.565970016635,2363.5034530206467
W216,3157.9727369109924,3143.5954113388093,3140.8911060297273,3129.2530595841963,3140.18729632261,3140.7029032334262,3142.6749661687586,3138.464487135215,3174.944604270979,3158.4001475914997,3156.384135127041,3156.4250964543617,3169.289883217896
W217,9835.375643135976,9782.361245693648,9775.052156324276,9661.718906448301,9778.369847327194,9698.433171605755,9858.354176308125,9835.318300690582,10001.71127584008,9788.358582039862,9877.211793064902,9754.63286761776,9759.583783695836
W218,9934.223338299129,9699.266827097612,9861.797967909708,9949.79296866745,9745.372127787947,9588.035478747803,9914.409727780803,9847.536900792184,9882.378894420082,9882.229066467367,9897.666405433069,9894.207103293815,9882.616204623786
W219,1091.8761037851295,1042.5829199626878,1042.5725316659275,1042.9703811065376,1043.6666016920237,1042.6866028941183,1186.5494553835724,1047.962656502191,1043.032267138342,1041.871308954148,1043.4756672488586,1042.0695298234482,1041.6879467821807
W22,3382.0934445760686,3303.893300687589,2897.8502914167607,3385.2348010805113,3087.4522770638655,3993.559635320419,3078.3208466079122,3402.405914216226,3415.3210079750597,3473.4390711602227,3745.750206994274,3312.820627685426,3755.71378793468
W220,1817.8312044849133,1813.00359351513,1805.3723598032736,1798.414468836984,1791.606128183748,1784.6341343795148,1819.9392071232623,1812.262307307665,1805.2547442622786,1798.4561829984896,1791.0369527844755,1784.553474022628,1777.5929607849203
W221,7639.475346007174,7722.732859094672,7406.389155149612,7766.291917894727,7751.676196709886,7682.012607518018,7651.85618125354,7823.192898488377,7694.258616308833,7876.429301804599,7654.004650106508,7724.850871122102,7605.911993202257
W222,8200.43369454548,8301.678283610538,8111.270267450176,8411.37467003987,8320.36911528721,8345.142489756094,8042.411355110074,8023.661333532408,8081.221541154433,8074.8542316899475,7947.64557153818,7847.453996283838,7922.151527609002
W223,27218.25585991641,27483.126092135295,28929.028476814,30003.55235041399,28244.873451352287,28399.760921172445,28744.28827809593,28404.005466745,28956.43844600834,28041.22655629518,27577.294701804993,28999.648706658903,28354.59036860613
W224,1694.1201926389792,1721.3392788156268,1719.0860170044616,1723.0517893515107,1741.0482545215293,1728.516305310134,1740.8538718781463,1760.6101100502754,1727.4561933269688,1725.6156456595882,1716.886004501199,1741.6085366168902,1691.1848046808173
W225,1950.5855062029652,1915.3423149309926,2052.959365649148,1911.7155057732616,1916.1874129898554,1950.2645999081071,2215.455818914578,2265.157511104645,1783.660842711586,1758.7880535352451,1925.5733438475743,1863.2823625571311,1929.8927449975224
W226,2811.8925498637695,2859.516036344095,2818.1508585284737,2803.417278698462,2836.7321969892273,2784.0260526226934,2815.477324309869,2834.675014904749,2867.7070294534665,2852.9515319420752,2865.5134237862117,2860.794683785955,2878.6900750216005
W227,1333.426478256354,1330.5638557773625,1304.9790118373346,1359.9416829968973,1368.5039909579705,1330.0549754679541,1353.6888076356634,1326.6455745163275,1371.0775988762875,1372.7670260962757,1361.5703795859104,1341.0788111458726,1337.4105624990304
W228,8075.619540203488,7840.604604685748,7629.392935254801,7912.112724984812,7949.228274298115,8229.744474068899,8087.570372392542,8055.780220726498,8040.466685076494,8388.884844757626,8306.557176546787,8055.02714749252,8368.267832357365
W229,492.9292934681043,451.9574056118051,491.03824841069115,462.2798686163707,467.91808688333333,456.84734572326266,475.4717454966556,474.5051728667517,450.88528310280316,488.5563600696972,462.95634637304056,486.8358474013863,450.32348171968636
W23,740.6040519622746,762.919162902683,806.7731440901616,846.657975536651,801.7297170009907,791.2904833579771,857.5045730231801,838.2144191551934,773.2862686135003,813.4162975435605,921.65686116594,855.2670544063066,1017.1954380722423
W230,3292.673670959204,3285.901576838459,3245.4854083086384,3305.294177254603,3246.091141729749,3427.2233494278335,3279.326695675507,3417.1438433994745,3281.781608501763,3427.0077788494877,3299.7337978084192,3572.4984216309504,3304.3986215463774
W231,582.6927457265127,562.001202153095,577.3252253850169,562.3686184159676,558.8314118161594,562.826503476488,563.1299036097043,570.8195285815336,556.3512691485289,538.4900155435889,545.3642114877729,549.9942537883842,564.3973464890983
W232,1881.8055443917772,1919.291755876503,1956.8338801322461,1856.9167073935341,1905.0857042260172,1905.1031082339216,1881.813429096453,1948.3232595156333,1897.1786262947242,1909.8020963957358,1954.4348130086678,1920.1829187623935,1909.166980994595
W233,1030.6935210104136,1030.9595270555371,1029.52749793944,1000.63156162539,1077.5239694117681,1053.7193359961539,1062.0309612536614,1010.1028688145556,1066.1973338177288,1019.3187167775574,1071.8737410049744,1008.2463098885083,1060.8582109203458
W234,1794.2587061848485,1810.5519771144968,1793.3486469913064,1891.2340984823825,1865.3317261590732,1907.6644200603073,1908.780548905143,1907.3133364233777,1846.638823641295,2033.6319016700943,1969.3688250836697,2064.420663007881,1933.1591137246398
W235,431.4796953963998,433.1712583435617,431.23166324462517,420.64002907746146,418.73323492921264,425.85330425491173,435.30584693880655,432.6656777266884,423.34971563616733,445.0315250314183,449.2060667252221,450.16488685621454,417.85046486658086
W236,3318.07596691286,3299.4002396016044,3417.397286069469,3325.279624842168,3355.2345551909584,3313.4438347395585,3375.9827061040755,3384.034100937552,3357.942614822559,3342.5824030873964,3442.417648066899,3297.209367237234,3275.3570814657596
W237,1054.3233846111054,1072.0890457271323,1059.1121888834955,1087.3420131081511,1056.4549472445556,1202.760127443148,995.4433288803954,1108.5386613088735,1042.3884128469447,1215.3059857245305,1144.4940035735042,973.1732674940847,1050.4458941454293
W238,392.6859273285594,382.1041958581811,373.38896729571997,390.1718361602448,387.8914047810326,394.40716999154034,383.9376125963071,375.6132208738855,390.14830987221046,380.48974259655813,376.779979179907,366.2681911499558,366.3237202021392
W239,3846.2573321169334,3798.8738644589625,3900.1422877505897,3946.1926837502324,3904.9962786671185,3932.6281733737437,3917.333584658978,3914.001137179854,3887.587547814642,4184.494894376319,4495.697159965617,4278.661971276454,3928.4440683751327
W24,7851.84369603335,7420.271900223898,7595.79749784102,8123.408908864807,7825.113868104183,7172.210141728223,7858.689108110196,8707.58187060708,8306.212951297686,9149.151170190493,8639.01755713127,8313.781648815975,9484.321563437124
W240,2533.213775438921,2689.8291963117676,2567.368353636819,2584.7283132271577,2616.9342421073084,2626.2162794860287,2622.6880831768576,2617.644101494794,2659.136275399631,2671.16902481309,2700.219205832834,2671.158054182278,2747.4506650963026
W241,1043.5087313933852,1028.8144005071708,1057.770503831673,1042.6734780716138,1093.0607724877004,1105.6438973828588,1084.308629264681,1027.5403980484568,1107.04015388715,1113.155129658211,1000.7503175065065,1028.8043081683918,989.3697005422463
W242,1523.68627119219,1529.2088579386323,1572.791996992801,1610.4009299456936,1590.391569205731,1640.5575550165527,1710.9721724164574,1660.2287509851774,1625.875866095273,1695.9759726750424,1748.973208858896,1644.1841671461123,1760.016439609684
W243,1179.29803625393,1174.3601003872097,1153.1249693375837,1158.8414961094775,1079.480931670359,1173.3065271739704,1142.7414849118175,1161.1658285244373,1145.5364886704263,1133.3407450279722,1232.1345076498665,1186.4187680063865,1184.5599609204908
W244,788.6875604738706,800.9089183021698,792.9016631382316,788.9742652736805,789.461339232097,794.4398100782522,786.0459937268669,793.4772946274938,786.8153361628753,785.3517163115132,774.4799628883122,775.0693205989216,777.1756045193564
W245,2179.350648861861,2319.266010432575,2358.948759582112,2362.6595815995274,2459.039213692153,2334.602621378932,2332.382915355548,2355.613615738543,2299.230204322278,2314.4802645320133,2374.950900313198,2446.831425948848,2356.4722048833746
W246,1075.7604347830732,1073.1311848021526,1091.4352598852101,1112.3128757209338,1071.6331292497273,1053.9818550018128,1085.3848334805657,1048.5020002724934,1093.0093106360785,1047.6213851714788,1086.6996917035742,1050.771667512159,1118.2279361270953
W247,4358.869120837609,4239.895386309143,4216.909787403996,4678.404943126397,4642.517218087063,4283.366268322104,4052.601126937681,4416.149067498388,4469.1219350699575,4489.526651752269,4039.161013891679,4256.951739662578,4256.432384639658
W248,16478.61912102937,18321.901772812504,17683.006664307337,16484.579652331704,16692.548060057186,17612.830553808308,17172.266025075205,16867.639434306944,17192.155824430996,17177.039212267653,17051.901699102415,17641.004230120325,17619.986356965288
W249,20605.332737382447,22013.09068801637,20778.682217994206,22126.537246711738,20791.2297974535,21540.631991393017,21299.434296447937,21761.691129142513,20887.023669979713,21089.048710557596,20918.58602613588,20358.29463420549,20399.10651972063
W25,1187.6804049874324,1219.2363920053795,1434.7943600039077,1336.9693134500692,1315.0518769802957,1274.9467530409772,1339.1241446126223,1257.3339619129708,1223.358486211657,1163.4796705895028,1267.6539092980122,1405.32911417752,1301.9494272462116
W250,3409.598893279375,3199.224741103529,3260.47247814273,3370.2279171379555,3462.7553364006053,3202.2975588033773,3194.2784421882025,3300.5681769075286,3401.0884339035615,3288.3345921676587,3200.396061440323,3282.020193918525,3404.774005244053
W251,6700.963253207016,6758.504962240523,6700.910147963953,6714.073689710289,6734.0947079474445,6730.7299466532895,6784.598446392826,6732.41101099185,6765.872868882086,6719.739990557754,6719.064483680635,6724.223498686654,6734.874214810193
W252,8682.987628342622,8831.698518413765,8470.140169178867,8447.284923489886,8602.343789192184,8850.400724703086,8522.878176230939,8481.152847015745,8474.165973552086,8854.067528604035,8714.523608416288,8515.412067543128,8433.756452573436
W253,12418.844689320074,12379.726614553249,12302.711257313775,12278.04385075461,12310.81691397465,12439.014906291226,12330.382062950071,12310.566975599175,12318.49594643319,12456.283885296432,12363.007848082543,12336.529553283523,12339.1497079216
W254,5965.786958335476,5932.743236948621,6055.743325986448,6104.115126551516,6017.097506916132,5944.404426972589,5988.1469994353365,6109.899084343223,6055.884946684754,5966.275494558659,5959.734581089933,6087.9619415973175,6073.8379083850305
W255,1933.9400439862875,1940.085908337496,1969.998038711231,1941.9681723383387,1936.5882456535257,1960.7619978768053,1965.0228289852762,1944.6809432185778,1940.769950404933,1945.814057737372,1953.2325978173578,1961.5098680896335,1955.8691701530743
W256,2966.8486984929104,2695.5972936249964,2666.1132989202815,2726.726426352166,2905.6408403548216,1673.5706964530082,2363.1464669538564,2657.1458692839833,2877.5648732172267,2967.0630187859388,2691.2558282109094,2669.2950060511093,2800.938009113946
W257,4021.144496840683,4024.070382507216,4026.99626818643,4029.92215387832,4032.8480395828683,4035.773925300069,4038.699811029922,4041.6256967724053,4044.551582527515,4047.477468295246,4050.403354075578,4053.329239868509,4056.2551256740335
W258,2149.2849808288834,2130.7982670472074,2140.2300543357037,2128.867915156123,2121.3161820387404,2124.9279985180133,2122.087640671707,2128.511284610683,2137.18860518219,2144.1846441856674,2118.569989922618,2130.1136442872735,2138.22269186376
W259,8063.570759183433,7419.843886528809,6581.842989114452,6566.666642358311,7442.9657360998135,9013.805820594436,6252.441592956483,6014.885376950413,6924.271463535369,7941.779640798904,6186.234350832722,7233.6120536874205,6619.404987760757
W26,3082.3907932710913,3113.9453648381855,3036.673889431429,2850.4952821818506,3027.6709756867317,2997.107200533537,3031.5959990061783,2912.2706075915744,3567.502812644017,3129.659381194118,3014.8989676743117,3593.7822218331057,3392.247979544452
W260,560.7520802854691,479.1904314000203,496.27835150889064,1051.33195141815,498.3718264459931,795.7429710915404,366.56512658856127,603.0045809742955,467.52355693645836,692.484594722877,490.9100220129354,623.3033040087284,714.4159216385084
W261,4784.4521901272365,4746.175965821742,4609.83302537258,4644.319006144391,4765.782519526337,4878.301480958594,4768.433689260221,4711.783129183216,4449.996629650702,4851.385676794966,4755.007860809319,4772.292231971256,4834.436655029907
W262,4390.688313527983,4404.01132738043,4405.475568972073,4412.887861680613,4420.312625631891,4427.749881808724,4435.199651229267,4442.661954947028,4450.136814050952,4457.624249665443,4465.124282950441,4472.636935101508,4480.162227349868
W263,2343.888001436633,2515.795993875683,2450.4704052345874,2283.8022954960784,2314.127168525534,2363.199542054202,2302.0595524899586,2331.5514500618547,2423.1488033314495,2383.4123835743526,2332.0828152809395,2431.571668552024,2411.422642365401
W264,3319.797189903881,3514.0537506926016,3599.3546652723508,3959.6293680345148,3744.844749533168,3670.9688675632497,3638.3004386860016,3551.306963216486,3799.248411043416,3998.9416174645385,3842.3148385046698,4036.6252905199112,3917.023323105654
W265,2131.916440182327,2163.4784345286075,2121.813184501289,2177.669265616387,2118.67846038429,2163.0721547540957,2158.5383724081858,2133.768654035617,2108.4423773891426,2229.9081962758496,2130.26475882679,2098.047087332903,2172.8222175035653
W266,2271.3063744399565,2147.7363377278784,2200.0164216109943,2265.163492638968,2168.478615445238,2266.2855494419614,2143.3871987633042,2157.3873588287183,2233.28235830203,2139.612953651728,2149.379814384024,2179.5067153999435,2164.3995963442803
W267,3433.0952345794835,3033.4029317989643,3031.357836136761,2773.0607690844886,2702.568268592322,2515.173088294191,2647.63825014404,2624.836375500271,2652.7098745207904,2553.5311983348056,2627.814610230696,2702.553608527234,2592.7047733105624
W268,1318.4936348868048,1415.4410686310327,1326.2240637815655,1346.0465329783108,1338.283674126451,1341.082842001657,1376.720126616232,1360.6431263388,1414.9850748231288,1331.5652874257185,1386.7226868466123,1402.8634758952114,1341.7467599831514
W269,1280.3764091882563,1258.937050011516,1321.679621099139,1299.0174362182029,1339.7614480432571,1342.0515478372743,1278.7340332308745,1328.4084179704237,1295.0484074417257,1293.5838244637505,1317.4987307077683,1386.510798972425,1344.3314602595772
W27,2015.4254603167758,2023.671348545525,1873.2829554938135,2054.4859641787916,2148.2441175011973,1803.8589985199994,2056.289734324144,2050.623269376416,2066.161366658199,2411.9943397871307,2210.4076693588913,1954.852958550571,2311.3037898125367
W270,8081.310949411267,8081.233941048425,8045.649562784726,8106.3895341766865,8030.059669809438,8136.2478857606775,8103.385610915975,8109.402001455723,8043.178828861003,8298.313525168986,8129.669557461924,8160.986185054523,8259.728212852187
W271,7623.700757157776,7984.022390697169,7932.717685049572,8081.974463036292,8154.8763726953475,8123.524103847712,8132.701230266214,8232.131783520745,8250.716073202455,8342.049012067531,8043.2992300289125,8192.102987396353,8195.627147574678
W272,960.642655513016,964.8269469578013,980.5900747450409,974.4701301453201,966.2234356683181,965.2513136484538,966.5518640824783,970.7260228857652,969.247784229483,968.7947698871087,976.9672209429652,975.4806569985568,973.6068126622569
W273,6671.172029068441,6502.767058693443,6533.33583445928,6411.920041682053,6403.712888063281,6432.767995383695,6491.324752061664,6543.946716724828,6396.252920764635,6450.910701167081,6525.795009922729,6470.591070465179,6468.3930702061325
W274,830.7824459553177,836.1468271964027,825.7901891192007,827.7404324266633,847.225396310032,787.646990541539,818.8002140026236,836.6921739745537,839.8879752740193,821.2345447357079,799.1455112495172,843.9417775335661,816.7289085330597
W275,8535.176557637775,8479.508242793401,8618.013764284278,8573.282783357768,8853.041529824592,8835.654940146576,8535.56439141183,8686.059180895172,8735.03391007274,8539.55242240831,8584.523618949279,8535.995877009293,8539.519277251065
W276,11191.749878017357,11300.40610473139,11449.517655677688,11433.958496164654,11479.433008885286,11115.822449631794,11310.160996292327,11584.409848418327,11595.671244399464,11440.871588731086,11262.551391899453,11510.480477061941,11595.580471770716
W277,3130.457012511263,3131.4271181448107,3090.352008597542,3097.889203390921,3102.467905080374,3133.7903075457643,3096.887105572537,3108.6435333703935,3130.7819704702724,3119.4669827436924,3109.3179378548916,3120.625339502682,3136.4052697764705
W278,1369.4707567482797,1298.1298600455896,1354.209980124842,1293.9417978771849,1317.906491102542,1340.0897874009693,1313.4323927874036,1347.191803933529,1348.369506284224,1335.484457906856,1312.4201897071541,1254.404954992167,1273.0474528591328
W279,1353.3998305066234,1247.4838601643887,1241.800305155286,1330.1563040889034,1253.180195964995,1332.1044332597303,1235.0604717775225,1267.3542040075154,1278.1022902844431,1270.2044406210453,1367.183212730003,1303.7604116677178,1256.4839123654706
W28,3523.1150845888064,4821.8219006425725,4216.499824964459,3985.974026887191,5139.949393098562,5371.212298252819,5688.474051757431,3970.8514037024074,5331.553622138759,4815.821453769529,3970.4789150412003,4603.030602845101,5412.77517584955
W280,5404.9415130400375,5413.555713907368,5420.27445401786,5421.782866695279,5427.023208871811,5433.525687385456,5432.376772941504,5441.773221146861,5445.1558801459705,5442.517207030834,5445.900176828847,5449.2845596813795,5452.670355890667
W281,1703.1336670746346,1753.3677725156176,1750.4058124980925,1725.711867109143,1758.0563419720072,1793.7857041686577,1707.3604528230192,1606.5821102037307,1760.7207811840933,1785.7611058117127,1750.2463992050982,1739.4925499235032,1832.9510867380195
W282,2103.0081417689676,2117.59935142213,2152.784503863208,2137.5246724727554,2122.1840783656266,2096.9193690359048,2115.784161822323,2110.469472722342,2125.382959230754,2087.484767823257,2105.794211051417,2090.9583218871076,2122.5310190219884
W283,341.5451354064857,342.3175437478722,343.2324280720718,333.9729012371191,328.6126629325971,331.2668298991138,336.5943849698743,335.7696052249502,337.88930693893053,343.37290651888475,342.55492875378343,340.0306711851004,335.1383397524617
W284,562.6493662424252,557.1630758112223,568.4216390909031,561.1020768583849,575.988022868541,562.7944978296072,569.3883494346803,563.8514406561027,527.3984076266796,555.2545228520227,538.0327380084851,360.7832054350743,540.0780019245134
W285,717.6465618469127,718.2256206171339,700.8669574989312,707.8324065018218,697.6933284672873,719.2165089203597,708.2172302790659,702.2703019050493,683.7285549839975,737.0882146018383,725.0800095636623,669.7211184256884,732.5830449821655
W286,10974.244662292285,10758.785560627086,11503.144322412736,11445.92273676953,11419.473953892235,11160.199906042219,10954.607503022486,11110.695381965337,10987.973797581917,11315.128267113389,11221.699027862558,11251.671583786558,11309.94762125999
W287,2198.1931434206363,2241.276827642307,2225.1156863384745,2227.6249031144043,2246.149389516925,2274.026052624989,2202.3506558143677,2247.1480965763476,2249.801663985024,2211.028997472072,2213.4683490988964,2226.4583884513445,2191.033553278202
W288,7894.118233485394,7833.8931803661135,7842.374456471773,7848.921924696667,7916.395345471858,7856.045788199841,7863.251042533704,7871.105625631804,7938.718446685312,7878.244222182221,7885.464374247201,7893.3351934733855,7961.087597279069
W289,10021.749629593225,9985.705843809343,10003.991817759399,10164.258542516485,9992.565049931434,9992.522070056284,9931.663067987476,10169.398553922478,10423.44376959836,10218.634478667724,9970.718261536162,10226.384215912445,10514.911190443941
W29,689.7538164591164,755.1761256333148,701.523156999859,775.1404043018152,726.2261751900138,810.6711307496895,758.0639068967696,702.2315967197264,781.2989215521793,754.1491921698329,887.8654301154011,691.6352950722652,790.5330849273178
W290,16133.726854516673,16125.940405404712,15934.073353723565,16116.711154185317,16222.594306374693,16307.302995020944,15797.449802977413,16184.358607649483,16328.985599264319,16124.435014960582,15888.26524826744,15863.563049972907,16108.36626241537
W291,8643.471518643515,8683.42330480893,8513.814310129726,8013.226842604293,8430.746306878527,8833.645082733714,8368.03532297199,8418.744610438936,8142.565948153891,8687.944081531317,8150.649062121087,8121.743059135654,8367.938672101604
W292,18815.700653369393,19399.164448669642,18603.622467755788,17324.4164789383,18380.438511897588,19410.57740866525,19223.551990438238,18630.79230113006,17961.06588752252,19321.94593293854,19316.16917080308,19029.12299330241,18522.88682055352
W293,1746.9051936746703,1646.7580148043216,1946.4121676753118,1666.030666358888,1743.4654474311387,1571.1793096238002,2011.9198089572724,1789.3213676195578,1771.769370427442,1725.242996390462,1976.8184638660255,1771.060328434103,1853.1148129137923
W294,1502.3231301337942,1594.746292892381,1438.802243404733,1623.2212036932528,1399.9242247447569,1458.0878853501413,1579.2782886607476,1753.2437295516092,1322.013602791086,1720.9663412455975,1558.4645219339998,1597.1235892797304,1669.5467342502045
W295,2871.999362616844,2932.3539123755877,2938.3990899131654,2760.612560174446,2741.3180195803952,2681.277268753953,2768.28498321188,2683.727547866738,2779.8029319763577,2879.413084563594,2940.969535263353,2862.322945894083,2878.1355717475535
W296,2820.9032498374727,2847.5739773530822,2716.541058488672,3037.6851464705865,2819.4823760378567,2700.5355159373107,3156.1093192268,3237.5996078852554,2740.034393219124,2853.623231744909,2501.750618742563,2620.4431168285873,3065.951485623622
W297,5030.264030479258,4798.705877314203,6239.772780200104,4899.463625010878,4800.481444888017,3843.354679408551,4739.091606616787,5230.839911069424,5593.957932854051,3796.093559306969,5582.942949726891,6122.889567071178,4834.3308472234185
W298,3305.2877491037675,2577.673572299775,3481.4847119367187,4372.223649258121,3070.2982977793513,2921.2476455874894,3497.1405799505555,3873.280962581797,2867.886824878452,3195.056288200615,2810.585541843587,3371.370295725696,4037.121494314298
W299,3043.3583603276948,3450.201892731583,3217.4389605511783,3397.479223360303,3341.568672373043,3093.7350807067887,3025.8437415364624,3045.8659651157573,3389.7035967389775,3234.2074686029746,3181.5287504280445,3023.6570963070894,3435.483227214713
W3,9761.921911588524,9833.329116902334,9519.902353279213,9453.829136701612,9626.592012657975,9862.34798963866,9683.160398739661,9473.682400851923,9529.081511425153,9850.99504850013,9797.172692628514,9533.13432793323,9445.873886279122
W30,3772.237030779052,4105.782202951824,3613.5414047713284,3920.0747326817636,3575.8970434027733,4123.6223968848835,3969.3580747757183,3898.9769985392645,3701.685330139132,4334.482721205034,4516.331669880585,3419.167491332467,4097.161137352454
W300,1933.8242350125918,1598.9744611038193,1804.702252621578,1966.5354589791389,1661.4299128091616,1570.8690723960192,2127.873381177454,1828.3715910204671,2039.6410508206134,2298.764516561015,1916.7334950284444,1719.9546947116928,1862.476882438829
W301,2476.2429229450668,2684.1674164859382,1696.8142209853436,2778.283037852506,2588.3631091893694,2474.228664703536,2491.342675008002,2287.4748486429867,2633.8911817363373,2282.3740399248795,2873.2517688605776,2503.2229831771588,2588.182838536097
W302,2556.8938569263896,2743.8705688586165,3316.92047512865,2663.287157242241,2964.9312402860837,2975.300148142876,2917.2989459996234,2933.792424423047,2646.4403513879406,2544.946263675112,3138.502597866704,3292.8237280104645,2814.051255839383
W303,5294.708681572995,5367.321622054657,5604.756620137839,4941.672310613637,4482.593456088086,5901.741186901059,5131.255949990247,4488.049492600549,4943.853574625638,5584.15969404974,4770.582659921552,5491.300517401853,5927.8034061583785
W304,2854.6193334344616,2544.263980472059,2740.3039599621893,3283.803747205489,2950.1275495788764,2625.1405965680397,2316.185195755787,3338.091606499807,3382.8085232797953,2772.527797620732,2309.135222439752,2642.130507542392,3577.423126032438
W305,2844.6036116661694,3301.5245568430987,3326.7202122148187,3303.4543964538857,3175.6058317491606,2683.982571016078,3251.080831972511,3299.1703014831,3212.3892712810275,3066.458763328521,3241.071391384338,3230.3024795212846,3210.6292933241516
W306,2571.0432769867402,2356.2051230125358,2486.6954907829863,2558.5949600896993,2350.8499430840884,2258.598483907243,2100.480676533245,2213.505310949397,2254.7264766337507,2289.5571369703657,2278.249139460554,2477.298501591382,1956.8170915464918
W307,3357.0175121886996,2872.6036060262254,3085.235388596481,4295.955895723764,3212.467401437433,3067.5241112318868,3767.051677342272,2845.12349002503,3058.502457324209,3578.9967581503624,3073.4072045806492,2740.66366986772,2823.570673778964
W308,2360.3215500874076,1868.069250518385,2089.280499245157,2511.015979657295,2091.534301816162,2095.279043803759,2400.9850879550386,2185.82843700282,2198.009267053491,2354.6641178328364,1865.3631563473807,2073.9257146573063,2671.768761526942
W309,5977.731877104206,5944.663916767539,6094.908048883505,6856.382398837994,6395.731144125615,5667.665940793658,5760.947083144741,5691.41220210432,5862.470801488826,5773.520671520876,6058.77202990694,6111.455276904924,5624.652650936042
W31,713.0336736037282,975.7055309897227,1224.321428657166,973.5484461122575,966.1198315347349,864.7406265668337,950.778423067983,1047.7839403056887,1013.2376713370134,951.7008730048523,1006.104073917833,991.2336098961802,963.0332086348228
W310,4109.701045394906,4030.4956849419927,4620.430569477475,4880.451459721538,4536.124265198619,3868.947248904043,3813.1953977514,5106.5664925664905,4291.778294593695,4291.814070202038,3643.442039530362,3755.982820462089,4789.854081361657
W311,4802.947583565282,4008.5391101938526,4143.24937868552,4926.890118472615,4262.585108312602,4368.534293747807,4229.584396992604,4215.829065338988,4086.1613616858485,3742.3657568807917,4714.115280251562,4654.686619326077,4485.8156312656165
W312,4354.856423313124,4527.249189092187,4155.415487528466,4186.637786732704,4055.2968920015387,4006.973834036503,3723.211618556225,4015.7644352173133,4293.98594861023,3912.6077958675455,4094.852910329389,4110.2079193321915,4110.765580366674
W313,2120.7157418243987,2085.7490142211605,2109.1084636752917,2018.7646158219302,2032.708826686239,2035.0165917700413,2006.2255006710377,2039.585967376094,1996.6622897306597,2047.1244968248168,1984.7680174205195,1977.4212722381187,2013.7981877849782
W314,7970.166283902857,8777.182305421918,8036.928743538479,8811.471744708895,8258.15183308003,7647.086054660999,7160.665208585106,8200.561966730338,8412.176397542715,7889.304253237726,7915.7137664096645,8570.046812994788,7933.633729857611
W315,5871.023775186574,6485.211831988437,5185.818656114294,6245.120298990333,5323.4361009939175,6386.415794722964,5029.817963663279,4984.268488815213,5083.549259086849,5188.615762026023,5684.857495415806,5588.548012369736,5360.262802429416
W316,3040.9021114752486,3329.9900524979416,2858.590569531584,3452.4443325873654,2779.765129501246,3156.8052463329896,2882.0196303478215,2783.1041485593723,2722.1082660903294,2641.3059748656715,2853.341129969215,2616.6375935535325,2971.775469683615
W317,4678.989876113684,3709.754161388025,4553.180837401503,3738.3480750670155,4413.252578605335,3583.915495729752,4473.871805204776,3661.492429107506,4334.336856310126,3507.575259603667,4394.7844162689225,3584.890979820494,4255.6476324883715
W318,3526.5093171500243,3226.375815839917,3359.676721932589,3315.954483337824,3655.0626237476126,3492.366387901563,3385.1077473074406,3673.4545684006243,3536.2756578170824,3323.3339165431944,3635.3232472844966,3309.8608014437823,3285.1699076598707
W319,2129.7914037749642,1824.0510848613976,2389.0995080349317,2316.103438216691,2017.899121870606,1927.1715437961122,2052.690738643707,2275.568895810783,2203.925130282596,2015.196843989333,2126.236968123951,2178.8131489508487,2195.216271977895
W32,4587.114218540347,4405.622961238516,4360.7493935100165,4875.900790031385,4310.186940085558,4636.481019350894,4576.922008101375,4477.3705588842295,4416.855051922963,4431.828212833228,4635.344838975247,4562.737476044679,4577.768997488864
W320,2039.8582605340039,2014.423027082907,2061.6454177935775,2473.199590278143,2126.3282452623002,1826.910263441437,2672.8811340932057,1977.946960216908,1957.769630338869,2072.049040139163,1988.539247910956,2071.1122191630006,1968.7462358628457
W321,6525.102261002981,5710.507546947287,5228.617456768391,6814.091721374765,6046.814922070363,5689.6963044234135,6816.933016723476,6444.302931212399,6205.128869918811,6056.484349047554,6206.192421597667,6218.785310143977,6755.661332750635
W322,2825.3396470008424,1973.238773934116,2306.2361254542357,2097.6596499606294,2237.3909703175004,2394.911520293104,2357.7827223540885,2172.1153180302335,2096.190959789,2670.620078522752,2363.049555482208,2430.837515780833,2093.9543585995757
W323,3752.4129670325306,3741.169926689933,3787.908122341781,4636.697712271807,4241.419284674068,3458.181249770182,3159.584433677023,3341.244729761007,4138.603185492839,3912.6327169807496,3718.772152077119,3893.0474139126127,4323.361480081544
W324,2316.506726596273,2181.9952920628934,2300.9303941374687,2661.8520903431695,2151.6328682064395,2009.3713726249816,2214.816847601817,2399.5976060630405,2408.114813717759,2085.1840237785545,2087.4062565614377,2338.1819504355394,2309.8116928105583
W325,3790.870826560608,3526.8339857281535,4429.701832102903,4161.9954571178905,3784.809261994413,3759.9464959444526,3332.4066817194057,3873.7029093010374,3689.108654131884,3586.5495349692765,3395.855897577309,3773.5759675998615,4271.525783322312
W326,3457.9008894388826,3025.1208628630934,3183.706090773193,4194.872620649187,3771.9013479513837,3971.532807453482,3103.291503765251,3396.1882779982184,4221.0461206514465,3550.1563918388756,2985.068600024939,3297.7916120512973,4408.303366630679
W327,9005.306436853378,8120.6758533277,8684.017202630746,7792.824909516645,7377.034584695293,5801.345272626193,8108.724154817709,7996.911260727395,8941.075655410548,8227.140013200758,7985.61732798562,9248.482825809913,8865.084861401541
W328,2351.496971975675,2302.915608068542,1903.6828038705723,2260.2586536073595,2253.0083652841718,2404.9194694223474,1945.6885998567457,2335.844710340804,2505.261475797495,2281.195893137972,2177.088966368898,1954.5322812055338,2386.3727317423018
W329,8141.852778505552,8612.593278251803,8886.635389984245,8447.975653293563,9730.067002396734,9058.038840931227,7967.7396691954245,7755.670537760651,8763.07988398897,8818.962833647227,8853.033160164407,7404.115760601243,7033.083401880162
W33,1633.9474057709615,1378.130902088732,1858.8333281345376,1525.697138705556,2111.5194952079964,1563.3929812664314,1309.1156012783285,1547.4092286030275,1876.1869619018858,1725.968366203597,1358.4607293143376,1273.5556916627124,1666.5758547054338
W330,3170.9342703314464,3238.742037130382,3298.9479819567982,3346.5819736084472,3242.8725373123966,3012.38282798655,2939.479831605304,3745.0548392117207,3566.7149454106707,3221.8648468400174,3140.856087634848,3235.9457791520854,3206.639843133078
W331,5643.290343095619,5052.2895764757395,5558.318749959732,6265.404630397746,5859.22599878604,5261.089125194672,5112.751103201271,4377.673280015816,6027.605525449908,5846.564946561375,5272.858368617056,4743.909093146037,4185.783878594875
W332,3102.9058340858737,3027.2292585809405,2842.09504912047,3492.1294788013697,3305.893095737958,3063.652632383473,3256.835591582077,3005.236201853907,3706.3916656972183,3151.2746358703685,3141.249762234667,3217.1484929281087,2926.4827857297155
W333,2439.2325498606347,2353.7080933811076,1649.7831155263382,2375.8654902192466,2359.1456674048172,2337.623413287836,2233.4615174018495,2178.107567713128,2110.423399812548,2414.193295710458,2851.5176545938857,2477.6771536488327,2065.4592791985833
W334,3522.7772390210025,2726.2747631221787,3128.2096195913764,3036.2217774891806,3492.9455830619804,3419.1019465307427,2796.741605610278,2598.924105444468,2694.747637043076,4210.670144668395,3393.3601918376535,3307.7009015390477,3139.969011067238
W335,4142.381762662666,3796.6145074388705,3994.2499202347644,3577.6074296812812,3912.9506955321813,3487.982987413554,3750.346189844031,3736.6813501402416,3610.3061033228114,3415.0437202076305,3698.7477483874322,3664.267406670498,3865.820315210258
W336,1238.145444708665,1288.911480123367,1692.7503627194096,1721.454989446976,1269.5785748246403,1352.5508249429452,1873.4404984963096,1443.5048219869875,1441.3668672876452,1380.3334211676963,1275.7392619379943,1427.2178534918926,1675.729684111342
W337,1662.0651534609933,1590.6005928343302,1620.035435748999,1569.7778167537217,1558.9775114380384,1496.8422679793382,1528.7719867292112,1658.1807243598007,1526.7439568766813,1546.1064707767978,1600.9462271067969,1618.5695475550363,1532.7009112203573
W338,2106.1118679395026,2133.1218747737457,2163.419599816269,2099.194026537668,2093.0756078563886,2122.4029022938075,2085.169262257841,1952.4844890257582,2104.5447351513217,2094.042222158482,1932.3088669519168,1955.6050812290464,2036.293449374486
W339,4020.7519633911375,4344.468589415388,3691.908772539559,4169.695544263225,3842.9347684281624,4296.733237056622,3763.6883169371918,3834.001862012789,3144.1812158876573,3788.72307485044,3961.882398499089,3456.5075758958515,3144.4093185960346
W34,1395.5112007220027,1206.517807207878,1441.6723523831224,1225.9489720559652,1344.246491800878,1343.3207507487737,1288.7037477376484,1350.9701081982396,1330.5523319791564,1512.3124291073261,1299.6072516417921,1215.5447303153733,1336.3844565571924
W340,6108.407095367444,5974.615611564149,6573.270694506128,6086.906021182488,5539.027336107905,6026.437207797428,5979.969309681768,5771.256253974479,6235.924225590016,6551.550093964887,6164.109306340809,5767.3708644380495,6586.218768983406
W341,5317.910910229869,5113.108865750508,5165.334326321336,5095.114143552913,5201.077788272925,5202.262549084929,6113.707458874968,5600.659517063949,5274.847441990918,4931.521677566974,3887.4079670520923,5567.428006419816,5690.975888903612
W342,1199.2795323566675,1170.837164080586,1198.4171415912283,1349.832805430272,1344.6447948448572,1286.0206299145511,1295.6719170240847,1640.5019464973043,1428.266885633519,1237.8116048038553,1287.535586391867,1199.0019684649315,1262.5761542168057
W343,3669.6560931788636,3149.6854977382363,3129.5153344386113,3898.494056292358,3333.2525266300863,3344.1955095845137,3189.4211060788884,3926.25134453176,3970.273005111185,3295.1660749944836,3316.0894224458716,3272.991592081879,3872.837813526516
W344,3694.2555811931193,3450.4990053391048,3153.887472321693,3520.3736058879226,3689.980559246511,3302.175954552984,3611.6816755524915,3773.108095662727,3316.1907825866133,3590.1638656777827,3660.9123380712263,3388.9345045077475,3319.7005064771415
W345,3131.506840215484,2838.9689551855076,3116.1471435430735,2876.006324402332,3174.247837489372,3901.601112604568,2955.442230739317,2464.6565552357483,3056.2766842583724,2473.5542037667697,2906.8601344441686,3108.856377085555,2849.510436698683
W346,5535.4496035755055,5282.041298015203,6037.844527894447,5663.257574069231,5671.146863561427,5467.493390442591,5112.721550763446,5270.780498918883,6166.568586395617,5351.302200991003,5467.947000832304,5359.847111374939,5039.768093171666
W347,3460.4719026405505,3346.3042354925788,3777.7820295591887,4186.936593229369,3500.2808694838086,3557.110614040101,2976.3849621002114,3840.8823710296624,4406.0689033750705,3367.31453630735,2825.1335951406763,4516.389802453855,4179.598541888147
W348,3856.301311527876,4468.421577190662,3491.2140965245762,3920.4342203888145,4155.438706166685,4503.437114861317,3452.0397516060725,4490.403712936579,4031.329790562307,4166.689571034578,3983.06161939454,4397.574681512067,3123.984226317577
W349,3433.4650951439567,3392.6312359914805,3378.6375869832373,3354.1655489739283,3335.0532128335144,3316.6160363334166,3300.6826822577755,3280.046896810434,3261.913809964648,3244.4349005247777,3225.9478158062493,3208.661628392437,3190.923178483938
W35,1239.4957941376445,848.1507335859368,1248.5296749365355,864.5906029058872,1427.2285631067505,1214.2337964948495,1010.3265728482473,975.1818268770858,976.1284883930001,1622.5139332952383,1206.1744654669646,914.919550546608,982.4265645813251
W350,4825.933274484102,5902.957037075426,4944.820178012657,6483.366588479973,4858.479603707624,4534.048012722156,5438.5471535646,4862.502127919301,5958.305115376231,4246.196574609146,4319.238544358858,5856.8265486390865,4677.771508472482
W351,1750.8917180658123,1611.442927035896,1825.3151038266953,1800.1451711197544,1723.2818780335256,1995.4447575538275,2012.8092173984926,1291.4492959711688,1132.4984281733934,1565.4553730829248,1726.6579941648645,1446.9312583134458,1166.0169719667251
W352,1333.8741951099973,1324.3527880620259,1314.9871433323717,1305.6877307901182,1296.454082055691,1287.2857320617752,1278.182219029891,1269.1430844471386,1260.1678730430974,1251.2561327669048,1242.4074147644849,1233.6212733559394,1224.8972660131083
W353,1961.4990192121465,1908.685001137704,1918.1558476506375,1545.5562914545199,1614.8554459575223,1857.4085646222848,1721.1413637878045,1545.749542533033,1732.8146360565413,1759.3253117436439,1571.1778649527623,1584.1625636838098,1637.0906865405166
W354,3232.274761509976,2909.406554006227,3019.002797655372,2887.931762884842,2997.5307496808446,2986.719337902516,3136.5478749560075,3205.2269853234648,3237.1511855850176,3128.1815024746825,3087.128525284004,3322.373826132613,3015.020624380583
W355,2661.6960254148426,2637.239623684962,2609.277664066381,2591.4616204007734,2524.9591261411933,2511.6329740988717,2498.3771539971517,2486.0973707025883,2472.976320834488,2459.92452043781,2520.698394168246,2512.49521950245,2498.323932720083
W356,3726.3446868770925,3737.206548771143,3783.635496536422,3701.9279375409624,3727.0620825211004,3859.56681821471,3226.2633269794937,3486.394338782369,4497.114605534129,4208.045265877529,4150.865037264917,4208.780122886023,3900.0064143855243
W357,3486.687486336193,2767.830815039157,3229.9044717875927,3454.763703570024,3350.9571209969254,2689.5321510416106,3124.302468332448,3998.1766644897007,3614.52437079954,3551.0657521945636,3295.1136899221224,3159.6332520659657,3639.7458328644543
W358,5678.403929821101,5956.967660517372,5294.955578260404,5338.739587323901,4998.427140016044,4694.148681069297,5013.944083799767,4875.640306210823,5499.838111349857,5297.544799130634,5089.545293916935,5265.4071992370355,5035.396468305933
W359,3910.275322085752,4541.903763883891,3768.1796710184735,3676.5384483555376,3825.465499320799,3953.4369782229696,4032.2237253223893,3704.084496917946,3651.928859207133,4335.01895114896,4024.283362317868,3974.65272520575,3865.8334427334107
W36,19581.98877881745,17890.536744834862,18528.117633502432,18538.8503096227,17509.73719113101,17199.617861663526,15669.913217274367,16093.289151952154,16313.518346744268,19444.554548077966,20412.048430399303,18482.08863846878,17135.10041099218
W37,2891.8100869184836,2903.186162002345,2909.901029934706,2906.32201239756,2925.5425023384123,2925.3159514788094,2908.0488719204477,2922.3786340882602,2893.671038148333,2908.9540643621413,2914.4182275920202,2901.161117209714,2913.141407389679
W38,3115.0153355943858,3110.1711395914563,3042.38385436509,3050.979824932931,3085.757445637575,3095.268375186177,3086.5195436731246,3080.4997891717635,3081.3470557930277,3082.5939833350385,3068.746284459119,3068.5355833126096,3086.6678810776384
W39,5850.6335884496475,5867.093755133514,5875.093384591886,5879.870345981068,5866.586295636347,5917.484735947988,5864.761273829589,5871.280978160466,5871.8333104130625,5865.86154311896,5878.853939674669,5871.998998435727,5867.035007201591
W4,2075.79211452572,2267.2779773663547,2317.4479726952045,2475.006452134124,2155.5599777501166,2461.971240614435,2283.4256469322204,2361.8973641708685,2286.280153565473,2333.7560893871096,2374.9402944412614,2429.714636287145,2872.1454683909583
W40,5855.899724512954,5849.894779869217,5879.128664247819,5872.475001327272,5878.513320769958,5887.334670737191,5869.526372142442,5860.804186790816,5872.165083431024,5875.891598295417,5885.973131988355,5903.907055332496,5888.435064572351
W41,6218.297729728923,6214.5302485088505,6180.358888670408,6220.6692646062365,6216.674945516629,6200.538351210541,6253.264206961979,6215.48358045607,6226.75944103072,6238.876482004413,6245.041006619995,6243.728643618185,6216.506474054202
W42,6256.555934195271,6242.023312883987,6193.224056463694,6329.0710981178545,6214.297542351447,6224.020317045941,6218.541279967478,6217.766275981886,6227.893761096939,6252.383436697655,6288.609219168955,6201.28659258319,6235.419324133394
W43,6285.0243802340965,6241.214592629698,6185.803812987119,6280.596132780059,6235.561222215361,6246.044552113816,6243.980836783631,6223.6865457186195,6251.24526732619,6262.7105098178035,6273.825908397625,6293.64381516821,6275.4343735576285
W44,5863.067678857501,5865.335903317912,5876.957088917606,5871.598604587408,5868.58285690421,5887.8629070815705,5873.6320301451515,5858.38513277186,5866.437363942484,5854.822950493043,5864.238093077645,5867.194049154289,5866.0302105171
W45,2933.3145988241554,3000.9329967525764,2878.3509086345794,2870.3435815560133,2928.5238239964215,2962.6081216425355,2831.3520721706204,2954.293663815332,2901.0721651177073,2888.046748374985,2924.6481643473867,2980.459250926687,2857.1082720155578
W46,3272.007040097822,3254.8598180882136,3286.9996335855294,3230.0174563747773,3299.475413708823,3325.757491138636,3214.477183909263,3244.5772350887396,3258.314331844332,3304.141384118633,3250.752286297359,3215.294508824708,3233.955535752019
W47,2932.8315156084527,2970.597903530007,2923.3006805567575,2846.4063410888166,2968.2679643493907,2946.1784957159844,2877.2866132612307,2961.840656071757,2900.7706185199404,2877.738526021536,2966.7288881951667,2901.045633894411,2889.038508521437
W48,3130.8011420005196,2981.982867311467,2968.6826537658935,2982.9564324722037,2996.1200630496,2946.8982695228224,2999.8477440324823,2932.4169243426895,2995.5883710126764,2924.563108864763,3034.180089307959,2955.992094118225,3055.3397793085564
W49,3206.0175633976546,3305.0783801591742,3195.4638608592095,3237.8233331223014,3152.1647713827074,3277.5680421654797,3133.018409417501,3212.3800976739526,3238.1336610645467,3377.0194919373316,3272.7649869829925,3261.8188117177647,3213.5475189698404
W5,1296.1483815782485,1486.0746104959717,1507.9931776253875,1622.4168790811993,1332.1510173958375,1484.0884351520217,1661.1839564423465,1311.8175785757078,1375.5787204587932,1516.4990853534387,1635.270857563438,1502.5978658258139,1573.4293778425617
W50,3311.888422730713,3287.65273465022,3200.8182635001026,3214.781247342073,3316.373937286593,3252.20309121652,3210.646502358652,3240.182568670464,3269.220058528425,3190.55030729602,3196.651448412609,3168.9080495257617,3221.4353574448573
W51,6628.513010242724,6499.064655155989,6635.961136929346,6496.920884622356,6597.483228809628,6513.505579573433,6572.745389942603,6486.578276990903,6584.978776955868,6508.915346426427,6549.165257949226,6550.613747287823,6522.050397948276
W52,7136.029464286692,7072.772014483434,7006.213671537115,7233.080046129478,7029.467045901968,6986.040912730002,7222.975697155133,7054.761143916074,7116.5850127083695,7065.815728606307,7091.198067937889,7148.929185939671,6962.319629729915
W53,2178.7002862202467,1838.8615766812536,1975.0087871155204,2073.948794192347,1951.8534274611202,1997.3044299593753,2120.5543590817765,1903.4515248113644,2039.1832626390271,1847.917706471239,1941.0460995763217,1889.1856306202985,1872.345589311461
W54,2470.616674188931,2483.3994025206216,2479.8690866048146,2469.785078147792,2478.1046067999273,2474.7690583596923,2471.0652164513845,2461.280728445911,2466.8605061341527,2463.6432699126385,2454.011578732984,2459.4494561331617,2449.0866056155596
W55,5215.025921039598,5241.547007102853,4970.001652448429,5004.809343236517,4954.4674316521805,4913.4397493702845,5094.8178562829125,5137.6080349557515,5078.1410357748055,5106.6416310263385,5225.425548503656,5143.22337152148,4937.916663824625
W56,3025.6153591279335,3028.517322588178,3050.8800464485776,3070.5900961055186,3092.624572607946,3113.3437352792594,3127.723391591611,3113.784840993993,3134.6655226987027,3158.2329719508575,3154.6755333259216,3165.585690523281,3163.9167049824055
W57,2051.2455900549717,2055.868363976163,2056.102795436862,2056.337231216047,2056.5716713133843,2056.80611572854,2057.0405644611837,2057.2750175109786,2057.5094748775923,2057.7439365606965,2057.978402559953,2058.2128728750313,2058.447347505598
W58,3517.682004949691,3577.3521192717762,3381.5233127284123,3476.5586139979614,3354.0080733970767,3386.6939592296717,3441.5857710970968,3390.400728821173,3481.395348303913,3486.394605459711,3518.002299180011,3564.8560385162104,3527.785403337418
W59,2466.4520427916436,1956.0149663651518,2110.8134317650515,2365.548728290921,2271.4222381536065,2143.724366429852,2037.8372830225203,2057.905832786778,2092.8894345537506,2232.1020358569854,2050.1224128091244,2380.9701174267607,2818.906201789238
W6,496.7948100776389,469.6932296047976,484.2410092353351,512.9448955536004,484.94774582545114,581.3546760989625,501.5380191471955,528.765674682211,547.5546523421876,579.0176307733437,505.4454561343603,539.645042435361,573.5801055709966
W60,8981.630983156909,9020.209500299825,8995.064176303347,9023.69511323457,9047.71478694904,9061.497368294265,9014.065911943495,8987.01659249587,9038.462502352093,8997.132492874132,8989.068196860015,9083.005548231124,9005.680437329891
W61,10205.259530859334,11533.154942832241,10876.9951307731,10493.075793119684,10742.669518215913,11597.514902954557,10684.086512179547,10746.64937548856,10790.190323224155,10847.691715220792,10583.927153956576,11816.026838092019,10911.175433975372
W62,7234.148970017501,7229.969391720751,7200.536232790829,7289.032132107239,7225.881596225177,7247.374710854091,7193.969207725705,7213.882519285244,7260.284707258957,7237.435619105775,7215.52325832947,7305.6634126589315,7216.072542493679
W63,6046.889027588258,6141.4519649529675,6054.664482561219,6102.226735829778,6075.898224463533,6059.439812426984,6004.513622549603,6210.967910494051,6255.639788042067,5936.9598406047835,6047.462088309577,6263.968216223143,6303.984762521451
W64,14292.499658575569,12479.501526948263,12962.216466557675,14266.324939460743,14683.498651674094,12692.314844137938,12863.666295095776,14408.223029219369,15165.105495078064,13585.12342262737,12413.670328008933,13218.657156051198,14341.419591521862
W65,20527.904673779823,17619.412592676337,18390.614184569447,19465.33275078507,20219.617362190314,17981.674240497425,18174.992800061253,19272.26164008136,20642.421627753796,20021.196180950163,17674.800220276473,18404.908160489766,19649.794936263854
W66,7429.92840724186,7528.427738394645,7245.621246454992,7184.391138440638,7322.369306051946,7556.185457141927,7292.110122107805,7203.834249086122,7183.295253040403,7550.274893194381,7470.079621724276,7274.116892302773,7197.614682838509
W67,13554.25239837848,13582.894425451435,13557.501552608548,13467.218255726859,13488.07594236667,13513.357705326898,13453.602611684939,13528.240065899308,13449.61326124916,13519.822117130912,13617.133651451073,13635.995064170193,13657.821056746423
W68,6884.141234101718,6895.050882431515,6904.802334615633,6914.561252398496,6924.327636659122,6934.1014882761465,6943.8828081276815,6953.671597091406,6963.467856044486,6973.271585863701,6983.082787425312,6992.901461605145,7002.727609278546
W69,6865.106412418641,6911.674181649917,6953.771384624923,6927.717710872059,6934.920714291502,6931.747094384162,6949.326721264139,6956.529724817239,6963.732728414788,6970.935732056752,6978.138735743081,6985.341739473727,6992.544743248662
W7,2635.4611264044584,2304.3285276468664,2761.0751399770093,2904.6098156093008,2870.829937341662,3186.5786285370464,3755.014329104563,2822.663422562446,2656.6641084191374,2410.438050440514,2847.615976388335,2779.2204242235143,2939.119057196856
W70,2605.5113045688076,2591.6179961429707,2590.5693167892728,2584.0285325845334,2577.9784718294904,2567.280665877336,2563.842258207366,2560.4084556345642,2556.9792519913126,2555.954591914318,2552.5313533797794,2549.1126996263447,2545.6986245135963
W71,1874.201022358707,1813.817881800935,1702.0327519018472,1664.2367105198546,1723.416037313107,1748.1189208177925,1791.343576240939,1797.8991649847305,1757.7832043779708,1828.504267854724,1821.477069357104,1816.868422106117,1811.1882459720364
W72,1914.2992404287327,1906.6287250933483,1898.967029930941,1891.3141701443583,1883.6701610065916,1876.035017861305,1868.408756123359,1860.7913912793608,1853.1829388882018,1845.583414581608,1837.9928340646984,1830.4112131165443,1822.8385675907375
W73,1914.3936070034656,1906.7224558979515,1899.0601235440004,1891.4066251481934,1883.7619759872841,1876.126191408732,1868.4992868312304,1860.8812777452526,1853.272179713595,1845.6720083719233,1838.0807794293328,1830.4985086689053,1822.925211948288
W74,4381.050919380097,5990.570347900038,5597.971145474802,6304.3465923860385,6152.986286893167,6426.015816333371,6383.4984584386,5785.810104598724,6313.422338859815,5902.434600138638,6358.1063467067825,6521.917576282986,7296.89753034069
W75,24664.70098323341,24160.01310686229,24597.016675994553,25270.017349411428,25153.068498373577,23967.019090641646,24378.95851356855,23944.196273628724,24236.142612598327,24629.371288623493,25263.389055663334,24683.221222643544,25377.0263911115
W76,418.20192881249756,409.8646920145118,410.053693924988,236.30483977946335,375.7304277255951,378.103712358318,382.2375466888566,267.4360387483736,359.2621567269313,353.80495332857333,354.6050595847708,282.48099083449694,332.31781933632186
W77,3780.5010910882183,4634.300112856521,4607.429275794841,4176.969311134908,3924.4073455622274,4675.413316581827,4387.966603006171,4268.439858207408,3761.08883547363,3876.813095582582,4348.248653231011,4502.414352904876,4080.3993389239226
W78,4125.020338829241,4715.008667729221,3805.6791744755797,3787.138441848278,4204.639801879848,4065.486915339256,4281.018581355911,3775.4746754162443,4194.404121154566,4130.544068487578,4128.66881428503,3611.0420427054364,4535.4519206978475
W79,1456.205476332653,1409.3535411944993,1413.5021058717255,1353.997731905764,1341.8497135033688,1434.4807227411488,1425.5930680616689,1466.1057225988939,1526.0529496065803,1402.1015808296477,1449.4862463969293,1386.2630142508326,1429.2032603720334
W8,2738.132925152138,2591.447243908574,3075.6265030885384,2886.933211459936,3327.755235416513,2858.4356179010697,3773.1477743250985,2383.465272116235,3916.3470298679563,2454.8606603878857,3057.1214348803956,3085.813272830446,2484.811130185655
W80,1491.7429062612403,1590.75002457935,1501.3896762078023,1429.1684000740852,1598.1310239949712,1459.3554250896948,1620.6035669122607,1589.5768663722238,1617.1447578513573,1532.409000372555,1515.2505194145654,1487.5614345979043,1481.2510543767048
W81,24698.718369484082,24486.926708382536,24336.942582755317,24591.185652282784,25050.368792512832,24979.32718378943,24571.232003483903,25129.755723074457,25053.33511710054,24794.757290496855,24935.367066648745,24992.65516887862,25462.335763492258
W82,4419.144834891298,4423.92077763593,4428.70188189797,4433.488153255598,4438.279597293044,4443.076219600544,4447.878025774399,4452.68502141694,4457.497212136577,4462.314603547751,4467.1372012709935,4471.96501093291,4476.798038166163
W83,5983.776897394356,5997.376305622238,5992.460099949027,5996.801701254498,6001.143302578707,6005.484903921643,6009.826505283273,6014.168106663606,6018.509708062626,6022.851309480302,6027.192910916651,6031.534512371639,6035.876113845243
W84,5979.163152264303,6002.967170939105,6017.887014921843,6185.343160149953,6257.0975075064125,6250.50700522868,6267.611447492198,6273.7544076979375,6279.489666514206,6171.683804786358,6428.8083598256035,6338.265962216942,6415.14292319723
W85,17271.259032447095,17492.95095837724,17606.016174786462,17632.140320678704,17663.712149730403,17709.355929277903,17654.929634411175,17542.389538472908,17495.550956656283,17504.525930297114,17526.982836352705,17552.72428801297,17607.19060659962
W86,17308.38142377038,17333.845526978337,17359.340192608535,17384.86544906502,17410.421324770563,17436.00784816654,17461.62504771323,17487.272951889507,17512.951589193006,17538.66098814016,17564.401177266132,17590.172185124793,17615.97404028883
W87,1077.9417206718704,1074.7909768931327,1072.9625223691758,1073.0202911348933,1071.7648089558022,1074.9002769021915,1074.172708964433,1071.6028064735872,1070.477977820626,1066.7312058032326,1065.3955159815066,1062.2814436124602,1060.4742704146208
W88,12101.754308921649,12020.105425915795,12060.222451735648,12035.005397744588,12130.229573771803,12089.04271658756,12094.080093005618,12089.235596130004,12061.016629383532,12114.98217200438,12118.269188957862,12108.420961159933,12079.857519340205
W89,1055.6037284875563,1121.033233006454,1075.762761304872,1071.028183314127,1144.8827687506268,1123.9832721063428,1216.3656053568293,1187.7226405002245,1137.8448261468488,1147.739983282188,1167.266982064645,1132.3006010085523,1111.679712255966
W9,9560.606843014677,5791.95906760823,7171.635798815207,6657.346255265248,6678.083932465428,6947.4360606252485,7036.982043137605,7023.620480895065,7403.234720162269,7387.086060015882,7061.420433113294,6547.144081296385,7482.518898204431
W90,2005.9919772599499,1858.6563966764115,1890.2630623078817,1840.8111822968776,1867.479262132112,1854.3885976714353,1876.4391280393031,1855.871220975654,1854.9514345689302,1840.2587795226195,1857.2801820093189,1890.347334987544,1846.6226665806796
W91,20778.563057378826,19514.7399048486,20853.489996842265,19450.852019312093,19939.748346476637,19828.810647578444,20106.214687793054,19833.9507894753,20304.07631377382,19953.515244647137,20254.731616049692,20440.705941775926,19886.476522800654
W92,24725.29449571373,24569.86830001275,23833.18555501142,23968.633179406843,24240.340059341965,24723.521889313906,24552.000906434598,24161.798124939018,24057.475122592983,23637.21462635647,24317.31310438218,23650.635068335636,22226.548850955205
W93,1744.0652002847905,1742.05289749692,1724.5718412662134,1738.8618632006219,1744.339722496382,1739.1358019471609,1733.5856220025746,1731.8616706849448,1744.6647700938918,1733.9956605176342,1731.6023854050907,1734.428274165558,1735.7948720168067
W94,1834.4977692705738,1823.1917441083638,1801.559739322733,1806.6156944721392,1824.927196189349,1794.4135127608045,1807.57109832044,1768.3490785554914,1828.0989128844242,1782.2294594370712,1790.3190543826947,1759.954214502784,1759.9060375575687
W95,1686.8599941749296,1639.812863636808,1685.2648529312587,1659.2640131396802,1662.9524504111503,1607.3546610128667,1669.4287931623253,1639.9422442962698,1659.455049000229,1609.9547713380657,1654.414408856953,1629.3751790214549,1651.160296235836
W96,11419.723078075293,11395.251290498367,11281.113761354341,11342.967823275236,11405.826508490161,11425.37554338515,11364.919969156408,11289.517026077336,11394.465845810815,11455.394188158614,11414.26585617384,11300.023337039276,11338.912120340801
W97,425.9584132793883,478.0503539831263,486.83322926407266,462.9715859501388,469.5789475390959,490.9318586570579,520.5565571774918,546.1653118356135,522.1171664266062,494.6098156328251,492.93137548532087,521.0122256255557,487.528228956163
W98,572.5245150777818,649.593559704825,627.9572966325451,602.440486336403,586.4833005992245,632.7493348684902,637.2981311484906,580.5157180685535,595.5020171273336,657.0595028570516,620.916221882145,601.8026824405749,601.1921575770294
W99,15032.39314256459,14965.686226558668,15047.512022576124,15154.604964886421,14981.242011023549,15104.843489111621,15044.12578636883,15099.531602922161,15051.905476099862,15182.642151857888,15163.117569720349,15093.579320919991,15095.37695576725
