3.563518166542053223e+01 1.297426223754882812e-02
1.313191699981689453e+01 1.071095466613769531e-02
4.155414819717407227e+01 1.359200477600097656e-02
5.380817413330078125e+00 9.135723114013671875e-03
4.293351364135742188e+01 1.345467567443847656e-02
4.418427729606628418e+01 1.323413848876953125e-02
4.710167884826660156e+00 6.330013275146484375e-03
3.723011684417724609e+01 1.309394836425781250e-02
9.649372816085815430e+00 9.848594665527343750e-03
3.904878306388854980e+01 1.500487327575683594e-02
3.612442541122436523e+01 1.330876350402832031e-02
3.910476207733154297e+01 1.424884796142578125e-02
1.547544479370117188e+01 1.041817665100097656e-02
5.419711112976074219e+00 9.510278701782226562e-03
4.677021503448486328e+00 8.841753005981445312e-03
4.404256129264831543e+01 1.437115669250488281e-02
1.651114916801452637e+01 1.120877265930175781e-02
1.582584357261657715e+01 1.194262504577636719e-02
4.288998818397521973e+01 1.313376426696777344e-02
4.737072753906250000e+01 1.722645759582519531e-02
1.350585794448852539e+01 1.064491271972656250e-02
8.929507970809936523e+00 9.621858596801757812e-03
3.912650823593139648e+00 9.231328964233398438e-03
8.581466197967529297e+00 9.686946868896484375e-03
3.787024497985839844e+00 9.014606475830078125e-03
4.000490379333496094e+01 1.532840728759765625e-02
5.164237904548645020e+01 1.486849784851074219e-02
5.321535754203796387e+01 1.310420036315917969e-02
3.769553232192993164e+01 1.320075988769531250e-02
4.274302458763122559e+01 1.363992691040039062e-02
4.563347101211547852e+00 9.218215942382812500e-03
4.618325161933898926e+01 1.508736610412597656e-02
4.560974383354187012e+01 1.541328430175781250e-02
5.521801233291625977e+00 9.300708770751953125e-03
1.039153671264648438e+01 1.115560531616210938e-02
3.596470928192138672e+01 1.293683052062988281e-02
8.639205694198608398e+00 9.768724441528320312e-03
3.942407035827636719e+01 1.451849937438964844e-02
3.877145552635192871e+01 1.305866241455078125e-02
3.913609862327575684e+01 1.423978805541992188e-02
4.982915163040161133e+00 1.034259796142578125e-02
5.154287338256835938e+00 1.076531410217285156e-02
2.802843046188354492e+01 1.272964477539062500e-02
1.732747912406921387e+01 1.123452186584472656e-02
1.599449443817138672e+01 1.042962074279785156e-02
1.044307518005371094e+01 1.034092903137207031e-02
2.953161120414733887e+01 1.218605041503906250e-02
3.146978235244750977e+01 1.548862457275390625e-02
1.224263095855712891e+01 1.015973091125488281e-02
1.548010778427124023e+01 1.046705245971679688e-02
1.532207989692687988e+01 1.032209396362304688e-02
1.521574687957763672e+01 1.075577735900878906e-02
2.870675730705261230e+01 1.256585121154785156e-02
3.585939693450927734e+01 1.231193542480468750e-02
3.492962479591369629e+01 1.386022567749023438e-02
2.713249588012695312e+01 1.339268684387207031e-02
1.035889172554016113e+01 1.161170005798339844e-02
2.813296818733215332e+01 1.276564598083496094e-02
2.779713988304138184e+01 1.384758949279785156e-02
2.833468842506408691e+01 1.174259185791015625e-02
2.891233086585998535e+01 1.209473609924316406e-02
1.533076953887939453e+01 1.128911972045898438e-02
1.610871219635009766e+01 1.233530044555664062e-02
2.670148491859436035e+01 1.176309585571289062e-02
1.555091571807861328e+01 1.082730293273925781e-02
2.565360045433044434e+01 1.161217689514160156e-02
2.786914753913879395e+01 1.240396499633789062e-02
1.040460920333862305e+01 1.108789443969726562e-02
2.614442205429077148e+01 1.199603080749511719e-02
1.509516072273254395e+01 1.155900955200195312e-02
1.667715072631835938e+01 1.060962677001953125e-02
5.109489679336547852e+00 9.130239486694335938e-03
2.912910723686218262e+01 1.326966285705566406e-02
1.828540802001953125e+01 1.194119453430175781e-02
1.775930881500244141e+01 1.138210296630859375e-02
3.078511071205139160e+01 1.391148567199707031e-02
3.210347056388854980e+01 1.211261749267578125e-02
1.387196969985961914e+01 1.118111610412597656e-02
9.725943565368652344e+00 1.142692565917968750e-02
2.692669510841369629e+01 1.300239562988281250e-02
9.157548904418945312e+00 9.808063507080078125e-03
4.378257274627685547e+01 1.492929458618164062e-02
9.061606884002685547e+00 9.834051132202148438e-03
5.204702615737915039e+00 1.034307479858398438e-02
2.731099557876586914e+01 1.149988174438476562e-02
2.923860955238342285e+01 1.173520088195800781e-02
3.247063279151916504e+01 1.197648048400878906e-02
4.904363393783569336e+00 9.552717208862304688e-03
2.514592361450195312e+01 1.186990737915039062e-02
9.935428380966186523e+00 1.156067848205566406e-02
9.652801752090454102e+00 1.018309593200683594e-02
2.567974877357482910e+01 1.319599151611328125e-02
4.861070871353149414e+00 9.063243865966796875e-03
2.724669742584228516e+01 1.184558868408203125e-02
2.591544747352600098e+01 1.321887969970703125e-02
2.654676246643066406e+01 1.185369491577148438e-02
4.961413145065307617e+00 9.539127349853515625e-03
1.279946446418762207e+01 1.194381713867187500e-02
1.284923315048217773e+01 1.216340065002441406e-02
1.444404792785644531e+01 1.074695587158203125e-02
3.645011997222900391e+01 1.403903961181640625e-02
1.219600558280944824e+01 1.012659072875976562e-02
1.329421973228454590e+01 1.035809516906738281e-02
1.438899946212768555e+01 1.065349578857421875e-02
1.296239566802978516e+01 1.003885269165039062e-02
1.210580563545227051e+01 1.043725013732910156e-02
1.308581471443176270e+01 9.698152542114257812e-03
1.263672828674316406e+01 1.069736480712890625e-02
1.374037194252014160e+01 1.147270202636718750e-02
1.305080127716064453e+01 1.149344444274902344e-02
1.287044620513916016e+01 1.014852523803710938e-02
2.686126589775085449e+01 1.346349716186523438e-02
3.457325983047485352e+01 1.209998130798339844e-02
1.342728829383850098e+01 1.153922080993652344e-02
1.241535592079162598e+01 1.126861572265625000e-02
1.323443579673767090e+01 1.088309288024902344e-02
1.231117606163024902e+01 1.049375534057617188e-02
2.117062926292419434e+01 1.196670532226562500e-02
1.441078090667724609e+01 1.042938232421875000e-02
1.646246528625488281e+01 1.074886322021484375e-02
1.455508637428283691e+01 1.050090789794921875e-02
1.605274367332458496e+01 1.043534278869628906e-02
1.504010510444641113e+01 1.048183441162109375e-02
3.578564333915710449e+01 1.211667060852050781e-02
1.542058396339416504e+01 1.029610633850097656e-02
1.205417108535766602e+01 1.031398773193359375e-02
1.431024146080017090e+01 1.110506057739257812e-02
1.479117178916931152e+01 1.054954528808593750e-02
1.506249690055847168e+01 1.036977767944335938e-02
1.616529297828674316e+01 1.215958595275878906e-02
1.583765482902526855e+01 1.179504394531250000e-02
6.215795040130615234e+00 9.808301925659179688e-03
6.467474460601806641e+00 9.840726852416992188e-03
8.744224786758422852e+00 9.689092636108398438e-03
3.577134037017822266e+01 1.417088508605957031e-02
6.526277065277099609e+00 9.204387664794921875e-03
1.886362123489379883e+01 1.087546348571777344e-02
1.829088139533996582e+01 1.083850860595703125e-02
2.212630128860473633e+01 1.228785514831542969e-02
6.559514331817626953e+01 1.601290702819824219e-02
3.281270170211791992e+01 1.240730285644531250e-02
3.175708484649658203e+01 1.209616661071777344e-02
3.322343206405639648e+01 1.190233230590820312e-02
3.304305076599121094e+01 1.387429237365722656e-02
3.282845878601074219e+01 1.217436790466308594e-02
3.266164302825927734e+01 1.387786865234375000e-02
3.156488418579101562e+01 1.199674606323242188e-02
3.117517828941345215e+01 1.204204559326171875e-02
3.166532707214355469e+01 1.230502128601074219e-02
3.378282809257507324e+01 1.216244697570800781e-02
3.372567868232727051e+01 1.214146614074707031e-02
3.346221423149108887e+01 1.252937316894531250e-02
3.285534143447875977e+01 1.352024078369140625e-02
3.412473845481872559e+01 1.377034187316894531e-02
3.408800745010375977e+01 1.301813125610351562e-02
3.341339802742004395e+01 1.184129714965820312e-02
3.306233167648315430e+01 1.247072219848632812e-02
3.183778333663940430e+01 1.341056823730468750e-02
3.310313105583190918e+01 1.186466217041015625e-02
3.117853474617004395e+01 1.193904876708984375e-02
3.296774077415466309e+01 1.216316223144531250e-02
3.282397627830505371e+01 1.267743110656738281e-02
3.353934860229492188e+01 1.292204856872558594e-02
3.364408874511718750e+01 1.418662071228027344e-02
3.477409338951110840e+01 1.375865936279296875e-02
4.675525259971618652e+01 1.434302330017089844e-02
4.075328755378723145e+01 1.306581497192382812e-02
3.407849621772766113e+01 1.227927207946777344e-02
4.015827775001525879e+01 1.397132873535156250e-02
3.111400103569030762e+01 1.238489151000976562e-02
3.340029144287109375e+01 1.521515846252441406e-02
3.069230604171752930e+01 1.371932029724121094e-02
1.802136921882629395e+01 1.243758201599121094e-02
1.043876099586486816e+01 9.526968002319335938e-03
1.148799991607666016e+01 9.741306304931640625e-03
9.919431924819946289e+00 9.976387023925781250e-03
1.060561633110046387e+01 1.049995422363281250e-02
1.078578948974609375e+01 1.069617271423339844e-02
3.403511691093444824e+01 1.341009140014648438e-02
1.119584512710571289e+01 1.020073890686035156e-02
1.063740587234497070e+01 1.131725311279296875e-02
9.057852983474731445e+00 9.433507919311523438e-03
3.748891115188598633e+00 8.827447891235351562e-03
3.417332649230957031e+00 8.761167526245117188e-03
4.861529588699340820e+00 1.028180122375488281e-02
5.182775020599365234e+00 1.055049896240234375e-02
3.547815561294555664e+00 8.876562118530273438e-03
5.141220331192016602e+00 1.071214675903320312e-02
5.110312700271606445e+00 9.665012359619140625e-03
3.435639095306396484e+01 1.364111900329589844e-02
1.516809201240539551e+01 1.044130325317382812e-02
1.441785788536071777e+01 1.056385040283203125e-02
4.799816370010375977e+00 9.087800979614257812e-03
2.866541671752929688e+01 1.320958137512207031e-02
5.068723917007446289e+00 1.075839996337890625e-02
1.878055191040039062e+01 1.154088973999023438e-02
5.286161661148071289e+00 1.037383079528808594e-02
2.793084239959716797e+01 1.186323165893554688e-02
5.267219543457031250e+00 1.009941101074218750e-02
1.772465658187866211e+01 1.065611839294433594e-02
3.354104065895080566e+01 1.210713386535644531e-02
2.928939938545227051e+01 1.202201843261718750e-02
1.391312026977539062e+01 1.203083992004394531e-02
1.137655758857727051e+01 9.934425354003906250e-03
1.249623703956604004e+01 1.037859916687011719e-02
1.467135024070739746e+01 1.226472854614257812e-02
1.413409590721130371e+01 1.026320457458496094e-02
1.440501165390014648e+01 1.181030273437500000e-02
1.435873961448669434e+01 1.061463356018066406e-02
1.357886457443237305e+01 1.103854179382324219e-02
1.829689478874206543e+01 1.102209091186523438e-02
3.514952015876770020e+01 1.414179801940917969e-02
1.878185415267944336e+01 1.208209991455078125e-02
2.099965405464172363e+01 1.115465164184570312e-02
2.002901935577392578e+01 1.109457015991210938e-02
2.379225707054138184e+01 1.330161094665527344e-02
2.193592309951782227e+01 1.241827011108398438e-02
1.090738058090209961e+00 9.562492370605468750e-03
1.054074048995971680e+00 8.022069931030273438e-03
1.062260150909423828e+00 9.509801864624023438e-03
1.094072103500366211e+00 9.515523910522460938e-03
1.080379724502563477e+00 8.169651031494140625e-03
3.117609953880310059e+01 1.273989677429199219e-02
3.533994746208190918e+01 1.219868659973144531e-02
1.096134185791015625e+00 9.634733200073242188e-03
1.068584442138671875e+00 8.010149002075195312e-03
9.970688819885253906e-01 8.359193801879882812e-03
1.147387504577636719e+00 8.571386337280273438e-03
1.093976974487304688e+00 9.667396545410156250e-03
1.044948816299438477e+00 7.987976074218750000e-03
1.099466085433959961e+00 8.682489395141601562e-03
1.027704238891601562e+00 8.357286453247070312e-03
1.038039207458496094e+00 8.253335952758789062e-03
1.080871582031250000e+00 1.004028320312500000e-02
3.305584144592285156e+01 1.223134994506835938e-02
1.166485548019409180e+00 8.197069168090820312e-03
1.091209411621093750e+00 9.141206741333007812e-03
1.042748689651489258e+00 9.265661239624023438e-03
1.023869276046752930e+00 8.169174194335937500e-03
1.130213499069213867e+00 8.629322052001953125e-03
1.166429758071899414e+00 8.673906326293945312e-03
1.165632724761962891e+00 9.355306625366210938e-03
1.074292421340942383e+00 9.260892868041992188e-03
1.093608379364013672e+00 8.699655532836914062e-03
1.137400388717651367e+00 9.611129760742187500e-03
3.540476489067077637e+01 1.242041587829589844e-02
1.039999485015869141e+00 8.247137069702148438e-03
1.177132844924926758e+00 8.752584457397460938e-03
9.956643581390380859e-01 8.110284805297851562e-03
1.029766559600830078e+00 8.328676223754882812e-03
1.163406133651733398e+00 8.265495300292968750e-03
1.040203571319580078e+00 8.594751358032226562e-03
1.070843696594238281e+00 8.740425109863281250e-03
1.083492994308471680e+00 8.358240127563476562e-03
1.056699275970458984e+00 1.003885269165039062e-02
1.197899341583251953e+00 1.012611389160156250e-02
3.357573676109313965e+01 1.239919662475585938e-02
1.078473329544067383e+00 9.629964828491210938e-03
1.058965444564819336e+00 8.407831192016601562e-03
1.119137048721313477e+00 9.534835815429687500e-03
1.046979665756225586e+00 8.422613143920898438e-03
1.078019857406616211e+00 8.029460906982421875e-03
1.052370548248291016e+00 9.891986846923828125e-03
1.007472753524780273e+00 8.476495742797851562e-03
1.116767644882202148e+00 9.615182876586914062e-03
1.086116075515747070e+00 8.139610290527343750e-03
1.075805902481079102e+00 9.545087814331054688e-03
3.549816203117370605e+01 1.371669769287109375e-02
1.144441127777099609e+00 9.055137634277343750e-03
1.112746238708496094e+00 8.259773254394531250e-03
1.138874292373657227e+00 9.184360504150390625e-03
1.100240468978881836e+00 8.283376693725585938e-03
1.123608589172363281e+00 9.490013122558593750e-03
1.002839088439941406e+00 8.060693740844726562e-03
1.167824268341064453e+00 8.894443511962890625e-03
1.173868656158447266e+00 9.766578674316406250e-03
1.038403272628784180e+00 8.650779724121093750e-03
1.019385814666748047e+00 8.465528488159179688e-03
3.455668354034423828e+01 1.252508163452148438e-02
1.013877153396606445e+00 8.118391036987304688e-03
1.186596155166625977e+00 1.028919219970703125e-02
1.047096729278564453e+00 7.906198501586914062e-03
1.086917400360107422e+00 8.205413818359375000e-03
1.079631090164184570e+00 8.002996444702148438e-03
1.128212928771972656e+00 1.022577285766601562e-02
1.146038293838500977e+00 8.481740951538085938e-03
1.040518045425415039e+00 9.621858596801757812e-03
1.164132833480834961e+00 8.652210235595703125e-03
1.054190635681152344e+00 9.051799774169921875e-03
1.577058553695678711e+01 1.024556159973144531e-02
7.171356678009033203e+00 9.374856948852539062e-03
7.223610877990722656e+00 1.076602935791015625e-02
2.438473653793334961e+01 1.163053512573242188e-02
5.946881985664367676e+01 8.759260177612304688e-03
2.411691093444824219e+01 1.153302192687988281e-02
1.695415306091308594e+01 1.050877571105957031e-02
1.780176544189453125e+01 1.079559326171875000e-02
1.659369039535522461e+01 1.056766510009765625e-02
2.463550996780395508e+01 1.210713386535644531e-02
2.159300827980041504e+01 1.121187210083007812e-02
1.726036906242370605e+01 1.124954223632812500e-02
2.165663290023803711e+01 1.159119606018066406e-02
2.162572264671325684e+01 1.276111602783203125e-02
1.751934409141540527e+01 1.088428497314453125e-02
3.340755915641784668e+01 1.439213752746582031e-02
1.665786957740783691e+01 1.087093353271484375e-02
1.804042577743530273e+01 1.067852973937988281e-02
1.804815697669982910e+01 1.037478446960449219e-02
2.217247223854064941e+01 1.080155372619628906e-02
1.208790254592895508e+01 1.140666007995605469e-02
2.906040763854980469e+01 1.171183586120605469e-02
1.875033664703369141e+01 1.104378700256347656e-02
4.764598608016967773e+00 1.047635078430175781e-02
1.038510823249816895e+01 9.905099868774414062e-03
4.771457433700561523e+00 9.019136428833007812e-03
3.190360140800476074e+01 7.763624191284179688e-03
3.885989165306091309e+01 7.836341857910156250e-03
3.208905100822448730e+01 7.973909378051757812e-03
3.444064545631408691e+01 8.237838745117187500e-03
3.685103368759155273e+01 8.270263671875000000e-03
3.542668628692626953e+01 7.913112640380859375e-03
3.598366498947143555e+01 8.585453033447265625e-03
2.987206053733825684e+01 8.185386657714843750e-03
2.075061821937561035e+01 1.275300979614257812e-02
8.595456361770629883e+00 9.945154190063476562e-03
6.406734466552734375e+00 9.371757507324218750e-03
2.845168328285217285e+01 7.724523544311523438e-03
6.213917493820190430e+00 1.058864593505859375e-02
6.559151172637939453e+00 9.504795074462890625e-03
6.266983985900878906e+00 9.254932403564453125e-03
6.376887321472167969e+00 9.935379028320312500e-03
1.068932867050170898e+01 9.747505187988281250e-03
1.009302544593811035e+01 9.391069412231445312e-03
2.970834016799926758e+00 9.082794189453125000e-03
1.109092831611633301e+01 1.131725311279296875e-02
1.138128376007080078e+01 1.049017906188964844e-02
1.115005087852478027e+01 1.130843162536621094e-02
2.530746269226074219e+01 7.702827453613281250e-03
1.091634702682495117e+01 8.928298950195312500e-03
1.024743247032165527e+01 9.894371032714843750e-03
1.643824625015258789e+01 1.092576980590820312e-02
6.213428020477294922e+00 1.055836677551269531e-02
6.359131574630737305e+00 9.663105010986328125e-03
9.188582897186279297e+00 1.108264923095703125e-02
8.930297136306762695e+00 9.619712829589843750e-03
4.652954816818237305e+00 8.816480636596679688e-03
2.975786995887756348e+01 8.377075195312500000e-03
1.460076999664306641e+01 6.880521774291992188e-03
2.426202154159545898e+01 7.369518280029296875e-03
1.341044569015502930e+01 1.015806198120117188e-02
2.873150324821472168e+01 7.575035095214843750e-03
2.854308867454528809e+01 7.031917572021484375e-03
8.111515522003173828e+00 9.486913681030273438e-03
3.467858552932739258e+00 8.419036865234375000e-03
3.552057981491088867e+00 8.777141571044921875e-03
2.597137904167175293e+01 9.091377258300781250e-03
2.964922523498535156e+01 7.079601287841796875e-03
3.087070584297180176e+01 7.076978683471679688e-03
2.325866985321044922e+01 8.726596832275390625e-03
