2.056842700464452459e-02
5.710346647025894840e-02
2.569248353431729734e-02
1.580374948920763162e-02
9.577761577120367728e-03
3.065656632236811452e-02
3.228902312779051431e-02
9.068092087633173107e-03
4.822578284045953532e-03
1.687471589483131515e-02
6.565274291506295948e-03
7.849388193269137351e-03
7.011644838377087408e-02
2.125014415366177981e-02
9.864373212370009664e-03
7.131075398897192795e-03
3.028072470550430967e-02
2.558698536483304531e-02
2.418709956108094569e-02
2.889679334824668544e-02
1.635340975751884557e-02
8.952386311603822283e-03
1.566847928523179834e-01
3.362652528538244423e-02
1.321351477589162160e-01
1.630322071811652132e-02
5.644518907669601737e-02
4.723475469863975401e-02
6.665188410741300189e-03
2.225666572037424823e-02
1.830490119818613259e-02
2.165745046800414061e-02
3.149366355834802567e-02
3.173513614747672240e-02
4.788136769531319697e-02
6.878831174700862465e-03
4.834403276805115425e-03
1.685395295925561782e-02
8.742672048621108818e-03
1.067707806283085814e-02
2.085847638933940873e-02
3.690564423786439618e-02
9.127413353700215837e-03
6.440887046181287268e-02
2.840765123685299112e-02
3.014819972214922983e-02
2.719229172033259950e-02
3.083220701249009613e-02
1.472952528171039832e-02
7.371240656838066833e-03
1.549381177169185664e-01
1.287419687959392989e-01
1.830465918064942341e-02
1.328476462865634256e-01
9.919610836679483568e-02
1.078419185137432373e-02
2.252907946262718286e-01
2.880792504044432309e-02
2.021976627106606209e-02
2.364107628897909458e-02
3.181506297899501512e-02
2.815836885351300639e-02
1.107922453381130108e-02
1.319601824041872866e-02
4.682594464390120968e-03
1.426261025008838598e-02
7.550903591266541239e-03
2.252907946262718286e-01
1.034083059740053233e-02
1.126673000868496158e-02
2.381017795886138100e-02
1.178440272925002086e-02
6.296393782000592708e-03
2.033691243422830475e-02
2.016484785359026061e-02
1.933561931895025690e-02
4.067750281560121584e-02
2.520524850861827898e-02
1.981973947794255647e-02
1.610569712761394587e-02
1.186250110563324793e-02
1.261512875368061073e-02
1.219689413775135872e-01
6.102833874451711778e-03
1.459448994956111939e-02
1.912324137982314431e-02
4.196052498836118361e-02
5.599334488849722763e-02
5.938578691318966395e-03
5.393714342250203325e-02
1.024872878839415240e-02
1.825694711423143241e-02
6.121703351750647226e-02
2.383957516205703273e-02
1.208419730057927466e-02
1.191134748449184863e-02
1.489408739392247133e-02
1.814563435849932821e-02
1.624922875011790280e-02
7.897471456277502244e-02
3.082091704414500755e-01
3.401595936182839203e-02
1.078681072848927669e-01
3.847656254391031150e-02
2.270506034482750249e-02
3.347689624777290540e-02
5.073560788448924080e-02
3.688064497239909589e-02
1.472229149335124027e-02
5.367531663155293564e-02
5.130718802993510658e-02
3.546121018304198430e-02
1.225256715166386512e-01
1.121489217120287124e-01
4.357475413044104712e-02
1.367467208904623449e-02
8.061553179201491615e-02
4.206084194658274433e-03
7.609548901723843517e-02
1.194222431501637954e-01
2.359264867546435052e-01
1.039047506918945596e-01
3.652659374506494333e-02
2.765908828131711794e-01
1.305531625302525645e-01
5.507701742454924887e-02
5.436382389120911901e-02
6.841655193610041152e-02
2.990683737449325447e-02
3.065128327563705624e-02
2.312544748842382952e-02
1.319986862769527078e-02
2.881872772670883084e-02
2.080256730998698844e-02
1.524314013714928862e-01
1.261208833904627416e-02
4.103845454944665683e-02
5.862051187000334035e-02
1.352854884061465389e-02
1.218357070207161941e-01
8.659429403319086893e-02
1.105935870907307633e-01
1.748893483063264642e-01
6.069018555553170463e-02
5.815292611443263759e-02
9.757544504327572699e-02
1.223778237841613159e-01
5.023282470006015243e-01
2.263063078804799233e-01
1.836590268377603086e-01
1.575369425897603648e-01
4.586118510086975575e-01
1.266455188626687267e-01
1.065978156002680421e-01
4.503616409127581544e-01
1.818769727068151321e-01
2.625553409440008479e-01
2.086051480206901620e-01
2.401401008368302392e-01
1.242864897728399726e-01
6.853927506004011683e-01
3.558220302818354552e-01
1.205801801039408788e-01
2.362472401817585221e-01
2.752873094767357420e-01
4.375167209728650364e-02
3.188140046186587612e-02
4.436026411606704967e-01
2.920844242583437583e-02
3.978650234804440716e-02
3.147204047468461774e-02
2.255761107428766454e-02
1.124549425688810625e-02
2.704352142704699938e-02
1.243302037151536865e-01
3.520795494901229547e-03
5.178939730130164426e-02
8.608917039435665108e-02
4.509572264452448298e-01
2.154115287046513283e-01
1.005772571365702757e-02
1.624799272867535980e-03
2.234704692505032064e-01
5.949456989046487260e-02
8.910508035602789090e-02
7.095521317469127842e-02
1.682995461250997582e-01
5.469439695388734340e-02
5.447439995360994769e-02
4.057805459717999108e-01
3.094243607820585176e-02
3.266088638728615462e-02
3.098117232830013487e-02
3.599512782030191149e-02
1.535160066833176074e-01
1.017226984408682450e-01
3.076112340169467191e-02
3.676955929110613253e-02
5.406958358148394178e-02
5.698390524063461082e-02
3.483766623948717500e-01
1.334757685762865374e-02
5.035992451470102521e-02
1.141851806631238864e-02
3.657222504937978486e-02
4.150028695041260013e-02
1.955990617865066908e-02
1.850696896491819954e-02
4.499148971500420424e-02
7.469215759388340807e-03
1.141848302440389394e-02
4.415356240551386313e-01
4.636280277120483073e-02
6.072874637616460652e-02
6.187176946257580412e-02
1.657400922059503734e-01
1.799845640036490668e-01
6.752377790564004223e-02
2.300023121152889871e-01
1.934534065473225151e-01
1.700808777808250905e-01
2.212460966772234194e-01
3.031644781008178621e-02
2.564787137551534646e-01
1.670557413891197995e-01
1.136490710487812611e-01
1.130363146348019182e-01
1.935582958924331187e-01
2.420881800261220074e-01
1.878296705645905729e-01
2.078899677006673941e-01
2.236294365792118877e-01
1.547566777883611633e-01
9.740571658263200150e-02
3.187099972502934753e-01
9.086938046541039038e-02
1.228638309430830078e-01
9.080621007028503999e-02
6.755235797181438628e-02
8.090176766924865592e-02
1.359845198951331047e-01
7.294868852895683431e-02
8.681772015414054855e-02
6.732053332636618592e-02
9.984592621982220362e-02
3.467715985824169622e-01
1.500346252330835572e-01
1.015819844324891419e-01
9.307749409992588374e-02
1.994739847698670243e-01
1.458136727406084965e-01
1.194977792631626845e-01
1.068794156534895734e-01
1.244262069041646435e-01
1.098178795935395857e-01
9.216531914291091476e-02
3.619906078902584978e-01
1.195676768506167970e-01
9.369265332237868005e-02
1.001259587996638362e-01
9.375284747798265372e-02
7.132142315627923446e-02
1.072234882301540265e-01
1.585695798511454202e-01
1.729433508253426233e-01
1.973676510623317282e-01
2.020904870557626298e-01
2.750336271751531725e-01
7.795461603190532995e-02
1.281907406370330349e-01
8.172825845754204399e-02
1.199376739187527907e-01
1.976006441744939945e-01
1.284398103387877910e-01
1.595144568080855418e-01
1.416918843255741689e-01
1.280735678326417881e-01
6.745385573387754907e-02
4.046817101529446292e-01
1.422989389734596877e-01
1.570569974102688782e-01
6.699635607695353379e-02
2.703022673817890853e-01
1.647100416155657665e-01
6.727135985808366248e-02
1.724564421761465571e-01
1.203728541937544444e-01
1.664244276931629019e-01
1.703067720887029568e-01
1.747702560571188224e-01
1.571227708642019411e-02
1.916411656571197913e-02
1.312219787767242123e-02
2.005374475257137024e-01
1.319613373104680347e-02
1.809755777132922294e-02
1.806860369484600964e-02
1.808300789206908343e-02
1.327032006171900876e-02
4.039460678574106900e-02
4.931322924307482425e-02
4.022285696693192469e-02
2.329302887700020891e-02
3.090286293157904624e-02
2.385791383837989055e-01
3.086811931162976308e-02
1.581196985294024138e-02
1.705811518795055659e-02
6.501077634904109392e-02
1.289073003611155774e-02
5.212369356272861937e-02
1.650024126384179446e-01
3.127082744405357273e-01
8.466923781452966036e-02
3.166210077615391194e-01
4.634622806712416776e-01
3.939385306635389411e-02
5.176573008594275577e-02
2.513026051380414655e-02
2.960350883465802385e-02
6.351966111097874512e-02
5.336016447708273602e-02
3.295951388646373159e-02
3.404983282918758875e-02
1.062657182759859861e-02
1.030391316677055184e-02
2.599293137677914922e-01
7.449683184916019475e-03
1.245455683548011769e-02
1.245455683548011769e-02
1.245455683548011769e-02
3.385183149172145689e-01
3.541152488540780241e-02
2.262443438914027438e-01
1.279401800393050737e-01
1.294148291813567442e-01
1.761137465683891845e-01
3.850985554133419253e-01
1.180879901049154690e-01
2.573506016523504844e-02
1.369512564901646107e-03
6.200111743150872774e-03
6.626363036244303263e-03
1.668861101116487014e-02
1.681435043449452590e-02
9.601154269053224777e-03
6.175737602356627838e-03
5.073548067083986923e-02
1.151502678500588017e-01
1.640434584269107737e-02
1.402059342936214613e-02
2.411189281098786302e-02
8.938214114382399267e-03
9.846255392533423412e-02
8.556410069456399370e-02
1.173505339378046533e-02
7.996784822278188432e-02
5.314041949447915331e-02
1.508634800027243254e-02
