2.016631178880999020e-01
8.710725619836347244e-02
2.615480554654343037e-01
5.110702924490274218e-02
1.668253619509691976e-01
1.330470018283936573e-01
1.988888447853941199e-01
1.747017710652819800e-01
1.774925948963707312e-01
1.388831586137458385e-01
3.862592357828917855e-01
1.604111296655102992e-01
1.869442708208390869e-01
1.554445697285201378e-01
1.760748362363999953e-01
2.384625308878980388e-01
1.364765893317738676e-01
1.538660217212516612e-01
1.653055405222907670e-01
1.586974211614165797e-01
1.131726729806838555e-01
3.061118403322568016e-01
6.195137230111512627e-01
1.862268830407015352e-01
1.685615118049360317e-01
1.483917667152791775e-01
9.494408848293989234e-02
3.204380426747630017e-01
1.568919137951492182e+00
1.600852109591561101e+00
1.505006017383468064e+00
1.762546131855932563e+00
1.611229549468440991e+00
1.619311778565509341e+00
1.795356408373041113e-01
1.251282044032202334e+00
1.056020201363401467e+00
1.420834365831203039e+00
1.421282860434288864e+00
9.883370320083884053e-01
1.293339015136074854e+00
1.523005651942372252e+00
1.438390495315923445e+00
1.449250141196156250e+00
1.531891177181632147e+00
1.784273440943501543e-01
1.410147865647511933e+00
1.455748865440956719e+00
1.316185337863642779e+00
1.440598741491880608e+00
8.708058503720881305e-01
1.549059814311864569e+00
1.473913816578023672e+00
1.592923687912991326e+00
1.448301301635992688e+00
1.059299721294980401e+00
1.697859042052255740e-01
1.057728848416464418e+00
1.053252032350401102e+00
1.444826437044490985e+00
7.688337673659345617e-01
1.485566151206168861e+00
1.212366234658034836e+00
1.359231089896070666e+00
1.320319000136187748e+00
1.332062302753010963e+00
1.429498709210373919e+00
1.932636370689374272e-01
1.311186018149727239e+00
1.477778114118890151e+00
1.058793911884747807e+00
1.488987541009221927e+00
9.680777815560478450e-01
1.518189251511919524e+00
1.114371441386283967e+00
9.624126893208752032e-01
1.088952504879738603e+00
1.350183693014479269e+00
1.818662554185996594e-01
1.486152581445957521e-01
1.750173379006330077e-01
1.672743937789910318e-01
1.555470407277207145e-01
1.961244694580541459e-01
1.707621229024909593e-01
1.361257877781183456e-01
1.296251963356149783e-01
1.560677255612123171e-01
1.551872930843997411e-01
1.852927054918986627e-01
1.480196176985047185e-01
2.059353154746692560e-01
7.110746303459213047e-02
1.806594381635668045e-01
1.966828822103983965e-01
1.530612469187305758e-01
1.120611001381657951e-01
5.339997474167344077e-02
1.332387096275794436e-01
1.519750333781881846e-01
1.847945052077802630e-01
2.005899954528631290e-01
1.719029510627780588e-01
1.514887933461963876e-01
1.620063041290270844e-01
1.457144125854407113e-01
1.288600752352464518e-01
1.863207347294895400e-01
1.633430595866324220e-01
1.774466336392660770e-01
1.463695359160809562e-01
2.481043214672997710e-01
2.052272345435679490e-01
1.783453317952283512e-01
1.557621658056410896e-01
1.134814505402436113e-01
1.760816680242311139e-01
1.679708580442456078e-01
2.002201777242808289e-01
1.317532458626993197e-01
1.773187641875316467e-01
1.527739906392780733e-01
2.525644051393095002e-01
1.820332283590772315e-01
1.689210119770922780e-01
1.535566537329896841e-01
1.608893521300788498e-01
2.147646870368407068e-01
1.721831459370402329e-01
1.823753514640459594e-01
1.521532502443546375e-01
1.587330124034233292e-01
1.742060829698799662e-01
1.777262859954097662e-01
8.154662624077187172e-02
2.178758128518602233e-01
1.402987416079897465e-01
1.363015713586514244e-01
1.219825170099909512e-01
2.378482106668045049e-01
1.704044123385048959e-01
1.566092076859921522e-01
1.537181771606001002e-01
2.201273261471491660e-01
1.768701577710832806e-01
2.114132457738086279e-01
1.531533450737898316e-01
1.682432715769486276e-01
1.614008699080211329e-01
1.390611064679100339e-01
1.511878399433465858e-01
1.590252959176076952e-01
1.815052760308956403e-01
2.629664147278673592e-01
2.468587671593723554e-01
1.587187176782009213e-01
4.429467458350802578e-01
6.179164986250371139e-02
1.092440747720713201e-01
1.719520506891974998e-01
1.572168619684251312e-01
1.365007056190978563e-01
1.650674115868337732e-01
1.411301145509574750e-01
3.262160469002130525e-01
1.531518012829687636e-01
2.464237847118457558e-01
1.726373505121757967e-01
1.575049475242619457e-01
1.467359262734533876e-01
1.620972168375068578e-01
1.779904603596387525e-01
6.032950631725905732e-02
1.887430999517259733e-01
1.828526387908413209e-01
1.497419266264328475e-01
1.373401554479342923e-01
1.502528017968083052e-01
1.301926368883013219e-01
1.573355038280885576e-01
3.711132110378775883e-01
1.270793250268832109e-01
2.006992655930774083e-01
1.042230330565900448e-01
2.367351800390442573e-01
5.328894378831711132e-02
2.261125305015447007e-01
2.406708763758884650e-01
9.153404469382442343e-02
1.855905525391910726e-01
1.424252910505868497e-01
1.325896067569033165e-01
1.234836821550174407e-01
1.423379879307508922e-01
1.198545655991312547e-01
1.650775530288188520e-01
1.524620828243290482e-01
1.598225509191688043e-01
2.457410995900395079e-01
2.162582747939470751e-01
2.053713741287991057e-01
1.684874298294631034e-01
1.103964455700270769e-01
2.158103326811030287e-01
1.604194318213087167e-01
2.137199655956349142e-01
1.833753739231314128e-01
2.087683934425680621e-01
1.880920066236621835e-01
2.110049515000898823e-01
2.368002419325868357e-01
1.698021293911427254e-01
1.988092988221939195e-01
2.205963807035128121e-01
1.611771054972266082e-01
1.628521148112188899e-01
1.624827466396159548e-01
1.876242301799776191e-01
1.846266152846435249e-01
1.710297093246029299e-01
1.651570089480653702e-01
1.514450689509857506e-01
2.194603177242949454e-01
1.384052244633940110e-01
1.612968701163323693e-01
1.662756235532787119e-01
1.418509944914076171e-01
2.226608151473350450e-01
1.306881393080177312e-01
1.796492888111539121e-01
1.607237742791841340e-01
1.641296796989323570e-01
1.565135498862036401e-01
1.610951286219546308e-01
1.493416792855345177e-01
1.645722692371696660e-01
1.048990754336896064e-01
2.243742889714005484e-01
2.370720838378271023e-01
2.604186819506398298e-01
1.377818088142744035e-01
2.610212104144857270e-01
2.066493300908322783e-01
1.721434875779296048e-01
1.985661044593441116e-01
1.459507367348924223e-01
1.905776750651006768e-01
7.518704670737462459e-02
2.256452466961587910e-01
1.520218355600941595e-01
1.661211918410772093e-01
2.559783545297979468e-01
2.178169393995861569e-01
1.676623475042256783e-01
1.335702960573862119e-01
6.126287294087616742e-01
1.709066277841175818e-01
5.541192930964496943e-01
5.531583036677811815e-01
1.088292329218044641e+00
1.095935974691766512e+00
1.049195352374843848e+00
6.681535934342061056e-01
6.903702783514406027e-01
8.337787683828535856e-01
6.280673160861924842e-01
7.624328836260098052e-01
1.626799890449778796e-01
4.856101781293939434e-01
1.037018488486630252e+00
8.637176231832347506e-01
7.864468388995039527e-01
4.874810997159982340e-01
9.779916461095518043e-01
7.927689273858457009e-01
5.636102000031125714e-01
8.747029494188165444e-01
2.792061770971268619e-01
1.269075614741577429e-01
8.015117077144715552e-01
3.061887087568733179e-01
1.089512128446865846e+00
6.990133314047707325e-01
7.650391180305536887e-01
6.916548276862927169e-01
1.082969883939781219e+00
6.267806130525391817e-01
5.992294686501146161e-01
6.721277656232631514e-01
1.320210370807059219e-01
7.441127924629441504e-01
5.703492794742935912e-01
1.019950877596501160e+00
1.036880502470141074e+00
4.778940858402125902e-01
6.180611914251296080e-01
5.854842024504830489e-01
7.955383748364396324e-01
9.121019085554563643e-01
1.221182329396609534e+00
2.108503373659308677e-01
8.850441799554621403e-01
5.858775942327927311e-01
6.703210477307773862e-01
1.029515593897855075e+00
1.045175363041309424e+00
3.601567239551501376e-01
1.020543361780470670e+00
7.649598995023105807e-01
6.109867704105266251e-01
4.864062178020005511e-01
2.175922551714863928e-01
6.055853664303562089e-01
7.867487899843009780e-01
6.949761999788522937e-01
5.297684697197958537e-01
6.208449273732767892e-01
8.958184161301208093e-01
5.862389525235879306e-01
5.514826222850395254e-01
7.215068124191917898e-01
9.334915862017932886e-01
1.384269470276747738e-01
2.636827286879524501e-01
9.347418609206731288e-01
7.860705413064984493e-01
4.504099261153000633e-01
8.755654971745018278e-01
1.096895968039291791e+00
4.223564279767922369e-01
1.006177669706161737e+00
9.430254488330694906e-01
6.899820160532117441e-01
1.780188271908148545e-01
1.273396442860211530e-01
1.153987857823949081e+00
7.172021701093717061e-01
8.244288670240594863e-01
5.504750078980417127e-01
5.045286889601530156e-01
1.103339546219984424e+00
8.059549563159960073e-01
1.085685910936892817e+00
1.104395539538155724e+00
8.120427113674818509e-01
1.473970876944540320e-01
5.606550379225562208e-01
8.014602344914042442e-01
6.773963517515914079e-01
5.938014173935155515e-01
1.015758501919450829e+00
1.602087738022651975e-01
1.437684630717472045e-01
1.406869936933341503e-01
1.477813293462567901e-01
2.913144956610059233e-01
1.467848535287748224e-01
1.964520233565627549e-01
1.681046012004415446e-01
4.237329480019167427e-01
1.513838866749395440e-01
1.885890455114171138e-01
1.577477882586658664e-01
1.683388324579694062e-01
2.867658890042776298e-01
1.383189427756421341e-01
1.866542768325674950e-01
1.477486518379709235e-01
1.122198857141516876e-01
9.087579380726518163e-02
2.070191502423963381e-01
1.652826125172068283e-01
3.229940827304373374e-01
4.713419698425467819e-01
4.059872421753383392e-02
3.806364453798297132e-01
3.038075488997766804e-01
2.825564818923161359e-01
1.728436595078479687e-01
1.505955836673703307e-01
2.275559699350904186e-01
2.320531212472942417e-01
2.672419059517393003e-01
1.149537211447487356e-01
5.681224176266886916e-01
3.077963771587695629e-01
2.127909260319209572e-01
2.154771100825131347e-01
4.067097988214770088e-01
2.521265034146669137e-01
1.774691566585838709e-01
1.760031331551673572e-01
1.702545342320412047e-01
1.943443499879508873e-01
2.067675909082590524e-01
1.548565265186736539e-01
4.777342393504395712e-01
1.655087534097663682e-01
2.028880114661746337e-01
2.239725386034577548e-01
1.122111990126076209e-01
1.533519149888401267e-01
2.093654024474435327e-01
1.513301341049173299e-01
1.321273151739411900e-01
2.358698616162862027e-01
2.799790275097653325e-01
1.614736286260017861e-01
1.609538048216191120e-01
1.548434203869609727e-01
1.623781978375626045e-01
1.383739117689109233e-01
3.824030259446278140e-02
1.583167114190326685e-01
