8.936882019042968750e-03 1.124858856201171875e-03
7.990598678588867188e-03 1.040220260620117188e-03
8.766651153564453125e-03 1.164197921752929688e-03
7.687330245971679688e-03 1.063108444213867188e-03
7.577896118164062500e-03 1.084804534912109375e-03
7.832765579223632812e-03 1.097679138183593750e-03
7.880210876464843750e-03 1.123189926147460938e-03
7.701158523559570312e-03 1.084327697753906250e-03
8.917093276977539062e-03 1.168251037597656250e-03
6.267786026000976562e-03 8.630752563476562500e-04
8.227825164794921875e-03 1.257658004760742188e-03
7.125854492187500000e-03 1.014709472656250000e-03
7.331132888793945312e-03 1.039266586303710938e-03
7.369518280029296875e-03 1.042604446411132812e-03
6.837129592895507812e-03 1.454114913940429688e-03
7.559061050415039062e-03 9.887218475341796875e-04
8.779287338256835938e-03 8.308887481689453125e-04
9.693384170532226562e-03 9.541511535644531250e-04
8.280754089355468750e-03 9.269714355468750000e-04
7.777929306030273438e-03 9.260177612304687500e-04
7.546424865722656250e-03 1.002788543701171875e-03
7.290363311767578125e-03 9.481906890869140625e-04
7.153511047363281250e-03 9.264945983886718750e-04
6.809949874877929688e-03 8.943080902099609375e-04
8.507251739501953125e-03 8.058547973632812500e-04
7.972717285156250000e-03 8.995532989501953125e-04
6.782770156860351562e-03 8.888244628906250000e-04
7.492542266845703125e-03 8.654594421386718750e-04
8.698463439941406250e-03 1.185178756713867188e-03
8.983612060546875000e-03 1.259088516235351562e-03
9.695529937744140625e-03 1.160144805908203125e-03
1.010155677795410156e-02 1.038789749145507812e-03
2.345085144042968750e-03 5.960464477539062500e-04
1.509428024291992188e-03 3.795623779296875000e-04
2.855300903320312500e-03 6.399154663085937500e-04
2.985477447509765625e-03 7.486343383789062500e-04
2.891540527343750000e-03 7.386207580566406250e-04
2.491474151611328125e-03 4.234313964843750000e-04
3.486633300781250000e-03 7.030963897705078125e-04
3.466844558715820312e-03 7.042884826660156250e-04
1.578807830810546875e-03 3.769397735595703125e-04
2.792119979858398438e-03 6.594657897949218750e-04
2.757787704467773438e-03 6.761550903320312500e-04
2.656936645507812500e-03 6.785392761230468750e-04
2.747774124145507812e-03 5.912780761718750000e-04
2.396583557128906250e-03 5.750656127929687500e-04
1.664161682128906250e-03 5.161762237548828125e-04
2.395629882812500000e-03 5.571842193603515625e-04
2.377986907958984375e-03 5.712509155273437500e-04
2.409696578979492188e-03 5.953311920166015625e-04
2.594709396362304688e-03 6.413459777832031250e-04
2.691984176635742188e-03 6.392002105712890625e-04
1.563072204589843750e-03 3.936290740966796875e-04
1.478672027587890625e-03 3.776550292968750000e-04
2.627134323120117188e-03 6.399154663085937500e-04
1.657009124755859375e-03 4.079341888427734375e-04
2.562284469604492188e-03 6.620883941650390625e-04
2.660036087036132812e-03 6.849765777587890625e-04
1.310348510742187500e-03 3.211498260498046875e-04
2.595663070678710938e-03 6.384849548339843750e-04
1.627445220947265625e-03 4.034042358398437500e-04
2.079725265502929688e-03 5.233287811279296875e-04
2.559661865234375000e-03 6.489753723144531250e-04
4.055023193359375000e-03 9.350776672363281250e-04
2.975940704345703125e-03 6.072521209716796875e-04
2.081394195556640625e-03 5.064010620117187500e-04
1.475095748901367188e-03 3.557205200195312500e-04
1.339197158813476562e-03 3.392696380615234375e-04
2.462625503540039062e-03 6.144046783447265625e-04
2.196788787841796875e-03 5.247592926025390625e-04
2.502679824829101562e-03 6.117820739746093750e-04
2.267837524414062500e-03 5.629062652587890625e-04
2.374887466430664062e-03 5.977153778076171875e-04
2.163648605346679688e-03 5.095005035400390625e-04
2.284526824951171875e-03 5.695819854736328125e-04
1.921415328979492188e-03 4.935264587402343750e-04
2.152442932128906250e-03 5.397796630859375000e-04
2.043962478637695312e-03 5.393028259277343750e-04
3.481864929199218750e-03 8.361339569091796875e-04
3.191947937011718750e-03 7.491111755371093750e-04
3.411293029785156250e-03 7.987022399902343750e-04
3.145217895507812500e-03 7.488727569580078125e-04
2.424001693725585938e-03 4.940032958984375000e-04
2.909183502197265625e-03 4.417896270751953125e-04
3.216505050659179688e-03 5.447864532470703125e-04
1.783370971679687500e-03 4.339218139648437500e-04
2.310276031494140625e-03 6.103515625000000000e-04
2.060413360595703125e-03 5.130767822265625000e-04
2.024412155151367188e-03 5.078315734863281250e-04
1.345872879028320312e-03 3.275871276855468750e-04
2.274751663208007812e-03 5.490779876708984375e-04
2.096891403198242188e-03 5.295276641845703125e-04
2.323627471923828125e-03 5.362033843994140625e-04
1.900196075439453125e-03 4.701614379882812500e-04
1.860141754150390625e-03 4.799365997314453125e-04
1.606464385986328125e-03 3.881454467773437500e-04
1.814842224121093750e-03 4.410743713378906250e-04
1.664638519287109375e-03 4.196166992187500000e-04
1.843929290771484375e-03 4.634857177734375000e-04
1.674413681030273438e-03 4.167556762695312500e-04
2.163648605346679688e-03 4.446506500244140625e-04
1.693964004516601562e-03 4.160404205322265625e-04
2.204418182373046875e-03 5.385875701904296875e-04
1.923322677612304688e-03 4.787445068359375000e-04
2.479076385498046875e-03 6.101131439208984375e-04
2.384662628173828125e-03 5.598068237304687500e-04
2.739667892456054688e-03 7.617473602294921875e-04
2.748966217041015625e-03 6.406307220458984375e-04
2.424955368041992188e-03 6.277561187744140625e-04
2.680778503417968750e-03 5.099773406982421875e-04
1.534461975097656250e-03 3.831386566162109375e-04
1.393318176269531250e-03 3.511905670166015625e-04
3.239870071411132812e-03 7.193088531494140625e-04
2.840280532836914062e-03 6.959438323974609375e-04
2.938032150268554688e-03 6.728172302246093750e-04
2.442836761474609375e-03 6.029605865478515625e-04
2.122402191162109375e-03 5.154609680175781250e-04
2.092599868774414062e-03 5.121231079101562500e-04
2.092838287353515625e-03 5.214214324951171875e-04
1.867532730102539062e-03 4.780292510986328125e-04
2.168416976928710938e-03 4.160404205322265625e-04
3.500461578369140625e-03 7.395744323730468750e-04
4.880905151367187500e-03 6.346702575683593750e-04
1.400232315063476562e-03 3.411769866943359375e-04
1.642227172851562500e-03 4.107952117919921875e-04
2.377033233642578125e-03 6.427764892578125000e-04
2.655982971191406250e-03 6.043910980224609375e-04
2.488851547241210938e-03 5.395412445068359375e-04
2.436876296997070312e-03 6.093978881835937500e-04
2.240657806396484375e-03 5.495548248291015625e-04
2.796173095703125000e-03 6.375312805175781250e-04
1.559495925903320312e-03 3.707408905029296875e-04
2.840280532836914062e-03 6.959438323974609375e-04
1.635074615478515625e-03 3.969669342041015625e-04
3.106355667114257812e-03 8.056163787841796875e-04
2.027511596679687500e-03 3.862380981445312500e-04
2.687692642211914062e-03 6.248950958251953125e-04
2.296924591064453125e-03 5.407333374023437500e-04
2.203941345214843750e-03 5.257129669189453125e-04
2.084255218505859375e-03 5.266666412353515625e-04
2.911806106567382812e-03 6.606578826904296875e-04
1.510143280029296875e-03 5.216598510742187500e-04
2.268314361572265625e-03 7.467269897460937500e-04
2.382516860961914062e-03 5.929470062255859375e-04
1.703262329101562500e-03 4.158020019531250000e-04
1.476049423217773438e-03 3.755092620849609375e-04
2.691507339477539062e-03 6.871223449707031250e-04
1.425266265869140625e-03 3.495216369628906250e-04
1.500844955444335938e-03 3.681182861328125000e-04
1.223325729370117188e-03 3.054141998291015625e-04
2.726554870605468750e-03 6.399154663085937500e-04
2.364635467529296875e-03 5.373954772949218750e-04
1.941204071044921875e-03 4.274845123291015625e-04
1.402854919433593750e-03 3.581047058105468750e-04
1.665592193603515625e-03 4.281997680664062500e-04
1.541376113891601562e-03 3.831386566162109375e-04
2.407550811767578125e-03 5.829334259033203125e-04
2.169370651245117188e-03 5.090236663818359375e-04
2.381801605224609375e-03 5.731582641601562500e-04
2.145290374755859375e-03 5.192756652832031250e-04
1.557111740112304688e-03 3.957748413085937500e-04
1.386880874633789062e-03 3.471374511718750000e-04
2.731323242187500000e-03 6.289482116699218750e-04
2.331018447875976562e-03 5.631446838378906250e-04
1.458168029785156250e-03 3.588199615478515625e-04
1.355409622192382812e-03 3.368854522705078125e-04
1.521825790405273438e-03 5.559921264648437500e-04
2.086639404296875000e-03 4.749298095703125000e-04
1.639842987060546875e-03 4.012584686279296875e-04
1.374959945678710938e-03 3.373622894287109375e-04
1.610040664672851562e-03 3.917217254638671875e-04
1.376152038574218750e-03 3.387928009033203125e-04
2.308130264282226562e-03 5.455017089843750000e-04
1.993179321289062500e-03 4.448890686035156250e-04
1.532793045043945312e-03 3.933906555175781250e-04
2.217292785644531250e-03 5.242824554443359375e-04
2.408742904663085938e-03 5.850791931152343750e-04
2.265214920043945312e-03 5.383491516113281250e-04
1.452207565307617188e-03 3.626346588134765625e-04
1.265525817871093750e-03 3.180503845214843750e-04
1.929521560668945312e-03 6.051063537597656250e-04
1.461029052734375000e-03 3.535747528076171875e-04
1.920700073242187500e-03 5.111694335937500000e-04
1.899003982543945312e-03 4.973411560058593750e-04
2.495765686035156250e-03 5.741119384765625000e-04
1.681089401245117188e-03 3.244876861572265625e-04
1.538038253784179688e-03 3.695487976074218750e-04
1.309156417846679688e-03 3.349781036376953125e-04
2.076625823974609375e-03 3.755092620849609375e-04
1.341342926025390625e-03 3.218650817871093750e-04
1.830577850341796875e-03 3.821849822998046875e-04
1.544952392578125000e-03 3.919601440429687500e-04
1.778125762939453125e-03 3.614425659179687500e-04
1.255989074707031250e-03 3.213882446289062500e-04
1.289367675781250000e-03 3.092288970947265625e-04
1.245021820068359375e-03 3.082752227783203125e-04
1.530408859252929688e-03 3.783702850341796875e-04
1.296758651733398438e-03 3.395080566406250000e-04
1.286268234252929688e-03 3.275871276855468750e-04
2.071857452392578125e-03 4.909038543701171875e-04
1.774787902832031250e-03 3.666877746582031250e-04
1.302957534790039062e-03 3.180503845214843750e-04
1.289844512939453125e-03 3.168582916259765625e-04
1.249551773071289062e-03 3.094673156738281250e-04
2.119302749633789062e-03 5.521774291992187500e-04
1.981258392333984375e-03 4.558563232421875000e-04
1.830339431762695312e-03 2.968311309814453125e-04
1.159429550170898438e-03 2.856254577636718750e-04
2.037286758422851562e-03 5.874633789062500000e-04
2.081155776977539062e-03 5.288124084472656250e-04
2.113819122314453125e-03 5.066394805908203125e-04
2.114534378051757812e-03 3.285408020019531250e-04
2.062320709228515625e-03 4.942417144775390625e-04
2.188682556152343750e-03 5.276203155517578125e-04
2.224445343017578125e-03 5.111694335937500000e-04
2.227067947387695312e-03 5.261898040771484375e-04
1.502275466918945312e-03 3.736019134521484375e-04
1.241683959960937500e-03 3.106594085693359375e-04
1.260757446289062500e-03 3.099441528320312500e-04
1.244068145751953125e-03 3.151893615722656250e-04
1.465082168579101562e-03 3.862380981445312500e-04
1.249551773071289062e-03 3.261566162109375000e-04
1.283645629882812500e-03 3.221035003662109375e-04
1.247167587280273438e-03 3.077983856201171875e-04
2.433538436889648438e-03 5.288124084472656250e-04
2.113819122314453125e-03 5.066394805908203125e-04
2.060174942016601562e-03 3.154277801513671875e-04
1.859903335571289062e-03 4.796981811523437500e-04
2.252817153930664062e-03 5.300045013427734375e-04
1.277446746826171875e-03 3.101825714111328125e-04
1.243352890014648438e-03 3.087520599365234375e-04
1.325845718383789062e-03 3.240108489990234375e-04
2.390384674072265625e-03 5.509853363037109375e-04
1.266241073608398438e-03 3.077983856201171875e-04
1.247882843017578125e-03 3.085136413574218750e-04
1.264572143554687500e-03 3.142356872558593750e-04
2.527236938476562500e-03 6.012916564941406250e-04
2.206087112426757812e-03 5.309581756591796875e-04
2.227783203125000000e-03 5.326271057128906250e-04
2.260446548461914062e-03 4.456043243408203125e-04
1.921415328979492188e-03 4.782676696777343750e-04
1.786231994628906250e-03 4.470348358154296875e-04
1.707315444946289062e-03 4.174709320068359375e-04
1.689672470092773438e-03 4.341602325439453125e-04
2.485513687133789062e-03 6.613731384277343750e-04
2.170085906982421875e-03 5.753040313720703125e-04
2.085447311401367188e-03 5.097389221191406250e-04
2.024412155151367188e-03 5.054473876953125000e-04
2.496480941772460938e-03 6.153583526611328125e-04
2.336740493774414062e-03 5.416870117187500000e-04
2.177476882934570312e-03 5.435943603515625000e-04
2.010822296142578125e-03 5.056858062744140625e-04
2.478837966918945312e-03 6.451606750488281250e-04
2.300500869750976562e-03 5.323886871337890625e-04
2.156257629394531250e-03 5.424022674560546875e-04
2.028226852416992188e-03 5.066394805908203125e-04
2.246856689453125000e-03 5.714893341064453125e-04
2.093315124511718750e-03 4.997253417968750000e-04
1.997709274291992188e-03 4.930496215820312500e-04
1.881837844848632812e-03 4.618167877197265625e-04
2.295494079589843750e-03 5.700588226318359375e-04
2.061843872070312500e-03 5.607604980468750000e-04
2.018451690673828125e-03 5.111694335937500000e-04
1.853704452514648438e-03 4.632472991943359375e-04
2.496957778930664062e-03 6.003379821777343750e-04
2.238035202026367188e-03 5.469322204589843750e-04
2.461194992065429688e-03 8.962154388427734375e-04
3.004074096679687500e-03 7.336139678955078125e-04
3.189325332641601562e-03 8.540153503417968750e-04
3.008842468261718750e-03 7.045269012451171875e-04
2.826452255249023438e-03 6.663799285888671875e-04
2.717733383178710938e-03 6.496906280517578125e-04
3.616571426391601562e-03 8.172988891601562500e-04
3.023147583007812500e-03 6.723403930664062500e-04
2.897500991821289062e-03 6.978511810302734375e-04
2.684593200683593750e-03 6.363391876220703125e-04
2.309799194335937500e-03 5.455017089843750000e-04
1.900434494018554688e-03 4.620552062988281250e-04
1.993656158447265625e-03 4.646778106689453125e-04
2.233505249023437500e-03 4.520416259765625000e-04
1.469850540161132812e-03 3.490447998046875000e-04
1.234531402587890625e-03 3.166198730468750000e-04
1.237154006958007812e-03 3.063678741455078125e-04
2.023220062255859375e-03 4.842281341552734375e-04
1.628160476684570312e-03 5.738735198974609375e-04
2.128362655639648438e-03 5.061626434326171875e-04
5.532026290893554688e-03 8.134841918945312500e-04
2.776384353637695312e-03 4.034042358398437500e-04
1.452445983886718750e-03 3.485679626464843750e-04
1.223802566528320312e-03 4.446506500244140625e-04
2.097845077514648438e-03 4.935264587402343750e-04
2.127408981323242188e-03 5.145072937011718750e-04
2.390384674072265625e-03 5.455017089843750000e-04
1.230239868164062500e-03 3.089904785156250000e-04
1.253604888916015625e-03 3.092288970947265625e-04
1.221179962158203125e-03 3.235340118408203125e-04
2.349138259887695312e-03 5.505084991455078125e-04
2.117395401000976562e-03 5.054473876953125000e-04
2.055644989013671875e-03 5.111694335937500000e-04
1.275062561035156250e-03 3.185272216796875000e-04
1.357316970825195312e-03 3.352165222167968750e-04
1.219034194946289062e-03 3.149509429931640625e-04
1.242399215698242188e-03 4.487037658691406250e-04
2.136707305908203125e-03 5.078315734863281250e-04
2.222299575805664062e-03 5.230903625488281250e-04
1.898527145385742188e-03 4.594326019287109375e-04
1.989841461181640625e-03 4.897117614746093750e-04
1.163244247436523438e-03 3.507137298583984375e-04
2.373695373535156250e-03 5.490779876708984375e-04
2.220869064331054688e-03 5.571842193603515625e-04
2.231359481811523438e-03 5.400180816650390625e-04
2.168416976928710938e-03 5.130767822265625000e-04
2.335309982299804688e-03 5.643367767333984375e-04
2.194881439208984375e-03 5.247592926025390625e-04
2.180576324462890625e-03 5.116462707519531250e-04
2.130270004272460938e-03 5.149841308593750000e-04
3.513813018798828125e-03 7.400512695312500000e-04
3.054380416870117188e-03 6.630420684814453125e-04
1.660346984863281250e-03 4.467964172363281250e-04
1.601696014404296875e-03 4.005432128906250000e-04
2.326250076293945312e-03 5.540847778320312500e-04
1.430511474609375000e-03 3.540515899658203125e-04
2.314567565917968750e-03 5.316734313964843750e-04
2.318382263183593750e-03 5.414485931396484375e-04
2.178430557250976562e-03 5.154609680175781250e-04
2.286672592163085938e-03 5.464553833007812500e-04
1.888275146484375000e-03 4.665851593017578125e-04
1.681804656982421875e-03 3.697872161865234375e-04
2.332925796508789062e-03 5.288124084472656250e-04
3.155469894409179688e-03 7.400512695312500000e-04
2.054452896118164062e-03 3.485679626464843750e-04
2.185344696044921875e-03 6.389617919921875000e-04
1.498460769653320312e-03 3.457069396972656250e-04
2.921104431152343750e-03 7.812976837158203125e-04
1.786947250366210938e-03 3.466606140136718750e-04
3.165960311889648438e-03 7.729530334472656250e-04
3.136634826660156250e-03 7.641315460205078125e-04
1.717090606689453125e-03 4.484653472900390625e-04
1.412868499755859375e-03 5.469322204589843750e-04
2.677917480468750000e-03 5.223751068115234375e-04
3.021717071533203125e-03 6.988048553466796875e-04
1.600503921508789062e-03 4.041194915771484375e-04
1.851558685302734375e-03 4.653930664062500000e-04
1.384258270263671875e-03 3.366470336914062500e-04
1.614332199096679688e-03 4.260540008544921875e-04
2.085447311401367188e-03 5.207061767578125000e-04
2.827882766723632812e-03 5.049705505371093750e-04
1.796483993530273438e-03 4.010200500488281250e-04
1.785278320312500000e-03 4.360675811767578125e-04
1.534223556518554688e-03 4.053115844726562500e-04
1.666307449340820312e-03 4.398822784423828125e-04
1.544713973999023438e-03 3.886222839355468750e-04
1.718044281005859375e-03 4.386901855468750000e-04
2.015352249145507812e-03 4.417896270751953125e-04
1.679658889770507812e-03 4.425048828125000000e-04
1.660346984863281250e-03 5.838871002197265625e-04
1.831531524658203125e-03 3.857612609863281250e-04
1.628637313842773438e-03 3.952980041503906250e-04
1.530408859252929688e-03 3.781318664550781250e-04
2.574920654296875000e-03 5.967617034912109375e-04
1.699209213256835938e-03 4.878044128417968750e-04
1.613378524780273438e-03 4.169940948486328125e-04
1.698970794677734375e-03 4.127025604248046875e-04
2.505064010620117188e-03 6.148815155029296875e-04
2.577066421508789062e-03 6.182193756103515625e-04
2.215147018432617188e-03 3.960132598876953125e-04
1.648902893066406250e-03 4.317760467529296875e-04
2.134084701538085938e-03 5.733966827392578125e-04
2.186536788940429688e-03 5.855560302734375000e-04
1.600027084350585938e-03 3.857612609863281250e-04
2.470016479492187500e-03 5.662441253662109375e-04
2.513170242309570312e-03 5.962848663330078125e-04
1.896142959594726562e-03 4.849433898925781250e-04
1.645326614379882812e-03 4.096031188964843750e-04
1.510858535766601562e-03 3.995895385742187500e-04
1.523256301879882812e-03 3.740787506103515625e-04
2.432346343994140625e-03 6.155967712402343750e-04
1.448392868041992188e-03 3.709793090820312500e-04
2.540111541748046875e-03 5.910396575927734375e-04
2.356052398681640625e-03 3.781318664550781250e-04
2.471923828125000000e-03 5.862712860107421875e-04
1.381635665893554688e-03 3.483295440673828125e-04
1.603364944458007812e-03 3.964900970458984375e-04
2.345085144042968750e-03 3.776550292968750000e-04
1.426935195922851562e-03 3.564357757568359375e-04
1.501321792602539062e-03 3.776550292968750000e-04
1.511573791503906250e-03 3.855228424072265625e-04
1.451730728149414062e-03 3.652572631835937500e-04
1.989364624023437500e-03 5.645751953125000000e-04
1.554012298583984375e-03 5.671977996826171875e-04
1.449108123779296875e-03 3.583431243896484375e-04
1.405954360961914062e-03 3.576278686523437500e-04
2.343893051147460938e-03 5.385875701904296875e-04
2.278566360473632812e-03 5.817413330078125000e-04
2.456903457641601562e-03 5.416870117187500000e-04
2.500772476196289062e-03 5.879402160644531250e-04
1.783847808837890625e-03 3.683567047119140625e-04
1.450538635253906250e-03 3.612041473388671875e-04
1.410007476806640625e-03 3.571510314941406250e-04
1.617431640625000000e-03 3.726482391357421875e-04
1.450777053833007812e-03 3.607273101806640625e-04
1.399517059326171875e-03 3.535747528076171875e-04
1.477241516113281250e-03 3.664493560791015625e-04
2.437829971313476562e-03 5.767345428466796875e-04
1.376152038574218750e-03 3.430843353271484375e-04
1.392364501953125000e-03 3.447532653808593750e-04
2.158880233764648438e-03 5.514621734619140625e-04
1.389980316162109375e-03 3.533363342285156250e-04
2.300500869750976562e-03 5.478858947753906250e-04
1.675367355346679688e-03 5.514621734619140625e-04
1.409053802490234375e-03 3.495216369628906250e-04
1.475572586059570312e-03 3.745555877685546875e-04
2.325773239135742188e-03 5.383491516113281250e-04
1.409769058227539062e-03 3.478527069091796875e-04
