3.103515693188562796e+00
3.712806820311036482e+00
1.692526413607805980e+00
5.653190638854568295e-01
1.670427431649905481e+00
2.511508739541543633e+00
2.248613239605543601e+00
1.952860458691448198e+00
3.323477486811237114e+00
3.128311439878554534e+00
2.072378768226278201e+00
3.812903241337387783e+00
3.696101956540073896e+00
3.760518800338401135e+00
2.039538947131101398e+00
3.230688728312275160e+00
3.710126770154883236e+00
2.863548097810552751e+00
1.876711800737283387e+00
2.401984896404485870e+00
1.497131476563947405e+00
3.281092490930688221e+00
4.631866885499645647e+00
3.174015630590191872e+00
3.457502039013040207e+00
4.412705787040343886e+00
2.122984198617378748e+00
2.360425360055754318e+00
4.094766077296197793e+00
5.266179859654574358e+00
5.173929583898082996e+00
5.406479559500007248e+00
3.986235060306151823e+00
4.510702011000755185e+00
2.789248334919125050e+00
6.510849366880447908e-01
2.310082630098452938e+00
3.311964683796784659e+00
2.967959831797716497e+00
4.498217526054630877e-01
9.850635435174761589e-01
3.112130868034358677e+00
4.021674856979760015e+00
4.693350277657539316e+00
4.367695775795636948e+00
3.852073900162110931e+00
3.444885833470552772e+00
3.333383297934683576e+00
4.084328111068654010e+00
3.736208015576829577e+00
2.614839236889172192e+00
5.758188068166452567e+00
3.467828467359066913e+00
4.258526447083258226e+00
2.275327117656407161e+00
1.893338975972558513e+00
2.862896952254717409e+00
1.869276864700543550e+00
2.470788269323029862e+00
1.327689586900307805e+00
2.055601379986690347e+00
1.565627265225450593e+00
2.471251253531489223e+00
3.558822368791927815e+00
3.408486279288198251e+00
3.574635055727362953e+00
3.350917009280465209e+00
3.293694632621157137e+00
3.415724620747405016e+00
5.951413185284152974e+00
1.805911751167225798e+00
3.788579717718012052e+00
3.819184247538677912e+00
3.286301870180632800e+00
3.135534591194968801e+00
3.153633065913930889e+00
3.596102172207353842e+00
4.003176104059837037e+00
7.748377229932982502e+00
1.791829484902308778e+01
7.960489775309263827e+00
2.461165048543688982e+01
2.285405807892777474e+01
5.168613707165109261e+00
2.483892355694226595e+01
1.666203104786545452e+01
1.536256781193490184e+01
2.199678111587982343e+01
2.001802656546489345e+01
4.048132371288232889e+00
1.931504065040650886e+01
3.741999999999999460e+01
9.819230769230746603e+01
2.634447004608296083e+01
3.052391118701963535e+01
2.061584089323098112e+01
1.248704819277108236e+01
9.485357142857135671e+01
1.690766208251473302e+01
2.025103163686382501e+01
3.669199591498053081e+00
3.059482758620689324e+01
2.272346938775509884e+01
2.309487410071941582e+01
2.233686440677966090e+01
1.882432432432432279e+01
1.436117647058823366e+01
2.903822762814944269e+01
2.155464659685863538e+01
2.403235908141962440e+01
1.811235955056180202e+01
3.926596812199295794e+00
3.296378948087866245e+00
2.320629139072847380e+01
1.906179775280898880e+01
3.388478260869564718e+00
2.320187165775401184e+01
2.494959229058561689e+01
3.006561780506522652e+01
1.602439024390244171e+01
2.095506535947712123e+01
2.258288564850345637e+01
4.583559782608695343e+01
3.688195739442765575e+00
2.164024390243901763e+01
1.951295681063122345e+01
2.047253787878788245e+01
4.043638392857142350e+01
2.547440652818991680e+01
2.650990099009900902e+01
1.926654064272212352e+01
2.201567055393585548e+01
2.566791885800150297e+01
3.448901903367495692e+01
3.194071061643835474e+00
3.166513761467889765e+01
1.932432432432432634e+01
8.951366105152877006e-01
5.841654778887304111e-01
4.410210385707129532e+00
2.490134028294862389e+01
2.249645390070921280e+01
1.922411575562700392e+01
1.942517985611511122e+01
2.442095721537346265e+01
2.330831592559434728e+00
3.681655747468731921e+00
2.038848920863309644e+01
2.161607142857142350e+01
2.829219143576826312e+01
2.323749999999999716e+01
2.680772994129159059e+01
3.219111570247933685e+01
6.369619326500730239e+01
4.090709046454767162e+01
2.344448669201521440e+01
5.603737662522777718e+00
6.085662577920774030e-01
1.109924242424240788e+02
7.306085526315790446e+01
1.895963855421686972e+01
9.258696764292106973e-01
2.051138519924098702e+01
1.754755944931163825e+01
5.086306735927787592e+00
4.068365993811696946e+00
4.284656624968087968e+00
3.113464187327823929e+00
2.133259911894273131e+01
1.690076335877862590e+01
1.849745762711864572e+01
2.678129445234708328e+01
6.087340345604811631e+00
4.341312353531971979e+00
3.227164366373904159e+01
1.995661157024794008e+01
1.816383989145182909e+01
1.858687615526802617e+01
1.734475070936360108e+00
1.926730310262529144e+01
2.257045980813760977e+01
4.368205804749340615e+01
2.724622455679579858e+01
3.305960264900663503e+01
3.625829383886256352e+01
2.168431771894094240e+01
5.311510511289906589e+00
4.892105263157894512e+00
8.918119266055059313e+01
2.799724453106623212e+00
1.773382624768946059e+01
1.588588177285926273e+00
6.407550310183083297e-01
1.788511830635118471e+01
3.262668665667166579e+01
3.825319148936171842e+01
3.000957854406130920e+01
2.593164435946463442e+01
4.682970620239392900e+01
4.251792114695340530e+01
3.767592511669703548e+00
3.162162162162161749e+01
1.305589680589680768e+01
4.968957345971564621e+01
2.052565747273893493e+01
3.269826875515251885e+01
2.466731141199226229e+01
3.492341040462427770e+01
3.715608808290157583e+01
3.247978227060652756e+01
3.493594875900719821e+00
2.747356042939752108e+00
2.266964755391899189e+01
3.268988764044943451e+01
2.209071428571428797e+01
2.643372943327240066e+01
2.140243902439024026e+01
2.836640625000000426e+01
2.617141838916607099e+01
2.073488773747841307e+01
2.165988735919899710e+01
2.212807148175725658e+01
3.737844324851394173e+00
2.699374044952993934e+00
2.112500000000000355e+01
2.229320780094149157e+01
2.009180576631259640e+01
3.495915735167670135e+01
1.656517632241813232e+01
2.279205175600739253e+01
1.887410071942445811e+01
2.007151230949589404e+01
2.008153553299492700e+01
1.997391819798458101e+01
3.307603223642252122e+00
2.053256238587949056e+01
1.196047794117647456e+01
2.781849710982658763e+01
3.612916666666666288e+01
5.049008498583567928e+01
5.641920731707315184e+01
5.097543500511771697e+01
2.600729108244531318e+01
2.675980784627701681e+01
3.021527244819646896e+01
3.202591287102340978e+00
3.263490566037735618e+01
6.105357142857128139e+01
3.130332880434782084e+01
1.961214057507987008e+01
2.552137767220901665e+01
5.576713303296181756e+00
4.125965665236051194e+01
2.012678571428571672e+01
1.592191211401425477e+01
2.009007955077211083e+00
3.911776594227019732e+00
1.430383077246895507e+00
2.840589306406223979e+00
3.541899736147757327e+00
3.447370871255324598e+00
4.533613445378151141e+00
1.439509954058193042e+00
1.340065865869676909e+00
2.169044293695131742e+00
2.245474084483756183e+00
1.296332392921262011e+00
5.751705768766877114e+00
1.341351888667992043e+00
3.312687863454422121e+00
3.527367662945624982e+00
2.873551311103917261e+00
1.786246028143440689e+00
2.835453195843196994e+00
2.056003474254640029e+00
1.246582972706628434e+00
2.876617531225385438e+00
2.968459095389333058e-01
2.917141943623511757e+00
2.991414340018351048e+00
6.305793404991801854e-01
3.598314978459366653e+00
2.824725191989158279e+00
3.034434943378784943e+00
3.124371859296482423e+00
3.671015843429636494e+00
2.649707694738505204e+00
1.591545730678366466e+00
2.604105571847507239e+00
2.040583988462941090e+00
1.467497391197593704e+00
2.619280530135689400e+00
3.159568427030096327e+00
3.715132178669097396e+00
2.213944766450733237e+00
3.064894574440730324e+00
1.308956450287592332e+00
2.846845760586476537e+00
4.322315285671552765e+00
3.398684282559900627e+00
2.818614901383062588e+00
4.399807227341044680e+00
1.945893985168909435e+00
2.790922998470168448e+00
2.946532034595684024e+00
4.159773309356437743e+00
1.280455449922617728e+00
4.818181818181818343e+00
2.182633771227170616e+00
2.576514346439957581e+00
1.684204886412344671e+00
3.932423068646438313e+00
3.051536533896069603e+00
3.461877151657908769e+00
2.298518916430051462e+00
2.027934140163242471e+00
1.722437137330754320e+00
3.094044558697514713e+00
2.311800610376398613e+00
2.026226242841729697e+00
1.834873986221330799e+00
3.015727391874180707e+00
2.699152822104476712e+00
1.214788732394366244e+00
2.874873539961372515e+00
3.635560020090406130e+00
1.886898184688239999e+00
2.330970029004189481e+00
3.754825005057656817e+00
2.542187024063356393e+00
1.679804504401509080e+00
4.165585009140768236e+00
1.879667689457534818e+00
3.398318501340400477e+00
2.877172254911116944e+00
3.287015945330296507e+00
3.141166281755196188e+00
2.700508646998982520e+00
2.165431535742788682e+00
2.351876978742650337e+00
3.483127733176685226e+00
3.314711883486948896e+00
3.270675470881143188e+00
3.757909261145240709e+00
2.750134061326963586e+00
2.603684533645878041e+00
2.306062046318700265e+00
3.252508103102330850e+00
2.314872547221713095e+00
2.916316180108857292e+00
1.376208781308186690e+00
3.473009084135717295e+00
2.789006719299381043e+00
2.958608412373511687e+00
3.508097574444586364e+00
3.307680769528528408e+00
3.459649010625216903e+00
3.393598412585615787e+00
3.826243453396314997e+00
6.738353475880590082e+00
2.791484620494323554e+00
2.284661379077131294e+00
2.401544471345059328e+00
2.750809041628311302e+00
4.542431230170412171e+00
3.410121306587150958e+00
3.588988341291400541e+00
4.347122540006843394e+00
2.817225120509547764e+00
2.048358852644070804e+00
5.835466120932473189e+00
1.725139895152264735e+00
3.965341362149083171e+00
3.162361515693912661e+00
1.289233715503246724e+00
4.994354505396342958e+00
3.439013154117589455e+00
4.449516797481271269e+00
3.571182777532763364e+00
2.918184225822177069e+00
1.584720734392668140e+00
5.185625131806767207e+00
4.036035159044768506e+00
2.072100017080253043e+00
2.260649721813539070e+00
2.461306376208634461e+00
1.417982325489027806e+00
3.511907185953551114e+00
2.684163949697251805e+00
2.043770587969856667e+00
7.420734881325310894e+00
3.796464044650273983e+00
3.328341928890362400e+00
3.651357485705781336e+00
2.915340260199382527e+00
3.140922511448541954e+00
2.264698648869295283e+00
2.470123797926814024e+00
1.337280948472748587e+00
2.007449317633502428e+00
1.250653850492062347e+00
2.991226002020882735e+00
2.105893086281189319e+00
2.798640259320944512e+00
1.901541280657295996e+00
3.438103906880079830e+00
3.283889806185658511e+00
2.671238943865127613e+00
3.445874022839968465e+00
3.317603435025985092e+00
2.781267335967991361e+00
4.024202607694030043e+00
5.451158973220303627e-01
2.640766381282430242e+00
