8.954763412475585938e-03 1.034736633300781250e-03
7.580518722534179688e-03 9.591579437255859375e-04
9.646177291870117188e-03 1.318216323852539062e-03
7.654190063476562500e-03 1.049280166625976562e-03
8.045434951782226562e-03 1.086950302124023438e-03
8.047580718994140625e-03 1.080751419067382812e-03
7.829904556274414062e-03 1.066684722900390625e-03
7.915973663330078125e-03 1.070261001586914062e-03
6.223440170288085938e-03 7.991790771484375000e-04
7.805109024047851562e-03 1.021146774291992188e-03
6.803512573242187500e-03 8.919239044189453125e-04
7.342338562011718750e-03 9.536743164062500000e-04
5.901336669921875000e-03 8.192062377929687500e-04
6.623744964599609375e-03 8.840560913085937500e-04
7.392168045043945312e-03 1.710176467895507812e-03
8.421421051025390625e-03 1.058816909790039062e-03
7.913351058959960938e-03 9.913444519042968750e-04
7.934570312500000000e-03 9.615421295166015625e-04
5.604505538940429688e-03 6.766319274902343750e-04
7.535457611083984375e-03 9.078979492187500000e-04
7.580995559692382812e-03 7.402896881103515625e-04
8.191347122192382812e-03 9.720325469970703125e-04
7.370233535766601562e-03 8.196830749511718750e-04
2.054691314697265625e-03 5.204677581787109375e-04
5.342483520507812500e-03 6.432533264160156250e-04
9.461641311645507812e-03 1.107692718505859375e-03
1.012253761291503906e-02 1.003265380859375000e-03
7.940530776977539062e-03 9.434223175048828125e-04
6.654024124145507812e-03 9.450912475585937500e-04
7.679700851440429688e-03 1.168727874755859375e-03
5.326986312866210938e-03 8.683204650878906250e-04
8.001565933227539062e-03 1.028299331665039062e-03
2.443790435791015625e-03 5.772113800048828125e-04
1.516342163085937500e-03 3.595352172851562500e-04
1.965045928955078125e-03 4.947185516357421875e-04
2.221345901489257812e-03 5.290508270263671875e-04
2.965688705444335938e-03 7.071495056152343750e-04
3.307580947875976562e-03 6.344318389892578125e-04
4.089832305908203125e-03 5.090236663818359375e-04
2.543926239013671875e-03 5.431175231933593750e-04
3.325939178466796875e-03 5.753040313720703125e-04
2.585172653198242188e-03 6.530284881591796875e-04
1.670837402343750000e-03 4.031658172607421875e-04
2.289772033691406250e-03 5.519390106201171875e-04
2.157449722290039062e-03 5.433559417724609375e-04
2.321481704711914062e-03 5.598068237304687500e-04
1.711606979370117188e-03 4.096031188964843750e-04
7.932186126708984375e-03 9.882450103759765625e-04
1.894950866699218750e-03 4.560947418212890625e-04
1.474618911743164062e-03 3.573894500732421875e-04
2.436637878417968750e-03 6.065368652343750000e-04
1.621961593627929688e-03 4.017353057861328125e-04
2.086639404296875000e-03 5.147457122802734375e-04
2.296924591064453125e-03 5.302429199218750000e-04
2.104043960571289062e-03 5.054473876953125000e-04
2.448797225952148438e-03 6.043910980224609375e-04
4.027128219604492188e-03 9.455680847167968750e-04
2.222061157226562500e-03 5.533695220947265625e-04
1.517772674560546875e-03 3.685951232910156250e-04
3.785133361816406250e-03 8.320808410644531250e-04
2.233266830444335938e-03 5.147457122802734375e-04
2.028465270996093750e-03 5.018711090087890625e-04
2.173185348510742188e-03 5.390644073486328125e-04
2.886295318603515625e-03 5.662441253662109375e-04
2.143621444702148438e-03 5.362033843994140625e-04
2.040624618530273438e-03 4.487037658691406250e-04
1.491785049438476562e-03 3.535747528076171875e-04
1.255273818969726562e-03 3.142356872558593750e-04
2.854347229003906250e-03 6.151199340820312500e-04
1.588106155395507812e-03 5.273818969726562500e-04
2.006769180297851562e-03 5.004405975341796875e-04
1.866102218627929688e-03 4.487037658691406250e-04
2.073764801025390625e-03 4.987716674804687500e-04
1.830816268920898438e-03 4.248619079589843750e-04
2.131938934326171875e-03 5.161762237548828125e-04
1.964092254638671875e-03 4.498958587646484375e-04
3.001928329467773438e-03 4.737377166748046875e-04
1.987457275390625000e-03 4.129409790039062500e-04
1.920938491821289062e-03 4.839897155761718750e-04
1.851558685302734375e-03 4.427433013916015625e-04
2.269268035888671875e-03 7.827281951904296875e-04
3.108263015747070312e-03 6.701946258544921875e-04
1.380681991577148438e-03 3.311634063720703125e-04
2.013921737670898438e-03 4.777908325195312500e-04
3.468751907348632812e-03 8.006095886230468750e-04
2.772808074951171875e-03 6.434917449951171875e-04
2.125978469848632812e-03 7.352828979492187500e-04
2.058982849121093750e-03 5.035400390625000000e-04
2.042055130004882812e-03 4.947185516357421875e-04
1.689195632934570312e-03 4.091262817382812500e-04
2.267360687255859375e-03 5.419254302978515625e-04
2.055168151855468750e-03 4.973411560058593750e-04
3.151655197143554688e-03 7.257461547851562500e-04
3.129959106445312500e-03 6.453990936279296875e-04
2.618074417114257812e-03 6.294250488281250000e-04
2.874135971069335938e-03 6.017684936523437500e-04
1.893997192382812500e-03 4.649162292480468750e-04
3.380775451660156250e-03 6.880760192871093750e-04
2.788305282592773438e-03 6.396770477294921875e-04
2.772808074951171875e-03 6.546974182128906250e-04
2.008676528930664062e-03 4.613399505615234375e-04
4.777908325195312500e-03 8.919239044189453125e-04
2.792119979858398438e-03 6.685256958007812500e-04
2.712011337280273438e-03 6.537437438964843750e-04
2.609729766845703125e-03 6.196498870849609375e-04
2.779006958007812500e-03 6.918907165527343750e-04
2.845525741577148438e-03 1.201868057250976562e-03
2.755641937255859375e-03 6.659030914306640625e-04
3.578662872314453125e-03 7.269382476806640625e-04
2.166748046875000000e-03 3.941059112548828125e-04
4.070281982421875000e-03 1.022577285766601562e-03
2.111911773681640625e-03 7.133483886718750000e-04
3.494501113891601562e-03 5.908012390136718750e-04
2.068758010864257812e-03 4.708766937255859375e-04
3.522157669067382812e-03 4.382133483886718750e-04
1.626968383789062500e-03 4.084110260009765625e-04
3.959894180297851562e-03 8.387565612792968750e-04
1.860141754150390625e-03 4.551410675048828125e-04
2.712726593017578125e-03 6.175041198730468750e-04
1.767158508300781250e-03 3.635883331298828125e-04
2.212285995483398438e-03 5.178451538085937500e-04
2.036094665527343750e-03 4.935264587402343750e-04
1.688003540039062500e-03 4.079341888427734375e-04
1.626729965209960938e-03 3.852844238281250000e-04
2.508640289306640625e-03 6.167888641357421875e-04
2.329111099243164062e-03 5.300045013427734375e-04
2.498626708984375000e-03 6.170272827148437500e-04
2.332210540771484375e-03 5.373954772949218750e-04
2.323389053344726562e-03 5.779266357421875000e-04
2.115249633789062500e-03 5.125999450683593750e-04
2.504825592041015625e-03 6.096363067626953125e-04
2.293109893798828125e-03 5.412101745605468750e-04
1.661777496337890625e-03 4.155635833740234375e-04
1.567125320434570312e-03 3.871917724609375000e-04
2.546310424804687500e-03 6.227493286132812500e-04
2.204895019531250000e-03 5.373954772949218750e-04
2.546072006225585938e-03 6.167888641357421875e-04
3.716707229614257812e-03 8.261203765869140625e-04
3.399848937988281250e-03 8.370876312255859375e-04
3.373861312866210938e-03 7.567405700683593750e-04
2.322673797607421875e-03 5.397796630859375000e-04
2.069711685180664062e-03 5.028247833251953125e-04
3.598213195800781250e-03 8.127689361572265625e-04
3.118515014648437500e-03 6.113052368164062500e-04
2.379655838012695312e-03 4.785060882568359375e-04
2.149343490600585938e-03 4.811286926269531250e-04
1.960754394531250000e-03 4.556179046630859375e-04
1.686096191406250000e-03 4.103183746337890625e-04
2.277851104736328125e-03 5.002021789550781250e-04
2.063989639282226562e-03 4.878044128417968750e-04
2.592802047729492188e-03 6.299018859863281250e-04
2.311944961547851562e-03 5.424022674560546875e-04
2.645254135131835938e-03 6.530284881591796875e-04
2.285480499267578125e-03 5.614757537841796875e-04
1.966953277587890625e-03 4.656314849853515625e-04
1.775026321411132812e-03 4.420280456542968750e-04
2.320289611816406250e-03 5.722045898437500000e-04
2.130746841430664062e-03 4.956722259521484375e-04
1.619577407836914062e-03 5.910396575927734375e-04
1.682043075561523438e-03 3.364086151123046875e-04
1.861810684204101562e-03 4.560947418212890625e-04
2.588033676147460938e-03 6.201267242431640625e-04
1.949787139892578125e-03 4.775524139404296875e-04
1.698017120361328125e-03 4.141330718994140625e-04
1.384973526000976562e-03 3.292560577392578125e-04
1.244544982910156250e-03 2.887248992919921875e-04
2.911090850830078125e-03 4.472732543945312500e-04
1.379489898681640625e-03 3.259181976318359375e-04
2.907752990722656250e-03 6.811618804931640625e-04
1.287698745727539062e-03 3.144741058349609375e-04
2.397775650024414062e-03 5.648136138916015625e-04
2.069950103759765625e-03 4.720687866210937500e-04
2.080678939819335938e-03 5.037784576416015625e-04
2.262115478515625000e-03 5.075931549072265625e-04
2.213001251220703125e-03 5.505084991455078125e-04
1.899242401123046875e-03 4.761219024658203125e-04
1.324653625488281250e-03 3.347396850585937500e-04
1.151561737060546875e-03 3.030300140380859375e-04
1.493930816650390625e-03 5.669593811035156250e-04
1.609802246093750000e-03 5.319118499755859375e-04
2.761125564575195312e-03 6.983280181884765625e-04
2.441883087158203125e-03 5.257129669189453125e-04
2.263307571411132812e-03 5.280971527099609375e-04
1.225709915161132812e-03 3.089904785156250000e-04
2.980232238769531250e-03 7.126331329345703125e-04
2.206802368164062500e-03 5.223751068115234375e-04
2.204179763793945312e-03 5.774497985839843750e-04
2.165555953979492188e-03 5.450248718261718750e-04
1.612424850463867188e-03 3.714561462402343750e-04
1.415491104125976562e-03 3.476142883300781250e-04
1.386404037475585938e-03 3.273487091064453125e-04
1.162052154541015625e-03 3.037452697753906250e-04
2.007961273193359375e-03 5.106925964355468750e-04
1.954078674316406250e-03 4.756450653076171875e-04
1.740694046020507812e-03 4.465579986572265625e-04
2.858877182006835938e-03 6.456375122070312500e-04
1.868963241577148438e-03 4.799365997314453125e-04
1.883983612060546875e-03 4.346370697021484375e-04
1.651287078857421875e-03 4.167556762695312500e-04
1.741647720336914062e-03 4.162788391113281250e-04
1.603126525878906250e-03 3.993511199951171875e-04
1.465797424316406250e-03 3.669261932373046875e-04
1.383066177368164062e-03 3.511905670166015625e-04
1.386880874633789062e-03 3.418922424316406250e-04
2.342462539672851562e-03 5.860328674316406250e-04
2.262353897094726562e-03 5.471706390380859375e-04
2.172231674194335938e-03 5.691051483154296875e-04
2.054691314697265625e-03 5.295276641845703125e-04
2.339363098144531250e-03 5.900859832763671875e-04
2.152681350708007812e-03 5.462169647216796875e-04
2.131700515747070312e-03 4.997253417968750000e-04
2.076625823974609375e-03 4.951953887939453125e-04
2.364635467529296875e-03 5.898475646972656250e-04
2.177715301513671875e-03 5.457401275634765625e-04
2.194643020629882812e-03 5.354881286621093750e-04
2.038717269897460938e-03 4.990100860595703125e-04
2.516984939575195312e-03 6.201267242431640625e-04
3.550529479980468750e-03 7.915496826171875000e-04
3.186225891113281250e-03 7.548332214355468750e-04
3.020048141479492188e-03 7.042884826660156250e-04
2.038002014160156250e-03 4.925727844238281250e-04
1.816272735595703125e-03 4.732608795166015625e-04
1.875638961791992188e-03 4.403591156005859375e-04
1.856565475463867188e-03 4.494190216064453125e-04
2.411603927612304688e-03 6.096363067626953125e-04
3.549337387084960938e-03 8.611679077148437500e-04
3.303527832031250000e-03 8.027553558349609375e-04
3.143310546875000000e-03 7.567405700683593750e-04
3.738403320312500000e-03 8.859634399414062500e-04
3.316879272460937500e-03 8.029937744140625000e-04
3.078699111938476562e-03 7.505416870117187500e-04
2.949714660644531250e-03 7.126331329345703125e-04
1.335859298706054688e-03 3.519058227539062500e-04
1.200675964355468750e-03 3.097057342529296875e-04
1.260995864868164062e-03 3.061294555664062500e-04
1.218318939208984375e-03 3.135204315185546875e-04
3.099679946899414062e-03 7.188320159912109375e-04
2.220392227172851562e-03 3.657341003417968750e-04
2.235651016235351562e-03 5.834102630615234375e-04
1.374483108520507812e-03 3.485679626464843750e-04
2.227306365966796875e-03 5.512237548828125000e-04
2.051830291748046875e-03 5.059242248535156250e-04
1.954317092895507812e-03 4.949569702148437500e-04
1.867771148681640625e-03 4.665851593017578125e-04
3.196001052856445312e-03 8.852481842041015625e-04
3.080129623413085938e-03 7.216930389404296875e-04
2.749204635620117188e-03 6.532669067382812500e-04
2.638101577758789062e-03 6.353855133056640625e-04
3.702640533447265625e-03 8.790493011474609375e-04
3.327608108520507812e-03 8.044242858886718750e-04
3.122329711914062500e-03 7.531642913818359375e-04
3.060579299926757812e-03 7.424354553222656250e-04
3.364801406860351562e-03 7.402896881103515625e-04
2.908468246459960938e-03 6.468296051025390625e-04
2.791643142700195312e-03 6.551742553710937500e-04
2.645969390869140625e-03 6.425380706787109375e-04
2.555847167968750000e-03 6.299018859863281250e-04
3.367662429809570312e-03 8.914470672607421875e-04
3.230333328247070312e-03 7.824897766113281250e-04
2.986192703247070312e-03 7.381439208984375000e-04
3.484725952148437500e-03 9.822845458984375000e-04
2.398252487182617188e-03 5.972385406494140625e-04
2.312898635864257812e-03 6.720304489135742188e-03
1.905918121337890625e-03 4.715919494628906250e-04
1.448392868041992188e-03 3.726482391357421875e-04
1.231670379638671875e-03 3.230571746826171875e-04
1.235246658325195312e-03 3.168582916259765625e-04
1.323699951171875000e-03 3.304481506347656250e-04
2.496957778930664062e-03 6.322860717773437500e-04
2.390623092651367188e-03 5.927085876464843750e-04
2.441644668579101562e-03 5.512237548828125000e-04
2.196788787841796875e-03 5.390644073486328125e-04
3.960609436035156250e-03 8.547306060791015625e-04
3.409624099731445312e-03 8.366107940673828125e-04
3.106594085693359375e-03 7.839202880859375000e-04
2.894878387451171875e-03 7.190704345703125000e-04
3.633499145507812500e-03 8.685588836669921875e-04
3.216266632080078125e-03 8.087158203125000000e-04
3.183603286743164062e-03 7.309913635253906250e-04
1.993417739868164062e-03 4.127025604248046875e-04
2.486944198608398438e-03 5.722045898437500000e-04
3.221750259399414062e-03 8.122920989990234375e-04
3.040552139282226562e-03 7.839202880859375000e-04
2.894878387451171875e-03 7.190704345703125000e-04
1.363277435302734375e-03 4.377365112304687500e-04
2.075672149658203125e-03 5.173683166503906250e-04
2.142906188964843750e-03 5.226135253906250000e-04
2.062082290649414062e-03 5.264282226562500000e-04
1.310586929321289062e-03 4.465579986572265625e-04
2.114772796630859375e-03 5.002021789550781250e-04
2.135753631591796875e-03 4.889965057373046875e-04
2.089500427246093750e-03 5.304813385009765625e-04
2.358436584472656250e-03 5.531311035156250000e-04
2.234935760498046875e-03 5.280971527099609375e-04
2.155542373657226562e-03 5.066394805908203125e-04
2.124309539794921875e-03 4.940032958984375000e-04
2.236843109130859375e-03 5.238056182861328125e-04
2.141952514648437500e-03 5.156993865966796875e-04
2.150297164916992188e-03 4.990100860595703125e-04
1.271724700927734375e-03 3.018379211425781250e-04
2.309560775756835938e-03 5.517005920410156250e-04
2.134799957275390625e-03 5.137920379638671875e-04
1.876831054687500000e-03 3.125667572021484375e-04
1.803159713745117188e-03 3.056526184082031250e-04
2.361774444580078125e-03 5.481243133544921875e-04
1.793146133422851562e-03 4.374980926513671875e-04
1.673936843872070312e-03 3.924369812011718750e-04
2.596139907836914062e-03 6.494522094726562500e-04
1.463890075683593750e-03 3.921985626220703125e-04
2.260684967041015625e-03 5.452632904052734375e-04
2.250194549560546875e-03 5.183219909667968750e-04
2.247333526611328125e-03 5.178451538085937500e-04
2.516984939575195312e-03 5.860328674316406250e-04
2.196311950683593750e-03 5.238056182861328125e-04
1.272439956665039062e-03 3.156661987304687500e-04
1.261711120605468750e-03 3.018379211425781250e-04
2.504825592041015625e-03 5.769729614257812500e-04
2.252101898193359375e-03 5.402565002441406250e-04
2.246141433715820312e-03 5.180835723876953125e-04
1.851320266723632812e-03 3.187656402587890625e-04
2.425193786621093750e-03 5.786418914794921875e-04
2.387285232543945312e-03 5.466938018798828125e-04
2.514123916625976562e-03 5.667209625244140625e-04
1.934051513671875000e-03 4.894733428955078125e-04
2.070903778076171875e-03 5.149841308593750000e-04
3.063201904296875000e-03 8.049011230468750000e-04
2.670526504516601562e-03 4.880428314208984375e-04
3.280639648437500000e-03 7.672309875488281250e-04
2.227783203125000000e-03 7.195472717285156250e-04
1.593112945556640625e-03 3.871917724609375000e-04
3.260135650634765625e-03 6.194114685058593750e-04
2.705574035644531250e-03 6.494522094726562500e-04
1.960277557373046875e-03 4.885196685791015625e-04
1.665830612182617188e-03 4.105567932128906250e-04
2.559185028076171875e-03 6.043910980224609375e-04
2.529144287109375000e-03 6.043910980224609375e-04
1.706838607788085938e-03 4.191398620605468750e-04
2.012252807617187500e-03 5.226135253906250000e-04
1.636266708374023438e-03 3.964900970458984375e-04
2.167701721191406250e-03 7.510185241699218750e-04
1.725196838378906250e-03 4.200935363769531250e-04
1.546859741210937500e-03 4.012584686279296875e-04
2.065181732177734375e-03 5.092620849609375000e-04
3.150939941406250000e-03 7.276535034179687500e-04
1.584768295288085938e-03 3.118515014648437500e-04
1.524686813354492188e-03 3.654956817626953125e-04
1.688718795776367188e-03 4.267692565917968750e-04
1.498937606811523438e-03 3.752708435058593750e-04
3.207921981811523438e-03 7.648468017578125000e-04
2.473831176757812500e-03 6.253719329833984375e-04
3.195285797119140625e-03 7.202625274658203125e-04
2.039909362792968750e-03 4.749298095703125000e-04
1.906394958496093750e-03 4.754066467285156250e-04
1.627206802368164062e-03 3.988742828369140625e-04
1.626491546630859375e-03 4.150867462158203125e-04
2.177953720092773438e-03 5.736351013183593750e-04
1.523971557617187500e-03 3.607273101806640625e-04
1.689195632934570312e-03 4.003047943115234375e-04
2.485513687133789062e-03 5.898475646972656250e-04
