id,0,1,2,3,4,5,6,7,8,9,10,11,12
W1,35397.16,35397.16,35397.16,35397.16,35397.16,35397.16,35397.16,35397.16,35397.16,35397.16,35397.16,35397.16,35397.16
W10,5122.14,5122.14,5122.14,5122.14,5122.14,5122.14,5122.14,5122.14,5122.14,5122.14,5122.14,5122.14,5122.14
W100,11351.72,11351.72,11351.72,11351.72,11351.72,11351.72,11351.72,11351.72,11351.72,11351.72,11351.72,11351.72,11351.72
W101,9784.623,9784.623,9784.623,9784.623,9784.623,9784.623,9784.623,9784.623,9784.623,9784.623,9784.623,9784.623,9784.623
W102,15936.21,15936.21,15936.21,15936.21,15936.21,15936.21,15936.21,15936.21,15936.21,15936.21,15936.21,15936.21,15936.21
W103,4074.83,4074.83,4074.83,4074.83,4074.83,4074.83,4074.83,4074.83,4074.83,4074.83,4074.83,4074.83,4074.83
W104,1029.99,1029.99,1029.99,1029.99,1029.99,1029.99,1029.99,1029.99,1029.99,1029.99,1029.99,1029.99,1029.99
W105,9164.54,9164.54,9164.54,9164.54,9164.54,9164.54,9164.54,9164.54,9164.54,9164.54,9164.54,9164.54,9164.54
W106,2149.7870000000003,2149.7870000000003,2149.7870000000003,2149.7870000000003,2149.7870000000003,2149.7870000000003,2149.7870000000003,2149.7870000000003,2149.7870000000003,2149.7870000000003,2149.7870000000003,2149.7870000000003,2149.7870000000003
W107,23878.56,23878.56,23878.56,23878.56,23878.56,23878.56,23878.56,23878.56,23878.56,23878.56,23878.56,23878.56,23878.56
W108,15922.95,15922.95,15922.95,15922.95,15922.95,15922.95,15922.95,15922.95,15922.95,15922.95,15922.95,15922.95,15922.95
W109,14163.913,14163.913,14163.913,14163.913,14163.913,14163.913,14163.913,14163.913,14163.913,14163.913,14163.913,14163.913,14163.913
W11,326.39,326.39,326.39,326.39,326.39,326.39,326.39,326.39,326.39,326.39,326.39,326.39,326.39
W110,7314.83,7314.83,7314.83,7314.83,7314.83,7314.83,7314.83,7314.83,7314.83,7314.83,7314.83,7314.83,7314.83
W111,1070.19,1070.19,1070.19,1070.19,1070.19,1070.19,1070.19,1070.19,1070.19,1070.19,1070.19,1070.19,1070.19
W112,9508.38,9508.38,9508.38,9508.38,9508.38,9508.38,9508.38,9508.38,9508.38,9508.38,9508.38,9508.38,9508.38
W113,736.2,736.2,736.2,736.2,736.2,736.2,736.2,736.2,736.2,736.2,736.2,736.2,736.2
W114,10539.14,10539.14,10539.14,10539.14,10539.14,10539.14,10539.14,10539.14,10539.14,10539.14,10539.14,10539.14,10539.14
W115,11275.34,11275.34,11275.34,11275.34,11275.34,11275.34,11275.34,11275.34,11275.34,11275.34,11275.34,11275.34,11275.34
W116,14112.31,14112.31,14112.31,14112.31,14112.31,14112.31,14112.31,14112.31,14112.31,14112.31,14112.31,14112.31,14112.31
W117,7065.51,7065.51,7065.51,7065.51,7065.51,7065.51,7065.51,7065.51,7065.51,7065.51,7065.51,7065.51,7065.51
W118,1733.9170000000001,1733.9170000000001,1733.9170000000001,1733.9170000000001,1733.9170000000001,1733.9170000000001,1733.9170000000001,1733.9170000000001,1733.9170000000001,1733.9170000000001,1733.9170000000001,1733.9170000000001,1733.9170000000001
W119,1013.23,1013.23,1013.23,1013.23,1013.23,1013.23,1013.23,1013.23,1013.23,1013.23,1013.23,1013.23,1013.23
W12,1036.0,1036.0,1036.0,1036.0,1036.0,1036.0,1036.0,1036.0,1036.0,1036.0,1036.0,1036.0,1036.0
W120,878.86,878.86,878.86,878.86,878.86,878.86,878.86,878.86,878.86,878.86,878.86,878.86,878.86
W121,10360.287,10360.287,10360.287,10360.287,10360.287,10360.287,10360.287,10360.287,10360.287,10360.287,10360.287,10360.287,10360.287
W122,366.63,366.63,366.63,366.63,366.63,366.63,366.63,366.63,366.63,366.63,366.63,366.63,366.63
W123,475.36,475.36,475.36,475.36,475.36,475.36,475.36,475.36,475.36,475.36,475.36,475.36,475.36
W124,8474.88,8474.88,8474.88,8474.88,8474.88,8474.88,8474.88,8474.88,8474.88,8474.88,8474.88,8474.88,8474.88
W125,10814.07,10814.07,10814.07,10814.07,10814.07,10814.07,10814.07,10814.07,10814.07,10814.07,10814.07,10814.07,10814.07
W126,9512.799,9512.799,9512.799,9512.799,9512.799,9512.799,9512.799,9512.799,9512.799,9512.799,9512.799,9512.799,9512.799
W127,11178.97,11178.97,11178.97,11178.97,11178.97,11178.97,11178.97,11178.97,11178.97,11178.97,11178.97,11178.97,11178.97
W128,3567.61,3567.61,3567.61,3567.61,3567.61,3567.61,3567.61,3567.61,3567.61,3567.61,3567.61,3567.61,3567.61
W129,1010.94,1010.94,1010.94,1010.94,1010.94,1010.94,1010.94,1010.94,1010.94,1010.94,1010.94,1010.94,1010.94
W13,2504.473,2504.473,2504.473,2504.473,2504.473,2504.473,2504.473,2504.473,2504.473,2504.473,2504.473,2504.473,2504.473
W130,8165.9,8165.9,8165.9,8165.9,8165.9,8165.9,8165.9,8165.9,8165.9,8165.9,8165.9,8165.9,8165.9
W131,2148.692,2148.692,2148.692,2148.692,2148.692,2148.692,2148.692,2148.692,2148.692,2148.692,2148.692,2148.692,2148.692
W132,22610.86,22610.86,22610.86,22610.86,22610.86,22610.86,22610.86,22610.86,22610.86,22610.86,22610.86,22610.86,22610.86
W133,13811.382,13811.382,13811.382,13811.382,13811.382,13811.382,13811.382,13811.382,13811.382,13811.382,13811.382,13811.382,13811.382
W134,12056.073,12056.073,12056.073,12056.073,12056.073,12056.073,12056.073,12056.073,12056.073,12056.073,12056.073,12056.073,12056.073
W135,6191.28,6191.28,6191.28,6191.28,6191.28,6191.28,6191.28,6191.28,6191.28,6191.28,6191.28,6191.28,6191.28
W136,6368.4,6368.4,6368.4,6368.4,6368.4,6368.4,6368.4,6368.4,6368.4,6368.4,6368.4,6368.4,6368.4
W137,7046.155,7046.155,7046.155,7046.155,7046.155,7046.155,7046.155,7046.155,7046.155,7046.155,7046.155,7046.155,7046.155
W138,363.08,363.08,363.08,363.08,363.08,363.08,363.08,363.08,363.08,363.08,363.08,363.08,363.08
W139,7879.969,7879.969,7879.969,7879.969,7879.969,7879.969,7879.969,7879.969,7879.969,7879.969,7879.969,7879.969,7879.969
W14,2441.915,2441.915,2441.915,2441.915,2441.915,2441.915,2441.915,2441.915,2441.915,2441.915,2441.915,2441.915,2441.915
W140,8243.049,8243.049,8243.049,8243.049,8243.049,8243.049,8243.049,8243.049,8243.049,8243.049,8243.049,8243.049,8243.049
W141,10558.423,10558.423,10558.423,10558.423,10558.423,10558.423,10558.423,10558.423,10558.423,10558.423,10558.423,10558.423,10558.423
W142,5406.685,5406.685,5406.685,5406.685,5406.685,5406.685,5406.685,5406.685,5406.685,5406.685,5406.685,5406.685,5406.685
W143,11284.421999999999,11284.421999999999,11284.421999999999,11284.421999999999,11284.421999999999,11284.421999999999,11284.421999999999,11284.421999999999,11284.421999999999,11284.421999999999,11284.421999999999,11284.421999999999,11284.421999999999
W144,989.29,989.29,989.29,989.29,989.29,989.29,989.29,989.29,989.29,989.29,989.29,989.29,989.29
W145,8591.8,8591.8,8591.8,8591.8,8591.8,8591.8,8591.8,8591.8,8591.8,8591.8,8591.8,8591.8,8591.8
W146,6704.380999999999,6704.380999999999,6704.380999999999,6704.380999999999,6704.380999999999,6704.380999999999,6704.380999999999,6704.380999999999,6704.380999999999,6704.380999999999,6704.380999999999,6704.380999999999,6704.380999999999
W147,133.49,133.49,133.49,133.49,133.49,133.49,133.49,133.49,133.49,133.49,133.49,133.49,133.49
W148,234.06,234.06,234.06,234.06,234.06,234.06,234.06,234.06,234.06,234.06,234.06,234.06,234.06
W149,4404.914000000001,4404.914000000001,4404.914000000001,4404.914000000001,4404.914000000001,4404.914000000001,4404.914000000001,4404.914000000001,4404.914000000001,4404.914000000001,4404.914000000001,4404.914000000001,4404.914000000001
W15,5365.88,5365.88,5365.88,5365.88,5365.88,5365.88,5365.88,5365.88,5365.88,5365.88,5365.88,5365.88,5365.88
W150,8007.938,8007.938,8007.938,8007.938,8007.938,8007.938,8007.938,8007.938,8007.938,8007.938,8007.938,8007.938,8007.938
W151,6263.8896,6263.8896,6263.8896,6263.8896,6263.8896,6263.8896,6263.8896,6263.8896,6263.8896,6263.8896,6263.8896,6263.8896,6263.8896
W152,8644.045,8644.045,8644.045,8644.045,8644.045,8644.045,8644.045,8644.045,8644.045,8644.045,8644.045,8644.045,8644.045
W153,2915.297,2915.297,2915.297,2915.297,2915.297,2915.297,2915.297,2915.297,2915.297,2915.297,2915.297,2915.297,2915.297
W154,8613.3,8613.3,8613.3,8613.3,8613.3,8613.3,8613.3,8613.3,8613.3,8613.3,8613.3,8613.3,8613.3
W155,4591.081,4591.081,4591.081,4591.081,4591.081,4591.081,4591.081,4591.081,4591.081,4591.081,4591.081,4591.081,4591.081
W156,5452.411,5452.411,5452.411,5452.411,5452.411,5452.411,5452.411,5452.411,5452.411,5452.411,5452.411,5452.411,5452.411
W157,1423.7488,1423.7488,1423.7488,1423.7488,1423.7488,1423.7488,1423.7488,1423.7488,1423.7488,1423.7488,1423.7488,1423.7488,1423.7488
W158,16536.466,16536.466,16536.466,16536.466,16536.466,16536.466,16536.466,16536.466,16536.466,16536.466,16536.466,16536.466,16536.466
W159,9210.3476,9210.3476,9210.3476,9210.3476,9210.3476,9210.3476,9210.3476,9210.3476,9210.3476,9210.3476,9210.3476,9210.3476,9210.3476
W16,5365.88,5365.88,5365.88,5365.88,5365.88,5365.88,5365.88,5365.88,5365.88,5365.88,5365.88,5365.88,5365.88
W160,7994.2831,7994.2831,7994.2831,7994.2831,7994.2831,7994.2831,7994.2831,7994.2831,7994.2831,7994.2831,7994.2831,7994.2831,7994.2831
W161,12085.54,12085.54,12085.54,12085.54,12085.54,12085.54,12085.54,12085.54,12085.54,12085.54,12085.54,12085.54,12085.54
W162,4450.9259999999995,4450.9259999999995,4450.9259999999995,4450.9259999999995,4450.9259999999995,4450.9259999999995,4450.9259999999995,4450.9259999999995,4450.9259999999995,4450.9259999999995,4450.9259999999995,4450.9259999999995,4450.9259999999995
W163,3770.5,3770.5,3770.5,3770.5,3770.5,3770.5,3770.5,3770.5,3770.5,3770.5,3770.5,3770.5,3770.5
W164,24622.25,24622.25,24622.25,24622.25,24622.25,24622.25,24622.25,24622.25,24622.25,24622.25,24622.25,24622.25,24622.25
W165,3731.2,3731.2,3731.2,3731.2,3731.2,3731.2,3731.2,3731.2,3731.2,3731.2,3731.2,3731.2,3731.2
W166,2659.171,2659.171,2659.171,2659.171,2659.171,2659.171,2659.171,2659.171,2659.171,2659.171,2659.171,2659.171,2659.171
W167,3032.2909999999997,3032.2909999999997,3032.2909999999997,3032.2909999999997,3032.2909999999997,3032.2909999999997,3032.2909999999997,3032.2909999999997,3032.2909999999997,3032.2909999999997,3032.2909999999997,3032.2909999999997,3032.2909999999997
W168,3553.887,3553.887,3553.887,3553.887,3553.887,3553.887,3553.887,3553.887,3553.887,3553.887,3553.887,3553.887,3553.887
W169,1658.825,1658.825,1658.825,1658.825,1658.825,1658.825,1658.825,1658.825,1658.825,1658.825,1658.825,1658.825,1658.825
W17,12027.12,12027.12,12027.12,12027.12,12027.12,12027.12,12027.12,12027.12,12027.12,12027.12,12027.12,12027.12,12027.12
W170,3594.285,3594.285,3594.285,3594.285,3594.285,3594.285,3594.285,3594.285,3594.285,3594.285,3594.285,3594.285,3594.285
W171,6054.7480000000005,6054.7480000000005,6054.7480000000005,6054.7480000000005,6054.7480000000005,6054.7480000000005,6054.7480000000005,6054.7480000000005,6054.7480000000005,6054.7480000000005,6054.7480000000005,6054.7480000000005,6054.7480000000005
W172,3655.906,3655.906,3655.906,3655.906,3655.906,3655.906,3655.906,3655.906,3655.906,3655.906,3655.906,3655.906,3655.906
W173,3284.4,3284.4,3284.4,3284.4,3284.4,3284.4,3284.4,3284.4,3284.4,3284.4,3284.4,3284.4,3284.4
W174,2806.132,2806.132,2806.132,2806.132,2806.132,2806.132,2806.132,2806.132,2806.132,2806.132,2806.132,2806.132,2806.132
W175,3248.9094,3248.9094,3248.9094,3248.9094,3248.9094,3248.9094,3248.9094,3248.9094,3248.9094,3248.9094,3248.9094,3248.9094,3248.9094
W176,2534.925,2534.925,2534.925,2534.925,2534.925,2534.925,2534.925,2534.925,2534.925,2534.925,2534.925,2534.925,2534.925
W177,6523.13,6523.13,6523.13,6523.13,6523.13,6523.13,6523.13,6523.13,6523.13,6523.13,6523.13,6523.13,6523.13
W178,1496.1,1496.1,1496.1,1496.1,1496.1,1496.1,1496.1,1496.1,1496.1,1496.1,1496.1,1496.1,1496.1
W179,2713.489,2713.489,2713.489,2713.489,2713.489,2713.489,2713.489,2713.489,2713.489,2713.489,2713.489,2713.489,2713.489
W18,4334.53,4334.53,4334.53,4334.53,4334.53,4334.53,4334.53,4334.53,4334.53,4334.53,4334.53,4334.53,4334.53
W180,7249.432,7249.432,7249.432,7249.432,7249.432,7249.432,7249.432,7249.432,7249.432,7249.432,7249.432,7249.432,7249.432
W181,8787.883,8787.883,8787.883,8787.883,8787.883,8787.883,8787.883,8787.883,8787.883,8787.883,8787.883,8787.883,8787.883
W182,1352.1,1352.1,1352.1,1352.1,1352.1,1352.1,1352.1,1352.1,1352.1,1352.1,1352.1,1352.1,1352.1
W183,6074.394,6074.394,6074.394,6074.394,6074.394,6074.394,6074.394,6074.394,6074.394,6074.394,6074.394,6074.394,6074.394
W184,4601.0344,4601.0344,4601.0344,4601.0344,4601.0344,4601.0344,4601.0344,4601.0344,4601.0344,4601.0344,4601.0344,4601.0344,4601.0344
W185,4061.7899,4061.7899,4061.7899,4061.7899,4061.7899,4061.7899,4061.7899,4061.7899,4061.7899,4061.7899,4061.7899,4061.7899,4061.7899
W186,1740.354,1740.354,1740.354,1740.354,1740.354,1740.354,1740.354,1740.354,1740.354,1740.354,1740.354,1740.354,1740.354
W187,923.8,923.8,923.8,923.8,923.8,923.8,923.8,923.8,923.8,923.8,923.8,923.8,923.8
W188,2240.0,2240.0,2240.0,2240.0,2240.0,2240.0,2240.0,2240.0,2240.0,2240.0,2240.0,2240.0,2240.0
W189,2004.0,2004.0,2004.0,2004.0,2004.0,2004.0,2004.0,2004.0,2004.0,2004.0,2004.0,2004.0,2004.0
W19,2561.0,2561.0,2561.0,2561.0,2561.0,2561.0,2561.0,2561.0,2561.0,2561.0,2561.0,2561.0,2561.0
W190,448.07996460000004,448.07996460000004,448.07996460000004,448.07996460000004,448.07996460000004,448.07996460000004,448.07996460000004,448.07996460000004,448.07996460000004,448.07996460000004,448.07996460000004,448.07996460000004,448.07996460000004
W191,6482.8978,6482.8978,6482.8978,6482.8978,6482.8978,6482.8978,6482.8978,6482.8978,6482.8978,6482.8978,6482.8978,6482.8978,6482.8978
W192,1157.753818,1157.753818,1157.753818,1157.753818,1157.753818,1157.753818,1157.753818,1157.753818,1157.753818,1157.753818,1157.753818,1157.753818,1157.753818
W193,5980.0691,5980.0691,5980.0691,5980.0691,5980.0691,5980.0691,5980.0691,5980.0691,5980.0691,5980.0691,5980.0691,5980.0691,5980.0691
W194,481.79922999999997,481.79922999999997,481.79922999999997,481.79922999999997,481.79922999999997,481.79922999999997,481.79922999999997,481.79922999999997,481.79922999999997,481.79922999999997,481.79922999999997,481.79922999999997,481.79922999999997
W195,929.2967,929.2967,929.2967,929.2967,929.2967,929.2967,929.2967,929.2967,929.2967,929.2967,929.2967,929.2967,929.2967
W196,9652.1297,9652.1297,9652.1297,9652.1297,9652.1297,9652.1297,9652.1297,9652.1297,9652.1297,9652.1297,9652.1297,9652.1297,9652.1297
W197,3360.9002229999996,3360.9002229999996,3360.9002229999996,3360.9002229999996,3360.9002229999996,3360.9002229999996,3360.9002229999996,3360.9002229999996,3360.9002229999996,3360.9002229999996,3360.9002229999996,3360.9002229999996,3360.9002229999996
W198,2383.647708,2383.647708,2383.647708,2383.647708,2383.647708,2383.647708,2383.647708,2383.647708,2383.647708,2383.647708,2383.647708,2383.647708,2383.647708
W199,773.2114389999999,773.2114389999999,773.2114389999999,773.2114389999999,773.2114389999999,773.2114389999999,773.2114389999999,773.2114389999999,773.2114389999999,773.2114389999999,773.2114389999999,773.2114389999999,773.2114389999999
W2,3471.659,3471.659,3471.659,3471.659,3471.659,3471.659,3471.659,3471.659,3471.659,3471.659,3471.659,3471.659,3471.659
W20,4063.0,4063.0,4063.0,4063.0,4063.0,4063.0,4063.0,4063.0,4063.0,4063.0,4063.0,4063.0,4063.0
W200,1668.88688,1668.88688,1668.88688,1668.88688,1668.88688,1668.88688,1668.88688,1668.88688,1668.88688,1668.88688,1668.88688,1668.88688,1668.88688
W201,1895.0,1895.0,1895.0,1895.0,1895.0,1895.0,1895.0,1895.0,1895.0,1895.0,1895.0,1895.0,1895.0
W202,4134.0,4134.0,4134.0,4134.0,4134.0,4134.0,4134.0,4134.0,4134.0,4134.0,4134.0,4134.0,4134.0
W203,5460.0,5460.0,5460.0,5460.0,5460.0,5460.0,5460.0,5460.0,5460.0,5460.0,5460.0,5460.0,5460.0
W204,7307.6,7307.6,7307.6,7307.6,7307.6,7307.6,7307.6,7307.6,7307.6,7307.6,7307.6,7307.6,7307.6
W205,12614.8,12614.8,12614.8,12614.8,12614.8,12614.8,12614.8,12614.8,12614.8,12614.8,12614.8,12614.8,12614.8
W206,997.4,997.4,997.4,997.4,997.4,997.4,997.4,997.4,997.4,997.4,997.4,997.4,997.4
W207,10991.7,10991.7,10991.7,10991.7,10991.7,10991.7,10991.7,10991.7,10991.7,10991.7,10991.7,10991.7,10991.7
W208,27060.7,27060.7,27060.7,27060.7,27060.7,27060.7,27060.7,27060.7,27060.7,27060.7,27060.7,27060.7,27060.7
W209,4185.45,4185.45,4185.45,4185.45,4185.45,4185.45,4185.45,4185.45,4185.45,4185.45,4185.45,4185.45,4185.45
W21,1991.0,1991.0,1991.0,1991.0,1991.0,1991.0,1991.0,1991.0,1991.0,1991.0,1991.0,1991.0,1991.0
W210,8024.76,8024.76,8024.76,8024.76,8024.76,8024.76,8024.76,8024.76,8024.76,8024.76,8024.76,8024.76,8024.76
W211,18955.44,18955.44,18955.44,18955.44,18955.44,18955.44,18955.44,18955.44,18955.44,18955.44,18955.44,18955.44,18955.44
W212,5448.9,5448.9,5448.9,5448.9,5448.9,5448.9,5448.9,5448.9,5448.9,5448.9,5448.9,5448.9,5448.9
W213,3246.8,3246.8,3246.8,3246.8,3246.8,3246.8,3246.8,3246.8,3246.8,3246.8,3246.8,3246.8,3246.8
W214,1831.4,1831.4,1831.4,1831.4,1831.4,1831.4,1831.4,1831.4,1831.4,1831.4,1831.4,1831.4,1831.4
W215,2363.68,2363.68,2363.68,2363.68,2363.68,2363.68,2363.68,2363.68,2363.68,2363.68,2363.68,2363.68,2363.68
W216,3145.8,3145.8,3145.8,3145.8,3145.8,3145.8,3145.8,3145.8,3145.8,3145.8,3145.8,3145.8,3145.8
W217,9876.83,9876.83,9876.83,9876.83,9876.83,9876.83,9876.83,9876.83,9876.83,9876.83,9876.83,9876.83,9876.83
W218,9938.69,9938.69,9938.69,9938.69,9938.69,9938.69,9938.69,9938.69,9938.69,9938.69,9938.69,9938.69,9938.69
W219,1050.0,1050.0,1050.0,1050.0,1050.0,1050.0,1050.0,1050.0,1050.0,1050.0,1050.0,1050.0,1050.0
W22,4030.0,4030.0,4030.0,4030.0,4030.0,4030.0,4030.0,4030.0,4030.0,4030.0,4030.0,4030.0,4030.0
W220,1778.0,1778.0,1778.0,1778.0,1778.0,1778.0,1778.0,1778.0,1778.0,1778.0,1778.0,1778.0,1778.0
W221,7617.3,7617.3,7617.3,7617.3,7617.3,7617.3,7617.3,7617.3,7617.3,7617.3,7617.3,7617.3,7617.3
W222,7923.1,7923.1,7923.1,7923.1,7923.1,7923.1,7923.1,7923.1,7923.1,7923.1,7923.1,7923.1,7923.1
W223,27644.0,27644.0,27644.0,27644.0,27644.0,27644.0,27644.0,27644.0,27644.0,27644.0,27644.0,27644.0,27644.0
W224,1709.974,1709.974,1709.974,1709.974,1709.974,1709.974,1709.974,1709.974,1709.974,1709.974,1709.974,1709.974,1709.974
W225,1921.8,1921.8,1921.8,1921.8,1921.8,1921.8,1921.8,1921.8,1921.8,1921.8,1921.8,1921.8,1921.8
W226,2915.5,2915.5,2915.5,2915.5,2915.5,2915.5,2915.5,2915.5,2915.5,2915.5,2915.5,2915.5,2915.5
W227,1327.6,1327.6,1327.6,1327.6,1327.6,1327.6,1327.6,1327.6,1327.6,1327.6,1327.6,1327.6,1327.6
W228,8030.0,8030.0,8030.0,8030.0,8030.0,8030.0,8030.0,8030.0,8030.0,8030.0,8030.0,8030.0,8030.0
W229,458.98,458.98,458.98,458.98,458.98,458.98,458.98,458.98,458.98,458.98,458.98,458.98,458.98
W23,754.9,754.9,754.9,754.9,754.9,754.9,754.9,754.9,754.9,754.9,754.9,754.9,754.9
W230,3150.4,3150.4,3150.4,3150.4,3150.4,3150.4,3150.4,3150.4,3150.4,3150.4,3150.4,3150.4,3150.4
W231,562.4,562.4,562.4,562.4,562.4,562.4,562.4,562.4,562.4,562.4,562.4,562.4,562.4
W232,1912.1,1912.1,1912.1,1912.1,1912.1,1912.1,1912.1,1912.1,1912.1,1912.1,1912.1,1912.1,1912.1
W233,1019.6,1019.6,1019.6,1019.6,1019.6,1019.6,1019.6,1019.6,1019.6,1019.6,1019.6,1019.6,1019.6
W234,1813.2,1813.2,1813.2,1813.2,1813.2,1813.2,1813.2,1813.2,1813.2,1813.2,1813.2,1813.2,1813.2
W235,413.4,413.4,413.4,413.4,413.4,413.4,413.4,413.4,413.4,413.4,413.4,413.4,413.4
W236,3232.9,3232.9,3232.9,3232.9,3232.9,3232.9,3232.9,3232.9,3232.9,3232.9,3232.9,3232.9,3232.9
W237,1079.4,1079.4,1079.4,1079.4,1079.4,1079.4,1079.4,1079.4,1079.4,1079.4,1079.4,1079.4,1079.4
W238,371.6,371.6,371.6,371.6,371.6,371.6,371.6,371.6,371.6,371.6,371.6,371.6,371.6
W239,3766.0,3766.0,3766.0,3766.0,3766.0,3766.0,3766.0,3766.0,3766.0,3766.0,3766.0,3766.0,3766.0
W24,7283.0,7283.0,7283.0,7283.0,7283.0,7283.0,7283.0,7283.0,7283.0,7283.0,7283.0,7283.0,7283.0
W240,2549.5,2549.5,2549.5,2549.5,2549.5,2549.5,2549.5,2549.5,2549.5,2549.5,2549.5,2549.5,2549.5
W241,998.89,998.89,998.89,998.89,998.89,998.89,998.89,998.89,998.89,998.89,998.89,998.89,998.89
W242,1478.5,1478.5,1478.5,1478.5,1478.5,1478.5,1478.5,1478.5,1478.5,1478.5,1478.5,1478.5,1478.5
W243,1180.0,1180.0,1180.0,1180.0,1180.0,1180.0,1180.0,1180.0,1180.0,1180.0,1180.0,1180.0,1180.0
W244,781.8,781.8,781.8,781.8,781.8,781.8,781.8,781.8,781.8,781.8,781.8,781.8,781.8
W245,2324.9,2324.9,2324.9,2324.9,2324.9,2324.9,2324.9,2324.9,2324.9,2324.9,2324.9,2324.9,2324.9
W246,1109.9,1109.9,1109.9,1109.9,1109.9,1109.9,1109.9,1109.9,1109.9,1109.9,1109.9,1109.9,1109.9
W247,4238.0,4238.0,4238.0,4238.0,4238.0,4238.0,4238.0,4238.0,4238.0,4238.0,4238.0,4238.0,4238.0
W248,16190.4,16190.4,16190.4,16190.4,16190.4,16190.4,16190.4,16190.4,16190.4,16190.4,16190.4,16190.4,16190.4
W249,21254.72,21254.72,21254.72,21254.72,21254.72,21254.72,21254.72,21254.72,21254.72,21254.72,21254.72,21254.72,21254.72
W25,1396.0,1396.0,1396.0,1396.0,1396.0,1396.0,1396.0,1396.0,1396.0,1396.0,1396.0,1396.0,1396.0
W250,3360.2,3360.2,3360.2,3360.2,3360.2,3360.2,3360.2,3360.2,3360.2,3360.2,3360.2,3360.2,3360.2
W251,6736.0,6736.0,6736.0,6736.0,6736.0,6736.0,6736.0,6736.0,6736.0,6736.0,6736.0,6736.0,6736.0
W252,8522.3,8522.3,8522.3,8522.3,8522.3,8522.3,8522.3,8522.3,8522.3,8522.3,8522.3,8522.3,8522.3
W253,12311.0,12311.0,12311.0,12311.0,12311.0,12311.0,12311.0,12311.0,12311.0,12311.0,12311.0,12311.0,12311.0
W254,5992.7,5992.7,5992.7,5992.7,5992.7,5992.7,5992.7,5992.7,5992.7,5992.7,5992.7,5992.7,5992.7
W255,1922.0,1922.0,1922.0,1922.0,1922.0,1922.0,1922.0,1922.0,1922.0,1922.0,1922.0,1922.0,1922.0
W256,2671.3,2671.3,2671.3,2671.3,2671.3,2671.3,2671.3,2671.3,2671.3,2671.3,2671.3,2671.3,2671.3
W257,4017.6,4017.6,4017.6,4017.6,4017.6,4017.6,4017.6,4017.6,4017.6,4017.6,4017.6,4017.6,4017.6
W258,2125.5,2125.5,2125.5,2125.5,2125.5,2125.5,2125.5,2125.5,2125.5,2125.5,2125.5,2125.5,2125.5
W259,6310.0,6310.0,6310.0,6310.0,6310.0,6310.0,6310.0,6310.0,6310.0,6310.0,6310.0,6310.0,6310.0
W26,2687.0,2687.0,2687.0,2687.0,2687.0,2687.0,2687.0,2687.0,2687.0,2687.0,2687.0,2687.0,2687.0
W260,561.0,561.0,561.0,561.0,561.0,561.0,561.0,561.0,561.0,561.0,561.0,561.0,561.0
W261,4648.6,4648.6,4648.6,4648.6,4648.6,4648.6,4648.6,4648.6,4648.6,4648.6,4648.6,4648.6,4648.6
W262,4382.308,4382.308,4382.308,4382.308,4382.308,4382.308,4382.308,4382.308,4382.308,4382.308,4382.308,4382.308,4382.308
W263,2378.0,2378.0,2378.0,2378.0,2378.0,2378.0,2378.0,2378.0,2378.0,2378.0,2378.0,2378.0,2378.0
W264,4069.2,4069.2,4069.2,4069.2,4069.2,4069.2,4069.2,4069.2,4069.2,4069.2,4069.2,4069.2,4069.2
W265,2195.36,2195.36,2195.36,2195.36,2195.36,2195.36,2195.36,2195.36,2195.36,2195.36,2195.36,2195.36,2195.36
W266,2185.25,2185.25,2185.25,2185.25,2185.25,2185.25,2185.25,2185.25,2185.25,2185.25,2185.25,2185.25,2185.25
W267,3207.3,3207.3,3207.3,3207.3,3207.3,3207.3,3207.3,3207.3,3207.3,3207.3,3207.3,3207.3,3207.3
W268,1365.39,1365.39,1365.39,1365.39,1365.39,1365.39,1365.39,1365.39,1365.39,1365.39,1365.39,1365.39,1365.39
W269,1318.9,1318.9,1318.9,1318.9,1318.9,1318.9,1318.9,1318.9,1318.9,1318.9,1318.9,1318.9,1318.9
W27,1853.0,1853.0,1853.0,1853.0,1853.0,1853.0,1853.0,1853.0,1853.0,1853.0,1853.0,1853.0,1853.0
W270,7996.2,7996.2,7996.2,7996.2,7996.2,7996.2,7996.2,7996.2,7996.2,7996.2,7996.2,7996.2,7996.2
W271,7733.4,7733.4,7733.4,7733.4,7733.4,7733.4,7733.4,7733.4,7733.4,7733.4,7733.4,7733.4,7733.4
W272,979.59,979.59,979.59,979.59,979.59,979.59,979.59,979.59,979.59,979.59,979.59,979.59,979.59
W273,6477.9,6477.9,6477.9,6477.9,6477.9,6477.9,6477.9,6477.9,6477.9,6477.9,6477.9,6477.9,6477.9
W274,829.97,829.97,829.97,829.97,829.97,829.97,829.97,829.97,829.97,829.97,829.97,829.97,829.97
W275,8663.5,8663.5,8663.5,8663.5,8663.5,8663.5,8663.5,8663.5,8663.5,8663.5,8663.5,8663.5,8663.5
W276,11235.5,11235.5,11235.5,11235.5,11235.5,11235.5,11235.5,11235.5,11235.5,11235.5,11235.5,11235.5,11235.5
W277,3151.257,3151.257,3151.257,3151.257,3151.257,3151.257,3151.257,3151.257,3151.257,3151.257,3151.257,3151.257,3151.257
W278,1319.3410000000001,1319.3410000000001,1319.3410000000001,1319.3410000000001,1319.3410000000001,1319.3410000000001,1319.3410000000001,1319.3410000000001,1319.3410000000001,1319.3410000000001,1319.3410000000001,1319.3410000000001,1319.3410000000001
W279,1273.104,1273.104,1273.104,1273.104,1273.104,1273.104,1273.104,1273.104,1273.104,1273.104,1273.104,1273.104,1273.104
W28,4241.0,4241.0,4241.0,4241.0,4241.0,4241.0,4241.0,4241.0,4241.0,4241.0,4241.0,4241.0,4241.0
W280,5392.445,5392.445,5392.445,5392.445,5392.445,5392.445,5392.445,5392.445,5392.445,5392.445,5392.445,5392.445,5392.445
W281,1773.0,1773.0,1773.0,1773.0,1773.0,1773.0,1773.0,1773.0,1773.0,1773.0,1773.0,1773.0,1773.0
W282,2146.132518,2146.132518,2146.132518,2146.132518,2146.132518,2146.132518,2146.132518,2146.132518,2146.132518,2146.132518,2146.132518,2146.132518,2146.132518
W283,343.591202,343.591202,343.591202,343.591202,343.591202,343.591202,343.591202,343.591202,343.591202,343.591202,343.591202,343.591202,343.591202
W284,567.78,567.78,567.78,567.78,567.78,567.78,567.78,567.78,567.78,567.78,567.78,567.78,567.78
W285,698.296,698.296,698.296,698.296,698.296,698.296,698.296,698.296,698.296,698.296,698.296,698.296,698.296
W286,10655.7,10655.7,10655.7,10655.7,10655.7,10655.7,10655.7,10655.7,10655.7,10655.7,10655.7,10655.7,10655.7
W287,2209.62,2209.62,2209.62,2209.62,2209.62,2209.62,2209.62,2209.62,2209.62,2209.62,2209.62,2209.62,2209.62
W288,7821.3,7821.3,7821.3,7821.3,7821.3,7821.3,7821.3,7821.3,7821.3,7821.3,7821.3,7821.3,7821.3
W289,9890.0,9890.0,9890.0,9890.0,9890.0,9890.0,9890.0,9890.0,9890.0,9890.0,9890.0,9890.0,9890.0
W29,783.0,783.0,783.0,783.0,783.0,783.0,783.0,783.0,783.0,783.0,783.0,783.0,783.0
W290,15673.0,15673.0,15673.0,15673.0,15673.0,15673.0,15673.0,15673.0,15673.0,15673.0,15673.0,15673.0,15673.0
W291,8320.0,8320.0,8320.0,8320.0,8320.0,8320.0,8320.0,8320.0,8320.0,8320.0,8320.0,8320.0,8320.0
W292,18284.2,18284.2,18284.2,18284.2,18284.2,18284.2,18284.2,18284.2,18284.2,18284.2,18284.2,18284.2,18284.2
W293,1747.0,1747.0,1747.0,1747.0,1747.0,1747.0,1747.0,1747.0,1747.0,1747.0,1747.0,1747.0,1747.0
W294,1520.8,1520.8,1520.8,1520.8,1520.8,1520.8,1520.8,1520.8,1520.8,1520.8,1520.8,1520.8,1520.8
W295,2979.0,2979.0,2979.0,2979.0,2979.0,2979.0,2979.0,2979.0,2979.0,2979.0,2979.0,2979.0,2979.0
W296,3629.0,3629.0,3629.0,3629.0,3629.0,3629.0,3629.0,3629.0,3629.0,3629.0,3629.0,3629.0,3629.0
W297,5782.0,5782.0,5782.0,5782.0,5782.0,5782.0,5782.0,5782.0,5782.0,5782.0,5782.0,5782.0,5782.0
W298,3893.0,3893.0,3893.0,3893.0,3893.0,3893.0,3893.0,3893.0,3893.0,3893.0,3893.0,3893.0,3893.0
W299,3997.0,3997.0,3997.0,3997.0,3997.0,3997.0,3997.0,3997.0,3997.0,3997.0,3997.0,3997.0,3997.0
W3,9573.5,9573.5,9573.5,9573.5,9573.5,9573.5,9573.5,9573.5,9573.5,9573.5,9573.5,9573.5,9573.5
W30,3737.0,3737.0,3737.0,3737.0,3737.0,3737.0,3737.0,3737.0,3737.0,3737.0,3737.0,3737.0,3737.0
W300,2086.0,2086.0,2086.0,2086.0,2086.0,2086.0,2086.0,2086.0,2086.0,2086.0,2086.0,2086.0,2086.0
W301,2517.0,2517.0,2517.0,2517.0,2517.0,2517.0,2517.0,2517.0,2517.0,2517.0,2517.0,2517.0,2517.0
W302,3247.0,3247.0,3247.0,3247.0,3247.0,3247.0,3247.0,3247.0,3247.0,3247.0,3247.0,3247.0,3247.0
W303,6041.0,6041.0,6041.0,6041.0,6041.0,6041.0,6041.0,6041.0,6041.0,6041.0,6041.0,6041.0,6041.0
W304,3547.0,3547.0,3547.0,3547.0,3547.0,3547.0,3547.0,3547.0,3547.0,3547.0,3547.0,3547.0,3547.0
W305,3343.0,3343.0,3343.0,3343.0,3343.0,3343.0,3343.0,3343.0,3343.0,3343.0,3343.0,3343.0,3343.0
W306,2723.0,2723.0,2723.0,2723.0,2723.0,2723.0,2723.0,2723.0,2723.0,2723.0,2723.0,2723.0,2723.0
W307,3958.0,3958.0,3958.0,3958.0,3958.0,3958.0,3958.0,3958.0,3958.0,3958.0,3958.0,3958.0,3958.0
W308,2466.0,2466.0,2466.0,2466.0,2466.0,2466.0,2466.0,2466.0,2466.0,2466.0,2466.0,2466.0,2466.0
W309,6690.0,6690.0,6690.0,6690.0,6690.0,6690.0,6690.0,6690.0,6690.0,6690.0,6690.0,6690.0,6690.0
W31,1144.0,1144.0,1144.0,1144.0,1144.0,1144.0,1144.0,1144.0,1144.0,1144.0,1144.0,1144.0,1144.0
W310,5213.0,5213.0,5213.0,5213.0,5213.0,5213.0,5213.0,5213.0,5213.0,5213.0,5213.0,5213.0,5213.0
W311,5414.0,5414.0,5414.0,5414.0,5414.0,5414.0,5414.0,5414.0,5414.0,5414.0,5414.0,5414.0,5414.0
W312,4359.0,4359.0,4359.0,4359.0,4359.0,4359.0,4359.0,4359.0,4359.0,4359.0,4359.0,4359.0,4359.0
W313,2039.0,2039.0,2039.0,2039.0,2039.0,2039.0,2039.0,2039.0,2039.0,2039.0,2039.0,2039.0,2039.0
W314,8899.0,8899.0,8899.0,8899.0,8899.0,8899.0,8899.0,8899.0,8899.0,8899.0,8899.0,8899.0,8899.0
W315,5533.0,5533.0,5533.0,5533.0,5533.0,5533.0,5533.0,5533.0,5533.0,5533.0,5533.0,5533.0,5533.0
W316,3050.0,3050.0,3050.0,3050.0,3050.0,3050.0,3050.0,3050.0,3050.0,3050.0,3050.0,3050.0,3050.0
W317,3853.0,3853.0,3853.0,3853.0,3853.0,3853.0,3853.0,3853.0,3853.0,3853.0,3853.0,3853.0,3853.0
W318,3525.0,3525.0,3525.0,3525.0,3525.0,3525.0,3525.0,3525.0,3525.0,3525.0,3525.0,3525.0,3525.0
W319,2365.0,2365.0,2365.0,2365.0,2365.0,2365.0,2365.0,2365.0,2365.0,2365.0,2365.0,2365.0,2365.0
W32,4238.0,4238.0,4238.0,4238.0,4238.0,4238.0,4238.0,4238.0,4238.0,4238.0,4238.0,4238.0,4238.0
W320,2454.0,2454.0,2454.0,2454.0,2454.0,2454.0,2454.0,2454.0,2454.0,2454.0,2454.0,2454.0,2454.0
W321,6172.0,6172.0,6172.0,6172.0,6172.0,6172.0,6172.0,6172.0,6172.0,6172.0,6172.0,6172.0,6172.0
W322,2345.0,2345.0,2345.0,2345.0,2345.0,2345.0,2345.0,2345.0,2345.0,2345.0,2345.0,2345.0,2345.0
W323,4404.0,4404.0,4404.0,4404.0,4404.0,4404.0,4404.0,4404.0,4404.0,4404.0,4404.0,4404.0,4404.0
W324,2625.0,2625.0,2625.0,2625.0,2625.0,2625.0,2625.0,2625.0,2625.0,2625.0,2625.0,2625.0,2625.0
W325,3699.0,3699.0,3699.0,3699.0,3699.0,3699.0,3699.0,3699.0,3699.0,3699.0,3699.0,3699.0,3699.0
W326,3879.0,3879.0,3879.0,3879.0,3879.0,3879.0,3879.0,3879.0,3879.0,3879.0,3879.0,3879.0,3879.0
W327,8941.0,8941.0,8941.0,8941.0,8941.0,8941.0,8941.0,8941.0,8941.0,8941.0,8941.0,8941.0,8941.0
W328,2735.0,2735.0,2735.0,2735.0,2735.0,2735.0,2735.0,2735.0,2735.0,2735.0,2735.0,2735.0,2735.0
W329,10484.0,10484.0,10484.0,10484.0,10484.0,10484.0,10484.0,10484.0,10484.0,10484.0,10484.0,10484.0,10484.0
W33,1465.9,1465.9,1465.9,1465.9,1465.9,1465.9,1465.9,1465.9,1465.9,1465.9,1465.9,1465.9,1465.9
W330,3734.0,3734.0,3734.0,3734.0,3734.0,3734.0,3734.0,3734.0,3734.0,3734.0,3734.0,3734.0,3734.0
W331,6387.0,6387.0,6387.0,6387.0,6387.0,6387.0,6387.0,6387.0,6387.0,6387.0,6387.0,6387.0,6387.0
W332,3384.0,3384.0,3384.0,3384.0,3384.0,3384.0,3384.0,3384.0,3384.0,3384.0,3384.0,3384.0,3384.0
W333,2872.0,2872.0,2872.0,2872.0,2872.0,2872.0,2872.0,2872.0,2872.0,2872.0,2872.0,2872.0,2872.0
W334,4152.0,4152.0,4152.0,4152.0,4152.0,4152.0,4152.0,4152.0,4152.0,4152.0,4152.0,4152.0,4152.0
W335,4354.0,4354.0,4354.0,4354.0,4354.0,4354.0,4354.0,4354.0,4354.0,4354.0,4354.0,4354.0,4354.0
W336,1986.0,1986.0,1986.0,1986.0,1986.0,1986.0,1986.0,1986.0,1986.0,1986.0,1986.0,1986.0,1986.0
W337,1645.0,1645.0,1645.0,1645.0,1645.0,1645.0,1645.0,1645.0,1645.0,1645.0,1645.0,1645.0,1645.0
W338,2111.0,2111.0,2111.0,2111.0,2111.0,2111.0,2111.0,2111.0,2111.0,2111.0,2111.0,2111.0,2111.0
W339,4513.0,4513.0,4513.0,4513.0,4513.0,4513.0,4513.0,4513.0,4513.0,4513.0,4513.0,4513.0,4513.0
W34,1314.0,1314.0,1314.0,1314.0,1314.0,1314.0,1314.0,1314.0,1314.0,1314.0,1314.0,1314.0,1314.0
W340,6991.0,6991.0,6991.0,6991.0,6991.0,6991.0,6991.0,6991.0,6991.0,6991.0,6991.0,6991.0,6991.0
W341,5959.0,5959.0,5959.0,5959.0,5959.0,5959.0,5959.0,5959.0,5959.0,5959.0,5959.0,5959.0,5959.0
W342,1328.7,1328.7,1328.7,1328.7,1328.7,1328.7,1328.7,1328.7,1328.7,1328.7,1328.7,1328.7,1328.7
W343,3988.0,3988.0,3988.0,3988.0,3988.0,3988.0,3988.0,3988.0,3988.0,3988.0,3988.0,3988.0,3988.0
W344,3974.0,3974.0,3974.0,3974.0,3974.0,3974.0,3974.0,3974.0,3974.0,3974.0,3974.0,3974.0,3974.0
W345,3623.0,3623.0,3623.0,3623.0,3623.0,3623.0,3623.0,3623.0,3623.0,3623.0,3623.0,3623.0,3623.0
W346,6333.0,6333.0,6333.0,6333.0,6333.0,6333.0,6333.0,6333.0,6333.0,6333.0,6333.0,6333.0,6333.0
W347,4089.0,4089.0,4089.0,4089.0,4089.0,4089.0,4089.0,4089.0,4089.0,4089.0,4089.0,4089.0,4089.0
W348,4464.0,4464.0,4464.0,4464.0,4464.0,4464.0,4464.0,4464.0,4464.0,4464.0,4464.0,4464.0,4464.0
W349,3326.0,3326.0,3326.0,3326.0,3326.0,3326.0,3326.0,3326.0,3326.0,3326.0,3326.0,3326.0,3326.0
W35,1052.0,1052.0,1052.0,1052.0,1052.0,1052.0,1052.0,1052.0,1052.0,1052.0,1052.0,1052.0,1052.0
W350,6091.0,6091.0,6091.0,6091.0,6091.0,6091.0,6091.0,6091.0,6091.0,6091.0,6091.0,6091.0,6091.0
W351,1846.0,1846.0,1846.0,1846.0,1846.0,1846.0,1846.0,1846.0,1846.0,1846.0,1846.0,1846.0,1846.0
W352,1292.0,1292.0,1292.0,1292.0,1292.0,1292.0,1292.0,1292.0,1292.0,1292.0,1292.0,1292.0,1292.0
W353,2075.0,2075.0,2075.0,2075.0,2075.0,2075.0,2075.0,2075.0,2075.0,2075.0,2075.0,2075.0,2075.0
W354,3580.0,3580.0,3580.0,3580.0,3580.0,3580.0,3580.0,3580.0,3580.0,3580.0,3580.0,3580.0,3580.0
W355,2678.0,2678.0,2678.0,2678.0,2678.0,2678.0,2678.0,2678.0,2678.0,2678.0,2678.0,2678.0,2678.0
W356,4563.0,4563.0,4563.0,4563.0,4563.0,4563.0,4563.0,4563.0,4563.0,4563.0,4563.0,4563.0,4563.0
W357,3766.0,3766.0,3766.0,3766.0,3766.0,3766.0,3766.0,3766.0,3766.0,3766.0,3766.0,3766.0,3766.0
W358,6503.0,6503.0,6503.0,6503.0,6503.0,6503.0,6503.0,6503.0,6503.0,6503.0,6503.0,6503.0,6503.0
W359,4410.0,4410.0,4410.0,4410.0,4410.0,4410.0,4410.0,4410.0,4410.0,4410.0,4410.0,4410.0,4410.0
W36,16405.0,16405.0,16405.0,16405.0,16405.0,16405.0,16405.0,16405.0,16405.0,16405.0,16405.0,16405.0,16405.0
W37,2897.7,2897.7,2897.7,2897.7,2897.7,2897.7,2897.7,2897.7,2897.7,2897.7,2897.7,2897.7,2897.7
W38,3088.8,3088.8,3088.8,3088.8,3088.8,3088.8,3088.8,3088.8,3088.8,3088.8,3088.8,3088.8,3088.8
W39,5835.31,5835.31,5835.31,5835.31,5835.31,5835.31,5835.31,5835.31,5835.31,5835.31,5835.31,5835.31,5835.31
W4,2385.81,2385.81,2385.81,2385.81,2385.81,2385.81,2385.81,2385.81,2385.81,2385.81,2385.81,2385.81,2385.81
W40,5831.335,5831.335,5831.335,5831.335,5831.335,5831.335,5831.335,5831.335,5831.335,5831.335,5831.335,5831.335,5831.335
W41,6201.48,6201.48,6201.48,6201.48,6201.48,6201.48,6201.48,6201.48,6201.48,6201.48,6201.48,6201.48,6201.48
W42,6209.94,6209.94,6209.94,6209.94,6209.94,6209.94,6209.94,6209.94,6209.94,6209.94,6209.94,6209.94,6209.94
W43,6205.71,6205.71,6205.71,6205.71,6205.71,6205.71,6205.71,6205.71,6205.71,6205.71,6205.71,6205.71,6205.71
W44,5827.36,5827.36,5827.36,5827.36,5827.36,5827.36,5827.36,5827.36,5827.36,5827.36,5827.36,5827.36,5827.36
W45,2931.45,2931.45,2931.45,2931.45,2931.45,2931.45,2931.45,2931.45,2931.45,2931.45,2931.45,2931.45,2931.45
W46,3265.32,3265.32,3265.32,3265.32,3265.32,3265.32,3265.32,3265.32,3265.32,3265.32,3265.32,3265.32,3265.32
W47,2930.1,2930.1,2930.1,2930.1,2930.1,2930.1,2930.1,2930.1,2930.1,2930.1,2930.1,2930.1,2930.1
W48,2989.71,2989.71,2989.71,2989.71,2989.71,2989.71,2989.71,2989.71,2989.71,2989.71,2989.71,2989.71,2989.71
W49,3223.7,3223.7,3223.7,3223.7,3223.7,3223.7,3223.7,3223.7,3223.7,3223.7,3223.7,3223.7,3223.7
W5,1417.0,1417.0,1417.0,1417.0,1417.0,1417.0,1417.0,1417.0,1417.0,1417.0,1417.0,1417.0,1417.0
W50,3225.18,3225.18,3225.18,3225.18,3225.18,3225.18,3225.18,3225.18,3225.18,3225.18,3225.18,3225.18,3225.18
W51,6560.7,6560.7,6560.7,6560.7,6560.7,6560.7,6560.7,6560.7,6560.7,6560.7,6560.7,6560.7,6560.7
W52,7053.8,7053.8,7053.8,7053.8,7053.8,7053.8,7053.8,7053.8,7053.8,7053.8,7053.8,7053.8,7053.8
W53,1909.9,1909.9,1909.9,1909.9,1909.9,1909.9,1909.9,1909.9,1909.9,1909.9,1909.9,1909.9,1909.9
W54,2490.0,2490.0,2490.0,2490.0,2490.0,2490.0,2490.0,2490.0,2490.0,2490.0,2490.0,2490.0,2490.0
W55,5029.0,5029.0,5029.0,5029.0,5029.0,5029.0,5029.0,5029.0,5029.0,5029.0,5029.0,5029.0,5029.0
W56,2977.0,2977.0,2977.0,2977.0,2977.0,2977.0,2977.0,2977.0,2977.0,2977.0,2977.0,2977.0,2977.0
W57,2170.0,2170.0,2170.0,2170.0,2170.0,2170.0,2170.0,2170.0,2170.0,2170.0,2170.0,2170.0,2170.0
W58,3408.0,3408.0,3408.0,3408.0,3408.0,3408.0,3408.0,3408.0,3408.0,3408.0,3408.0,3408.0,3408.0
W59,2690.0,2690.0,2690.0,2690.0,2690.0,2690.0,2690.0,2690.0,2690.0,2690.0,2690.0,2690.0,2690.0
W6,469.0,469.0,469.0,469.0,469.0,469.0,469.0,469.0,469.0,469.0,469.0,469.0,469.0
W60,9034.15,9034.15,9034.15,9034.15,9034.15,9034.15,9034.15,9034.15,9034.15,9034.15,9034.15,9034.15,9034.15
W61,10128.3,10128.3,10128.3,10128.3,10128.3,10128.3,10128.3,10128.3,10128.3,10128.3,10128.3,10128.3,10128.3
W62,7208.8,7208.8,7208.8,7208.8,7208.8,7208.8,7208.8,7208.8,7208.8,7208.8,7208.8,7208.8,7208.8
W63,6062.1,6062.1,6062.1,6062.1,6062.1,6062.1,6062.1,6062.1,6062.1,6062.1,6062.1,6062.1,6062.1
W64,14113.0,14113.0,14113.0,14113.0,14113.0,14113.0,14113.0,14113.0,14113.0,14113.0,14113.0,14113.0,14113.0
W65,19624.0,19624.0,19624.0,19624.0,19624.0,19624.0,19624.0,19624.0,19624.0,19624.0,19624.0,19624.0,19624.0
W66,7291.2,7291.2,7291.2,7291.2,7291.2,7291.2,7291.2,7291.2,7291.2,7291.2,7291.2,7291.2,7291.2
W67,13381.0,13381.0,13381.0,13381.0,13381.0,13381.0,13381.0,13381.0,13381.0,13381.0,13381.0,13381.0,13381.0
W68,6911.73,6911.73,6911.73,6911.73,6911.73,6911.73,6911.73,6911.73,6911.73,6911.73,6911.73,6911.73,6911.73
W69,6919.07,6919.07,6919.07,6919.07,6919.07,6919.07,6919.07,6919.07,6919.07,6919.07,6919.07,6919.07,6919.07
W7,2982.0,2982.0,2982.0,2982.0,2982.0,2982.0,2982.0,2982.0,2982.0,2982.0,2982.0,2982.0,2982.0
W70,2609.4,2609.4,2609.4,2609.4,2609.4,2609.4,2609.4,2609.4,2609.4,2609.4,2609.4,2609.4,2609.4
W71,1930.0,1930.0,1930.0,1930.0,1930.0,1930.0,1930.0,1930.0,1930.0,1930.0,1930.0,1930.0,1930.0
W72,1930.0,1930.0,1930.0,1930.0,1930.0,1930.0,1930.0,1930.0,1930.0,1930.0,1930.0,1930.0,1930.0
W73,1930.0,1930.0,1930.0,1930.0,1930.0,1930.0,1930.0,1930.0,1930.0,1930.0,1930.0,1930.0,1930.0
W74,5931.91,5931.91,5931.91,5931.91,5931.91,5931.91,5931.91,5931.91,5931.91,5931.91,5931.91,5931.91,5931.91
W75,23862.4,23862.4,23862.4,23862.4,23862.4,23862.4,23862.4,23862.4,23862.4,23862.4,23862.4,23862.4,23862.4
W76,440.0,440.0,440.0,440.0,440.0,440.0,440.0,440.0,440.0,440.0,440.0,440.0,440.0
W77,3926.51,3926.51,3926.51,3926.51,3926.51,3926.51,3926.51,3926.51,3926.51,3926.51,3926.51,3926.51,3926.51
W78,3833.74,3833.74,3833.74,3833.74,3833.74,3833.74,3833.74,3833.74,3833.74,3833.74,3833.74,3833.74,3833.74
W79,1430.0,1430.0,1430.0,1430.0,1430.0,1430.0,1430.0,1430.0,1430.0,1430.0,1430.0,1430.0,1430.0
W8,3030.0,3030.0,3030.0,3030.0,3030.0,3030.0,3030.0,3030.0,3030.0,3030.0,3030.0,3030.0,3030.0
W80,1530.0,1530.0,1530.0,1530.0,1530.0,1530.0,1530.0,1530.0,1530.0,1530.0,1530.0,1530.0,1530.0
W81,24543.2,24543.2,24543.2,24543.2,24543.2,24543.2,24543.2,24543.2,24543.2,24543.2,24543.2,24543.2,24543.2
W82,4418.319,4418.319,4418.319,4418.319,4418.319,4418.319,4418.319,4418.319,4418.319,4418.319,4418.319,4418.319,4418.319
W83,5973.7,5973.7,5973.7,5973.7,5973.7,5973.7,5973.7,5973.7,5973.7,5973.7,5973.7,5973.7,5973.7
W84,5970.2,5970.2,5970.2,5970.2,5970.2,5970.2,5970.2,5970.2,5970.2,5970.2,5970.2,5970.2,5970.2
W85,17261.0,17261.0,17261.0,17261.0,17261.0,17261.0,17261.0,17261.0,17261.0,17261.0,17261.0,17261.0,17261.0
W86,17273.0,17273.0,17273.0,17273.0,17273.0,17273.0,17273.0,17273.0,17273.0,17273.0,17273.0,17273.0,17273.0
W87,1084.39,1084.39,1084.39,1084.39,1084.39,1084.39,1084.39,1084.39,1084.39,1084.39,1084.39,1084.39,1084.39
W88,12017.44,12017.44,12017.44,12017.44,12017.44,12017.44,12017.44,12017.44,12017.44,12017.44,12017.44,12017.44,12017.44
W89,1174.51,1174.51,1174.51,1174.51,1174.51,1174.51,1174.51,1174.51,1174.51,1174.51,1174.51,1174.51,1174.51
W9,7670.0,7670.0,7670.0,7670.0,7670.0,7670.0,7670.0,7670.0,7670.0,7670.0,7670.0,7670.0,7670.0
W90,1826.693,1826.693,1826.693,1826.693,1826.693,1826.693,1826.693,1826.693,1826.693,1826.693,1826.693,1826.693,1826.693
W91,19441.44,19441.44,19441.44,19441.44,19441.44,19441.44,19441.44,19441.44,19441.44,19441.44,19441.44,19441.44,19441.44
W92,22173.6,22173.6,22173.6,22173.6,22173.6,22173.6,22173.6,22173.6,22173.6,22173.6,22173.6,22173.6,22173.6
W93,1734.6229999999998,1734.6229999999998,1734.6229999999998,1734.6229999999998,1734.6229999999998,1734.6229999999998,1734.6229999999998,1734.6229999999998,1734.6229999999998,1734.6229999999998,1734.6229999999998,1734.6229999999998,1734.6229999999998
W94,1812.85,1812.85,1812.85,1812.85,1812.85,1812.85,1812.85,1812.85,1812.85,1812.85,1812.85,1812.85,1812.85
W95,1652.2,1652.2,1652.2,1652.2,1652.2,1652.2,1652.2,1652.2,1652.2,1652.2,1652.2,1652.2,1652.2
W96,11294.726,11294.726,11294.726,11294.726,11294.726,11294.726,11294.726,11294.726,11294.726,11294.726,11294.726,11294.726,11294.726
W97,441.06,441.06,441.06,441.06,441.06,441.06,441.06,441.06,441.06,441.06,441.06,441.06,441.06
W98,576.81,576.81,576.81,576.81,576.81,576.81,576.81,576.81,576.81,576.81,576.81,576.81,576.81
W99,15101.03,15101.03,15101.03,15101.03,15101.03,15101.03,15101.03,15101.03,15101.03,15101.03,15101.03,15101.03,15101.03
