9.718880719149449732e+00
4.242007138310434300e+00
3.679097530262120053e+00
2.300756272273185132e+00
2.891097329201191002e+00
2.802747284917287196e+00
2.622332710007260204e+00
6.178991735393924323e+00
6.506136338727646073e-01
7.041450561446072953e+00
1.899743547553874423e+00
1.877052248668094059e+00
1.942133305223828765e-01
2.667760611064232457e+00
2.149400703260937906e+00
1.789411348527725654e+00
3.131951859581585951e-01
2.311871092240805670e+00
3.605079920308276176e+00
2.514953876482983741e+00
3.054054623158921622e+00
1.134517772458823792e+00
3.399012706226513192e+00
2.747000526229619766e+00
2.814076808373984218e+00
3.844749728993937854e+00
3.187984593851209691e-01
3.489232376765913357e-01
2.839750125959999760e+00
2.967156366270523815e+00
2.854781234980501736e+00
3.442473885028784597e+00
2.906936016001294920e+00
2.643821150874193560e+00
5.557982760679793799e+00
5.223101691793451629e+00
6.501744133425261252e-01
7.239005156048899714e+00
2.151007253792270202e+00
2.662421445945460707e+00
2.549826604798313578e+00
6.406476405085041570e+00
2.072675417417245036e+00
4.932446805719594152e-01
2.502943031366590354e+00
2.563397760258875557e+00
2.970082118495029899e+00
2.454467434820600591e+00
2.777939728525754770e+00
1.037675229557950329e+00
3.056875835530981522e+00
2.448310638427423136e+00
3.638789507318406447e+00
2.485053687766221875e-01
3.448951523934229435e-01
2.036748688988544664e+00
8.182387106252091868e+00
2.794228958826835640e+00
4.263387149889156014e+00
3.101174256551026964e+00
2.485477750622237192e+00
2.905448979827393252e+00
3.386846746056341395e+00
5.779429419081319352e+00
1.109388871289788359e+00
4.475857203704298293e+00
1.441525768656097384e+00
8.684313305517189718e+00
2.053021920953658874e+00
1.743099257419879367e+00
4.280254217258776528e+00
2.292602204808050992e+00
1.576411828720124531e+00
2.485713166857486389e-01
1.377563308473249704e+00
1.181602058438067315e+00
2.039914656994640474e+00
3.160947916182321737e+00
4.233842966357615367e+00
4.619503203080042475e+00
1.953778433398168035e+00
3.078707242275402933e+00
1.293082065602000119e+00
9.882384980663592167e-01
2.617885581015256591e+00
2.032487932255568897e+00
1.391243539738289847e+00
5.704800450540565393e+00
1.219427418733388446e+00
9.903655025546955315e+00
1.971888741801925748e+00
4.608452019647715225e+00
5.828050165876795141e+00
5.196273898363834576e+00
3.080982235623220156e+00
2.393480841237433765e+00
2.564238447535183152e+00
1.549869171407419088e+00
4.314286243714412494e-01
3.530406592168201740e+00
6.915961283449185704e-01
1.221215426336835774e+00
2.761453536517637364e+00
8.438824499001107426e-01
1.361319197420850058e+00
6.084752413566831830e-01
1.115879461034700704e+00
1.676638052216517849e+00
6.919390710052236715e-01
3.105907230578359268e+00
8.187946649881489014e-01
9.423616544913798521e+00
8.741552998658840279e-01
7.627346502362167824e-01
1.979972954177694699e+00
6.485177196489659845e-01
4.230558085437141180e+00
5.930010757460782989e-01
6.057687657879712972e+00
1.349692711776176113e+00
1.217143534358933898e+01
2.237376982095129474e+00
1.231160786843887323e+01
9.215993273917979511e-01
5.949857054812508927e+00
2.677562298607537628e+01
1.911424713003158971e+00
1.425573747735125352e+00
9.494233127485197654e-01
4.834223149093581640e+00
4.220658401110576108e+00
4.401926976203769937e-01
1.014804467143408218e+00
1.734207109725010243e+00
4.173153742966135282e-01
9.087474647377141723e-01
1.897736626375364555e+00
2.524646947310698941e+00
1.134576145846543538e+00
2.418784729157524627e+00
9.328858121948799820e-01
2.775937595283257231e+00
1.773697136155397258e+00
1.403534319217929704e+00
7.765047376548059876e-01
4.943547995135706419e-01
1.296401551142935649e+00
4.548516312129856409e+00
2.453928125914916603e+00
2.253287090016613980e+00
9.309686205972833584e-01
3.349435692459570291e+00
1.894338853693193769e+00
1.144481121360817477e+00
5.998621844964637795e+00
1.955576398001316552e+00
1.137045949217547314e+00
3.444800067754285600e+00
2.873927590767671347e+00
9.699594329789876790e-01
7.469616642363471115e+00
6.790596949242486247e+00
1.390290881419283808e+00
2.399792349519875412e+00
4.874531235382548289e+00
2.656157737668832119e+00
1.031921315151671337e+01
2.718346322455230890e+00
3.540684305172883573e+00
8.911482664482788252e+00
6.868518219749262244e+00
5.677091743586815120e+00
3.772338388265367826e+00
3.710184814723455737e+00
2.537005558002508820e+00
3.473742006330104437e-01
5.535632404481137137e+00
9.108553579742821871e-01
1.323307693193950918e+00
3.112914090879224105e-01
7.884376286663533628e-01
4.506163240092509348e+00
4.451772667716066501e+00
9.852711026696882035e-01
2.535940464795153115e+00
1.892710369754797339e+00
2.771491502236375748e+00
1.288620586895397713e+00
1.121077916596981749e+00
1.555225787949272798e+00
1.060851331817954657e+00
1.062199625184550911e+00
3.807767249168521051e+00
7.788648538516191877e+00
5.405452480369301149e+00
2.931291832450909407e+00
1.646537033461688670e+00
2.507708742323026652e+00
1.267612319661063580e+00
1.218200599667786266e+00
1.347691066480170674e+00
1.091762834586518904e+00
1.867473786627913634e+00
2.986425800735650893e-01
3.898304253086006810e-01
1.330140428629356109e+00
5.952502688501648542e-01
3.129371070618155226e+00
3.977195858381540106e+00
1.930968353196308218e+00
1.576097742045310168e+00
1.785618838043452561e+00
2.593292853685476462e+00
3.236063056856460562e+00
4.564353213614615434e+00
8.237466526263883537e-01
1.950074244919526745e+00
7.165731067165018731e-01
7.932002695569839723e-01
6.783510671171935069e-01
8.043222520940624953e-01
7.047528449492093117e-01
7.939046761012345854e+00
1.686703693388569070e+00
7.379136380855939592e-01
9.942864614052601135e-01
9.348656844885684380e-01
6.658572397841210355e-01
7.970598089783508255e-01
9.337773283268714364e-01
8.457365831164401770e-01
6.987609896677730026e-01
7.035085724779175376e-01
1.097583175767589125e+00
2.043933790471764933e+00
1.302253799184782457e+00
8.917366393988263029e-01
1.025492268534465401e+00
6.566600843600423065e-01
7.527470659016510801e-01
6.870667427780018377e-01
6.730267283237407749e-01
5.428618504665102540e-01
7.444541480806349254e-01
1.325843768044691728e+00
2.094172959208818074e+00
1.718158463126083557e+00
7.384543175266714554e-01
1.137344703916643551e+00
2.063809063116255338e+00
2.053379920842757222e+00
8.980383204521439344e-01
1.155614993928302692e+00
1.317698584688675956e+00
1.039558907771233498e+00
1.209206371350369125e+00
2.438513404260227890e+00
1.052559042566979297e+00
1.092404904886236539e+00
7.477125421742173428e-01
1.672044271297677520e+00
1.394394782965549417e+00
1.676304808567550264e+00
1.362350480549738840e+00
2.066114909460519566e+00
2.245161431907971128e+00
7.036762004071165366e-01
2.368782796146096992e+00
1.370222637773485630e+00
9.979354219693047368e-01
7.105313490322771042e-01
1.140183902225031964e+00
8.439273498024998377e-01
9.595309896363098945e-01
7.048133897189542418e-01
7.955478706489711449e-01
1.076921104129500595e+00
8.667523264232209756e-01
1.687267173720099267e+00
4.444096906600860653e-01
8.863981247373768912e-01
1.240074062883460781e+00
1.054245092128659911e+00
1.170613761784632612e+00
1.119691327759216870e+00
7.819345663717052197e-01
8.441599151612524388e-01
8.174813645256138184e-01
1.260389309319815521e+00
2.219954610331866363e+00
2.941535724438635313e+00
1.675474649647942904e+00
3.253261892121364518e+00
1.790751526282292172e+00
3.355774816833812846e+00
1.571537822044782873e+00
1.540751238812746671e+00
1.565907875563455898e+00
3.375859607100845317e+00
5.718628697029402908e+00
4.271361494778897594e+00
5.692457351829212087e+00
3.485994966498604519e+00
2.566235895662480004e+00
5.538693710750546284e-01
2.562724936724931180e+00
1.784560594354235752e+00
1.458019699001459779e+00
7.006556108778618785e-01
3.577538115345621494e-01
1.918846521694888674e+00
6.834148111496824995e+00
1.421768671594182898e+01
3.676619726893474827e+00
7.598149380739521730e-01
1.391392484371486438e+00
6.543427753143122416e+00
2.622975105646856431e+00
2.866143108910474968e+00
2.638915032397361138e+00
3.775946976921289888e+00
3.522322393164122989e+00
6.569245654331319351e+00
1.367261364007378965e+01
1.265306530697553056e+00
1.077454875552058322e+00
5.610076150252717442e-01
1.182291733431727998e+00
2.898930132958440486e-01
3.660323206663699813e-01
3.659742955407397358e-01
2.004619777114254831e+01
2.431573573587255677e+00
1.165653485739200690e+00
2.760058166671917945e+00
2.104396372046637875e+00
3.176287218048031491e+00
2.258480862480348517e+00
2.032530886618887145e+00
2.696872523827451573e+00
4.634435248822277309e+00
1.322070084298472503e+00
1.414878731109578514e+00
1.777952415316126800e+00
1.752724390759206941e+00
2.145161934251947677e+00
1.372642667012028861e+00
8.816076186411534454e-01
1.188196080008544708e+00
1.274875857882314056e+00
1.669263832453861118e+00
5.737921688720478919e+00
1.134210741785911081e+00
3.165891763135748160e+00
2.723453395905978791e+00
2.418440710697498996e+00
2.557993192243842029e-01
2.375330158470491670e-01
6.152040501006927897e+00
