2.403092384338378906e-02 5.112648010253906250e-03
1.676750183105468750e-02 3.518104553222656250e-03
2.372622489929199219e-02 6.233930587768554688e-03
2.855205535888671875e-02 6.295204162597656250e-03
4.582262039184570312e-02 8.762121200561523438e-03
4.353880882263183594e-02 8.779525756835937500e-03
1.434373855590820312e-02 3.715276718139648438e-03
1.602268218994140625e-02 3.674507141113281250e-03
1.724267005920410156e-02 3.555774688720703125e-03
2.595448493957519531e-02 6.674528121948242188e-03
1.595234870910644531e-02 3.683328628540039062e-03
1.631569862365722656e-02 3.648042678833007812e-03
1.612806320190429688e-02 3.615617752075195312e-03
3.260254859924316406e-02 8.923530578613281250e-03
1.265954971313476562e-02 3.607511520385742188e-03
1.599240303039550781e-02 3.667831420898437500e-03
1.677298545837402344e-02 3.669261932373046875e-03
1.648449897766113281e-02 3.573894500732421875e-03
1.689314842224121094e-02 3.569364547729492188e-03
3.022122383117675781e-02 4.641056060791015625e-03
1.922774314880371094e-02 3.858804702758789062e-03
1.602196693420410156e-02 3.522872924804687500e-03
1.279163360595703125e-02 3.568410873413085938e-03
1.709771156311035156e-02 3.743648529052734375e-03
1.621770858764648438e-02 3.516674041748046875e-03
2.550172805786132812e-02 5.390405654907226562e-03
2.765798568725585938e-02 6.216764450073242188e-03
2.708721160888671875e-02 5.822181701660156250e-03
2.280449867248535156e-02 3.927946090698242188e-03
1.237249374389648438e-02 3.610372543334960938e-03
1.558589935302734375e-02 4.341363906860351562e-03
2.541017532348632812e-02 6.526947021484375000e-03
2.002429962158203125e-02 5.647897720336914062e-03
1.217126846313476562e-02 3.415584564208984375e-03
1.568746566772460938e-02 3.953218460083007812e-03
1.770782470703125000e-02 3.599643707275390625e-03
2.302932739257812500e-02 6.156921386718750000e-03
1.226854324340820312e-02 3.390073776245117188e-03
2.289104461669921875e-02 9.472608566284179688e-03
2.800774574279785156e-02 5.703687667846679688e-03
2.509784698486328125e-02 6.548643112182617188e-03
1.300621032714843750e-02 3.554582595825195312e-03
1.270985603332519531e-02 3.687620162963867188e-03
2.356147766113281250e-02 3.785848617553710938e-03
2.398252487182617188e-02 7.149219512939453125e-03
2.558803558349609375e-02 5.166053771972656250e-03
1.232481002807617188e-02 3.515958786010742188e-03
1.267242431640625000e-02 3.407716751098632812e-03
2.083492279052734375e-02 5.507946014404296875e-03
1.618862152099609375e-02 3.457307815551757812e-03
1.786136627197265625e-02 7.950782775878906250e-03
2.353286743164062500e-02 6.012678146362304688e-03
1.561880111694335938e-02 3.902912139892578125e-03
1.184844970703125000e-02 3.471851348876953125e-03
2.280426025390625000e-02 3.851652145385742188e-03
2.968907356262207031e-02 5.946636199951171875e-03
2.330899238586425781e-02 4.962444305419921875e-03
2.963757514953613281e-02 5.834341049194335938e-03
2.354216575622558594e-02 6.151199340820312500e-03
3.579187393188476562e-02 7.338762283325195312e-03
2.582383155822753906e-02 7.045745849609375000e-03
3.494739532470703125e-02 6.993055343627929688e-03
3.032302856445312500e-02 6.580352783203125000e-03
1.974821090698242188e-02 5.148887634277343750e-03
2.667737007141113281e-02 4.922151565551757812e-03
1.495957374572753906e-02 4.365682601928710938e-03
2.553272247314453125e-02 4.085540771484375000e-03
1.792573928833007812e-02 4.037618637084960938e-03
1.313567161560058594e-02 3.601789474487304688e-03
1.497817039489746094e-02 3.483295440673828125e-03
1.679110527038574219e-02 3.630876541137695312e-03
2.263832092285156250e-02 5.985975265502929688e-03
1.963806152343750000e-02 6.152153015136718750e-03
2.558493614196777344e-02 5.105733871459960938e-03
1.381421089172363281e-02 3.617763519287109375e-03
1.207399368286132812e-02 3.489732742309570312e-03
2.246403694152832031e-02 6.228685379028320312e-03
1.562333106994628906e-02 3.896236419677734375e-03
1.755118370056152344e-02 3.527402877807617188e-03
1.699590682983398438e-02 3.835201263427734375e-03
1.629471778869628906e-02 3.731250762939453125e-03
1.223015785217285156e-02 3.633022308349609375e-03
1.937007904052734375e-02 7.378101348876953125e-03
2.375912666320800781e-02 6.769180297851562500e-03
2.445769309997558594e-02 6.727218627929687500e-03
2.704024314880371094e-02 5.622625350952148438e-03
2.133488655090332031e-02 4.449844360351562500e-03
1.915478706359863281e-02 4.460334777832031250e-03
1.821589469909667969e-02 3.852128982543945312e-03
2.202320098876953125e-02 6.044387817382812500e-03
1.717114448547363281e-02 3.960847854614257812e-03
1.649284362792968750e-02 3.932714462280273438e-03
1.721954345703125000e-02 3.927230834960937500e-03
1.666879653930664062e-02 3.937244415283203125e-03
2.756810188293457031e-02 4.079103469848632812e-03
1.786160469055175781e-02 4.259586334228515625e-03
2.956676483154296875e-02 6.158828735351562500e-03
1.662611961364746094e-02 3.843307495117187500e-03
1.696419715881347656e-02 4.409074783325195312e-03
1.719188690185546875e-02 3.914117813110351562e-03
2.794647216796875000e-02 4.768610000610351562e-03
1.630902290344238281e-02 3.870964050292968750e-03
2.995514869689941406e-02 7.135152816772460938e-03
1.666331291198730469e-02 4.142284393310546875e-03
1.286268234252929688e-02 3.862619400024414062e-03
1.581645011901855469e-02 5.349874496459960938e-03
2.035450935363769531e-02 7.995128631591796875e-03
2.984285354614257812e-02 6.134271621704101562e-03
2.703833580017089844e-02 4.241228103637695312e-03
1.804232597351074219e-02 4.170656204223632812e-03
2.177238464355468750e-02 6.119728088378906250e-03
2.011227607727050781e-02 6.171464920043945312e-03
1.547884941101074219e-02 4.074096679687500000e-03
1.883244514465332031e-02 4.353046417236328125e-03
1.972126960754394531e-02 3.822326660156250000e-03
1.282501220703125000e-02 3.808975219726562500e-03
1.817774772644042969e-02 3.844261169433593750e-03
1.234102249145507812e-02 3.798246383666992188e-03
1.649832725524902344e-02 6.158113479614257812e-03
2.801585197448730469e-02 6.757497787475585938e-03
1.624321937561035156e-02 3.922462463378906250e-03
1.662850379943847656e-02 3.928184509277343750e-03
2.482509613037109375e-02 7.007837295532226562e-03
2.244949340820312500e-02 6.273508071899414062e-03
2.908658981323242188e-02 6.509542465209960938e-03
2.757763862609863281e-02 5.825519561767578125e-03
3.225779533386230469e-02 7.023096084594726562e-03
2.622842788696289062e-02 7.483959197998046875e-03
1.637506484985351562e-02 3.825664520263671875e-03
1.249575614929199219e-02 3.821372985839843750e-03
2.936482429504394531e-02 3.924131393432617188e-03
1.271629333496093750e-02 5.135774612426757812e-03
1.483249664306640625e-02 4.357814788818359375e-03
1.928734779357910156e-02 4.407167434692382812e-03
1.729512214660644531e-02 3.622770309448242188e-03
1.901340484619140625e-02 6.610393524169921875e-03
3.023648262023925781e-02 7.230043411254882812e-03
3.034162521362304688e-02 7.771730422973632812e-03
1.255393028259277344e-02 3.843545913696289062e-03
1.460027694702148438e-02 3.866910934448242188e-03
1.347184181213378906e-02 3.987789154052734375e-03
1.661109924316406250e-02 3.786325454711914062e-03
2.247714996337890625e-02 3.876447677612304688e-03
1.695799827575683594e-02 3.843069076538085938e-03
1.953983306884765625e-02 3.792285919189453125e-03
1.673984527587890625e-02 3.478527069091796875e-03
1.358175277709960938e-02 5.300283432006835938e-03
1.377511024475097656e-02 4.178762435913085938e-03
2.148151397705078125e-02 4.495859146118164062e-03
1.456689834594726562e-02 4.415988922119140625e-03
1.724743843078613281e-02 3.798484802246093750e-03
1.192569732666015625e-02 3.848314285278320312e-03
3.185462951660156250e-02 6.603002548217773438e-03
3.189802169799804688e-02 6.473064422607421875e-03
2.417731285095214844e-02 3.950357437133789062e-03
1.210069656372070312e-02 3.688812255859375000e-03
2.357459068298339844e-02 3.444194793701171875e-03
2.954030036926269531e-02 6.767749786376953125e-03
1.870155334472656250e-02 4.317522048950195312e-03
1.787996292114257812e-02 4.314184188842773438e-03
2.442908287048339844e-02 6.658792495727539062e-03
1.963329315185546875e-02 6.754636764526367188e-03
2.918052673339843750e-02 6.965398788452148438e-03
1.660871505737304688e-02 3.876447677612304688e-03
1.345920562744140625e-02 3.920316696166992188e-03
1.289749145507812500e-02 3.925323486328125000e-03
1.692342758178710938e-02 4.658937454223632812e-03
1.763629913330078125e-02 3.909111022949218750e-03
1.694655418395996094e-02 3.906488418579101562e-03
1.656723022460937500e-02 3.828763961791992188e-03
1.832556724548339844e-02 4.236936569213867188e-03
1.367449760437011719e-02 4.206418991088867188e-03
3.201270103454589844e-02 5.130529403686523438e-03
1.442813873291015625e-02 4.258871078491210938e-03
1.377892494201660156e-02 4.184961318969726562e-03
1.705646514892578125e-02 3.930330276489257812e-03
2.173733711242675781e-02 3.803730010986328125e-03
1.234292984008789062e-02 3.830432891845703125e-03
1.391363143920898438e-02 4.151105880737304688e-03
1.757693290710449219e-02 4.071235656738281250e-03
3.093957901000976562e-02 6.662845611572265625e-03
2.482199668884277344e-02 5.207777023315429688e-03
1.688790321350097656e-02 3.709077835083007812e-03
1.573538780212402344e-02 3.651857376098632812e-03
2.414107322692871094e-02 6.242036819458007812e-03
2.520608901977539062e-02 3.977537155151367188e-03
2.957725524902343750e-02 6.600141525268554688e-03
2.411532402038574219e-02 4.470348358154296875e-03
2.807545661926269531e-02 6.626844406127929688e-03
1.952672004699707031e-02 3.666400909423828125e-03
1.706147193908691406e-02 3.998756408691406250e-03
1.334452629089355469e-02 4.246711730957031250e-03
2.513241767883300781e-02 6.518602371215820312e-03
1.717686653137207031e-02 7.878780364990234375e-03
1.820778846740722656e-02 4.201889038085937500e-03
2.381420135498046875e-02 7.173776626586914062e-03
3.258180618286132812e-02 6.743431091308593750e-03
3.512430191040039062e-02 6.963491439819335938e-03
1.820421218872070312e-02 3.755569458007812500e-03
1.620221138000488281e-02 3.766775131225585938e-03
1.736021041870117188e-02 3.950357437133789062e-03
1.855206489562988281e-02 4.270315170288085938e-03
2.489495277404785156e-02 7.546186447143554688e-03
1.839113235473632812e-02 4.196882247924804688e-03
3.160452842712402344e-02 6.498098373413085938e-03
2.299475669860839844e-02 4.938602447509765625e-03
2.406263351440429688e-02 3.833532333374023438e-03
1.641440391540527344e-02 3.784894943237304688e-03
2.419137954711914062e-02 6.832599639892578125e-03
2.709794044494628906e-02 5.689144134521484375e-03
1.841497421264648438e-02 4.230976104736328125e-03
1.599025726318359375e-02 3.862619400024414062e-03
2.756381034851074219e-02 5.714893341064453125e-03
3.311586380004882812e-02 7.175922393798828125e-03
2.289676666259765625e-02 8.408546447753906250e-03
3.136777877807617188e-02 4.507780075073242188e-03
1.972031593322753906e-02 3.787279129028320312e-03
1.604938507080078125e-02 3.821372985839843750e-03
3.232502937316894531e-02 6.848812103271484375e-03
1.853990554809570312e-02 7.559299468994140625e-03
2.434754371643066406e-02 7.081031799316406250e-03
2.017450332641601562e-02 3.998756408691406250e-03
1.335120201110839844e-02 3.535270690917968750e-03
2.170991897583007812e-02 6.169319152832031250e-03
1.920747756958007812e-02 4.361629486083984375e-03
1.819109916687011719e-02 4.189491271972656250e-03
3.021144866943359375e-02 7.150173187255859375e-03
1.900649070739746094e-02 4.217863082885742188e-03
2.317476272583007812e-02 7.279157638549804688e-03
1.772618293762207031e-02 6.627798080444335938e-03
2.257847785949707031e-02 4.745483398437500000e-03
1.657676696777343750e-02 3.901958465576171875e-03
2.916765213012695312e-02 5.244731903076171875e-03
1.250791549682617188e-02 3.843069076538085938e-03
2.453923225402832031e-02 3.900051116943359375e-03
1.366162300109863281e-02 4.209041595458984375e-03
1.744008064270019531e-02 3.943681716918945312e-03
1.321005821228027344e-02 4.348516464233398438e-03
1.698374748229980469e-02 3.840684890747070312e-03
1.611089706420898438e-02 3.792285919189453125e-03
2.973270416259765625e-02 4.367828369140625000e-03
1.900196075439453125e-02 4.290580749511718750e-03
2.080917358398437500e-02 3.769397735595703125e-03
1.198244094848632812e-02 6.185531616210937500e-03
2.030491828918457031e-02 6.534337997436523438e-03
2.056241035461425781e-02 3.638505935668945312e-03
1.769304275512695312e-02 4.083633422851562500e-03
2.666187286376953125e-02 7.334947586059570312e-03
2.919149398803710938e-02 8.106470108032226562e-03
4.011297225952148438e-02 9.463548660278320312e-03
2.123880386352539062e-02 3.968954086303710938e-03
1.730203628540039062e-02 5.681991577148437500e-03
3.090381622314453125e-02 1.073837280273437500e-02
3.343224525451660156e-02 4.006862640380859375e-03
2.374148368835449219e-02 6.837606430053710938e-03
2.200031280517578125e-02 5.962610244750976562e-03
2.821922302246093750e-02 6.724357604980468750e-03
3.182768821716308594e-02 7.216215133666992188e-03
2.444195747375488281e-02 7.286787033081054688e-03
2.313804626464843750e-02 5.031824111938476562e-03
2.531886100769042969e-02 6.716966629028320312e-03
2.609658241271972656e-02 4.835128784179687500e-03
3.450179100036621094e-02 7.262945175170898438e-03
2.696347236633300781e-02 4.173755645751953125e-03
1.440596580505371094e-02 4.714488983154296875e-03
1.379704475402832031e-02 5.022287368774414062e-03
3.827834129333496094e-02 5.460500717163085938e-03
1.856994628906250000e-02 4.108190536499023438e-03
2.097535133361816406e-02 3.921508789062500000e-03
1.396679878234863281e-02 3.798961639404296875e-03
3.154706954956054688e-02 6.532669067382812500e-03
2.518963813781738281e-02 5.418062210083007812e-03
3.316950798034667969e-02 6.469249725341796875e-03
2.054977416992187500e-02 5.433797836303710938e-03
2.383422851562500000e-02 6.454467773437500000e-03
2.545237541198730469e-02 5.389213562011718750e-03
2.412438392639160156e-02 6.445646286010742188e-03
1.988863945007324219e-02 5.539894104003906250e-03
2.972984313964843750e-02 6.589651107788085938e-03
2.695584297180175781e-02 5.546808242797851562e-03
3.336811065673828125e-02 6.960630416870117188e-03
2.744817733764648438e-02 5.853414535522460938e-03
2.336478233337402344e-02 4.993915557861328125e-03
2.011299133300781250e-02 4.318475723266601562e-03
2.962017059326171875e-02 5.254030227661132812e-03
2.161073684692382812e-02 4.596471786499023438e-03
1.643395423889160156e-02 4.581928253173828125e-03
1.876640319824218750e-02 4.071235656738281250e-03
2.858853340148925781e-02 5.626201629638671875e-03
1.641392707824707031e-02 4.594802856445312500e-03
3.154492378234863281e-02 7.454872131347656250e-03
1.964855194091796875e-02 4.117727279663085938e-03
2.315235137939453125e-02 4.719972610473632812e-03
1.460838317871093750e-02 4.168510437011718750e-03
1.716780662536621094e-02 4.683971405029296875e-03
1.924324035644531250e-02 4.184007644653320312e-03
2.404808998107910156e-02 6.156206130981445312e-03
1.724529266357421875e-02 4.295587539672851562e-03
2.477622032165527344e-02 4.647493362426757812e-03
2.085852622985839844e-02 4.184722900390625000e-03
2.995014190673828125e-02 6.374359130859375000e-03
1.988387107849121094e-02 5.689382553100585938e-03
4.602217674255371094e-02 9.341478347778320312e-03
1.883912086486816406e-02 4.260778427124023438e-03
2.480888366699218750e-02 7.264375686645507812e-03
2.804636955261230469e-02 5.894422531127929688e-03
3.398871421813964844e-02 6.613254547119140625e-03
2.045488357543945312e-02 5.584716796875000000e-03
1.900625228881835938e-02 3.834724426269531250e-03
1.660776138305664062e-02 3.829240798950195312e-03
3.039193153381347656e-02 1.162552833557128906e-02
2.798199653625488281e-02 4.687786102294921875e-03
3.762531280517578125e-02 9.316205978393554688e-03
2.373123168945312500e-02 6.791591644287109375e-03
2.195286750793457031e-02 4.620075225830078125e-03
1.452445983886718750e-02 4.235029220581054688e-03
1.995158195495605469e-02 4.276037216186523438e-03
1.418733596801757812e-02 4.184961318969726562e-03
3.573393821716308594e-02 8.099079132080078125e-03
3.035736083984375000e-02 6.156921386718750000e-03
3.453922271728515625e-02 6.940364837646484375e-03
2.671813964843750000e-02 5.556344985961914062e-03
3.202795982360839844e-02 7.193326950073242188e-03
2.222490310668945312e-02 5.985498428344726562e-03
2.664399147033691406e-02 6.087779998779296875e-03
1.943516731262207031e-02 5.237102508544921875e-03
2.571010589599609375e-02 6.751298904418945312e-03
2.191829681396484375e-02 5.810737609863281250e-03
2.371954917907714844e-02 7.507801055908203125e-03
2.407264709472656250e-02 7.234096527099609375e-03
3.249001502990722656e-02 6.340026855468750000e-03
1.979660987854003906e-02 5.274057388305664062e-03
3.464031219482421875e-02 7.362127304077148438e-03
1.749086380004882812e-02 3.947257995605468750e-03
2.980375289916992188e-02 6.048202514648437500e-03
2.505612373352050781e-02 5.372524261474609375e-03
3.303360939025878906e-02 6.710290908813476562e-03
2.008748054504394531e-02 5.671739578247070312e-03
2.535891532897949219e-02 8.769989013671875000e-03
3.383803367614746094e-02 8.750915527343750000e-03
3.393650054931640625e-02 6.829977035522460938e-03
4.167318344116210938e-02 8.290529251098632812e-03
2.177000045776367188e-02 6.050109863281250000e-03
1.926255226135253906e-02 5.263805389404296875e-03
4.540562629699707031e-02 8.822679519653320312e-03
1.822066307067871094e-02 4.105806350708007812e-03
2.339982986450195312e-02 6.404638290405273438e-03
2.480077743530273438e-02 5.207777023315429688e-03
3.291988372802734375e-02 7.090568542480468750e-03
2.998375892639160156e-02 7.146835327148437500e-03
4.171991348266601562e-02 8.102655410766601562e-03
1.552915573120117188e-02 3.952503204345703125e-03
1.994490623474121094e-02 4.340410232543945312e-03
1.748847961425781250e-02 3.882646560668945312e-03
3.060698509216308594e-02 6.442070007324218750e-03
2.452683448791503906e-02 5.018472671508789062e-03
2.853751182556152344e-02 5.853652954101562500e-03
2.208709716796875000e-02 4.900693893432617188e-03
2.807593345642089844e-02 6.713390350341796875e-03
2.924609184265136719e-02 6.556987762451171875e-03
3.092455863952636719e-02 6.917715072631835938e-03
2.844548225402832031e-02 3.882408142089843750e-03
1.606392860412597656e-02 3.496170043945312500e-03
1.540660858154296875e-02 3.568887710571289062e-03
2.163195610046386719e-02 6.317615509033203125e-03
1.833748817443847656e-02 4.076480865478515625e-03
3.236246109008789062e-02 6.908655166625976562e-03
2.575731277465820312e-02 5.371332168579101562e-03
2.914929389953613281e-02 5.992889404296875000e-03
2.323389053344726562e-02 4.992723464965820312e-03
2.575278282165527344e-02 5.392074584960937500e-03
2.235054969787597656e-02 4.604816436767578125e-03
1.566505432128906250e-02 4.470825195312500000e-03
1.758003234863281250e-02 3.939390182495117188e-03
2.584147453308105469e-02 5.408763885498046875e-03
2.127027511596679688e-02 4.647970199584960938e-03
2.650523185729980469e-02 4.106998443603515625e-03
1.769852638244628906e-02 4.339456558227539062e-03
1.726961135864257812e-02 4.043340682983398438e-03
2.084517478942871094e-02 3.774404525756835938e-03
1.382303237915039062e-02 3.964185714721679688e-03
1.306700706481933594e-02 3.880500793457031250e-03
1.976728439331054688e-02 3.580093383789062500e-03
1.473760604858398438e-02 4.928588867187500000e-03
1.583385467529296875e-02 4.396677017211914062e-03
1.322054862976074219e-02 3.808021545410156250e-03
1.703691482543945312e-02 3.851652145385742188e-03
1.840114593505859375e-02 4.015684127807617188e-03
1.406264305114746094e-02 3.974199295043945312e-03
1.521134376525878906e-02 3.400087356567382812e-03
1.694226264953613281e-02 3.871679306030273438e-03
1.406574249267578125e-02 3.841876983642578125e-03
2.731156349182128906e-02 6.181478500366210938e-03
1.705694198608398438e-02 3.857135772705078125e-03
1.351666450500488281e-02 3.802061080932617188e-03
1.516819000244140625e-02 3.099203109741210938e-03
2.296161651611328125e-02 6.193399429321289062e-03
2.735328674316406250e-02 6.675004959106445312e-03
2.885794639587402344e-02 5.849123001098632812e-03
2.996110916137695312e-02 3.867387771606445312e-03
2.402210235595703125e-02 5.741357803344726562e-03
2.980661392211914062e-02 6.029844284057617188e-03
2.589249610900878906e-02 6.965398788452148438e-03
2.717304229736328125e-02 6.703615188598632812e-03
2.243661880493164062e-02 5.357980728149414062e-03
2.580642700195312500e-02 5.424022674560546875e-03
1.256203651428222656e-02 3.950834274291992188e-03
2.879476547241210938e-02 6.060123443603515625e-03
2.741885185241699219e-02 6.633758544921875000e-03
3.078079223632812500e-02 4.919290542602539062e-03
1.797819137573242188e-02 4.009962081909179688e-03
1.678514480590820312e-02 3.557682037353515625e-03
2.379608154296875000e-02 4.952669143676757812e-03
2.729773521423339844e-02 3.215074539184570312e-03
