3.697491339668840249e-02
2.158922593039330762e-02
2.446500347037454670e-01
1.071787069428823402e-01
6.445219629038963227e-02
5.859939506299902817e-02
6.708262589343443050e-02
8.965871102474876064e-02
5.602883295665075231e-02
2.230492089847855783e-02
1.974111683868937650e-01
2.690474368173890671e-02
2.301826966813373676e-01
2.805943047023553086e-02
1.047295784256086354e-01
8.523857347888873226e-02
5.607490058661301208e-02
3.504175185898992378e-02
3.685458166830945376e-02
4.038252037497903901e-02
5.275666093002676083e-02
6.533368400672295850e-02
2.386207415742281901e-01
2.857905387020244839e-02
7.198278618916663374e-02
2.984353846691679968e-02
6.887348855657937641e-02
1.743399290226131659e-01
8.820787208882699959e-01
9.616142658429037704e-01
6.507922870759256240e-01
1.438980137930688796e+00
8.811028170000186899e-01
8.305568435321730725e-01
5.008959065228891366e-02
6.037349768040127795e-01
2.152189277690207125e-01
7.612846225883661555e-01
8.321764847172964386e-01
3.690977127603670138e-01
2.641327668380092364e-01
1.204670584289010415e+00
4.901267783153591684e-01
5.128398065514448989e-01
8.236934180135421224e-01
3.713563085344757236e-02
5.720091874191045589e-01
6.971037134318009976e-01
2.637382475676546822e-01
4.256742301606132872e-01
6.023037959461937652e-01
8.323329640958089248e-01
7.611088724035172115e-01
6.814424451534181193e-01
2.905967907397384309e-01
3.592734880641756945e-01
4.773371880615197987e-02
3.263668399395593389e-01
3.968430977356215972e-01
3.846726632794565393e-01
1.022330004868610809e+00
2.709267023770494665e-01
6.804645199427378222e-01
2.864002074740397696e-01
2.872077296654440004e-01
8.573415223624533121e-01
9.740218639150323154e-01
4.168204785770335957e-02
4.558653738182680826e-01
3.920119582323164931e-01
7.421243736825569037e-01
5.672145327878841403e-01
1.328250948212315263e+00
4.964903275175286956e-01
2.638610270567412486e-01
1.970471584401177478e-01
1.300776256445091095e+00
4.043872746647824701e-01
2.198549526986012803e-02
2.828972042740284312e-02
2.462864025119801126e-01
3.921054585421612088e-02
3.123492786381235065e-02
2.244428561545489809e-01
2.317334746089698416e-02
2.215773183552104120e-02
2.729921048947891657e-02
2.106727947776112705e-02
2.823569150995340268e-02
2.880598293948992764e-02
2.530535104283788625e-02
1.854917153407259142e-02
4.974470311842943762e-03
3.278008160975363211e-02
1.451208809081236915e-02
3.009842363296742415e-02
2.087618439234177961e-02
2.785563244512291505e-03
2.773026745325765652e-02
2.775161130607826931e-02
2.332125819312228995e-02
2.312620022290752184e-02
2.399306104152464439e-02
2.672721599131872364e-02
3.180479711718841446e-02
2.549959065215813558e-02
1.733343631477944971e-02
1.715758823698720903e-02
2.980053736713117810e-02
2.937827048344047662e-02
3.254743361966727644e-02
7.884652910544946713e-02
3.165524289999657043e-02
2.021406346601715628e-02
2.722041788949483565e-02
1.357282907742099753e-01
2.226151560347027977e-02
3.041579420284956647e-02
3.928236959742214401e-02
3.016468736361777384e-02
2.685743818018925325e-02
3.702102642008713723e-02
3.921840140118244139e-02
3.818258651497370704e-02
2.820416268358656720e-02
2.248211338312886345e-02
2.736361230623986576e-02
2.964705537972935415e-02
3.443695717303284914e-02
3.697155258463768329e-02
3.256734887778662407e-02
2.591475765399895922e-02
2.933003430230535225e-02
1.853438159862177970e-02
2.515233044662937290e-02
1.792516068231766319e-02
1.952357920026064758e-02
1.430295992280179451e-01
1.248520674630344551e-01
2.589813948896533824e-01
3.101146811174483944e-02
2.569019687644745129e-02
2.297021557895165614e-02
1.980526580458902564e-01
2.461848454820949814e-02
8.807398516090773899e-02
1.796747781715509751e-01
2.752745045655390424e-02
2.505697172223638261e-02
8.438064598516269860e-03
1.678611258922366525e-02
2.117764712218260514e-02
6.895217603169068003e-03
1.480522016846450711e-02
1.215539109351773499e-02
3.458156392494381171e-02
8.486908770781080580e-02
6.916855783140628267e-02
4.004702279298718443e-03
1.200314674751550535e-02
3.627501038975021463e-02
1.302328767545341270e-01
2.493330067035255324e-02
3.683032642111244703e-02
3.716789229939476691e-01
1.831407509903344444e-01
2.936558574672659128e-01
4.485802694578409217e-02
1.960493358515826359e-02
2.897249740968672535e-02
2.920272355240618664e-02
4.318852798660002129e-02
7.014840296620672433e-02
2.127530057395346785e-01
1.313826309427704869e-02
2.515915566245828863e-02
2.796797217245500233e-02
3.368408174804660843e-02
6.182897834232336381e-02
3.614745610710207863e-02
3.660027837127663441e-01
1.699005806285637174e-02
2.545930828889163625e-02
4.492814384990898025e-03
2.559094094944605602e-02
3.082898341944114665e-03
2.466037689452255377e-01
2.574553446282075164e-01
3.601159694094508475e-03
5.216510309808385787e-02
2.625507974586547763e-02
1.362960835427255712e-01
1.227302490718386596e-01
2.610440616298270733e-02
5.913594965076487790e-03
1.138181969886190893e-02
7.503494562848568410e-03
2.596602677261619294e-02
1.481452701316262645e-02
1.529127990098761401e-02
3.564299627237083046e-02
7.169934551414480252e-03
3.051994866031969636e-02
1.284361705523979526e-02
3.479251163792837498e-02
1.839356794660672659e-02
3.995029008166638834e-02
2.716855877397682598e-02
7.742030184856816925e-03
1.996259180554130555e-02
2.724594175134433804e-01
3.714499752576023300e-02
1.978530760367021649e-02
2.313169715965425130e-02
2.579428595370868507e-02
1.821506859935304382e-02
2.300804895848787557e-02
2.530328177161265610e-02
1.837831706491911340e-02
2.328563291575394892e-02
3.344725789602197991e-02
3.937828212800121436e-02
5.602022135128214425e-02
5.878898486160144543e-02
2.862189422777464479e-02
3.439949136259929513e-02
2.534963327732972158e-02
2.670127705136363105e-02
3.408212374975208570e-02
2.261908225866028632e-02
3.370399208070307823e-02
3.096944018311500665e-02
2.590341383712993495e-02
3.134920970148465796e-02
2.788934554816596689e-02
2.605651649696510974e-02
2.428234267052882880e-02
1.781636203085057782e-02
2.763921946459599668e-02
2.256274736826841334e-02
2.176451568197502670e-02
2.744605679732540701e-02
2.283920054118918075e-02
3.033055287637833816e-02
3.237798926845358860e-02
2.668513206272342397e-02
1.704784464494585663e-02
2.965404512036794085e-03
1.589954828232823317e-02
2.719420843052575490e-02
2.641485097472272628e-02
2.733840925105408548e-01
8.464359918240913286e-03
3.709596191034000151e-02
3.453686546039932276e-02
2.708890718688791721e-01
7.115226863493841203e-02
2.485715109846870219e-01
2.351031787859764466e-01
4.352130958165664754e-01
4.318738338739459004e-01
3.485061336975914248e-01
5.369752654363045830e-01
1.478813691785271778e-01
3.029853372781851628e-01
1.631064922124377536e-01
1.807966742330050780e-01
2.639197817519291223e-02
2.993806667658319154e-01
5.811760653131390342e-01
3.837673174940913756e-01
3.956554959224704571e-01
1.897178755223609403e-01
4.579280883338553987e-01
5.102717519767577814e-01
2.339188437306987944e-01
3.606778013198881361e-01
5.953341731850257945e-01
2.959956407208417725e-02
3.821326444350361395e-01
2.066340631253751614e-01
2.810404899380067878e-01
2.313750406388113134e-01
3.194624877353564596e-01
2.263888147764222258e-01
4.196053021406040417e-01
2.884828372470035762e-01
6.597983126097760609e-01
1.469345959789349065e-01
8.615235781618084399e-02
4.845333090808605081e-01
5.997771045845744498e-01
2.334181549478266948e-01
3.092775434834222348e-01
1.549389801152766255e-01
1.631118317758311342e-01
8.099616859909698485e-01
2.412759426499429816e-01
2.038759355424013542e-01
4.239076048513371053e-01
1.375784227288838479e-01
1.294547545192975990e+00
2.165744829347668043e-01
1.724009960265287245e-01
5.377283108595475314e-01
8.509039667839629617e-01
4.219439272881780334e-01
4.755663810834083738e-01
3.752406030775115031e-01
1.854275753646633940e-01
3.135144238614571144e-01
4.244599377582699423e-02
2.418922059117394607e-01
2.366038131666047539e-01
2.442468406347691745e-01
2.068441023516310040e-01
2.586800851208204133e-01
6.257545914051494407e-01
3.756322594900408096e-01
2.881240943194336990e-01
3.188633408030135397e-01
4.913336921701456639e-01
5.878591357927076544e-02
2.002548486621414658e-01
2.466738190166849753e-01
1.466901906347843898e-01
2.109680286269706995e-01
3.957651945716458286e-01
3.720247918216961769e-01
1.988824868642347088e-01
4.270419757664896676e-01
3.462439926160834625e-01
3.480230957461294961e-01
8.477437932187360803e-02
2.566862844143863454e-02
6.924353115556790561e-01
1.977331935131425578e-01
1.883829907241583446e-01
1.722947401447107174e-01
3.532486830229199515e-01
4.495739153063512128e-01
1.228381181219468238e-01
3.724738375191585238e-01
5.139947257588221019e-01
2.342980118594869265e-01
2.056971421036506500e-02
2.751611705241582273e-01
2.843582324049070409e-01
2.020335940566243549e-01
2.597206095731679487e-01
3.880513056156646989e-01
3.372371796242842196e-02
3.057241513266087396e-02
3.742834638651024171e-02
2.607017534635026543e-02
5.942179733181366524e-02
2.588099596400380079e-02
7.887780673004525511e-02
6.545375274784615005e-02
1.681145341396312054e-01
3.134059203771340230e-02
2.900193125491957666e-02
3.887862690280408096e-02
7.201642480854114625e-02
7.568019840593716296e-02
2.714782983975441710e-02
9.257521856196164467e-02
3.065974802569824617e-02
5.135812648363075050e-02
4.976278699470446792e-02
3.161272725779885190e-02
2.910818328823748177e-02
9.082957503313544845e-02
8.456260689683979537e-02
4.344501539523742267e-02
1.181590907432124443e-01
1.049726550155802990e-01
6.724890271701461364e-02
3.581249199776091047e-02
3.039684188219370434e-02
9.594610313856383188e-02
6.054626965564236657e-02
3.236896132876324050e-01
3.026335425905346543e-02
2.900828155749221593e-01
1.866462846676867626e-01
1.019515223406851218e-01
5.540671072131081454e-02
2.585794801992074010e-01
1.366197158423948788e-01
2.101764777096230483e-02
3.035160037477628234e-02
3.516202954129234864e-02
2.122661499493515638e-02
3.475937781856631992e-02
4.162499137018427220e-02
1.947865955753655121e-01
1.715409860764613159e-01
2.230585592915415860e-01
1.019756657898864133e-01
2.879063034140758037e-02
3.590677516722426410e-02
9.104350688036717820e-02
3.139968903349347334e-02
4.869512152439903208e-02
4.280763807165965940e-02
8.510068179024772583e-02
3.876309191921547409e-02
3.283380065702364708e-02
3.113940313824977921e-02
1.204760113119996284e-01
2.038371916495721956e-02
2.737737317345394564e-02
6.783624444113878216e-02
