5.594460430847929544e-01
9.248694068078878727e-01
1.873802522889765898e+00
1.121160247087679362e+00
6.516774326261547401e-01
1.122818442777056003e+00
7.666528179663175679e-01
9.885814908773443710e-01
1.119500749607624135e+00
5.483951863892919665e-01
1.117744846294695504e+00
6.911976449757146757e-01
4.322607990030858716e+00
7.344391193060982870e-01
1.162848998276934553e+00
1.157171556875886020e+00
1.513236378635534729e+00
6.709086076650982999e-01
4.337713810761322786e-01
6.492959173884904622e-01
6.856707305306632971e-01
6.334262905708736291e-01
1.359986426384709457e+00
4.960109295091281179e-01
1.505501874390136274e+00
8.966024300935001579e-01
1.503289903930153049e+00
1.181383365110410422e+00
2.888965721561751465e+00
3.820381550013052685e+00
2.880264570917801858e+00
4.761626819735326421e+00
2.753346273749438744e+00
3.076333961521701799e+00
8.441496468768733275e-01
3.921056944476473682e-01
6.202889721271249712e-01
2.392435343151761540e+00
2.137316496510673236e+00
2.998523100771178784e-01
3.254069206632512756e-01
2.813126893009600504e+00
1.967912110198370756e+00
2.220424668468315321e+00
2.952850231093268274e+00
7.850150704845103578e-01
2.014531152913401790e+00
2.262600966207621855e+00
1.018924294771968109e+00
1.278375703110250283e+00
2.143735841598167546e+00
3.952253904523271189e+00
2.338983659472818388e+00
2.592575549722171413e+00
6.100350614524887582e-01
6.367714716790694451e-01
8.462228028216285391e-01
8.299759310165939485e-01
1.279820758469258468e+00
4.971930909134173460e-01
5.985639773756556536e+00
3.191224309098348866e-01
2.317504204339841500e+00
1.135946921578648627e+00
1.071878555057360849e+00
6.206571548645333003e+00
2.576867228883347405e+00
7.290543785688784473e-01
1.618816991502619596e+00
1.715136362960032246e+00
1.880851480672521836e+00
2.079409875378168682e+00
1.787388139412789556e+01
1.542093581745652031e+00
5.517423744665930219e-01
8.037893288561489546e-01
1.526291874542472904e+01
1.708150162289224561e+00
9.257994403291270880e-01
3.662250344777078226e+00
1.224041804353479890e+01
6.157173453785941497e+00
4.619571877105911994e+00
6.091714022254275385e+00
3.652171205936905363e+00
3.071157474268121135e+00
3.474081442766857375e+00
3.253822396063709821e+00
3.897039735489005174e+00
6.793888297315014979e-01
3.353324065076519478e+00
3.190772316367648909e+00
7.151048974660150215e+00
5.101967283881382542e+00
2.206527803326020720e+00
4.254553274387603778e+00
2.472613143384373657e+00
5.002166824093940534e+00
3.583390233676451153e+00
4.034176712374518026e+00
5.110104069831007401e-01
4.024247991088445886e+00
3.434587313819200904e+00
4.374292705535648196e+00
4.683447700514513201e+00
3.684438210770757838e+00
2.031391508695955750e+00
2.706727305393071159e+00
4.379545821662403249e+00
4.187492201101989941e+00
4.373304566216953404e+00
1.185978196669025486e+00
5.709237308121126730e-01
2.937667790032736814e+00
3.592684752161761974e+00
4.039427169546774721e+00
3.200935536697413042e+00
4.668954552445693906e+00
6.470207779640790413e+00
3.866817703359832770e+00
3.577499563312195541e+00
5.491265915846403445e+00
8.004974173456767872e+00
8.109953032477473789e-01
3.965487847654666886e+00
2.963393586444064365e+00
3.553810579603174258e+00
6.469163363242745213e+00
5.305470624033083560e+00
5.716739110853114703e+00
4.384311783894355052e+00
3.778337787074984355e+00
4.147146576613389257e+00
3.226024346918528796e+00
1.018889465773475056e+00
2.851260379548734125e+00
2.769201550833500836e+00
9.466320822386103950e-01
5.964283455601468997e-01
4.747884661277165463e+00
4.581886100732953437e+00
3.956882615247279134e+00
3.188852671866625244e+00
1.745433028200711334e+01
3.875355115076924761e+00
9.759385471036928772e-01
4.340611593250461198e+00
3.678964150698141644e+00
3.740281991891744262e+00
1.641734063053549519e+00
2.707489431562503768e+00
3.655607921832691787e+00
1.283174685587165964e+00
3.397953915934043057e+00
2.165184261743266614e+00
5.138144005032920347e+00
1.226964429078638119e+00
6.879341149676642120e-01
3.860863740797924493e+00
5.372029431333717575e+00
4.842152780899142250e+00
8.864082671275683722e-01
3.395246444966452781e+00
4.925170470013097379e+00
5.632015526115985438e+00
4.770569743904696125e+00
5.354982188853177227e+00
8.463793523997508172e-01
2.997949059975546060e+00
3.740576625743965877e+00
3.823542185363692614e+00
6.658308848096617716e+00
7.137705866233767793e+00
4.999196376911617890e+00
2.366792661335090475e+00
3.411501690507575457e+00
3.693976386153571490e+00
4.442416824018593502e+00
8.532966320855633890e-01
4.795283809412397957e+00
2.209493151487842866e+01
5.829590271457975703e+00
3.699215254968458932e+00
1.407948714072241314e+00
4.352767349316284395e+00
1.248890228191564811e+00
5.895382363062921627e+00
5.182066777313970363e+00
3.509735696486902867e+00
8.266103288706603269e-01
3.399381123340912580e+00
1.638824923537018696e+00
6.368528794488210742e-01
3.246695390256707281e+00
1.626299857664419868e+00
2.572647455070978140e+00
1.502233896334609353e+00
4.207830223769717826e+00
2.741536241258094364e+00
2.728436659102659423e+00
6.978163379848666414e-01
1.424757373155298046e+00
3.670155061117228001e+00
2.561450366805325451e+00
4.812598842195225934e+00
3.262172928780668446e+00
5.606393402987777996e+00
4.772712157191714155e+00
1.507220179370938995e+00
3.489126805266647313e+00
4.057761706815917968e+00
5.516478575114688310e-01
2.514384656407635088e+00
3.850604130018322468e+00
3.549593018015502199e+00
2.785708582296952507e+00
3.243631344218765200e+00
4.196637961992326638e+00
2.720035921380965505e+00
3.090821228795245901e+00
4.462684617459978575e+00
6.111425930446281463e+00
1.032114605858727163e+00
1.177929149107542761e+00
3.762253010700332911e+00
4.805824953402022537e+00
3.389512691543119516e+00
4.955616407718663297e+00
4.510904141822512869e+00
3.216560517831069888e+00
4.279155707052153090e+00
4.093805391649963710e+00
3.351710087170239216e+00
4.137171165009405627e+00
5.994934096375806876e-01
3.530709719200456842e+00
2.973637932183377242e+00
2.480678321088405358e+00
4.651586034810178738e+00
4.275993574117859630e+00
9.322231368159593856e+00
5.696239677780644328e+00
3.087077310544523279e+00
5.011964959058754054e+00
4.849693770203637122e+00
5.710645397620875974e-01
3.085964054586286309e+00
2.380952035109664244e+00
2.340481752986645070e+00
3.748709057903408137e+00
4.341572913555372004e+00
5.893317831201366097e+00
1.634310701939442279e+00
4.957862781729025059e+00
4.294996504973216389e+00
9.413780659599123579e-01
1.608346472973573471e+00
8.698002470860559665e-01
1.411542210963597999e+00
1.718475586623975593e+00
1.422915582481336649e+00
1.883470502210685016e+00
1.969849881973674055e+00
2.992716604218199072e-01
1.145993825500569940e+00
6.518240017703333944e-01
3.319999576034166067e-01
9.347388184077252138e-01
8.366166141701598669e-01
2.091163965918066747e+00
1.966328361040001971e+00
1.869190475431586895e+00
7.702151111672562722e-01
1.413132074518699044e+00
1.349339947257964134e+00
6.876362435267370232e-01
1.256024839825992334e+00
1.073614283920538481e+00
7.347128672605194311e-01
1.794737925005570389e+00
4.745254086888415768e-01
1.156641773659783601e+00
1.113693742210171589e+00
1.436992204335187040e+00
1.208924436448594264e+00
1.702338107297270531e+00
1.376718264351178833e+00
2.276618709980847921e+00
6.334336686221804236e-01
1.419709469179813555e+00
9.540364260087053072e-01
3.369484428717045787e+00
9.259140470793862931e-01
1.276453868063819996e+00
7.365813896474077138e-01
1.037343627005442137e+00
3.297473263522427978e+00
9.256524346304394468e-01
1.103966071442158858e+00
1.524410713899240211e+00
1.891565850388244208e+00
1.340369011793676535e+01
8.824862459873318299e-01
8.040943604252372978e-01
1.801620764137357611e+00
3.261031546454284058e+00
1.973044786956275276e+00
2.615361580829521859e+00
1.628986751741603456e+00
7.994011703930008483e-01
1.211052033589952837e+00
7.441121220036843731e-01
1.355408819046128865e+00
1.092116592921704710e+00
1.029042883504682981e+00
8.688039214306926272e-01
7.180505879903917865e-01
2.187192044331783158e+00
1.695766167548388381e+00
1.141356885292714063e+00
1.110327872787945758e+00
1.663946337767250316e+00
1.177554058439348239e+00
9.354118439181123845e-01
1.086433076895529704e+00
8.229160424099757343e-01
9.460465939873700103e-01
1.389389660362009504e+00
1.636031238509219277e+00
1.295857110292698566e+00
8.619635038770593338e-01
1.897034696832889722e+00
1.624256271997754020e+00
1.573006122575744792e+00
5.484480507138600469e-01
2.156401147239604299e+00
9.969828985656229436e-01
6.301569878535030478e-01
6.668867970905387743e-01
1.526405616767500861e+00
1.585895236259321273e+00
5.195881925274564717e-01
1.235451684220049140e+00
2.033336138115586778e+00
1.008727091999023662e+00
3.625152366823934935e-01
1.175978021113149419e+00
1.333316444622839603e+00
9.072485151970989259e-01
1.180956050312548911e+00
5.866725363478871857e-01
7.499877134153667413e-01
6.590094767781186080e-01
8.192503281333876064e-01
6.314349981244991028e-01
6.976368085366762006e-01
6.231959842250461845e-01
1.353090847693248833e+00
1.469043634588791614e+00
2.389346300436260950e+00
6.015610803195409195e-01
3.566552311744181636e-01
6.389287045290635847e-01
1.178872376893821183e+00
1.119524275330197050e+00
6.599659954678563922e-01
1.834862577297397879e+00
9.122209964512726366e-01
1.126939859063885718e+00
1.096774392411631105e+00
9.531285850690350836e-01
3.071000350638141696e-01
9.666365509444299065e-01
4.866073367507918190e-01
1.349500708231044177e+00
1.466711071555754975e+00
1.314772988391339048e+00
8.900084194070325694e-01
8.063354283995297633e-01
6.069469387236181568e-01
6.093698822440728469e-01
1.211517215118167012e+00
4.579527510293881498e+00
5.747510297889759645e-01
1.106638021931820148e+00
1.427385091818522689e+00
6.653149075147398728e-01
9.715940023022650029e-01
1.739047856675414838e+00
1.058887057154586087e+00
8.774328039344823083e-01
6.900109452311594671e-01
7.361255257085986825e-01
4.267818046624058392e-01
5.390544189512224138e-01
8.657492797539783069e-01
7.782172090737037307e-01
2.487832426686215737e+00
1.412560896703151103e+00
9.047466967910992031e-01
2.989318579139909615e-01
7.260883573122965950e-01
8.314361205294714674e-01
6.044829631384793789e-01
7.231481327347349941e-01
6.382345668567767083e-01
8.538314254037885354e-01
6.186945531438383661e-01
6.937821052012649314e-01
6.649421167804659971e-01
1.978845364468227563e+00
5.798366974601893986e-01
3.887531360867066410e-01
1.144724825076478325e+00
