2.906036376953125000e-02 1.129269599914550781e-02
2.068185806274414062e-02 6.767988204956054688e-03
1.471543312072753906e-02 4.766464233398437500e-03
1.833534240722656250e-02 5.826950073242187500e-03
2.646374702453613281e-02 5.198955535888671875e-03
2.489137649536132812e-02 8.635044097900390625e-03
1.061606407165527344e-02 3.169059753417968750e-03
2.011203765869140625e-02 5.384206771850585938e-03
2.141261100769042969e-02 9.359121322631835938e-03
1.337623596191406250e-02 5.275011062622070312e-03
2.102375030517578125e-02 6.867170333862304688e-03
1.364278793334960938e-02 5.093812942504882812e-03
2.032423019409179688e-02 4.927158355712890625e-03
1.621818542480468750e-02 5.174398422241210938e-03
1.761794090270996094e-02 7.034063339233398438e-03
3.585863113403320312e-02 8.854150772094726562e-03
1.719069480895996094e-02 7.748365402221679688e-03
1.335191726684570312e-02 4.967212677001953125e-03
2.583122253417968750e-02 1.121330261230468750e-02
1.987028121948242188e-02 5.004882812500000000e-03
2.573657035827636719e-02 6.399154663085937500e-03
2.371954917907714844e-02 5.975961685180664062e-03
1.216745376586914062e-02 3.171443939208984375e-03
1.322889328002929688e-02 5.051612854003906250e-03
1.268720626831054688e-02 4.350423812866210938e-03
2.852320671081542969e-02 6.496429443359375000e-03
2.532982826232910156e-02 8.881568908691406250e-03
2.830338478088378906e-02 9.275913238525390625e-03
2.389645576477050781e-02 8.536338806152343750e-03
3.712415695190429688e-02 8.333444595336914062e-03
1.302838325500488281e-02 4.190921783447265625e-03
3.122901916503906250e-02 9.074449539184570312e-03
1.493668556213378906e-02 5.142927169799804688e-03
1.633453369140625000e-02 4.197835922241210938e-03
2.129912376403808594e-02 5.680084228515625000e-03
2.941036224365234375e-02 9.670972824096679688e-03
1.129007339477539062e-02 3.284454345703125000e-03
2.085089683532714844e-02 7.358789443969726562e-03
1.960372924804687500e-02 7.011413574218750000e-03
2.497553825378417969e-02 8.816719055175781250e-03
1.147985458374023438e-02 3.250837326049804688e-03
2.076077461242675781e-02 5.650758743286132812e-03
1.691603660583496094e-02 4.499197006225585938e-03
2.239608764648437500e-02 5.582332611083984375e-03
1.574301719665527344e-02 6.350278854370117188e-03
1.665902137756347656e-02 4.469156265258789062e-03
1.395106315612792969e-02 4.885196685791015625e-03
1.627588272094726562e-02 4.463195800781250000e-03
2.520012855529785156e-02 6.527423858642578125e-03
1.229071617126464844e-02 4.424571990966796875e-03
1.957416534423828125e-02 7.382154464721679688e-03
2.009677886962890625e-02 6.914615631103515625e-03
1.671457290649414062e-02 4.479885101318359375e-03
1.829385757446289062e-02 7.783889770507812500e-03
1.389122009277343750e-02 5.210638046264648438e-03
2.627372741699218750e-02 6.524085998535156250e-03
1.936602592468261719e-02 5.924940109252929688e-03
1.627230644226074219e-02 4.770040512084960938e-03
2.531552314758300781e-02 4.637956619262695312e-03
3.061223030090332031e-02 7.381677627563476562e-03
2.237606048583984375e-02 7.949590682983398438e-03
1.624703407287597656e-02 7.584810256958007812e-03
1.119542121887207031e-02 3.838062286376953125e-03
1.880478858947753906e-02 4.973173141479492188e-03
1.639533042907714844e-02 8.349418640136718750e-03
2.044582366943359375e-02 8.727550506591796875e-03
2.573418617248535156e-02 7.458209991455078125e-03
2.011561393737792969e-02 5.875587463378906250e-03
3.141403198242187500e-02 8.827924728393554688e-03
1.211357116699218750e-02 4.364728927612304688e-03
1.255798339843750000e-02 3.506660461425781250e-03
1.013970375061035156e-02 3.137350082397460938e-03
2.366089820861816406e-02 5.940198898315429688e-03
2.538776397705078125e-02 7.289409637451171875e-03
1.420164108276367188e-02 3.895998001098632812e-03
1.131367683410644531e-02 4.564523696899414062e-03
2.189588546752929688e-02 5.648374557495117188e-03
1.478576660156250000e-02 4.151821136474609375e-03
2.420473098754882812e-02 3.681898117065429688e-03
1.075839996337890625e-02 4.626512527465820312e-03
1.226639747619628906e-02 3.494262695312500000e-03
1.983928680419921875e-02 5.352735519409179688e-03
1.474046707153320312e-02 4.716396331787109375e-03
1.374769210815429688e-02 3.846168518066406250e-03
1.246595382690429688e-02 4.887104034423828125e-03
1.796269416809082031e-02 4.962682723999023438e-03
1.159477233886718750e-02 4.506349563598632812e-03
1.094412803649902344e-02 3.209590911865234375e-03
1.996350288391113281e-02 8.519411087036132812e-03
2.152442932128906250e-02 6.502151489257812500e-03
2.331352233886718750e-02 6.448268890380859375e-03
1.970934867858886719e-02 7.339954376220703125e-03
1.360392570495605469e-02 5.495548248291015625e-03
1.178598403930664062e-02 4.573822021484375000e-03
1.198959350585937500e-02 4.981994628906250000e-03
1.933836936950683594e-02 8.234262466430664062e-03
1.139593124389648438e-02 3.257036209106445312e-03
1.283216476440429688e-02 3.916025161743164062e-03
1.507401466369628906e-02 6.415605545043945312e-03
1.680302619934082031e-02 7.136106491088867188e-03
3.351092338562011719e-02 7.745265960693359375e-03
8.934736251831054688e-03 3.595829010009765625e-03
1.098179817199707031e-02 4.157066345214843750e-03
1.420044898986816406e-02 4.151582717895507812e-03
1.755642890930175781e-02 6.967067718505859375e-03
1.333522796630859375e-02 4.056930541992187500e-03
1.744365692138671875e-02 6.276369094848632812e-03
2.050042152404785156e-02 5.904674530029296875e-03
2.457332611083984375e-02 6.538391113281250000e-03
1.530027389526367188e-02 6.587982177734375000e-03
1.529312133789062500e-02 6.174325942993164062e-03
2.489662170410156250e-02 4.695653915405273438e-03
1.883053779602050781e-02 4.381895065307617188e-03
1.260709762573242188e-02 3.945350646972656250e-03
2.047300338745117188e-02 6.003141403198242188e-03
1.287531852722167969e-02 3.723382949829101562e-03
1.066660881042480469e-02 4.506111145019531250e-03
1.156258583068847656e-02 4.613399505615234375e-03
1.575541496276855469e-02 4.023551940917968750e-03
1.035809516906738281e-02 3.981351852416992188e-03
2.470231056213378906e-02 9.365320205688476562e-03
1.484966278076171875e-02 4.102468490600585938e-03
4.113078117370605469e-02 1.073813438415527344e-02
2.043747901916503906e-02 4.558563232421875000e-03
4.216885566711425781e-02 1.033639907836914062e-02
1.868772506713867188e-02 4.968881607055664062e-03
1.948547363281250000e-02 6.935596466064453125e-03
2.509403228759765625e-02 6.213903427124023438e-03
1.020169258117675781e-02 3.688573837280273438e-03
1.296329498291015625e-02 3.744125366210937500e-03
1.945328712463378906e-02 4.400730133056640625e-03
1.297760009765625000e-02 3.455877304077148438e-03
1.203274726867675781e-02 3.319263458251953125e-03
1.149201393127441406e-02 3.391742706298828125e-03
2.839398384094238281e-02 7.937669754028320312e-03
1.322364807128906250e-02 3.309726715087890625e-03
1.138544082641601562e-02 4.375457763671875000e-03
1.533126831054687500e-02 4.408359527587890625e-03
2.531599998474121094e-02 7.644653320312500000e-03
2.592086791992187500e-02 9.561061859130859375e-03
1.818442344665527344e-02 4.984617233276367188e-03
1.770710945129394531e-02 4.824161529541015625e-03
1.773953437805175781e-02 8.065223693847656250e-03
1.847863197326660156e-02 8.506059646606445312e-03
2.743554115295410156e-02 7.814884185791015625e-03
1.900339126586914062e-02 7.759094238281250000e-03
3.186130523681640625e-02 7.314443588256835938e-03
1.816701889038085938e-02 4.864454269409179688e-03
1.614332199096679688e-02 4.308462142944335938e-03
1.655268669128417969e-02 4.430770874023437500e-03
2.897071838378906250e-02 8.827924728393554688e-03
2.129364013671875000e-02 4.829883575439453125e-03
1.847505569458007812e-02 4.819154739379882812e-03
1.739692687988281250e-02 4.764556884765625000e-03
2.272105216979980469e-02 4.481554031372070312e-03
1.153683662414550781e-02 4.558563232421875000e-03
2.190589904785156250e-02 5.115747451782226562e-03
1.850175857543945312e-02 5.055427551269531250e-03
2.397489547729492188e-02 4.533290863037109375e-03
1.563167572021484375e-02 4.216194152832031250e-03
1.984524726867675781e-02 5.203723907470703125e-03
1.733136177062988281e-02 4.254102706909179688e-03
2.262592315673828125e-02 7.972478866577148438e-03
1.818585395812988281e-02 4.847049713134765625e-03
3.424453735351562500e-02 5.708694458007812500e-03
2.081990242004394531e-02 5.435705184936523438e-03
2.324748039245605469e-02 5.625724792480468750e-03
1.852154731750488281e-02 4.961967468261718750e-03
1.244759559631347656e-02 5.144357681274414062e-03
1.189279556274414062e-02 4.786968231201171875e-03
2.457880973815917969e-02 8.869409561157226562e-03
1.452159881591796875e-02 5.191087722778320312e-03
2.797675132751464844e-02 7.072687149047851562e-03
1.937842369079589844e-02 5.223989486694335938e-03
1.289391517639160156e-02 3.651380538940429688e-03
1.295089721679687500e-02 3.486156463623046875e-03
1.470732688903808594e-02 5.857229232788085938e-03
1.643776893615722656e-02 3.516197204589843750e-03
3.277254104614257812e-02 7.553100585937500000e-03
1.396155357360839844e-02 4.953384399414062500e-03
1.290225982666015625e-02 3.450632095336914062e-03
1.205325126647949219e-02 3.526926040649414062e-03
2.057075500488281250e-02 5.373239517211914062e-03
1.613020896911621094e-02 4.549026489257812500e-03
8.037805557250976562e-03 3.128051757812500000e-03
7.651329040527343750e-03 3.133773803710937500e-03
2.035403251647949219e-02 5.527496337890625000e-03
1.261067390441894531e-02 5.018472671508789062e-03
9.567260742187500000e-03 3.592491149902343750e-03
1.927495002746582031e-02 5.025863647460937500e-03
1.358413696289062500e-02 3.709554672241210938e-03
9.268999099731445312e-03 3.759860992431640625e-03
1.810431480407714844e-02 5.975723266601562500e-03
1.821398735046386719e-02 7.166862487792968750e-03
8.593559265136718750e-03 3.266811370849609375e-03
1.048684120178222656e-02 3.872871398925781250e-03
1.416158676147460938e-02 4.046916961669921875e-03
1.950716972351074219e-02 5.085706710815429688e-03
8.980751037597656250e-03 3.238916397094726562e-03
9.648799896240234375e-03 3.764629364013671875e-03
2.306604385375976562e-02 4.901885986328125000e-03
1.205563545227050781e-02 4.822492599487304688e-03
1.278424263000488281e-02 3.723144531250000000e-03
8.842706680297851562e-03 3.642082214355468750e-03
1.444172859191894531e-02 6.870985031127929688e-03
1.551818847656250000e-02 5.899429321289062500e-03
1.358985900878906250e-02 3.819942474365234375e-03
1.218700408935546875e-02 3.559112548828125000e-03
1.945924758911132812e-02 6.766080856323242188e-03
1.594996452331542969e-02 5.887985229492187500e-03
1.564884185791015625e-02 4.308223724365234375e-03
1.825666427612304688e-02 4.882097244262695312e-03
2.722716331481933594e-02 7.012605667114257812e-03
1.614809036254882812e-02 6.160974502563476562e-03
2.839016914367675781e-02 6.821155548095703125e-03
2.266216278076171875e-02 5.720138549804687500e-03
1.861858367919921875e-02 6.418704986572265625e-03
1.049470901489257812e-02 4.061460494995117188e-03
1.398062705993652344e-02 4.984855651855468750e-03
1.462125778198242188e-02 4.303693771362304688e-03
1.796674728393554688e-02 5.122661590576171875e-03
1.462769508361816406e-02 4.533052444458007812e-03
2.359056472778320312e-02 8.318185806274414062e-03
2.576303482055664062e-02 8.847951889038085938e-03
2.559971809387207031e-02 7.687568664550781250e-03
2.573347091674804688e-02 6.159782409667968750e-03
1.558923721313476562e-02 5.714178085327148438e-03
1.616454124450683594e-02 6.002426147460937500e-03
1.213479042053222656e-02 4.406690597534179688e-03
1.210856437683105469e-02 5.964517593383789062e-03
2.009344100952148438e-02 6.071090698242187500e-03
1.689529418945312500e-02 5.319833755493164062e-03
1.860928535461425781e-02 5.208492279052734375e-03
1.534223556518554688e-02 4.575729370117187500e-03
3.227925300598144531e-02 7.876396179199218750e-03
1.456904411315917969e-02 4.265785217285156250e-03
1.744055747985839844e-02 5.554199218750000000e-03
1.525449752807617188e-02 4.532575607299804688e-03
1.519846916198730469e-02 5.722999572753906250e-03
1.321101188659667969e-02 4.937410354614257812e-03
1.730656623840332031e-02 4.744529724121093750e-03
1.401925086975097656e-02 4.032611846923828125e-03
1.119351387023925781e-02 4.071235656738281250e-03
1.185655593872070312e-02 3.613948822021484375e-03
1.875853538513183594e-02 5.229711532592773438e-03
2.707815170288085938e-02 6.578445434570312500e-03
1.829648017883300781e-02 5.372762680053710938e-03
1.076579093933105469e-02 3.331899642944335938e-03
1.315140724182128906e-02 3.713369369506835938e-03
8.600950241088867188e-03 3.388404846191406250e-03
1.445245742797851562e-02 4.191160202026367188e-03
9.500503540039062500e-03 3.714323043823242188e-03
1.672601699829101562e-02 4.867792129516601562e-03
1.388239860534667969e-02 4.167795181274414062e-03
1.097035408020019531e-02 3.919124603271484375e-03
1.002168655395507812e-02 3.623485565185546875e-03
1.814746856689453125e-02 4.706144332885742188e-03
9.428262710571289062e-03 2.861499786376953125e-03
9.124279022216796875e-03 3.415822982788085938e-03
7.752180099487304688e-03 3.033638000488281250e-03
1.056766510009765625e-02 3.176689147949218750e-03
1.000523567199707031e-02 3.115177154541015625e-03
1.272058486938476562e-02 3.459453582763671875e-03
8.524894714355468750e-03 3.583192825317382812e-03
1.563358306884765625e-02 4.508972167968750000e-03
1.317286491394042969e-02 3.937959671020507812e-03
1.246476173400878906e-02 3.646850585937500000e-03
2.059173583984375000e-02 5.176544189453125000e-03
1.132583618164062500e-02 3.400087356567382812e-03
1.014447212219238281e-02 3.112792968750000000e-03
9.291172027587890625e-03 2.872467041015625000e-03
8.915185928344726562e-03 2.808332443237304688e-03
8.441448211669921875e-03 3.227949142456054688e-03
8.076906204223632812e-03 3.186702728271484375e-03
1.513886451721191406e-02 5.093336105346679688e-03
1.714181900024414062e-02 5.145311355590820312e-03
1.693439483642578125e-02 4.900455474853515625e-03
1.989865303039550781e-02 5.669593811035156250e-03
3.225493431091308594e-02 8.768796920776367188e-03
1.024460792541503906e-02 3.158569335937500000e-03
1.269412040710449219e-02 3.635406494140625000e-03
1.083707809448242188e-02 5.530834197998046875e-03
1.070046424865722656e-02 3.078699111938476562e-03
6.952524185180664062e-03 2.825260162353515625e-03
9.220361709594726562e-03 2.896547317504882812e-03
7.040739059448242188e-03 2.922296524047851562e-03
1.403498649597167969e-02 3.152608871459960938e-03
7.598638534545898438e-03 3.141880035400390625e-03
1.771211624145507812e-02 5.413293838500976562e-03
2.247667312622070312e-02 5.666017532348632812e-03
2.702856063842773438e-02 5.963563919067382812e-03
1.741838455200195312e-02 4.781961441040039062e-03
1.125049591064453125e-02 4.479885101318359375e-03
2.091145515441894531e-02 5.498886108398437500e-03
1.269793510437011719e-02 4.851818084716796875e-03
1.442050933837890625e-02 4.219532012939453125e-03
2.357339859008789062e-02 4.824161529541015625e-03
1.574373245239257812e-02 4.254579544067382812e-03
2.168345451354980469e-02 7.870435714721679688e-03
2.454257011413574219e-02 6.265401840209960938e-03
1.984095573425292969e-02 5.208969116210937500e-03
1.870799064636230469e-02 4.896402359008789062e-03
2.325987815856933594e-02 4.183292388916015625e-03
1.388216018676757812e-02 3.870010375976562500e-03
2.449607849121093750e-02 5.699634552001953125e-03
1.594948768615722656e-02 4.283189773559570312e-03
1.495599746704101562e-02 4.225969314575195312e-03
2.048993110656738281e-02 7.471561431884765625e-03
2.446293830871582031e-02 5.886554718017578125e-03
1.196026802062988281e-02 4.592418670654296875e-03
1.847743988037109375e-02 4.966259002685546875e-03
1.084113121032714844e-02 4.353761672973632812e-03
1.162123680114746094e-02 3.575563430786132812e-03
2.135920524597167969e-02 6.351947784423828125e-03
1.506853103637695312e-02 5.848646163940429688e-03
1.856255531311035156e-02 4.758119583129882812e-03
3.041052818298339844e-02 5.790948867797851562e-03
1.766848564147949219e-02 4.931211471557617188e-03
1.796174049377441406e-02 6.449222564697265625e-03
1.524329185485839844e-02 5.864858627319335938e-03
3.638696670532226562e-02 8.188247680664062500e-03
3.797030448913574219e-02 9.158134460449218750e-03
3.563904762268066406e-02 8.233547210693359375e-03
2.841520309448242188e-02 7.488727569580078125e-03
1.058173179626464844e-02 3.940343856811523438e-03
1.669406890869140625e-02 4.722595214843750000e-03
3.268265724182128906e-02 7.417678833007812500e-03
1.679372787475585938e-02 4.450798034667968750e-03
9.787321090698242188e-03 3.444671630859375000e-03
1.215910911560058594e-02 4.548311233520507812e-03
1.138114929199218750e-02 4.215240478515625000e-03
2.288794517517089844e-02 6.767272949218750000e-03
1.906847953796386719e-02 5.079030990600585938e-03
1.630163192749023438e-02 6.121158599853515625e-03
1.808023452758789062e-02 4.890441894531250000e-03
1.356744766235351562e-02 3.607749938964843750e-03
1.592969894409179688e-02 6.084442138671875000e-03
2.297973632812500000e-02 5.578517913818359375e-03
1.530170440673828125e-02 5.782365798950195312e-03
1.532340049743652344e-02 4.210472106933593750e-03
2.919673919677734375e-02 7.179260253906250000e-03
1.165747642517089844e-02 3.364324569702148438e-03
1.786398887634277344e-02 4.779815673828125000e-03
1.020598411560058594e-02 3.924369812011718750e-03
1.050305366516113281e-02 3.875732421875000000e-03
1.677250862121582031e-02 4.576206207275390625e-03
2.143025398254394531e-02 5.613803863525390625e-03
1.601791381835937500e-02 4.339933395385742188e-03
2.671003341674804688e-02 6.317377090454101562e-03
2.068972587585449219e-02 7.499933242797851562e-03
1.884531974792480469e-02 6.646871566772460938e-03
2.454185485839843750e-02 6.151676177978515625e-03
2.327179908752441406e-02 6.457328796386718750e-03
1.165676116943359375e-02 3.356695175170898438e-03
2.231383323669433594e-02 6.224155426025390625e-03
1.588940620422363281e-02 5.669355392456054688e-03
2.639245986938476562e-02 8.709907531738281250e-03
2.672171592712402344e-02 8.879899978637695312e-03
2.346706390380859375e-02 8.345365524291992188e-03
