1.744461745767895283e-02
4.685034805203463354e-02
1.750960450807396984e-02
1.127800620529790729e-02
1.126795704237292493e-02
3.034222837863239514e-02
2.656654887131788129e-02
1.389774599981638548e-02
3.323804192880861104e-03
1.303027807071053396e-02
3.636988274836485454e-03
4.073084340819773698e-03
7.194764151783429595e-02
1.673548977888532005e-02
1.919903202115299731e-02
5.472867057085491031e-03
2.980173418654209067e-02
2.895788812015983107e-02
3.127980301246096467e-02
2.938266585578546905e-02
1.449437657368711670e-02
7.145231662198820236e-03
1.557622929650400168e-01
3.301430185922729632e-02
1.372455279602701750e-01
1.063635405526358949e-02
5.849910743470131125e-02
5.138181925940142614e-02
9.743493902395409037e-03
1.373377800379017161e-02
1.433491397113427837e-02
1.610995907494787438e-02
3.077643629179312862e-02
2.652403913739251676e-02
5.083566359509972959e-02
1.087227828664847490e-02
3.324000377883842838e-03
1.298946745356253755e-02
4.508565586295415831e-03
6.511216651530510324e-03
1.606362870673083351e-02
3.349598765517186605e-02
7.317720544536129509e-03
6.408389313393850206e-02
3.251407701019096846e-02
2.977027598382649479e-02
3.191748794144178697e-02
3.579402392865912302e-02
1.345802356691191103e-02
5.900022395671236652e-03
1.432530887167935418e-01
1.233096685303703560e-01
1.313753960173687750e-02
1.073566800427604578e-01
8.956982024067790260e-02
1.241325018394665719e-02
1.843142583434461412e-01
1.839266668051154144e-02
1.571136175906076571e-02
1.808083006219424888e-02
3.115470642935495166e-02
3.345487678567529710e-02
1.504871924058680428e-02
1.744401451722288332e-02
5.084375631570796014e-03
1.034368799261616186e-02
4.206408211627537565e-03
1.896951567338956424e-01
6.489428752406761237e-03
6.589488821999798206e-03
2.076863090437597661e-02
1.746599499997054245e-02
7.972930800411389546e-03
2.230381829255081300e-02
2.098635612606079490e-02
2.076823932171592904e-02
2.986731240539353474e-02
2.208178426443540426e-02
1.242907312390277748e-02
1.226344965225922151e-02
1.058720828546762423e-02
9.187548629930663430e-03
1.115498203622211776e-01
5.631947690976002105e-03
8.845201301333394453e-03
1.624640932030490745e-02
3.414533950050732680e-02
5.135507144131777613e-02
3.595197084651675923e-03
7.267680963568182162e-02
9.199737240350367579e-03
1.383031944626181460e-02
7.341217734223458302e-02
2.001527763757098705e-02
7.191417968195090368e-03
7.256686912612707666e-03
1.368769478980027404e-02
1.946008704975564496e-02
1.363670750882454291e-02
8.136829254140963419e-02
2.860941490071264304e-01
2.902115505365469167e-02
1.048946999384088030e-01
3.607732256837589691e-02
2.280855544242113217e-02
4.764418201556634702e-02
3.401122276568253194e-02
3.147169496089260998e-02
1.525515553825017474e-02
5.313895102417986321e-02
5.174440645776938463e-02
3.208738068916960201e-02
1.257388988150977549e-01
1.104414950036415460e-01
3.789378806115659137e-02
1.400353791372710432e-02
8.658408565223632558e-02
2.563982386683062113e-03
7.218037191856629953e-02
1.097073528526690683e-01
2.332896421437826162e-01
1.014941599027086999e-01
4.449601585564937761e-02
2.923412524839558158e-01
1.270892113091071640e-01
3.585002121976809536e-02
4.788225470581305293e-02
6.629746142337758497e-02
2.757284133241270918e-02
3.150198949492321460e-02
2.266668191940474433e-02
1.427847880482301622e-02
2.993138328246850235e-02
2.070828507753049927e-02
1.347296881074742381e-01
6.638165729239043841e-03
3.960286695322622758e-02
5.650486350922236112e-02
1.448299968620791675e-02
1.191675383283037626e-01
8.463528650386374641e-02
1.143522049390085227e-01
1.836896454331016781e-01
7.473478825170574991e-02
1.029339676508109064e-01
9.896887808155925559e-02
1.185972945087422625e-01
5.038603215185480932e-01
2.258601960914644047e-01
1.794906253287560649e-01
1.481426181990077862e-01
4.685208314644576100e-01
1.251186987094516645e-01
1.067020611233769484e-01
4.495535170308403439e-01
1.808247310423258258e-01
2.547539141304527299e-01
2.115353201662532046e-01
2.288946592911455802e-01
1.226429162563477532e-01
6.862474153012753098e-01
3.579569057364307971e-01
1.186354357453157232e-01
2.335219959370933296e-01
2.799935999260446118e-01
2.256376583205612837e-02
2.869209509892188190e-02
5.024421024297086591e-01
2.860227095483305199e-02
3.711110147054038494e-02
2.574380108732602507e-02
1.920772663315678530e-02
1.018277761404842892e-02
3.175816040289543285e-02
1.264192769901470448e-01
2.332695197019367915e-03
5.277957682218235858e-02
9.450334603210584772e-02
4.379974958269429175e-01
2.288258956790475973e-01
1.307617066198448093e-02
1.248102027009142384e-02
2.227507817649355126e-01
6.468523875142088986e-02
8.440560163189024523e-02
6.712485250864409780e-02
1.722116862925155700e-01
5.422186570762742297e-02
5.174773245762372825e-02
4.357645997045352937e-01
2.828376341900692287e-02
2.882920217814915337e-02
2.779720492485522956e-02
3.602900833173701411e-02
1.472435834597231874e-01
1.046155520226990793e-01
2.913613083219337291e-02
3.975383620162720871e-02
5.408365051002506779e-02
5.824971270126386158e-02
3.841128967509532255e-01
7.404175565047557174e-03
5.333805437313428321e-02
7.264277937410065777e-03
3.366093862781379537e-02
4.243453007552180911e-02
1.718568352490432508e-02
2.772100634306493352e-02
4.031740750908339999e-02
7.528182376930402271e-03
1.291192549090051586e-02
5.181635563710187409e-01
4.417938339890351007e-02
6.678807014227249039e-02
7.148176332204633776e-02
1.825797065239023464e-01
1.769504301192128537e-01
1.141602578224583664e-01
1.193273113060580592e-01
1.168960893574485932e-01
1.352027723108239765e-01
9.991949591026189070e-02
2.708732786884479257e-02
2.733591598064629702e-01
1.068695166009888398e-01
1.247707375658760748e-01
1.174571987938144296e-01
1.123472892860042510e-01
1.259426934459149661e-01
1.439355095135869123e-01
1.379379197659128253e-01
1.075047661200466825e-01
1.131809796433811549e-01
1.277717379573555800e-01
4.183611673762681615e-01
1.828602715037385973e-01
1.167151795386806579e-01
1.017250392743448278e-01
9.304265748585383022e-02
8.253888413315055295e-02
8.585266605453498179e-02
8.564273106523952184e-02
9.831674136581899925e-02
1.022240682722994759e-01
1.509532503935075431e-01
3.710406096947919674e-01
1.999698308254226620e-01
9.232042701410646257e-02
1.278916755123806204e-01
2.788762099153140328e-01
2.373989274783124825e-01
1.295145349501080623e-01
1.333945736185124520e-01
1.626398099341208880e-01
1.739152855374775097e-01
1.465445379378207125e-01
3.728038506636559002e-01
1.356237056673584018e-01
1.443802061903358136e-01
8.698151208778370780e-02
1.983514403221234290e-01
1.948329772842764540e-01
1.915620358935200551e-01
2.127097867818183441e-01
1.945096277830334619e-01
2.480897635588893424e-01
9.503572479555361108e-02
3.352592469449380275e-01
1.387007568887100584e-01
1.092669087078091128e-01
8.111791706753861131e-02
1.507459363653918250e-01
1.166960093410655541e-01
1.258339790768975841e-01
1.008496754546823471e-01
1.109430029145088009e-01
1.341829625069729803e-01
1.194855743062195608e-01
3.951267117549282504e-01
1.200919592865215546e-01
1.617133806818257247e-01
1.257392187723786470e-01
1.265303016310332651e-01
1.685914104254390977e-01
1.315805128926375300e-01
1.192833198152686847e-01
1.035776339577921396e-01
9.808142085395983589e-02
1.421610306249538880e-01
1.692640064157222846e-01
1.828564494127657772e-02
1.983620275907638925e-02
1.519460269024066300e-02
2.227572656296908093e-01
1.526172771614918260e-02
1.898172464905774348e-02
1.883325485951341249e-02
1.887782943105812544e-02
1.532946903907166439e-02
3.916318115630835345e-02
5.246268095115775437e-02
3.898975617997697818e-02
2.470047595465942047e-02
3.073298888694084643e-02
2.281830057480070950e-01
3.069775215693570231e-02
1.572456233317733043e-02
1.777024031919354971e-02
6.459912500998518659e-02
6.780758504626619582e-03
5.033739211452082501e-02
1.638612897046345940e-01
3.135474512741034947e-01
8.461127647702210153e-02
1.734641408350127145e-01
4.508287009343329155e-01
3.999736928866967633e-02
3.070234458508473013e-02
2.472953688904707195e-02
2.803844640093545310e-02
5.683935948647216713e-02
4.873380664053388739e-02
2.579955785507881752e-02
3.052964899338056828e-02
5.603779064286868936e-03
6.055893389557586402e-03
2.621247766768292076e-01
1.498343635547696312e-02
1.891455079462294603e-02
1.988695884695814223e-02
1.988622376220025231e-02
3.293207735357387422e-01
2.892684145557935030e-02
2.067718638285842292e-01
1.165866588838145451e-01
1.103084263646809393e-01
1.819480269728848965e-01
4.486938034775646011e-01
1.236535180352715535e-01
2.692710435028814256e-02
8.427886779199207645e-03
7.787949610365071593e-03
8.922011020904115769e-03
5.821452636037675182e-03
5.972957457490593244e-03
1.892237536996522682e-02
3.865724339059754301e-03
6.632450292065455999e-02
1.555916759516361991e-01
1.137203267268893821e-02
1.044153445974956712e-02
4.749869213069457530e-02
7.142759179534375474e-03
1.052469439053217992e-01
9.323004935139432570e-02
6.088178514280758249e-03
3.604532897884447917e-02
2.739529526824211955e-02
1.992488221298118964e-02
