id,0,1,2,3,4,5,6,7,8,9,10,11,12
W1,35473.64798726711,35501.92021873343,35530.21498282193,35558.532297490616,35586.87218071184,35615.23465047249,35643.619724773656,35672.02742163057,35700.45775907328,35728.910755145764,35757.386427906626,35785.884795428916,35814.405875799865
W10,5140.49270124567,5149.50620535349,5158.535264628793,5167.57990548575,5176.640154382603,5185.716037821818,5194.807582350156,5203.914814558657,5213.03776108283,5222.176448602645,5231.330903842605,5240.5011535719195,5249.687224604441
W100,11411.144171934338,11419.5044167399,11427.870438228209,11436.242240150174,11444.619826258882,11453.003200309744,11461.39236606036,11469.787327270771,11478.18808770321,11486.59465112216,11495.00702129449,11503.425201989285,11511.8491969779
W101,9793.68158526099,9799.647868597967,9805.614519951825,9811.581539143986,9817.548925996041,9823.516680329825,9829.48480196728,9835.453290730586,9841.422146442052,9847.39136892425,9853.360957999883,9859.330913491814,9865.30123522313
W102,15914.534333618218,15923.99442382989,15933.460137377542,15942.931477603786,15952.40844785323,15961.891051472547,15971.37929181029,15980.873172217114,15990.372696045584,15999.877866650253,16009.388687387758,16018.905161616642,16028.427292697446
W103,4075.7432501993817,4077.4839963421446,4079.22520772596,4080.9668844008374,4082.7090264167755,4084.4516338237695,4086.1947066718185,4087.938245010917,4089.682248891065,4091.4267183622496,4093.1716534744482,4094.917054277656,4096.66292082185
W104,1028.5169785776584,1027.7812580307038,1027.0460637575106,1026.3113953816285,1025.5772525268774,1024.8436348173425,1024.110541877381,1023.3779733316204,1022.6459288049517,1021.9144079225382,1021.1834103098109,1020.4529355924692,1019.7229833964764
W105,9175.764454782046,9181.38183635681,9187.002656858913,9192.626918393697,9198.254623067663,9203.885772988751,9209.520370266026,9215.158417009976,9220.799915332296,9226.444867346043,9232.093275165535,9237.745140906332,9243.400466685405
W106,2150.6029718524146,2151.010957779315,2151.4189437066752,2151.826929634498,2152.2349155627785,2152.6429014915234,2153.050887420729,2153.4588733503942,2153.866859280521,2154.274845211108,2154.682831142157,2155.090817073665,2155.4988030056325
W107,23898.774689155303,23910.726075758746,23922.682080215644,23934.642703785274,23946.607947727258,23958.577813301352,23970.55230176754,23982.53141438589,23994.51515241682,24006.50351712093,24018.496509758872,24030.494131591717,24042.496383880603
W108,15994.732042161304,16004.028395560774,16013.329600528989,16022.63565931004,16031.946574148948,16041.26234729161,16050.582980984844,16059.908477476361,16069.238839014786,16078.574067849662,16087.914166231423,16097.259136411421,16106.608980641928
W109,14237.487393785794,14245.485936093412,14253.48846230649,14261.49497415548,14269.505473371488,14277.519961686356,14285.538440832444,14293.560912542926,14301.587378551374,14309.617840592216,14317.652300400388,14325.690759711604,14333.733220262055
W11,323.95843106431647,323.68099635625737,323.4036938844196,323.1265236360289,322.849485598308,322.57257975847557,322.29580610374626,322.01916462133204,321.74265529844104,321.46627812227706,321.19003308004125,320.9139201589303,320.63793934613733
W110,7323.5979068882525,7327.985800634899,7332.376323348472,7336.769476604099,7341.165261977793,7345.563681046611,7349.964735388469,7354.368426582233,7358.774756207791,7363.1837258459,7367.595337078291,7372.009591487641,7376.426490657577
W111,1067.7335073653314,1066.4819215625432,1065.2318028465195,1063.9831494975751,1062.7359597980462,1061.490232032274,1060.2459644866185,1059.0031554494456,1057.761803211127,1056.5219060640386,1055.283462302562,1054.0464702230686,1052.8109281239347
W112,9502.308883167841,9506.494747515986,9510.682455769249,9514.872008739845,9519.06340724042,9523.256652083915,9527.451744083644,9531.648684053316,9535.847472806958,9540.048111158985,9544.250599924118,9548.454939917492,9552.661131954581
W113,737.7006306482137,736.3182778217785,734.9359250108133,733.5535722153468,732.1712194354081,730.7888666710264,729.4065139222321,728.0241611890539,726.6418084715214,725.2594557696647,723.8771030835132,722.4947504130976,721.1123977584476
W114,10552.733540747424,10556.401027870137,10560.068768119252,10563.736761441744,10567.405007784699,10571.073507095134,10574.74225932016,10578.411264406875,10582.080522302445,10585.750032953993,10589.419796308737,10593.089812313874,10596.760080916663
W115,11321.201976717759,11326.933965425686,11332.667915456172,11338.403827158523,11344.141700882037,11349.88153697601,11355.623335789734,11361.367097672575,11367.112822973817,11372.860512042773,11378.610165228798,11384.361782881198,11390.115365349337
W116,14665.244328851606,14672.534730477371,14679.828756293666,14687.126408102078,14694.427687705142,14701.732596906264,14709.041137509823,14716.353311321047,14723.669120146002,14730.988565791738,14738.311650066198,14745.63837477815,14752.968741737357
W117,7076.461535571196,7081.943667252536,7087.430045913556,7092.920674844386,7098.415557337632,7103.914696688514,7109.418096194789,7114.925759156733,7120.4376888772185,7125.953888661635,7131.47436181801,7136.9991116568335,7142.528141491234
W118,1734.7012421381262,1735.0933632079825,1735.4854842783661,1735.8776053492793,1736.2697264207181,1736.6618474926877,1737.0539685651836,1737.4460896382075,1737.8382107117582,1738.2303317858364,1738.6224528604419,1739.0145739355758,1739.406695011235
W119,1021.9721043804043,1020.6705413756725,1019.368978380834,1018.0674153959023,1016.7658524208888,1015.4642894558075,1014.1627265006701,1012.86116355549,1011.5596006202795,1010.258037695052,1008.956474779819,1007.6549118745963,1006.3533489793934
W12,1036.9054970463558,1036.8603585580354,1036.8152210329786,1036.7700844711849,1036.7249488726545,1036.6798142373882,1036.634680565389,1036.5895478566565,1036.5444161111905,1036.4992853289923,1036.4541555100627,1036.4090266544042,1036.3638987620157
W120,876.9148518353535,876.4363772061142,875.9579997654633,875.4797195269698,875.0015365042115,874.523450710771,874.0454621602378,873.5675708662093,873.0897768422856,872.612080102079,872.1344806592048,871.6569785272837,871.1795737199461
W121,10383.408307465077,10389.40830471847,10395.411726448372,10401.418574584954,10407.428851059492,10413.442557804323,10419.459696752914,10425.480269839734,10431.504279000363,10437.531726171463,10443.562613290751,10449.596942297061,10455.634715130233
W122,368.2671070149011,368.4017654499348,368.53645466831205,368.6711746728536,368.8059254663781,368.94070705170526,369.07551943165305,369.2103626090416,369.345236586689,369.4801413674141,369.61507695403594,369.75004334937165,369.8850405562409
W123,478.23737835030425,478.4246814238333,478.612034431444,478.7994373802048,478.9868902771858,479.1743931294552,479.36194594408414,479.54954872814073,479.73720148869535,479.92490423281714,480.11265696757687,480.3004597000438,480.4883124372889
W124,8481.800560212663,8485.262739755544,8488.726186135955,8492.190899763827,8495.656881049306,8499.124130402573,8502.592648234006,8506.062434953988,8509.533490973134,8513.005816702105,8516.479412551704,8519.954278932817,8523.430416256473
W125,10872.448571215338,10881.514164701119,10890.5873171553,10899.668034880535,10908.756324184813,10917.852191381304,10926.955642788518,10936.066684730158,10945.18532353526,10954.31156553811,10963.445417078283,10972.586884500637,10981.735974155321
W126,9517.959219548644,9523.41019096843,9528.861188947227,9534.312213470084,9539.763264522091,9545.214342088317,9550.665446153916,9556.116576704013,9561.56773372375,9567.018917198318,9572.470127112852,9577.921363452588,9583.37262620273
W127,11041.116921411101,11046.543852718514,11051.973451456048,11057.40571893476,11062.8406564664,11068.278265363313,11073.718546938533,11079.161502505722,11084.607133379182,11090.055440873848,11095.506426305334,11100.960090989905,11106.416436244375
W128,3569.986196522781,3571.7726170635565,3573.559689451172,3575.3474138351703,3577.135790365117,3578.924819190573,3580.7145004611343,3582.5048343264043,3584.295820935985,3586.0874604395226,3587.8797529866424,3589.6726987270094,3591.4662978102974
W129,1009.6367710099381,1008.9768473168938,1008.3173549638088,1007.6582936687565,1006.9996631499873,1006.3414631259404,1005.6836933152342,1005.0263534366749,1004.3694432092559,1003.7129623521437,1003.0569105846972,1002.4012876264561,1001.7460931971433
W13,2508.327124751317,2510.256410705743,2512.1871805663386,2514.1194354744366,2516.053176572258,2517.988405002884,2519.9251219102935,2521.8633284393427,2523.803025735751,2525.7442149461453,2527.686897218012,2529.6310736997407,2531.5767455405794
W130,8174.925205775229,8179.441548553211,8183.960386428074,8188.481720778252,8193.005552982951,8197.53188442213,8202.060716476457,8206.592050527492,8211.125887957416,8215.662230149268,8220.201078486818,8224.742434354559,8229.286299137864
W131,2149.5138735637724,2149.924810346362,2150.3357471294203,2150.7466839129443,2151.1576206969366,2151.568557481399,2151.9794942663307,2152.3904310517255,2152.801367837591,2153.212304623921,2153.6232414107217,2154.034178197989,2154.4451149857236
W132,22629.04408226753,22640.595461911966,22652.151560642847,22663.712379907287,22675.27792115243,22686.848185825842,22698.423175375287,22710.002891248914,22721.587334895143,22733.176507762735,22744.77041130066,22756.36904695829,22767.97241618509
W133,13835.533002922206,13843.36382947171,13851.198663554087,13859.037507002986,13866.880361652698,13874.72722933832,13882.578111895638,13890.433011161314,13898.291928972609,13906.154867167483,13914.02182758484,13921.892812064165,13929.767822445738
W134,12079.186211291355,12085.718821726441,12092.25457910321,12098.793484751603,12105.335540002277,12111.880746186158,12118.429104634777,12124.98061668011,12131.535283654648,12138.093106891312,12144.654087723533,12151.218227485237,12157.785527510823
W135,6199.497775390111,6203.610752495848,6207.7264582871185,6211.844894574182,6215.96606316855,6220.089965882882,6224.216604531118,6228.34598092831,6232.478096890808,6236.612954236096,6240.750554782865,6244.890900351069,6249.033992761835
W136,6373.832939317968,6376.551146803063,6379.270513497686,6381.99103989618,6384.712726493135,6387.435573783314,6390.159582261705,6392.884752423483,6395.611084764106,6398.338579779159,6401.067237964497,6403.79705981614,6406.528045830369
W137,7040.5071344910675,7043.999179154407,7047.492955838297,7050.988465401822,7054.485708704483,7057.984686606165,7061.485399967221,7064.987849648418,7068.492036510947,7071.997961416418,7075.5056252269005,7079.015028804847,7082.5261730131715
W138,362.8800773810247,361.86182539007785,360.84357341621103,359.82532145947164,358.8070695199085,357.7888175975705,356.7705656925064,355.7523138047654,354.73406193439774,353.7158100814525,352.6975582459801,351.6793064280314,350.66105462765665
W139,7892.299908862034,7895.6507111232595,7899.001983987611,7902.353727387568,7905.705941255592,7909.058625524227,7912.411780126015,7915.765404993523,7919.11950005938,7922.474065256185,7925.829100516629,7929.184605773386,7932.540580959202
W14,2440.266902840921,2442.1434025138788,2444.0213451560585,2445.900731877041,2447.7815637872754,2449.6638419980627,2451.5475676215437,2453.4327417707386,2455.3193655595114,2457.207440102575,2459.0969665155153,2460.987945914758,2462.8803794176056
W140,8259.773746332286,8263.494018990941,8267.215231465467,8270.937383807435,8274.660476068464,8278.384508300147,8282.109480554065,8285.835392881789,8289.562245334891,8293.290037964916,8297.018770823443,8300.74844396201,8304.479057432138
W141,10970.601783840544,10976.762364493768,10982.926404622482,10989.093906169242,10995.26487107792,11001.439301293272,11007.617198761272,11013.798565428926,11019.983403244369,11026.171714156795,11032.363500116511,11038.55876307494,11044.757504984576
W142,5416.315386543511,5421.137010484694,5425.962926627709,5430.793138793416,5435.627650806114,5440.466466493506,5445.309589686666,5450.157024220142,5455.0087739318415,5459.864842663106,5464.725234258696,5469.589952566796,5474.459001439013
W143,11293.410828495862,11297.905574129305,11302.400540598128,11306.895727836238,11311.391135777527,11315.886764355924,11320.382613505417,11324.878683160068,11329.374973253938,11333.871483721136,11338.368214495842,11342.86516551225,11347.3623367046
W144,996.3461977516386,997.121858264662,997.8980302111554,998.6747138674119,999.4519095098341,1000.2296174149502,1001.0078378593953,1001.7865711199271,1002.5658174734192,1003.3455771968593,1004.125850567355,1004.9066378621276,1005.6879393585158
W145,8609.997732345937,8615.284874782794,8620.575160608996,8625.868591632006,8631.165169660315,8636.464896503303,8641.767773971502,8647.073803876316,8652.382988030276,8657.695328246833,8663.0108263405,8668.329484126754,8673.651303422082
W146,6719.603482456212,6722.8516778496905,6726.101443381977,6729.352779812091,6732.60568789938,6735.860168403549,6739.116222084693,6742.373849703225,6745.633052020011,6748.893829796213,6752.156183793386,6755.420114773451,6758.68562349871
W147,130.8788669102195,130.75204231059246,130.62522083652715,130.4984024909044,130.37158727660957,130.2447751965337,130.1179662535734,129.9911604506306,129.86435779061236,129.73755827643174,129.61076191100696,129.48396869726173,129.3571786381254
W148,232.49793853237617,232.38368812441342,232.2694449129994,232.1552089007662,232.04098009034894,231.92675848438373,231.81254408550942,231.69833689636698,231.58413691959944,231.46994415785144,231.3557586137704,231.24158029000577,231.12740918920835
W149,4407.741956419061,4409.156615382585,4410.571728376349,4411.98729554604,4413.403317037431,4414.819792996352,4416.236723568628,4417.654108900205,4419.071949137012,4420.490244425049,4421.908994910362,4423.328200739053,4424.74786205726
W15,4983.166747004218,4993.514443693976,5003.883627560971,5014.27434322347,5024.686635392365,5035.120548871379,5045.576128557287,5056.053419440079,5066.552466603177,5077.073315223605,5087.616010572215,5098.180598013833,5108.767123007535
W150,8064.568782169072,8071.593300280133,8078.623936952706,8085.660697516248,8092.7035873047735,8099.752611657014,8106.807775916294,8113.869085430665,8120.936545552734,8128.0101616399,8135.089939054101,8142.175883162,8149.267999334981
W151,6273.330634795674,6276.471075852806,6279.613089011229,6282.756675057939,6285.901834780319,6289.048568966123,6292.196878403553,6295.346763881151,6298.498226187878,6301.651266113097,6304.805884446559,6307.962081978397,6311.119859499151
W152,8537.93061003622,8542.93916716976,8547.950662426829,8552.965097531014,8557.982474206847,8563.002794179922,8568.026059176811,8573.052270925147,8578.081431153545,8583.113541591589,8588.148603969967,8593.18662002031,8598.227591475306
W153,2915.8149760646593,2917.686691448192,2919.559375012371,2921.4330271373574,2923.307648203395,2925.183238590858,2927.059798680205,2928.9373288519996,2930.815829486914,2932.6953009657077,2934.5757436692556,2936.4571579785334,2938.3395442746114
W154,8625.196530387797,8631.146926695152,8637.098743342842,8643.051980029604,8649.00663645444,8654.962712316505,8660.920207315166,8666.879121149967,8672.839453520704,8678.801204127312,8684.764372669937,8690.728958848988,8696.694962364962
W155,4596.224736678551,4598.79766152771,4601.371290705393,4603.945624203045,4606.5206620121235,4609.096404124079,4611.672850530391,4614.250001222506,4616.8278561919,4619.406415430039,4621.985678928382,4624.565646678423,4627.14631867163
W156,5458.822149491551,5462.030550593026,5465.2408374082925,5468.453011045666,5471.667072614116,5474.883023223223,5478.100863983262,5481.320596005156,5484.542220400474,5487.765738281429,5490.991150760905,5494.218458952411,5497.4476639701625
W157,1425.0168227467614,1425.650837857269,1426.2848554577417,1426.9188755470943,1427.5528981242396,1428.1869231880917,1428.8209507375684,1429.454980771584,1430.0890132890545,1430.7230482889024,1431.357085770043,1431.9911257314004,1432.6251681718938
W158,16547.01183371681,16556.33848965208,16565.670142281717,16575.006794143188,16584.34844777527,16593.695105717914,16603.04677051236,16612.403444700958,16621.76513082734,16631.1318314364,16640.50354907417,16649.880286287957,16659.262045626278
W159,9225.304664069288,9230.408055907366,9235.514270899143,9240.62331060632,9245.735176591561,9250.849870418266,9255.96739365078,9261.087747854333,9266.210934594965,9271.336955439569,9276.465811955974,9281.597505712856,9286.73203827971
W16,5034.157085596274,5044.627751983899,5055.120196436421,5065.634464250028,5076.1706008151305,5086.728651616514,5097.308662233609,5107.910678340622,5118.534745706762,5129.180910196394,5139.849217769357,5150.539714481028,5161.252446482573
W160,8007.393547338679,8011.623474910067,8015.855636938936,8020.090034605675,8024.326669091223,8028.565541577156,8032.8066532456905,8037.05000527971,8041.29559886265,8045.543435178601,8049.793515412279,8054.045840749025,8058.300412374808
W161,12097.585306990737,12106.229600543189,12114.879194445959,12123.534091411753,12132.194294154377,12140.85980538878,12149.530627830998,12158.20676419821,12166.888217208638,12175.574989581733,12184.267084037927,12192.964503298925,12201.66725008741
W162,4454.672807789451,4456.547394290548,4458.422769638275,4460.298934164568,4462.1758882015365,4464.053632081406,4465.932166136541,4467.8114906994615,4469.691606102828,4471.572512679416,4473.4542107621755,4475.336700684163,4477.219982778605
W163,3765.663635580731,3762.9041063174177,3760.1465992624303,3757.3911129338976,3754.637645851022,3751.886196534097,3749.1367635044744,3746.389345284622,3743.6439403980776,3740.900547369461,3738.1591647244663,3735.419790989881,3732.68242469356
W164,24657.483783571857,24670.542553134186,24683.608238667653,24696.68084383496,24709.76037230066,24722.846827731424,24735.940213795682,24749.04053416404,24762.147792508775,24775.261992504322,24788.383137826993,24801.511232154942,24814.646279168453
W165,3749.2985204772326,3745.657520814617,3742.016521173107,3738.375521552717,3734.734521953458,3731.093522375356,3727.452522818436,3723.811523282719,3720.170523768218,3716.5295242749607,3712.8885248029687,3709.2475253522534,3705.606525922855
W166,2660.287321193745,2660.7644307179817,2661.241540242729,2661.718649767989,2662.1957592937565,2662.672868820036,2663.1499783468203,2663.627087874115,2664.1041974019236,2664.581306930239,2665.0584164590614,2665.535525988397,2666.012635518239
W167,3032.295560779834,3033.447136030699,3034.598981502981,3035.751097220897,3036.9034832086345,3038.056139490406,3039.2090660904178,3040.362263032862,3041.5157303419464,3042.669468041865,3043.823476156811,3044.977754710985,3046.132303728583
W168,3629.2995496758626,3631.8336371489518,3634.369493988539,3636.9071214300293,3639.4465207096955,3641.9876930646747,3644.530639732967,3647.0753619534435,3649.621860965828,3652.1701380107093,3654.7201943295554,3657.272031164701,3659.8256497593416
W169,1660.3930308360802,1661.177601990596,1661.9625438695207,1662.7478566480288,1663.5335405013766,1664.3195956048994,1665.1060221340188,1665.8928202642426,1666.679990171159,1667.467532030433,1668.255446017822,1669.0437323091637,1669.8323910803722
W17,12063.276653576704,12081.395720838947,12099.542002816375,12117.715540385101,12135.916374482551,12154.144546107702,12172.400096321106,12190.683066244927,12208.993497063155,12227.331430021619,12245.696906428118,12264.089967652431,12282.51065512651
W170,3597.8796139347014,3599.677953146215,3601.47698076443,3603.276696972328,3605.077101952913,3606.878195889203,3608.679978964267,3610.4824513611857,3612.2856132630786,3614.0894648530766,3615.8940063143505,3617.6992378301006,3619.505159583535
W171,6056.678810798319,6057.6444470788765,6058.610237313107,6059.576181525535,6060.542279740718,6061.508531983201,6062.474938277561,6063.441498648336,6064.408213120092,6065.375081717409,6066.3421044648685,6067.309281387027,6068.276612508464
W172,3657.162643162698,3659.042976039806,3660.9242756857047,3662.8065425974205,3664.689777272293,3666.5739802078806,3668.4591519020087,3670.3452928527654,3672.2324035584766,3674.1204845177554,3676.0095362294333,3677.899559192643,3679.790553906723
W173,3340.0818884944656,3337.06482703855,3334.050397074937,3331.0385963902295,3328.029422772831,3325.022874012948,3322.0189479025425,3319.0176422354075,3316.0189548071057,3313.0228834149743,3310.0294258581366,3307.0385799375217,3304.050343455819
W174,2813.2098876555833,2813.6826563471345,2814.1555044884653,2814.628432092926,2815.1014391738718,2815.574525744659,2816.0476918186387,2816.520937409187,2816.994262529648,2817.467667193403,2817.941151413809,2818.41471520424,2818.8883585780686
W175,3253.612761323761,3256.0014850383936,3258.391820424075,3260.7837684723754,3263.1773301753665,3265.572506525716,3267.969298516616,3270.367707141844,3272.7677333956913,3275.1693782730154,3277.5726427692307,3279.9775278803077,3282.384034602766
W176,2518.192926777526,2519.228375284549,2520.2642495521272,2521.300549755324,2522.3372760692755,2523.374428669201,2524.412007730367,2525.450013428132,2526.4884459379305,2527.527305435246,2528.5665920956535,2529.6063060948004,2530.646447608393
W177,6582.7264268500585,6584.069557161218,6585.412787024704,6586.756116434948,6588.099545386429,6589.443073873567,6590.786701890844,6592.130429432683,6593.474256493553,6594.818183067894,6596.162209150201,6597.506334734881,6598.850559816429
W178,1494.215701965077,1493.373702523943,1492.5321775516804,1491.6911267809226,1490.8505499444611,1490.0104467752333,1489.1708170063237,1488.3316603709782,1487.4929766025841,1486.6547654346784,1485.8170266009552,1484.9797598352502,1484.1429648715591
W179,2717.493854678843,2719.515267039324,2721.5379064534964,2723.561773498372,2725.5868687511565,2727.613192789244,2729.6407461902268,2731.669529531882,2733.699543392189,2735.73078834931,2737.763264981608,2739.796973867626,2741.8319155861254
W18,4356.262268581842,4367.169228644814,4378.103496766775,4389.06514131923,4400.054230844915,4411.070834058151,4422.115019845324,4433.186857265265,4444.286415549708,4455.413764103749,4466.568972506208,4477.752110510155,4488.963248043281
W180,7251.333479075264,7252.28440563323,7253.235456893198,7254.186632871547,7255.1379335846195,7256.089359048773,7257.040909280379,7257.992584295788,7258.944384111375,7259.896308743494,7260.8483582085,7261.800532522788,7262.752831702731
W181,8799.019662862709,8803.658179570743,8808.298528905274,8812.940711348348,8817.584727382116,8822.230577488786,8826.87826215059,8831.527781849878,8836.17913706903,8840.832328290506,8845.487355996804,8850.144220670509,8854.802922794262
W182,1347.5545115864422,1345.5723112089265,1343.5917821439461,1341.6129240328855,1339.6357365169843,1337.6602192373348,1335.686371834873,1333.714193950397,1331.7436852245455,1329.774845297812,1327.8076738105399,1325.842170402923,1323.8783347150038
W183,6081.894943641148,6084.523317967164,6087.152404966935,6089.7822047189375,6092.412717301723,6095.043942793785,6097.675881273657,6100.308532819827,6102.941897510809,6105.575975425096,6108.210766641175,6110.846271237553,6113.482489292709
W184,4606.854868796284,4609.643082161702,4612.432658691406,4615.223598893304,4618.015903275438,4620.809572345987,4623.604606613274,4626.401006585701,4629.198772771869,4631.997905680447,4634.79840582029,4637.60027370033,4640.403509829681
W185,4067.316431103642,4069.724040827274,4072.132800649211,4074.542710987465,4076.9537722601685,4079.365984885578,4081.779349282004,4084.193865867913,4086.6095350618502,4089.0263572824615,4091.4443329485166,4093.8634624788674,4096.283746292485
W186,1740.908057832728,1741.1850867494877,1741.4621156665096,1741.7391445837918,1742.0161735013382,1742.293202419148,1742.5702313372183,1742.8472602555526,1743.1242891741504,1743.4013180930099,1743.67834701213,1743.9553759315145,1744.2324048511618
W187,923.2206737689507,922.931146905307,922.64171083827,922.3523655393687,922.0631109801345,921.7739471321148,921.4848739668581,921.1958914559312,920.906999570899,920.6181982833468,920.329487564859,920.0408673870355,919.7523377214801
W188,2234.832772988096,2233.722820591701,2232.6133552621272,2231.504376813809,2230.3958850612535,2229.287879819023,2228.1803609017375,2227.0733281240814,2225.9667813008004,2224.8607202466924,2223.7551447766255,2222.6500547055152,2221.545449848346
W189,1996.4049927741044,1996.7822030760242,1997.1594747014628,1997.5368076587747,1997.9142019563203,1998.2916576024456,1998.6691746055117,1999.046752973871,1999.4243927158811,1999.8020938398972,2000.179856354282,2000.557680267394,2000.9355655875893
W19,2644.6376390725413,2644.258247555629,2643.8789104647194,2643.4996277920113,2643.1203995296905,2642.7412256699668,2642.3621062050156,2641.9830411270445,2641.6040304282556,2641.225074100836,2640.8461721369977,2640.4673245289346,2640.0885312688542
W190,447.2734142573788,446.8704547468887,446.46770563682367,446.0651668970822,445.6628384975571,445.2607204081326,444.8588125986883,444.4571150390929,444.0556276992113,443.6543505488995,443.25328355800764,442.85242669637734,442.45177993384294
W191,6502.867635517781,6502.767746035829,6502.667857810565,6502.567970841999,6502.468085130111,6502.368200674889,6502.2683174763215,6502.168435534399,6502.068554849087,6501.96867542041,6501.868797248334,6501.768920332848,6501.66904467394
W192,1153.7884795170962,1153.783343954007,1153.7782084137755,1153.7730728964034,1153.7679374018887,1153.7628019302324,1153.7576664814333,1153.7525310554943,1153.7473956524111,1153.7422602721872,1153.7371249148198,1153.7319895803123,1153.726854268659
W193,5984.0940013977315,5986.107317193142,5988.121209901594,5990.135679659608,5992.150726603743,5994.166350870576,5996.182552596729,5998.19933191881,6000.216688973497,6002.234623897484,6004.25313682746,6006.272227900153,6008.291897252347
W194,480.0995698469022,479.2510841646165,478.4034943352712,477.55680005129847,476.7110010050163,475.8660968886288,475.02208739422673,474.1789722137852,473.33675103916613,472.49542356211504,471.65498947426653,470.8154484671368,469.9768002321285
W195,943.6963832359717,944.2991195908568,944.9018559480357,945.5045923075064,946.1073286692666,946.7100650333168,947.3128013996535,947.9155377682767,948.5182741391839,949.1210105123753,949.7237468878471,950.3264832655993,950.929219645631
W196,9665.195242248903,9671.734644120419,9678.278470478028,9684.826724315255,9691.379408627645,9697.936526412808,9704.498080670364,9711.064074401982,9717.634510611306,9724.209392304083,9730.788722488009,9737.372504172914,9743.960740370585
W197,3360.1950478976023,3359.8424603467342,3359.4898727960867,3359.137285245662,3358.7846976954593,3358.432110145474,3358.079522595709,3357.7269350461715,3357.3743474968455,3357.021759947743,3356.6691723988642,3356.316584850208,3355.963997301769
W198,2384.2643151238935,2384.57263584534,2384.8809680056065,2385.1893116040683,2385.4976666400917,2385.8060331130528,2386.114411022314,2386.422800367249,2386.731201147227,2387.039613361619,2387.348037009798,2387.65647209113,2387.9649186049874
W199,772.720976171668,772.47584362766,772.2307769777212,771.985776207331,771.7408413019714,771.4959722471245,771.2511690282757,771.0064316309137,770.7617600405277,770.5171542426119,770.2726142226622,770.0281399661768,769.7837314586534
W2,3477.757455814277,3480.810699819347,3483.866624357329,3486.9252317815335,3489.9865244473317,3493.050504712162,3496.1171749355267,3499.1865374790113,3502.2585947062694,3505.3333489830347,3508.4108026770946,3511.4909581583443,3514.573817798755
W20,4115.760640275859,4116.708602207025,4117.656782476068,4118.605181133273,4119.553798228963,4120.5026338134285,4121.451687936998,4122.400960650006,4123.350452002798,4124.300162045734,4125.250090829181,4126.20023840352,4127.150604819151
W200,1669.8339229454791,1670.3076459298197,1670.7815033060476,1671.2554951122845,1671.7296213866668,1672.2038821673452,1672.6782774924761,1673.152807400229,1673.6274719287803,1674.1022711163287,1674.5772050010696,1675.052273621217,1675.5274770149927
W201,1899.0143123614273,1900.1461802432443,1901.2780481290781,1902.4099160189264,1903.5417839127922,1904.673651810668,1905.805519712553,1906.9373876184463,1908.0692555283435,1909.2011234422428,1910.332991360142,1911.4648592820392,1912.5967272079295
W202,4134.813721820589,4134.379937242352,4133.946198172316,4133.512504605708,4133.078856537754,4132.64525396368,4132.211696878721,4131.778185278091,4131.344719157032,4130.911298510766,4130.477923334521,4130.044593623528,4129.61130937301
W203,5468.51892984032,5472.782675269205,5477.04927650137,5481.318735135806,5485.591052772231,5489.866231011057,5494.144271453449,5498.425175701269,5502.708945357133,5506.995582024325,5511.285087306912,5515.577462809629,5519.872710137955
W204,7315.147582978353,7318.923876250387,7322.701838195072,7326.481469425761,7330.262770555916,7334.045742199231,7337.830384969522,7341.616699480845,7345.404686347423,7349.194346183626,7352.985679604014,7356.778687223364,7360.573369656588
W205,12567.547418968199,12582.432740180679,12597.33569183909,12612.25629482515,12627.19457004527,12642.150538430617,12657.124220937216,12672.115638545827,12687.124812262147,12702.151763116684,12717.196512164857,12732.259080487087,12747.339489188676
W206,1017.6777665788063,1017.2451052264026,1016.8125628214991,1016.3801393492693,1015.9478347948859,1015.5156491435197,1015.0835823803449,1014.6516344905328,1014.219805459254,1013.7880952716811,1013.3565039129808,1012.9250313683276,1012.4936776228878
W207,10911.98506941709,10930.180350716033,10948.405971708682,10966.661982984611,10984.948435217766,11003.26537916655,11021.612865674044,11039.990945668062,11058.39967016136,11076.839090251771,11095.309257122293,11113.81022204131,11132.342036362645
W208,26685.8053275463,26705.286091456874,26724.781076332314,26744.290292553775,26763.813750510217,26783.35146059782,26802.90343322086,26822.4696787907,26842.05020772668,26861.64503045554,26881.254157411702,26900.87759903719,26920.51536578161
W209,4193.811239334938,4197.993514558211,4202.179960527545,4206.370581402154,4210.565381345404,4214.764364524833,4218.967535112113,4223.1748972830765,4227.386455217741,4231.602213100272,4235.822175119015,4240.046345466498,4244.2747283394
W21,1953.7521631136965,1953.6451245099543,1953.5380917704163,1953.4310648947578,1953.3240438826542,1953.217028733789,1953.110019447838,1953.0030160244835,1952.8960184634004,1952.7890267642713,1952.6820409267698,1952.5750609505815,1952.468086835382
W210,8017.399038188072,8023.288196390048,8029.181680431014,8035.079493488464,8040.981638742257,8046.888119374528,8052.798938569796,8058.714099514898,8064.633605399005,8070.557459413656,8076.4856647527195,8082.4182246123955,8088.355142191262
W211,19046.85825930619,19092.732589741852,19138.717407775475,19184.812979513124,19231.01957170178,19277.33745173077,19323.766887633545,19370.308148089007,19416.961502423186,19463.727220610785,19510.605573276676,19557.59683169764,19604.701267803703
W212,5458.40417306446,5462.792757315612,5467.184706103069,5471.580021880662,5475.97870710385,5480.380764229834,5484.786195717497,5489.195004027425,5493.607191621934,5498.02276096499,5502.441714522312,5506.864054761317,5511.289784151099
W213,3250.3617928447225,3252.1612615521803,3253.9617264774624,3255.763188172066,3257.565647187834,3259.369104076893,3261.1735593916733,3262.97901368493,3264.785467509706,3266.5929214193625,3268.4013759675486,3270.2108317082443,3272.0212891957126
W214,1828.126696156312,1829.465851978484,1830.8053637542919,1832.1452314123792,1833.4854548814249,1834.8260340901616,1836.1669689673681,1837.5082594418748,1838.8499054425495,1840.191906898318,1841.5342637381466,1842.8769758910537,1844.2200432860986
W215,2362.935778161969,2362.724653319229,2362.5135473400724,2362.302460222812,2362.0913919657605,2361.8803425672386,2361.669312025555,2361.4583003390317,2361.247307505982,2361.0363335247166,2360.8253783935534,2360.6144421108106,2360.403524674804
W216,3146.0244282760186,3146.2448530338006,3146.4652777916695,3146.685702549636,3146.906127307694,3147.1265520658444,3147.346976824087,3147.567401582418,3147.7878263408443,3148.0082510993566,3148.2286758579685,3148.4491006166663,3148.6695253754588
W217,9825.056007610727,9826.134750187633,9827.21349276524,9828.29223534352,9829.370977922528,9830.449720502256,9831.528463082666,9832.607205663802,9833.685948245633,9834.764690828162,9835.84343341141,9836.922175995349,9838.00091858001
W218,9780.84219971029,9781.406692799925,9781.971185889717,9782.535678979735,9783.100172069933,9783.664665160362,9784.229158250944,9784.793651341712,9785.358144432697,9785.922637523878,9786.487130615253,9787.051623706804,9787.616116798563
W219,1050.4883957380905,1050.4235064019913,1050.3586170659157,1050.293727729865,1050.2288383938383,1050.1639490578343,1050.0990597218552,1050.0341703859,1049.9692810499682,1049.9043917140611,1049.8395023781768,1049.7746130423172,1049.7097237064816
W22,3545.0562058650576,3544.435014228001,3543.8139314402006,3543.192957482595,3542.572092336102,3541.9513359816674,3541.3306884002222,3540.7101495726943,3540.0897194800514,3539.4693981032287,3538.849185423164,3538.2290814208345,3537.6090860771737
W220,1796.1774633055775,1796.159523725457,1796.1415841453397,1796.123644565223,1796.1057049851058,1796.0877654049918,1796.0698258248779,1796.0518862447645,1796.033946664654,1796.016007084543,1795.9980675044324,1795.9801279243222,1795.9621883442146
W221,7574.700097734164,7577.918286947553,7581.1373324270635,7584.3572342645975,7587.577992552074,7590.7996073813865,7594.022078844399,7597.245407033032,7600.469592039141,7603.694633954617,7606.920532871312,7610.147288881101,7613.374902075859
W222,7887.815195179529,7892.873280373182,7897.934609059829,7902.999183319304,7908.067005232859,7913.13807688302,7918.212400353655,7923.289977730003,7928.370811098618,7933.454902547348,7938.542254165463,7943.632868043518,7948.726746273422
W223,27612.05309638125,27624.12901500308,27636.210214903287,27648.296698391765,27660.38846777903,27672.485525376847,27684.587873498043,27696.69551445622,27708.808450566226,27720.926684143826,27733.050217505748,27745.17905296979,27757.313192854803
W224,1714.0146469382908,1714.2133101928157,1714.4119883813792,1714.610681504494,1714.8093895626766,1715.0081125564373,1715.2068504862968,1715.405603352764,1715.6043711563557,1715.803153897585,1716.0019515769675,1716.2007641950165,1716.3995917522461
W225,1925.8156242909076,1925.7771516358628,1925.7386797493955,1925.7002086314885,1925.6617382821287,1925.6232687012982,1925.5847998889824,1925.5463318451673,1925.507864569834,1925.4693980629727,1925.4309323245627,1925.3924673545935,1925.3540031530433
W226,2922.3735364620447,2923.0646663100088,2923.7559596064866,2924.4474163901314,2925.1390366996166,2925.8308205736066,2926.522768050789,2927.214879169845,2927.9071539694874,2928.5995924884173,2929.2921947653535,2929.984960839029,2930.6778907481726
W227,1315.3852894950003,1315.4612436857515,1315.5372015568005,1315.6131631082935,1315.6891283403727,1315.7650972531872,1315.8410698468729,1315.917046121582,1315.9930260774524,1316.0690097146328,1316.144997033266,1316.2209880334935,1316.2969827154627
W228,7917.796193832897,7917.803774700155,7917.811355571311,7917.818936446335,7917.826517325241,7917.834098208031,7917.841679094702,7917.849259985243,7917.85684087968,7917.8644217779865,7917.872002680175,7917.879583586232,7917.887164496186
W229,483.34580007996664,483.4357411667805,483.5256989897516,483.6156735519922,483.70566485661914,483.7956729067465,483.8856977054899,483.9757392559676,484.06579756129497,484.1558726245915,484.2459644489728,484.3360730375613,484.4261983934729
W23,759.7316595341408,759.8843612359716,760.0370936297855,760.1898567217501,760.3426505180372,760.495475024815,760.6483302482582,760.8012161945423,760.9541328698386,761.1070802803259,761.260058432181,761.4130673315835,761.5661069847113
W230,3076.40687683812,3076.9875873453125,3077.5684074682695,3078.1493372276823,3078.7303766442296,3079.311525738637,3079.8927845315916,3080.4741530438,3081.0556312959725,3081.6372193088346,3082.2189171030886,3082.800724699468,3083.3826421186986
W231,561.2866848596631,561.3170145513525,561.3473458819279,561.3776788514779,561.4080134600899,561.4383497078546,561.4686875948586,561.4990271211899,561.5293682869395,561.5597110921947,561.5900555370445,561.6204016215764,561.6507493458801
W232,1910.6409416426163,1910.9427789101196,1911.2446638606782,1911.5465965018216,1911.848576841085,1912.1506048860022,1912.452680644111,1912.754804122949,1913.0569753300515,1913.3591942729615,1913.6614609592189,1913.9637753963673,1914.2661375919533
W233,1024.3153623914695,1024.377545780722,1024.4397329449353,1024.5019238843406,1024.5641185991635,1024.6263170896361,1024.688519355988,1024.7507253984463,1024.8129352172398,1024.8751488126006,1024.9373661847562,1024.999587333936,1025.061812260369
W234,1832.1420853974328,1832.2292757695584,1832.3164702909876,1832.403668961919,1832.4908717825504,1832.5780787530775,1832.665289873701,1832.752505144614,1832.8397245660183,1832.9269481381098,1833.014175861088,1833.1014077351454,1833.1886437604796
W235,409.145594617918,409.1224120004758,409.0992306965763,409.0760507061464,409.05287202911103,409.02969466539577,409.00651861492656,408.983343877629,408.96017045342796,408.93699834225043,408.91382754402065,408.8906580586646,408.86748988610776
W236,3235.274591923589,3235.7099542976516,3236.1453752569305,3236.5808548093037,3237.016392962673,3237.4519897249065,3237.887645103903,3238.3233591075445,3238.759131743714,3239.194963020319,3239.6308529452385,3240.0668015263705,3240.5028087715964
W237,1079.360073281531,1079.3401104761258,1079.3201480399332,1079.3001859729432,1079.280224275153,1079.2602629465505,1079.2403019871315,1079.2203413968884,1079.2003811758161,1079.180421323906,1079.1604618411525,1079.1405027275482,1079.1205439830846
W238,371.6839623463747,371.72595063342925,371.7679436637765,371.80994143795164,371.8519439564908,371.8939512199307,371.9359632288063,371.977979983654,372.02000148501094,372.0620277334117,372.1040587293938,372.14609447349227,372.1881349662448
W239,3764.5207708992143,3765.4073407949336,3766.2941103067847,3767.1810794776625,3768.068248350465,3768.9556169680736,3769.843185373403,3770.7309536093503,3771.618921718849,3772.5070897448218,3773.3954577302316,3774.284025718005,3775.1727937511105
W24,6737.746450676217,6738.6982028194625,6739.650089403293,6740.602110446735,6741.554265968771,6742.506555988394,6743.458980524592,6744.411539596404,6745.364233222782,6746.317061422771,6747.27002421538,6748.223121619596,6749.176353654447
W240,2540.4222456927178,2540.674229168914,2540.9262376391,2541.1782711057594,2541.430329571367,2541.682413038408,2541.9345215093585,2542.1866549866995,2542.4388134729065,2542.6909969704675,2542.943205481862,2543.195439009568,2543.4476975560706
W241,1009.8132458063172,1009.9150533389428,1010.0168711257489,1010.1186991677645,1010.2205374660233,1010.3223860215556,1010.4242448353964,1010.526113908575,1010.6279932421246,1010.7298828370778,1010.8317826944661,1010.933692815325,1011.0356132006845
W242,1481.2940156517577,1481.472926360278,1481.6518586775085,1481.8308126060583,1482.009788148537,1482.1887853075518,1482.3678040857208,1482.5468444856492,1482.7259065099474,1482.9049901612325,1483.0840954421153,1483.2632223552066,1483.4423709031166
W243,1178.6531704039985,1178.6819864253998,1178.7108031512985,1178.739620581712,1178.7684387166582,1178.7972575561525,1178.8260771002144,1178.8548973488587,1178.883718302104,1178.912539959967,1178.9413623224666,1178.9701853896165,1178.999009161439
W244,779.139537580154,779.2962848672096,779.453063688495,779.6098740503544,779.7667159591335,779.9235894211783,780.080494442838,780.2374310304588,780.3943991903932,780.5513989289929,780.7084302526107,780.8654931676016,781.0225876803167
W245,2328.5661676576274,2329.049799119029,2329.5335310276464,2330.0173634043463,2330.501296269992,2330.9853296454576,2331.4694635516194,2331.9536980093494,2332.438033039541,2332.9224686630723,2333.4070049008483,2333.8916417737514,2334.376379302693
W246,1113.913217205554,1113.8628740025467,1113.812533074781,1113.7621944221567,1113.7118580445672,1113.6615239419127,1113.6111921140914,1113.5608625609984,1113.5105352825303,1113.4602102785848,1113.409887549061,1113.3595670938546,1113.3092489128617
W247,4217.780552437704,4217.750553373938,4217.720554523556,4217.690555886533,4217.660557462877,4217.630559252585,4217.6005612556555,4217.570563472081,4217.540565901866,4217.510568545017,4217.48057140151,4217.450574471358,4217.420577754568
W248,16752.174214273164,16755.52175949387,16758.869973642206,16762.218856851836,16765.568409256462,16768.918630989803,16772.269522185634,16775.62108297771,16778.973313499762,16782.326213885714,16785.679784269425,16789.03402478468,16792.388935565516
W249,21329.756429184097,21346.925604816,21364.108600522944,21381.30542742909,21398.516096667525,21415.74061938043,21432.979006718935,21450.231269842978,21467.497419921678,21484.77746813307,21502.071425664148,21519.379303710903,21536.70111347858
W25,1302.8329561513383,1302.8322155996104,1302.8314750483069,1302.8307344974232,1302.8299939469593,1302.8292533969177,1302.8285128472967,1302.8277722980956,1302.8270317493168,1302.8262912009586,1302.825550653023,1302.8248101055055,1302.824069558409
W250,3288.0318432020167,3289.4393838176634,3290.8474602279234,3292.2560726113475,3293.6652211465434,3295.0749060121593,3296.485127386901,3297.8958854495263,3299.3071803788334,3300.7190123536902,3302.131381552993,3303.544288155708,3304.9577323408466
W251,6740.695237507723,6743.043188790335,6745.391361711666,6747.73975623637,6750.088372329132,6752.437209954651,6754.786269077646,6757.135549662862,6759.485051675014,6761.834775078867,6764.184719839205,6766.534885920799,6768.885273288463
W252,8534.520630148167,8540.6367682654,8546.756791278092,8552.880701337523,8559.008500595946,8565.140191206685,8571.275775324064,8577.41525510342,8583.558632701155,8589.705910274572,8595.857089982132,8602.012173983187,8608.171164438218
W253,12321.316673798043,12326.478130106638,12331.641667095626,12336.807285571007,12341.97498633899,12347.144770206018,12352.31663797901,12357.490590465026,12362.66662847146,12367.844752806059,12373.024964276856,12378.207263692051,12383.391651860427
W254,5998.028463880466,6000.69447224149,6003.3616655849255,6006.030044437458,6008.699609326028,6011.370360777789,6014.042299320139,6016.715425480732,6019.389739787381,6022.0652427682535,6024.741934951642,6027.4198168661505,6030.098889040552
W255,1924.2725699128532,1925.4088548752798,1926.545139841705,1927.6814248121239,1928.8177097865357,1929.9539947649375,1931.0902797473273,1932.2265647337022,1933.3628497240627,1934.499134718401,1935.6354197167173,1936.7717047190122,1937.90798972528
W256,2648.8236793335445,2651.6009553709846,2654.3811433486217,2657.1642463195826,2659.950267340175,2662.739209469927,2665.5310757715656,2668.3258693110247,2671.1235931574697,2673.92425038327,2676.7278440640166,2679.5343772785286,2682.3438531088555
W257,4023.6455059536324,4026.5713916310115,4029.497277321059,4032.4231630237673,4035.3490487391377,4038.2749344671497,4041.2008202077936,4044.1267059610736,4047.0525917269733,4049.978477505478,4052.90436329658,4055.8302491002787,4058.7561349165476
W258,2126.083365372019,2126.375057040909,2126.6667546976214,2126.9584583415804,2127.2501679722063,2127.541883588928,2127.833605191168,2128.125332778352,2128.417066349908,2128.7088059052558,2129.0005514438258,2129.29230296504,2129.584060468323
W259,6392.604548042921,6403.9480661856815,6415.31171299969,6426.6955242023705,6438.099535574492,6449.523782960346,6460.968302267774,6472.4331294684,6483.918300597623,6495.423851754793,6506.949819103364,6518.496238870915,6530.063147349305
W26,2731.219212070401,2731.325326105322,2731.431444262985,2731.537566543552,2731.6436929471924,2731.749823474054,2731.8559581243,2731.962096898097,2732.0682397955984,2732.1743868169647,2732.280537962358,2732.386693231939,2732.4928526258695
W260,603.1129268215094,601.3999446996334,599.6909509616156,597.9859383649693,596.2848996766425,594.5878276730167,592.8947151398912,591.2055548724811,589.5203396754074,587.8390623626912,586.161715757743,584.4882926933624,582.8187860117223
W261,4666.267245142924,4669.938179327992,4673.609113530267,4677.2800477497285,4680.950981986361,4684.621916240161,4688.2928505110995,4691.9637847991735,4695.634719104371,4699.305653426674,4702.976587766074,4706.647522122547,4710.3184564960975
W262,4397.067031828859,4404.465177105152,4411.875769821162,4419.298830919653,4426.734381378668,4434.182442211526,4441.643034466906,4449.116179228917,4456.6018976171035,4464.100210786598,4471.611139928054,4479.134706267844,4486.670931068027
W263,2379.5866308112777,2379.0281118224334,2378.469592834375,2377.9110738471,2377.3525548606026,2376.79403587489,2376.2355168899594,2375.6769979058095,2375.118478922444,2374.5599599398597,2374.001440958063,2373.4429219770464,2372.8844029968122
W264,3976.0304005567914,3971.4457385128594,3966.8663628975405,3962.292267615271,3957.7234465774964,3953.1598937026947,3948.601602916343,3944.0485681509304,3939.500783345947,3934.9582424478535,3930.420939410108,3925.888868193143,3921.36202276434
W265,2193.196409561493,2191.835708248059,2190.4757550700415,2189.116549668934,2187.758091686373,2186.400380764142,2185.0434165441716,2183.687198668542,2182.3317267794732,2180.977000519334,2179.6230195306416,2178.2697834560618,2176.917291938394
W266,2182.4217751796637,2181.497970455122,2180.5744565099,2179.651233284038,2178.7283007175747,2177.8056587505644,2176.883307323065,2175.9612463751346,2175.0394758468424,2174.117995678267,2173.1968058094835,2172.2759061805773,2171.3552967316436
W267,3216.425796933628,3212.771444699974,3209.121244345333,3205.475191152591,3201.8332804099646,3198.195507411092,3194.5618674548787,3190.9323558456394,3187.3069678929905,3183.685698911876,3180.068544222569,3176.455499150665,3172.84655902706
W268,1368.7415342880984,1367.9990689512545,1367.2569830747123,1366.5152764764412,1365.773948974487,1365.0330003869753,1364.292430532126,1363.5522392282232,1362.8124262936487,1362.0729915468542,1361.3339348063764,1360.5952558908352,1359.8569546189283
W269,1315.8497709206242,1315.4790402357714,1315.108365157641,1314.7377456852214,1314.3671818174994,1313.996673553461,1313.6262208920941,1313.255823832388,1312.885482373328,1312.5151965138996,1312.1449662530927,1311.7747915898913,1311.4046725232827
W27,1783.2966471335649,1783.3848337738605,1783.4730247750895,1783.5612201374663,1783.649419861208,1783.7376239465286,1783.8258323936475,1783.9140452027764,1784.0022623741315,1784.0904839079287,1784.1787098043833,1784.266940063716,1784.3551746861392
W270,8006.081549594128,8011.026902706727,8015.975310543608,8020.926774991595,8025.881297938788,8030.83888127437,8035.799526888747,8040.76323667341,8045.730012521127,8050.699856325754,8055.672769982344,8060.648755387136,8065.627814437508
W271,7742.806562548761,7747.51397808592,7752.224151870696,7756.937085458486,7761.652780405504,7766.3712382687945,7771.0924606063,7775.816448976767,7780.5432049398005,7785.272730055808,7790.005025886128,7794.740093992861,7799.4779359390095
W272,978.8103358462666,978.4207365019339,978.0312922302819,977.6420029695898,977.2528686581597,976.863889234314,976.4750646364045,976.0863948028086,975.6978796719216,975.3095191821706,974.9213132720013,974.5332618798885,974.1453649443287
W273,6477.845109651763,6477.817664603081,6477.790219638032,6477.762774756592,6477.735329958774,6477.7078852446,6477.680440614036,6477.652996067105,6477.6255516037945,6477.598107224093,6477.570662928036,6477.5432187155875,6477.515774586772
W274,828.661133155556,828.007089575791,827.3533058892161,826.6997820944948,826.0465181902906,825.3935141752652,824.7407700480816,824.0882858074002,823.436061451883,822.7840969801892,822.1323923909794,821.4809476829132,820.8297628546494
W275,8673.723824436262,8676.218468868268,8678.713549972112,8681.209067775075,8683.705022304448,8686.20141358754,8688.69824165162,8691.19550652399,8693.693208231929,8696.191346802732,8698.689922263671,8701.188934642034,8703.688383965087
W276,11254.874335950768,11256.854134330526,11258.834280966345,11260.814775919465,11262.795619251217,11264.776811022803,11266.758351295593,11268.740240130832,11270.72247758987,11272.705063733994,11274.687998624599,11276.671282322968,11278.654914890481
W277,3149.8875115419155,3148.548602271905,3147.2102621229624,3145.872490853182,3144.5352882207562,3143.198653983968,3141.8625879012266,3140.5270897310365,3139.1921592319845,3137.857796162781,3136.5240002822347,3135.1907713492665,3133.858109122878
W278,1323.448532666523,1322.7413686641962,1322.0345815327435,1321.32817107185,1320.6221370812993,1319.916479360988,1319.2111977109148,1318.5062919311883,1317.8017618220165,1317.097607183718,1316.3938278167163,1315.6904235215443,1314.9873940988318
W279,1272.5444417577773,1273.0450353823824,1273.5457550055025,1274.0466006410038,1274.547572302751,1275.0486700046122,1275.5498937604511,1276.0512435841347,1276.5527194895253,1277.0543214904903,1277.5560496008914,1278.0579038345916,1278.5598842054571
W28,4651.6425366439125,4651.6602327167675,4651.677928856944,4651.695625064449,4651.713321339266,4651.731017681397,4651.748714090857,4651.7664105676395,4651.784107111744,4651.801803723162,4651.8195004019035,4651.8371971479755,4651.85489396137
W280,5405.416749504573,5408.784203619699,5412.153067466552,5415.523341347376,5418.89502556436,5422.2681204197315,5425.642626215702,5429.018543254502,5432.3958718383465,5435.774612269469,5439.154764850105,5442.5363298824905,5445.919307668864
W281,1766.707126138477,1766.5200034018521,1766.332900484421,1766.1458173840845,1765.9587540987434,1765.7717106262978,1765.5846869646507,1765.3976831117036,1765.2106990653554,1765.0237348235132,1764.8367903840776,1764.6498657449486,1764.4629609040346
W282,2140.487680943962,2137.6682870762265,2134.850909347001,2132.035547529886,2129.2222013983783,2126.4108707258542,2123.6015552855783,2120.7942548507135,2117.9889691943017,2115.185698089275,2112.384441308455,2109.585198624553,2106.7879698101633
W283,343.15770561807835,342.9411171806121,342.7246351955313,342.5082596253863,342.29199043273644,342.0758275801485,341.8597710301976,341.6438207454665,341.4279766885456,341.21223882203435,340.99660710853885,340.7810815106739,340.5656619910619
W284,567.5431454743024,567.3946139702832,567.2461191096844,567.0976608840137,566.9492392847825,566.8008543035044,566.652505931696,566.5041941608716,566.3559189825539,566.207680388262,566.0594783695177,565.9113129178451,565.7631840247716
W285,699.3852670320229,699.9551145055391,700.5254262785197,701.0962027292662,701.667444236384,702.2391511787891,702.8113239357082,703.3839628866698,703.9570684115213,704.530640890412,705.1046807038045,705.6791882324707,706.2541638574943
W286,10715.248329507178,10731.215787317855,10747.207039088238,10763.222120274742,10779.261066386638,10795.323912986149,10811.410695688412,10827.521450161676,10843.656212127356,10859.815017360046,10875.997901687759,10892.20490099176,10908.436051206825
W287,2212.4844317613542,2213.941690826963,2215.3994805055167,2216.8578008340246,2218.3166518494922,2219.776033588913,2221.23594608928,2222.696389387568,2224.15736352075,2225.618868525789,2227.0809044396415,2228.5434712992505,2230.006569141558
W288,7832.356921964695,7837.889986576088,7843.425912247081,7848.964699915556,7854.506350519491,7860.050864997002,7865.59824428636,7871.148489325943,7876.7016010542575,7882.2575804099415,7887.816428331793,7893.378145758712,7898.9427336296985
W289,9937.659468233182,9941.884628351618,9946.11158485593,9950.340338509941,9954.570890077695,9958.803240323616,9963.037390012445,9967.273339909187,9971.511090779273,9975.750643388352,9979.991998502494,9984.235156888066,9988.48011931172
W29,721.7137321523247,721.5587779285421,721.4038569737239,721.2489692807262,721.0941148424089,720.9392936516327,720.7845057012576,720.6297509841493,720.47502949317,720.3203412211875,720.1656861610683,720.0110643056822,719.8564756479025
W290,15591.345281691405,15600.582876081035,15609.825943548205,15619.074487335522,15628.328510687597,15637.58801685094,15646.853009073973,15656.123490607,15665.39946470241,15674.680934614269,15683.967903598881,15693.260374914169,15702.558351820153
W291,8360.314584804066,8363.454814756496,8366.595655614,8369.737107384854,8372.879170077305,8376.02184369966,8379.165128260134,8382.309023767031,8385.453530228593,8388.598647653074,8391.744376048762,8394.890715423891,8398.037665786742
W292,18391.895977936652,18403.40079744323,18414.91281360219,18426.432030915315,18437.958453887113,18449.49208702487,18461.032934838895,18472.581001842053,18484.13629255026,18495.698811482096,18507.26856315903,18518.84555210546,18530.429782848383
W293,1701.461756106691,1702.1395329868365,1702.8175798576294,1703.4958968266162,1704.174484001394,1704.8533414895912,1705.5324693988925,1706.211867837017,1706.8915369117256,1707.5714767308277,1708.2516874021721,1708.9321690336524,1709.6129217332045
W294,1513.3692930684408,1513.6629350433193,1513.9566179522997,1514.2503417988464,1514.5441065864334,1514.8379123185323,1515.1317589986083,1515.42564663014,1515.7195752165908,1516.0135447614352,1516.3075552681473,1516.6016067401927,1516.8956991810433
W295,2911.672950669267,2900.083714319343,2888.5389307311702,2877.038435826115,2865.5820661074467,2854.1696586583457,2842.801051139914,2831.476081789256,2820.1945894174687,2808.956413407714,2797.761393713269,2786.6093708555695,2775.500185922298
W296,2939.853479278874,2938.0558742154367,2936.259206129234,2934.4634746164306,2932.668679273326,2930.874819696373,2929.0818954821398,2927.289906227348,2925.498851528857,2923.7087309836515,2921.9195441888614,2920.13129074176,2918.343970239742
W297,5098.1601276934825,5096.804990659025,5095.450213830092,5094.095797110949,5092.741740405858,5091.388043619126,5090.034706655109,5088.681729418122,5087.329111812591,5085.976853742897,5084.624955113482,5083.273415828806,5081.922235793351
W298,3394.283992906123,3391.143336735925,3388.0055865283603,3384.8707395946253,3381.738793248429,3378.6097448059477,3375.483591585852,3372.3603309092837,3369.2399600998724,3366.1224764837148,3363.007877389391,3359.896160147943,3356.7873220928877
W299,3156.702655579226,3157.275308164896,3157.8480646339654,3158.4209250053004,3158.993889297723,3159.5669575301063,3160.1401297212947,3160.7134058901584,3161.286786055543,3161.860270236325,3162.4338584513735,3163.007550719561,3163.5813470597523
W3,9581.238761249546,9585.109546097088,9588.981267192768,9592.853924611318,9596.727518427442,9600.602048715853,9604.477515551236,9608.353919008317,9612.231259161746,9616.109536086247,9619.988749856482,9623.868900547106,9627.749988232776
W30,3641.2011584087186,3641.4696376004977,3641.738136588115,3642.006655373037,3642.2751939567293,3642.543752340632,3642.812330526225,3643.0809285149553,3643.3495463082895,3643.6181839076817,3643.8868413146047,3644.1555185305056,3644.4242155568527
W300,1819.7923229362589,1819.2488085972082,1818.7054565877113,1818.162266859286,1817.6192393634667,1817.0763740517984,1816.5336708758423,1815.9911297871724,1815.4487507373844,1814.9065336780775,1814.3644785608744,1813.822585337407,1813.2808539593234
W301,2475.572151132,2473.144693541211,2470.71961621442,2468.2969168176555,2465.8765930192258,2463.45864248974,2461.043062902075,2458.6298519313987,2456.219007255165,2453.810526553086,2451.4044075071724,2449.0006478016867,2446.599245123178
W302,2859.66365200731,2858.6850784149974,2857.7065177041836,2856.727969878948,2855.7494349433555,2854.7709129014893,2853.7924037574285,2852.813907515255,2851.8354241790485,2850.856953752901,2849.878496240907,2848.9000516471524,2847.9216199757325
W303,5318.625189923551,5315.305833048984,5311.988547774516,5308.673332807264,5305.360186855166,5302.049108626963,5298.740096832213,5295.4331501812485,5292.128267385247,5288.825447156163,5285.52468820676,5282.225989250601,5278.929349002085
W304,2909.983204966307,2907.972512318119,2905.9630157585902,2903.954714691178,2901.9476085195743,2899.941696647724,2897.9369784797996,2895.933453420212,2893.9311208736203,2891.929980244918,2889.930030939249,2887.931272361977,2885.933703918726
W305,3123.2730543047614,3119.9913673210885,3116.712916370555,3113.437698471326,3110.1657106441453,3106.896949912253,3103.6314133014903,3100.369097840224,3097.1100005593685,3093.854118492398,3090.6014486753083,3087.351988146657,3084.1057339475187
W306,2384.213486662803,2383.585990659677,2382.958659804884,2382.331494054966,2381.7044933664624,2381.077657695935,2380.4509869999533,2379.824481235098,2379.1981403579643,2378.5719643251477,2377.9459530932763,2377.3201066189686,2376.694424858867
W307,3232.417064350726,3231.709521005956,3231.0021325343373,3230.2948989019637,3229.587820074944,3228.880896019392,3228.174126701431,3227.4675120871907,3226.7610521428146,3226.0547468344407,3225.348596128222,3224.642599990318,3223.936758386901
W308,2213.943039318447,2214.3848547963653,2214.8267584426576,2215.2687502749145,2215.710830310739,2216.1529985677257,2216.5952550634847,2217.037599815624,2217.480032841757,2217.9225541595006,2218.365163786468,2218.807861740289,2219.250648038585
W309,6157.727386616512,6151.626870871643,6145.53239892643,6139.443964793318,6133.361562490664,6127.285186042719,6121.214829479728,6115.150486837787,6109.092152158921,6103.039819491046,6096.9934828880205,6090.953136409526,6084.918774121175
W31,884.1855752659523,884.2639491143717,884.3423299097755,884.4207176527793,884.4991123440005,884.5775139840529,884.6559225735535,884.7343381131165,884.8127606033614,884.8911900449023,884.9696264383543,885.0480697843361,885.1265200834608
W310,4382.856420866676,4375.465482870662,4368.087008353743,4360.72097629865,4353.36736572355,4346.0261556819805,4338.69732526281,4331.380853590179,4324.076719823412,4316.784903156986,4309.505382820472,4302.238138078442,4294.983148230471
W311,4557.047287969591,4557.150120768809,4557.252955888493,4557.355793328703,4557.458633089508,4557.561475170937,4557.664319573066,4557.767166295915,4557.870015339559,4557.972866704054,4558.075720389449,4558.178576395781,4558.28143472312
W312,4097.866339828829,4097.799677806476,4097.733016868526,4097.666357014982,4097.599698245821,4097.533040561015,4097.466383960564,4097.399728444448,4097.3330740126285,4097.266420665117,4097.199768401882,4097.133117222889,4097.066467128159
W313,2016.2305428451866,2011.4206980450888,2006.6218072854463,2001.8338468041575,1997.056792888081,1992.290621872967,1987.5353101433436,1982.7908341324312,1978.0571703220394,1973.3342952424816,1968.6221854724781,1963.9208176390478,1959.2301684174308
W314,8104.437208423689,8103.189778141045,8101.942497471522,8100.695366402276,8099.448384920452,8098.201553013181,8096.954870667597,8095.708337870847,8094.461954610093,8093.215720872443,8091.969636645075,8090.723701915141,8089.477916669751
W315,5170.982113263962,5174.339899017336,5177.699865141416,5181.062013052011,5184.426344165842,5187.792859900577,5191.161561674778,5194.532450907935,5197.9055290204515,5201.280797433693,5204.6582575698785,5208.037910852209,5211.419758704801
W316,2854.819652641613,2853.6955631656865,2852.5719162990217,2851.4487118673405,2850.325949696439,2849.203629612177,2848.0817514404876,2846.960315007364,2845.839320138876,2844.718766661163,2843.5986544004245,2842.4789831829253,2841.359752835018
W317,3878.6438029857377,3859.29364869172,3839.958819696218,3820.6393687256327,3801.3353489128426,3782.046813802086,3762.773817353881,3743.5164139501385,3724.274658399246,3705.0486059412856,3685.838312253349,3666.6438334548993,3647.4652261132824
W318,3455.548797509441,3446.8571031794654,3438.1872708186193,3429.5392454384523,3420.912972188811,3412.308396357511,3403.7254633699863,3395.1641187889345,3386.624308313963,3378.1059777812825,3369.609073163321,3361.1335405684044,3352.679326240409
W319,2163.4802798044975,2163.2298786997685,2162.9795065762764,2162.7291634306675,2162.478849259597,2162.2285640596983,2161.978307827628,2161.7280805600235,2161.4778822535422,2161.227712904832,2160.9775725105364,2160.7274610673035,2160.4773785717825
W32,4081.5673531001416,4081.7941226695725,4082.0209048381193,4082.2476996064756,4082.474506975355,4082.701326945451,4082.928159517449,4083.1550046920634,4083.3818624699948,4083.6087328519357,4083.8356158386014,4084.0625114306845,4084.289419628871
W320,2141.588775850233,2141.234503054527,2140.8802888641285,2140.5261332693412,2140.172036260473,2139.8179978278313,2139.464017961724,2139.110096652467,2138.756233890373,2138.402429665756,2138.0486839689297,2137.69499679022,2137.3413681199377
W321,5991.258258510182,5996.380043217447,6001.506206390986,6006.636751773772,6011.771683112004,6016.911004155121,6022.054718655679,6027.202830369537,6032.355343055704,6037.512260476431,6042.673586397189,6047.839324586621,6053.009478816658
W322,2238.4212615876327,2239.480308785207,2240.5398570387206,2241.5999065852366,2242.660457661926,2243.721510506069,2244.783065355062,2245.8451224464093,2246.9076820177334,2247.9707443067628,2249.034309551342,2250.0983779894286,2251.1629498590924
W323,4082.2821071766075,4078.6518238596736,4075.02442220805,4071.3999002095397,4067.7782558531567,4064.159487129146,4060.5435920289387,4056.930568545191,4053.320414671779,4049.7131284037655,4046.108707737434,4042.507150670289,4038.9084552010236
W324,2302.822291245756,2302.848793358,2302.8752957752445,2302.9017984974907,2302.9283015247406,2302.9548048569995,2302.981308494273,2303.007812436564,2303.0343166838734,2303.060821236203,2303.087326093566,2303.113831255954,2303.1403367233784
W325,3761.7073458191658,3758.0781130498176,3754.452042412636,3750.829131448149,3747.209377698565,3743.5927787077726,3739.97933202136,3736.369035186578,3732.761885752349,3729.1578812692974,3725.5570192897026,3721.9592973675312,3718.364713058423
W326,3474.329757008903,3474.9208613666674,3475.512066291254,3476.103371799766,3476.6947779093102,3477.2862846370085,3477.8778919999786,3478.469600015355,3479.0614087002364,3479.6533180717634,3480.2453281470653,3480.8374389432693,3481.4296504775234
W327,8380.018964243625,8374.766667727157,8369.517663142915,8364.271948427659,8359.029521519395,8353.790380357515,8348.554522882638,8343.321947036678,8338.09265076288,8332.866632005735,8327.643888711036,8322.424418825853,8317.208220298566
W328,2280.940008354659,2277.807800542535,2274.6797396604943,2271.555820422385,2268.4360375485326,2265.3203857657445,2262.2088598072805,2259.101454412853,2255.9981643286337,2252.8989843072272,2249.8039091076653,2246.7129334954125,2243.626052242347
W329,9056.79231402818,9050.3289598975,9043.870203248438,9037.416040821538,9030.966469359544,9024.521485607513,9018.081086312788,9011.64526822509,9005.214028096338,8998.787362680834,8992.365268735086,8985.94774301796,8979.534782290615
W33,1449.0975276577456,1449.1473983133621,1449.1972706852657,1449.2471447735168,1449.297020578172,1449.3468980992911,1449.3967773369336,1449.44665829116,1449.4965409620252,1449.546425349595,1449.5963114539218,1449.6461992750685,1449.6960888130907
W330,3334.0305624523608,3332.3685396256883,3330.707345316743,3329.0469791125124,3327.3874406001823,3325.7287293671634,3324.070845001048,3322.4137870896448,3320.757555220976,3319.1021489832674,3317.4475679649213,3315.793811754598,3314.1408799411156
W331,5635.408458273508,5630.094801568578,5624.78568639341,5619.481109267112,5614.181066711142,5608.885555249324,5603.594571407848,5598.308111715233,5593.026172702368,5587.748750902535,5582.475842851292,5577.207445086609,5571.943554148799
W332,3138.4815565189315,3143.1135638672267,3147.7485624167593,3152.38655162024,3157.027530930934,3161.671499802667,3166.3184576898075,3170.9684040472735,3175.621338330534,3180.277259995612,3184.936168499069,3189.598063298016,3194.262943850104
W333,2437.065423909231,2435.0065607079746,2432.9494368496153,2430.89405086475,2428.840401285224,2426.7884866441145,2424.738305475738,2422.6898563156587,2420.643137700674,2418.5981481688063,2416.554886259329,2414.5133505127405,2412.4735394707714
W334,3414.6132487815885,3411.9499149988133,3409.288658553667,3406.6294778258853,3403.972371196461,3401.3173370476675,3398.664373763023,3396.013479727305,3393.364653326564,3390.717892948104,3388.0731969804838,3385.4305638135224,3382.7899918382873
W335,3884.401174005728,3881.7288972478927,3879.0584588739403,3876.389857619175,3873.7230922197714,3871.0581614127386,3868.3950639360173,3865.7337985283534,3863.074363929417,3860.416758879688,3857.7609821205565,3855.1070323942627,3852.454908443913
W336,1518.0575143533733,1516.486853259518,1514.9176493072978,1513.3499013007286,1511.7836080446777,1510.2187683448658,1508.655381007868,1507.093444841107,1505.5329586528649,1503.9739212522657,1502.416331449291,1500.8601880547685,1499.3054898803798
W337,1591.1214813977617,1591.814281993859,1592.5073842449865,1593.2007882824955,1593.8944942377816,1594.5885022423058,1595.2828124275811,1595.977424925182,1596.6723398667398,1597.3675573839423,1598.06307760853,1598.7589006723092,1599.4550267071413
W338,2009.0523106702146,2008.242344885844,2007.4327056438258,2006.6233928125096,2005.8144062603037,2005.0057458556678,2004.197411467114,2003.389402963208,2002.581720212565,2001.7743630838597,2000.9673314458187,2000.1606251672154,1999.3542441168836
W339,3833.24966959724,3829.455048691093,3825.6641841440046,3821.877072237506,3818.0937092568042,3814.3140914908104,3810.538215232088,3806.766076776872,3802.9976724250964,3799.2329984803046,3795.472051249739,3791.7148270442776,3787.9613221784502
W34,1233.6619675194318,1233.8319983150698,1234.0020525452423,1234.1721302131864,1234.3422313221306,1234.5123558753019,1234.6825038759343,1234.852675327262,1235.0228702325091,1235.193088594917,1235.3633304177142,1235.5335957041323,1235.7038844574124
W340,6044.158030023345,6046.004144316287,6047.850822478943,6049.698064683526,6051.5458711023375,6053.394241907696,6055.243177271972,6057.092677367636,6058.942742367131,6060.793372443032,6062.644567767921,6064.496328514445,6066.348654855302
W341,5025.338845071316,5025.935110914127,5026.531447504583,5027.127854851054,5027.724332961958,5028.320881845675,5028.917501510613,5029.514191965168,5030.110953217731,5030.707785276729,5031.304688150527,5031.901661847547,5032.498706376181
W342,1320.342235304387,1319.3958762221478,1318.4501954414536,1317.5051924761344,1316.5608668403715,1315.6172180486924,1314.6742456159732,1313.731949057437,1312.7903278886542,1311.8493816255416,1310.9091097843711,1309.9695118817447,1309.0305874346282
W343,3434.184952553364,3432.4746537935703,3430.765206794655,3429.0566111324406,3427.3488663829476,3425.641972122402,3423.9359279272467,3422.230733374142,3420.5263880399466,3418.8228915017357,3417.120243336796,3415.4184431226304,3413.7174904369335
W344,3299.801307606209,3302.991306953912,3306.1829866510493,3309.376346844112,3312.5713876795253,3315.7681093036667,3318.96651186286,3322.1665955033827,3325.368360371451,3328.571806613249,3331.776934374888,3334.9837438024438,3338.1922350419245
W345,3111.957908315561,3106.609458014569,3101.2659573408077,3095.9274056462605,3090.5938022824516,3085.265146600496,3079.941437951066,3074.6226756844007,3069.3088591503183,3063.9999876981788,3058.696060676931,3053.3970774350814,3048.1030373206927
W346,5764.737369856517,5763.627427170822,5762.517698192241,5761.40818287966,5760.298881191897,5759.189793087852,5758.080918526372,5756.972257466364,5755.863809866719,5754.755575686328,5753.647554884109,5752.53974741898,5751.432153249845
W347,3584.246086924898,3583.8420219940967,3583.4380026147182,3583.034028781621,3582.630100489665,3582.2262177337284,3581.8223805086714,3581.418588809368,3581.0148426306855,3580.6111419674735,3580.2074868146324,3579.8038771670067,3579.400313019479
W348,4227.925549664434,4224.0365678981625,4220.15116332097,4216.269332642491,4212.391072575367,4208.516379835261,4204.645251140908,4200.7776832139925,4196.913672779253,4193.053216564439,4189.19631130029,4185.342953720581,4181.493140562076
W349,3263.478039118317,3245.436549363517,3227.494797808004,3209.65223307552,3191.908306837898,3174.262473798263,3156.714191674229,3139.2629211812805,3121.9081260161543,3104.649272840397,3087.485831263954,3070.41727382887,3053.443075993106
W35,1065.192004217224,1065.1261132868697,1065.0602264323866,1064.9943436535275,1064.9284649500373,1064.8625903216678,1064.796719768161,1064.7308532892707,1064.6649908847403,1064.5991325543202,1064.5332782977598,1064.4674281148039,1064.4015820052014
W350,5513.435183520615,5483.862554815768,5454.44854503984,5425.192303412342,5396.092983716083,5367.149744272638,5338.361747918114,5309.728161978799,5281.248158247187,5252.920912957982,5224.745606764244,5196.721424713756,5168.84755622538
W351,1578.0390438378204,1576.2503391936248,1574.4616345615277,1572.6729299415442,1570.8842253336877,1569.0955207379707,1567.3068161544097,1565.518111583016,1563.7294070238045,1561.9407024767906,1560.1519979419854,1558.3632934194063,1556.5745889090622
W352,1270.9589119764644,1261.970859357531,1253.0463686767348,1244.184990437814,1235.386278323226,1226.6497891716722,1217.9750829557734,1209.3617227599152,1200.8092747582346,1192.3173081927748,1183.8853953517887,1175.5131115481984,1167.2000350982005
W353,1727.774495793832,1727.3566119882717,1726.9388292525205,1726.5211475621309,1726.1035668926622,1725.6860872196837,1725.2687085187708,1724.8514307655,1724.4342539354557,1724.0171780042272,1723.6002029474175,1723.1833287406228,1722.7665553594516
W354,3236.3429210070026,3234.4359350953473,3232.529969606367,3230.6250240492986,3228.721097933572,3226.818190768834,3224.916302064943,3223.01543133198,3221.1155780802133,3219.216741820123,3217.3189220624045,3215.422118317977,3213.5263300979404
W355,2591.528529174564,2577.8510412891815,2564.2457395918004,2550.7122431049415,2537.2501728618104,2523.859151895659,2510.5388052292587,2497.2887598643833,2484.108644771382,2470.998090878763,2457.9567310628777,2444.9842001376464,2432.0801348443106
W356,4067.5441038790577,4062.854709985993,4058.1702643689523,4053.4907622898963,4048.8161990148856,4044.1465698140123,4039.4818699614566,4034.822094735474,4030.167239418372,4025.5172992964995,4020.8722696602867,4016.2321458041993,4011.5969230267706
W357,3432.7164342466485,3430.32610479977,3427.9374398191826,3425.5504381458886,3423.1650986216664,3420.781420089118,3418.3994013916476,3416.0190413734563,3413.6403388795634,3411.263292755793,3408.887901848753,3406.5141650058736,3404.1420810753757
W358,5479.285201094598,5475.980310894552,5472.677159850119,5469.375747179896,5466.076072102743,5462.778133837874,5459.481931604729,5456.187464623084,5452.894732112988,5449.603733294769,5446.314467389053,5443.026933616767,5439.741131199126
W359,3792.5906376763123,3790.223240028502,3787.8573201405607,3785.4928770900506,3783.1299099551234,3780.768417814499,3778.408399747466,3776.0498548339006,3773.692782154241,3771.337180789518,3768.9830498213105,3766.6303883317905,3764.2791954036825
W36,15969.054320307763,15977.393619874438,15985.737274332885,15994.085285957157,16002.437657022725,16010.794389806073,16019.155486584965,16027.520949638294,16035.890781246171,16044.264983689929,16052.643559252003,16061.02651021614,16069.413838867215
W37,2899.7635083051346,2900.7958134381206,2901.828486065743,2902.8615263188217,2903.8949343282407,2904.928710224906,2905.962854139779,2906.997366203891,2908.0322465482836,2909.067495304067,2910.1031126023927,2911.1390985744565,2912.175453351503
W38,3089.319087934793,3089.578664614304,3089.8382631043264,3090.0978834067037,3090.3575255232686,3090.6171894558483,3090.87687520627,3091.136582776385,3091.3963121680135,3091.656063382985,3091.915836423149,3092.175631290323,3092.4354479863464
W39,5838.337038197631,5839.850617439978,5841.364236767002,5842.877896170422,5844.391595641977,5845.905335173415,5847.419114756481,5848.93293438293,5850.446794044516,5851.960693732978,5853.474633440108,5854.988613157643,5856.5026328773665
W4,2310.8156129707704,2310.898858208697,2310.9821064454454,2311.065357681122,2311.14861191584,2311.231869149707,2311.315129382829,2311.3983926153146,2311.481658847273,2311.564928078811,2311.648200310038,2311.7314755410566,2311.8147537719824
W40,5834.350038771121,5835.857615124133,5837.365229444922,5838.872881725583,5840.380571958225,5841.888300134962,5843.396066247923,5844.903870289207,5846.411712250959,5847.919592125278,5849.427509904324,5850.935465580213,5852.443459145081
W41,6203.041065388123,6203.821598083079,6204.602130778614,6205.382663474729,6206.163196171425,6206.94372886872,6207.724261566591,6208.504794265041,6209.285326964086,6210.065859663719,6210.8463923639265,6211.626925064732,6212.407457766109
W42,6211.410787875602,6212.146181814186,6212.881575753282,6213.616969692897,6214.352363633032,6215.087757573697,6215.823151514865,6216.558545456558,6217.293939398776,6218.029333341502,6218.76472728475,6219.500121228516,6220.235515172795
W43,6207.225926630057,6207.983889945915,6208.741853262333,6209.499816579292,6210.257779896813,6211.015743214881,6211.773706533488,6212.5316698526485,6213.289633172372,6214.047596492644,6214.805559813468,6215.563523134845,6216.321486456765
W44,5830.363586447976,5831.865433689451,5833.3673169325375,5834.869236169665,5836.371191393315,5837.873182595923,5839.375209769991,5840.877272907971,5842.379372002332,5843.881507045554,5845.383678030113,5846.885884948494,5848.388127793191
W45,2932.220489787988,2932.6944991341243,2933.168508480715,2933.642517827764,2934.1165271752707,2934.5905365232343,2935.0645458716526,2935.5385552205275,2936.0125645698604,2936.4865739196453,2936.9605832698926,2937.434592620591,2937.9086019717456
W46,3273.66751595089,3273.99424362341,3274.320971296124,3274.647698969026,3274.9744266421203,3275.301154315411,3275.6278819889003,3275.954609662585,3276.281337336458,3276.608065010521,3276.9347926847886,3277.2615203592486,3277.588248033896
W47,2930.8746237231726,2931.34848393814,2931.8223441535592,2932.2962043694342,2932.7700645857662,2933.243924802555,2933.7177850198027,2934.191645237503,2934.6655054556627,2935.1393656742753,2935.6132258933453,2936.0870861128724,2936.560946332853
W48,2991.937148437682,2992.419552952286,2992.9019574673557,2993.384361982893,2993.866766498889,2994.349171015348,2994.8315755322697,2995.313980049656,2995.7963845675094,2996.278789085819,2996.76119360459,2997.2435981238305,2997.7260026435324
W49,3226.712052587602,3227.0307521376594,3227.349451687908,3227.6681512383407,3227.9868507889687,3228.305550339776,3228.6242498907727,3228.9429494419633,3229.261648993339,3229.580348544896,3229.8990480966463,3230.217747648585,3230.5364472007095
W5,1440.3420308375335,1440.1041753932725,1439.8663592277885,1439.6285823345966,1439.3908447072113,1439.1531463391484,1438.9154872239249,1438.6778673550598,1438.4402867260671,1438.2027453304734,1437.9652431617983,1437.7277802135618,1437.4903564792883
W50,3228.199274808338,3228.5175524147808,3228.8358300214104,3229.154107628224,3229.4723852352317,3229.790662842422,3230.108940449804,3230.4272180573635,3230.7454956651127,3231.063773273054,3231.3820508811846,3231.7003284894995,3232.018606097995
W51,6560.423864344367,6560.285800874955,6560.147740311053,6560.009682652599,6559.8716278995535,6559.733576051822,6559.595527109366,6559.457481072125,6559.319437940026,6559.181397713019,6559.0433603910315,6558.905325974003,6558.767294461894
W52,7055.267924257621,7055.951260028742,7056.634595800268,7057.317931572179,7058.0012673445,7058.6846031172045,7059.367938890298,7060.051274663801,7060.73461043769,7061.417946211979,7062.101281986651,7062.784617761728,7063.467953537189
W53,1907.3845555317127,1907.913644343528,1908.4428799182522,1908.9722622965935,1909.5017915192718,1910.0314676270211,1910.5612906605857,1911.0912606607187,1911.6213776681886,1912.151641723775,1912.68205286826,1913.2126111424527,1913.743316587158
W54,2485.0231475909013,2482.537487043658,2480.053669082998,2477.5716928204606,2475.091557367787,2472.6132618369047,2470.136805339951,2467.662186989254,2465.189405897341,2462.7184611769367,2460.249351940971,2457.7820773025574,2455.316636375025
W55,5035.145436616,5038.220970479606,5041.298382909026,5044.377675051712,5047.4588480558095,5050.541903070143,5053.626841244266,5056.713663728413,5059.8023716735515,5062.892966231322,5065.985448554063,5069.079819794857,5072.176081107458
W56,2977.860189825189,2978.2902897278655,2978.720392956688,2979.1504995112323,2979.5806093910683,2980.0107225957668,2980.4408391249003,2980.8709589780397,2981.301082154753,2981.7312086546185,2982.161338477205,2982.591471622085,2983.0216080888326
W57,2170.472977489466,2170.709472479026,2170.94597163139,2171.1824749462576,2171.418982423319,2171.6554940622686,2171.8920098627946,2172.128529824597,2172.3650539473656,2172.601582230796,2172.8381146745764,2173.074651278405,2173.311192041974
W58,3408.1028684399735,3408.154302659964,3408.2057368799606,3408.257171099958,3408.308605319964,3408.3600395399662,3408.4114737599843,3408.4629079800065,3408.5143422000274,3408.5657764200546,3408.6172106400877,3408.6686448601226,3408.7200790801658
W59,2264.6986472972976,2261.5170266093173,2258.337594833176,2255.160352034396,2251.98529827855,2248.8124336312576,2245.641758158183,2242.4732719250474,2239.306974997622,2236.1428674417184,2232.9809493232037,2229.8212207079973,2226.663681662061
W6,475.13420684379355,475.1814320223901,475.228661894826,475.2758964615691,475.32313572308595,475.37037967984327,475.4176283323076,475.46488168094567,475.51213972622344,475.559402468609,475.6066699085688,475.6539420465692,475.7012188830773
W60,9032.786172391832,9032.104335797329,9031.42255067071,9030.740817008089,9030.059134805597,9029.377504059305,9028.695924765372,9028.014396919902,9027.332920518995,9026.651495558797,9025.970122035396,9025.288799944956,9024.607529283516
W61,10643.47843401042,10644.819201556542,10646.16013799919,10647.501243359698,10648.842517659345,10650.183960919352,10651.525573161045,10652.867354405727,10654.20930467463,10655.551423989124,10656.893712370405,10658.236169839849,10659.578796418757
W62,7199.4162231629925,7200.987423943128,7202.558684329719,7204.1300043143,7205.701383888379,7207.272823043479,7208.844321771118,7210.415880062837,7211.987497910179,7213.559175304643,7215.130912237801,7216.702708701178,7218.27456468632
W63,6064.389343540749,6065.650276009867,6066.911281829553,6068.172360993089,6069.433513493751,6070.694739324833,6071.956038479624,6073.217410951415,6074.478856733508,6075.740375819183,6077.001968201761,6078.263633874525,6079.525372830784
W64,13425.884741539909,13429.80691280843,13433.730229873754,13437.654693070583,13441.580302733784,13445.507059198206,13449.434962798936,13453.364013871063,13457.294212749757,13461.225559770397,13465.158055268343,13469.09169957915,13473.026493038351
W65,18824.594314881317,18831.67484051264,18838.75802933789,18845.84388235863,18852.93240057704,18860.02358499557,18867.117436617056,18874.213956444666,18881.31314548199,18888.41500473302,18895.51953520206,18902.626737893897,18909.736613813497
W66,7304.686341860131,7311.438864352712,7318.197628904955,7324.962641286999,7331.733907274367,7338.511432647856,7345.295223193622,7352.085284703222,7358.881622973471,7365.684243806638,7372.493153010302,7379.308356397425,7386.129859786339
W67,13393.258631454391,13399.392157915387,13405.528493246402,13411.667638733737,13417.80959566433,13423.954365325684,13430.101949005864,13436.25234799358,13442.405563578055,13448.561597049224,13454.72044969749,13460.882122813948,13467.04661769016
W68,6931.265904276482,6941.0450579453955,6950.831680471971,6960.625772733566,6970.427335607023,6980.236369968781,6990.052876694766,6999.876856660497,7009.708310740963,7019.547239810761,7029.3936447439855,7039.247526414279,7049.108885694836
W69,6933.476006776338,6940.6790102314435,6947.88201373109,6955.0850172752735,6962.288020863913,6969.491024496971,6976.694028174404,6983.897031896166,6991.100035662218,6998.303039472496,7005.506043326985,7012.709047225606,7019.912051168327
W7,2965.2472906698,2964.987961828637,2964.72865566722,2964.469372183562,2964.210111375684,2963.9508732415943,2963.6916577793163,2963.4324649868613,2963.1732948622575,2962.9141474035123,2962.6550226086506,2962.395920475688,2962.1368410026403
W70,2602.4150435405427,2598.9295800146574,2595.448784607989,2591.972651068511,2588.5011731525674,2585.034344624873,2581.572159258487,2578.1146108348084,2574.661693143569,2571.213399982813,2567.769725158895,2564.330662486458,2560.8962057884364
W71,1914.871504442634,1907.4571669532663,1900.0524496864548,1892.6573650551059,1885.2719255204306,1877.896143592263,1870.530031829374,1863.1736028397877,1855.826869281113,1848.4898438608654,1841.162539336788,1833.844968517199,1826.5371442613118
W72,1914.6249114517354,1906.954022192945,1899.2919524635872,1891.638717463543,1883.9943324628189,1876.358812802066,1868.7321738931157,1861.1144312195197,1853.5056003370912,1845.9056968744515,1838.314736533599,1830.7327350904498,1823.1597083954273
W73,1914.6295387911832,1906.9581168591517,1899.29551321238,1891.6417430552965,1883.9968216624911,1876.3607643792404,1868.7335866220385,1861.1153038791506,1853.50593171114,1845.905485751419,1838.3139817068206,1830.731435358147,1823.15786256074
W74,5805.978429175791,5817.989094991045,5830.024606787626,5842.08501596313,5854.170374021423,5866.280732572957,5878.416143334956,5890.576658131578,5902.762328894238,5914.973207661743,5927.2093465805765,5939.470797905067,5951.7576139976545
W75,24116.31043618867,24157.40330951889,24198.566202438535,24239.799234255766,24281.102524481914,24322.4761928322,24363.920359225493,24405.43514378529,24447.020666839504,24488.67704892135,24530.40441076919,24572.202873327253,24614.07255774576
W76,425.97836029314533,418.9832203458915,411.99872312648733,405.02501590999094,398.0622503424224,391.1105826419331,384.1701738126266,377.24118987204986,370.32380209347343,363.41818726418046,356.52452796112425,349.6430128454484,342.77383697751094
W77,3945.3757488900897,3954.8425876432234,3964.332141723394,3973.844465634872,3983.3796140126988,3992.937641622996,4002.5186033632995,4012.122554262868,4021.7495494829927,4031.3996443173482,4041.0728941922416,4050.7693546669984,4060.489081434249
W78,3852.451133123766,3861.659201535334,3870.8892787964246,3880.1414175116033,3889.415670411195,3898.7120903515306,3908.030730315295,3917.371643411803,3926.7348828773074,3936.1205020752977,3945.5285544968224,3954.959093760781,3964.4121736142097
W79,1427.9032380444942,1426.8551779502848,1425.8073318714032,1424.7596998776494,1423.7122820388836,1422.665078425025,1421.6180891060553,1420.5713141520127,1419.5247536329975,1418.4784076191684,1417.4322761807487,1416.3863593880183,1415.3406573113173
W8,2781.255827375009,2781.223238181935,2781.19064937072,2781.1580609413627,2781.1254728938507,2781.092885228187,2781.0602979443697,2781.027711042382,2780.9951245222323,2780.9625383839075,2780.9299526274117,2780.8973672527277,2780.8647822598627
W80,1527.8689473743957,1526.803733213304,1525.7387272384271,1524.6739295136433,1523.6093401028772,1522.5449590701094,1521.480786479362,1520.416822394723,1519.3530668803246,1518.28952000035,1517.2261818190393,1516.1630524006787,1515.100131809614
W81,24591.844554612548,24633.643900654493,24675.514293619883,24717.455854267428,24759.468703561048,24801.552962670354,24843.708752970866,24885.936196044357,24928.235413679384,24970.60652787129,25013.04966082303,25055.564934945065,25098.152472856025
W82,4427.8742610286,4432.659637949311,4437.4501865832,4442.245912519465,4447.046821353351,4451.852918686145,4456.664210125201,4461.480701283918,4466.302397781785,4471.129305244332,4475.961429303193,4480.798775596088,4485.641349766806
W83,5982.383202467504,5986.724803729432,5991.066405010125,5995.40800630958,5999.7496076277685,6004.091208964694,6008.432810320328,6012.774411694669,6017.116013087681,6021.457614499372,6025.799215929735,6030.1408173787295,6034.48241884637
W84,5978.863783749803,5983.195675652785,5987.527567574444,5991.8594595148015,5996.191351473832,6000.523243451493,6004.855135447812,6009.187027462753,6013.51891949631,6017.850811548471,6022.182703619215,6026.514595708532,6030.846487816417
W85,17311.874847737585,17337.35813646681,17362.872039734983,17388.416586039606,17413.99180389705,17439.59772184242,17465.234368429767,17490.901772231966,17516.599961840693,17542.32896586646,17568.08881293872,17593.87953170582,17619.701150834902
W86,17323.873771163144,17349.356469518265,17374.869747578483,17400.41363375914,17425.98815649449,17451.593344237317,17477.229225459247,17502.89582865051,17528.593182320226,17554.321314996243,17580.080255225053,17605.870031572056,17631.690672621262
W87,1081.9015416279285,1080.6356680470008,1079.3712755864185,1078.1083625132196,1076.846927096479,1075.5869676072903,1074.3284823187703,1073.0714695060622,1071.8159274463235,1070.5618544187241,1069.309248704454,1068.0581085867063,1066.8084323506907
W88,12014.30028015766,12020.439481514792,12026.58181993087,12032.727297008954,12038.875914352784,12045.027673567058,12051.182576257135,12057.340624029372,12063.501818490815,12069.666161249355,12075.83365391379,12082.004298093587,12088.17809539921
W89,1207.7504697666827,1206.4489028085648,1205.147335858816,1203.8457689174468,1202.5442019844659,1201.2426350598819,1199.941068143706,1198.6395012359428,1197.337934336607,1196.0363674457037,1194.7348005632439,1193.4332336892346,1192.1316668236886
W9,7240.509157558956,7240.39877849775,7240.288401119248,7240.178025423398,7240.067651410175,7239.957279079552,7239.846908431505,7239.73653946602,7239.626172183059,7239.515806582596,7239.4054426645935,7239.295080429076,7239.184719875954
W90,1839.5687632063352,1840.2595896985938,1840.9504265827113,1841.641273855101,1842.3321315121793,1843.0229995503612,1843.7138779660675,1844.404766755723,1845.0956659157532,1845.7865754425827,1846.4774953326469,1847.1684255823748,1847.8593661882046
W91,19767.23311546828,19777.454128166923,19787.678857095856,19797.907303036132,19808.13946676879,19818.37534907484,19828.61495073543,19838.858272531656,19849.105315244804,19859.356079656038,19869.61056654676,19879.868776698167,19890.130710891695
W92,23256.663434663806,23270.644819088982,23284.634608758624,23298.63280872593,23312.639424046793,23326.654459780275,23340.67792098864,23354.709812736794,23368.75014009313,23382.79890812872,23396.856121917976,23410.92178653819,23424.995907069715
W93,1735.4024765329102,1735.792214800148,1736.1819530679086,1736.57169133619,1736.961429604992,1737.3511678743143,1737.7409061441604,1738.130644414527,1738.5203826854136,1738.9101209568214,1739.2998592287502,1739.6895975012003,1740.0793357741693
W94,1810.8141399906506,1809.051421177518,1807.2887023746234,1805.525983581976,1803.7632647995895,1802.0005460274688,1800.2378272656285,1798.475108514075,1796.712389772819,1794.9496710418725,1793.1869523212456,1791.4242336109453,1789.6615149109864
W95,1641.0681178409177,1640.1865814845858,1639.305045131078,1638.4235087803954,1637.5419724325416,1636.660436087515,1635.7788997453206,1634.8973634059566,1634.0158270694265,1633.1342907357302,1632.2527544048714,1631.3712180768512,1630.489681751669
W96,11330.00449886034,11336.860069951916,11343.719730032912,11350.583481506843,11357.451326778735,11364.323268254906,11371.199308343088,11378.07944945247,11384.963693993552,11391.852044378273,11398.744503019929,11405.64107233329,11412.541754734511
W97,478.8170271766057,479.0049623882014,479.19294485262634,479.3809745750963,479.56905156082826,479.75717581503807,479.94534734294365,480.1335661497601,480.32183224070445,480.51014562099135,480.69850629583794,480.88691427045796,481.0753695500691
W98,611.5771736843949,611.8247860801167,612.0724594660335,612.3201938475004,612.5679892298723,612.8158456185017,613.0637630187447,613.3117414359541,613.5597808754827,613.8078813426837,614.0560428429088,614.3042653815104,614.5525489638408
W99,15119.31139496928,15128.459993707971,15137.61386379349,15146.773008110824,15155.937429546391,15165.107130988175,15174.282115325637,15183.46238544971,15192.647944252849,15201.838794628962,15211.034939473564,15220.236381683537,15229.443124157398
