1.863771519081215688e-02
6.646535723691739117e-02
1.873195421926382095e-02
2.373873814536994146e-03
8.208066958587183562e-03
2.954230241282593955e-02
1.331131936633337016e-02
9.319172875113858681e-03
5.289281930233803893e-03
1.832026644975528681e-02
8.628573844396251330e-03
9.028006850046017828e-03
8.183634874243558843e-02
2.876423578134577538e-02
3.694376401592041476e-02
1.279473921255548999e-02
5.442877145159170926e-02
3.988118566928482850e-02
9.459874344627226123e-03
3.868224642563699439e-02
1.396006546306696391e-02
7.560980637093648801e-03
1.328606178162474172e-01
2.560118488486383057e-02
1.258455049363538525e-01
9.036585120739343627e-03
5.981830816506911869e-02
4.669422458655372865e-02
1.261518836877664057e-02
1.256759666349444027e-02
5.223775672063220993e-03
1.248612761505744212e-02
2.705336985993133520e-02
6.353147125280188094e-03
7.592540478892363665e-02
8.511620136558081806e-03
5.686617609722082432e-03
1.593912191250486735e-02
2.454442188267942290e-03
3.103116281692545539e-03
1.568935542742293590e-02
3.550439326352289315e-02
1.227720878807963753e-02
8.915064639400520352e-02
1.789326699683269767e-02
7.659549907710594407e-02
1.518977238926896844e-02
4.946507016211432878e-02
1.250425434845487543e-02
6.554916099530920873e-03
1.111392818627232604e-01
1.485812223382672603e-01
8.571909903419255156e-03
6.479457241560193648e-02
5.356534333144084142e-02
1.977751836289865645e-02
1.317072076696401139e-01
1.691183495401882633e-02
1.139431970577555429e-02
1.299142254983216144e-02
1.983068070850220466e-02
4.401545899785671428e-02
2.016545007884148685e-02
1.550909230825423674e-02
1.029391001135502096e-02
1.412861260445199066e-02
5.615041317791517363e-03
1.450817106134991707e-01
7.117752855480726816e-03
8.077706042380602969e-03
4.114368799493266227e-02
2.933342262770569434e-02
1.129746157215053178e-02
2.665156990911960247e-02
2.341021336282147342e-02
2.446117823876707564e-02
6.191767827988021999e-02
2.331620961344444548e-02
1.414522476762006958e-02
1.402734218067250294e-02
7.916754579021125990e-03
9.180628257216971386e-03
9.511422418134382606e-02
6.120579966190422064e-03
8.260812962340314397e-03
2.081300848765636063e-02
2.033170482595448442e-02
3.872422616948482943e-02
2.298075422451610270e-03
7.264347392076529741e-02
7.798828842793362713e-03
1.178039688992032000e-02
8.795805967106280765e-02
1.316698098467662496e-02
9.561579669263188877e-03
9.623899506202527807e-03
1.364575825489697247e-02
1.788020458985302083e-02
3.635425053341616308e-02
5.400764725730945043e-02
2.082240735245381169e-01
1.042614592565425241e-02
9.734106692573708808e-02
4.804329778678709945e-02
2.413111902753682300e-02
1.814278811527252067e-02
3.360386221103711657e-02
5.993768706600392793e-02
1.379726482221446324e-02
8.057941572975529931e-02
1.370967667872358686e-01
2.274004561820946319e-02
1.066861644913703749e-01
7.558328639838926555e-02
9.990812468595070689e-03
2.112653262023561976e-02
7.465756333984129023e-02
2.672710226833528106e-03
7.376895902131498650e-02
1.363654806641079464e-01
2.038420348043155916e-01
9.086128982315593017e-02
5.312616961614780031e-02
1.786239661405731594e-01
1.276801026346148782e-01
5.646934217884575641e-02
5.195172579534328844e-02
7.002649360723091354e-02
4.079718578043556310e-02
3.613548176709728554e-02
2.542011138532570061e-02
1.435479126795441082e-02
2.921714708993986692e-02
6.366178369089398048e-03
1.342894172114794948e-01
6.314441548861077311e-04
3.788202571432747190e-02
5.255045195239554240e-02
5.886829653863973749e-02
1.064710155041036083e-01
7.600039954614781768e-02
7.070961377109023782e-02
1.108785641544797751e-01
9.823707433884536211e-02
1.138581576779007648e-01
1.033888559487059489e-01
1.360853308318894506e-01
4.931362277289869089e-01
2.236785307040908832e-01
1.738704891982962575e-01
8.909128895615406329e-02
4.747994828565826331e-01
8.374691066497977343e-02
1.669924638189138333e-01
4.561474115812566565e-01
1.788583863619483683e-01
2.495558872150557828e-01
2.511004295815644771e-01
1.268806419799062557e-01
1.064657220979576546e-01
1.086582477550327164e-01
3.618465889030341165e-01
1.102150070233670065e-01
2.048984093094600722e-01
2.370052378632503953e-01
1.960330650469244845e-02
4.106796054411657876e-02
5.078356022117312962e-01
1.350462604248277992e-02
4.694942367272222916e-02
1.269144141655089396e-02
1.467383973232284228e-02
8.706050550249744974e-03
3.693829042516421496e-02
3.946638408719392588e-02
7.331766810559666239e-03
6.224159614163457532e-02
1.880997170204166402e-01
3.864637264998686539e-01
2.301689859708038466e-01
2.275711235537789673e-02
4.812226896764816228e-03
2.173105383483447117e-01
6.473594297220387761e-02
7.033886651418416736e-02
7.380339244805134147e-02
2.086288934042917209e-01
3.280747706081019177e-02
7.709755560007028330e-02
1.830606613610332445e-01
2.896528779267309658e-02
4.541294903284081447e-02
1.686290812055073890e-02
3.855366310540515873e-02
1.450262344660104286e-01
1.384146511204124019e-01
2.776695073483695028e-02
2.113007209030600547e-02
4.216759653406210867e-02
4.713654785614212334e-02
7.723626338749022269e-01
1.147390472101023247e-02
4.127114937316423565e-02
1.725234074270178691e-02
4.153957286954049893e-02
3.265342646406300953e-02
2.940491031519696860e-02
3.331062682233405792e-02
3.439799366499412397e-02
8.369732392379604022e-03
1.275856491275552569e-02
5.848722182085350774e-01
4.272900260128169314e-02
7.101735194953187613e-02
7.671984855206408216e-02
1.568834159217491475e-01
2.271234163722877786e-01
1.348690448240622008e-01
1.411844636818762877e-01
1.067758047691570178e-01
2.129783878812408493e-01
1.628473705555800732e-01
1.353372880721074624e-02
1.174635076286313501e-01
1.224624527482667535e-01
1.350577255027300694e-01
1.793066823341679938e-01
1.017105975255167827e-01
1.167338719155642385e-01
1.881763791406975139e-01
1.356503382867477736e-01
8.719670204779508826e-02
1.471969271563375314e-01
1.929544497712895601e-01
3.646286533953806974e-01
3.169448047114835076e-01
1.278316786893496371e-01
1.002449261300135397e-01
1.416248828010006067e-01
7.815451320348190678e-02
8.040701112720510801e-02
1.741478891134069784e-01
8.726325194075293390e-02
6.986389834098949425e-02
1.378656936273230660e-01
2.048588556848427999e-01
1.705886416674080586e-01
1.345342635117500740e-01
9.394063963232880676e-02
3.667501612265198219e-01
2.795488092642846034e-01
2.094850953966962137e-01
1.599412105939740925e-01
1.593366925666196976e-01
2.354093201437988114e-01
1.015405329418531538e-01
1.698942835822592756e-01
2.048375434306346221e-01
1.826180333200251582e-01
1.728675041882863084e-01
1.531274813135327373e-01
2.215977212011887021e-01
1.149641778011933069e-01
1.827246562706124067e-01
2.094046601444290445e-01
1.620877199658631584e-01
1.431594505340373080e-01
2.182224397859993392e-01
9.749567901016641114e-02
9.470118295851556733e-02
1.372938843820490640e-01
1.269294012662219029e-01
1.105834720102061158e-01
2.354950057690600729e-01
1.408188316759995395e-01
9.696845971942173736e-02
1.326043919312474284e-01
2.304704112522613368e-01
2.813586487487167997e-01
3.366557018807986856e-01
1.954238145766655776e-01
3.417001924437986227e-01
1.241587508195706041e-01
1.788949988829849347e-01
7.121136000042785352e-02
1.470918254321999796e-01
1.377457898751353604e-01
1.073791222477573637e-01
1.623750903824358882e-01
1.328534130413912828e-01
2.262943149408186069e-02
1.258304624913202281e-02
1.598268142764126126e-02
9.792282975251356825e-02
1.693373720718984246e-02
1.740962008797762584e-02
2.547440963769193392e-02
1.712504125619085729e-02
1.759326525179971332e-02
2.976966953527180465e-02
4.729772386614305990e-02
2.858362633282322471e-02
1.964471473054570788e-02
3.847989396242313537e-02
1.899237357616267441e-01
2.999038018957985233e-02
1.624662900259392362e-02
1.380477225560679602e-02
6.773431469753833645e-02
1.693188875320055659e-02
8.390070384110696888e-02
4.206454284974348728e-02
6.864749607462024283e-02
7.868501235712083153e-02
2.872840141463669505e-01
1.754263068954668159e-01
4.254297357036259525e-02
2.990365071073908254e-02
2.513335340603415138e-02
4.541382460457424330e-02
2.621604968642313876e-02
2.305687097761720955e-02
1.371884325821972998e-02
4.437515565706950937e-02
6.618663882772508195e-03
7.654695077611285876e-03
2.985876637827042379e-01
2.544214522553761570e-02
2.696138307601001968e-02
6.488446529261163165e-02
9.076511026699626838e-02
2.634675443708220377e-01
3.818472562351967609e-02
2.199860038698414066e-01
1.926928785307992775e-01
1.904498692314503527e-01
1.859997516137063822e-01
2.907943686834769670e-01
7.781977587200675228e-02
2.660196513762619341e-02
6.096317768924225042e-03
1.366661462319913693e-02
1.185516391824878273e-02
1.158109595529490526e-02
9.199752219509724910e-03
3.325541334070938881e-02
9.265167085093287819e-03
1.110617306649233638e-01
2.029055762681773456e-01
1.041180147682943362e-02
1.236306784390949626e-02
9.622491255551279821e-02
4.344428454884761807e-03
1.452086230044331572e-01
4.308190659263591571e-02
4.497540147812307057e-03
6.416991809523168999e-02
6.325082108965199290e-02
2.010446951523734566e-02
