8.070231484512550846e-02
5.950960861211743863e-02
1.679896585849076918e-01
8.870155467053868203e-02
1.539628763363294073e-01
7.165592632517353566e-02
1.265077952462102251e-01
6.686407581614987883e-02
5.146929265048721946e-02
2.586329736539719204e-02
2.421083107418452729e-01
4.613951280083542633e-02
4.648543519867043977e-02
5.431604462996645483e-02
5.931864124949109973e-02
9.870599484581661642e-02
5.893592426450611210e-02
6.950602988268946014e-02
9.412310635586922103e-02
5.936366883861549787e-02
8.760335141523667435e-02
6.697378306865338360e-02
4.832563425539980195e-01
2.961454510101757531e-02
1.191692105639203664e-01
4.605516382372374512e-02
5.683741211224516837e-02
8.237436827609641299e-02
3.035382919439605365e-01
3.197615348560650106e-01
4.493340142526099368e-01
2.094971453653147186e-01
6.157075397388210858e-01
1.018356519523005987e-01
5.146049256655579884e-02
7.872931693376487017e-01
4.630134902761837701e-01
4.329199411832594380e-01
3.661248140463464473e-01
5.849748439511631704e-01
4.281491991144676379e-01
5.855627847439562883e-01
1.136149600059607606e-01
1.372837868182751331e-01
2.953263229255254640e-01
1.785852262320277439e-01
4.298334443283930995e-01
5.429671208231027224e-01
2.732861777569501882e-01
4.404487989650474611e-01
8.451402594859480644e-01
2.929771862279534900e-01
4.641700592746738074e-01
7.865904969790770140e-01
4.867901699725871723e-01
2.986216386344272555e-01
3.192442312859402470e-02
2.577573035346261698e-01
4.606349353741839292e-01
6.685439263492303219e-01
3.616435507251710146e-01
3.134341501980609235e-01
5.744039246896014417e-01
1.346701375582854410e-01
2.612655799900630571e-01
4.589387041971798031e-01
3.067503214359641461e-01
6.537949528932118781e-02
4.843411685463402949e-01
2.964923680014053819e-01
1.019922900681365485e+00
3.303005849682916772e-01
7.493710848430078508e-01
4.927344483671718400e-01
1.253191320891279270e+00
8.138373438139683280e-01
6.686683622755452694e-01
7.288006454820880053e-01
2.482439620634550523e-02
1.038632334277516181e-02
2.323988058955728242e-02
9.642279604474742957e-03
4.219493928787062392e-03
4.933722127379398456e-03
3.683217323172701622e-03
6.311436572506062652e-03
3.275194813203376101e-03
4.493666870792755071e-03
4.301299793974121440e-03
4.111488516359742412e-02
3.460696893319105405e-03
5.926982404117386166e-03
3.354729738941606559e-03
3.135797132500397436e-03
5.517913469326552606e-03
7.002115044792562616e-03
3.760142241952482960e-03
1.338530991174212903e-03
2.825732133118904425e-03
4.691852717589962973e-03
6.163593850838069294e-02
3.291823689155513617e-03
2.410783538523661538e-03
3.510077273294014925e-03
2.222118492935370396e-03
6.285350651417299754e-03
5.522150009969626662e-03
5.913976792479937183e-03
5.613195553800523312e-03
2.778208343068758624e-03
3.365692934452073435e-03
1.174154576761374108e-01
3.201873245897044612e-02
3.910892088130868936e-03
6.550974555951302562e-03
2.763965744055465416e-03
5.229451908482084244e-03
4.360114317252681594e-03
3.034569601781972759e-03
3.669086233734090898e-03
5.695393118413831675e-03
3.324812412762509408e-03
9.449923968252497974e-03
4.035772129308178718e-02
6.348428049267708546e-03
5.036932273807832351e-03
8.747732501676047309e-03
1.275860498553322599e-02
4.275296133767700520e-03
3.531077297517096116e-03
4.213189899740108803e-03
4.320315104444597855e-03
2.330666987722782805e-03
4.226447756397533513e-03
7.546035411569428086e-02
3.814696373238303777e-03
4.102434108928112479e-03
1.819379076545904195e-01
9.481446886434661062e-03
3.095360559350660099e-03
2.400238255610845275e-03
7.162084807138085520e-03
9.056340047929883549e-03
4.116193406693206130e-02
1.085178923198470459e-02
1.723788724900960079e-01
4.494118956157490928e-03
8.869481589131816487e-03
4.600471434622805701e-03
1.695330282333422367e-02
6.425382330023166229e-03
3.263629441638341445e-03
2.430452719874466941e-03
9.401739271706245279e-03
3.993409858801490707e-03
5.269220964502308556e-03
4.628260623331881263e-02
6.306921276717082636e-02
3.830515052705178811e-03
3.275679414548307231e-03
3.951733426870578623e-03
3.318469460057876883e-03
5.942980723551677391e-03
6.291273492048117533e-03
4.067469506304975148e-03
2.593311705973090370e-03
3.459792227132350850e-03
1.797364176039037142e-01
6.751698405551204152e-03
1.130411837372786131e-02
3.638995831094551155e-03
4.754124545193061900e-03
2.794970909201083265e-03
1.380288083291168234e-02
6.905380801271427706e-03
3.505515220448162609e-03
2.434717109528078318e-03
3.692879035784983523e-03
5.474876224007713121e-02
1.046827149636819256e-02
8.937195726331455259e-02
4.880057218341653930e-03
9.448239576300275500e-03
5.219260484352406144e-03
9.451659027254928624e-03
2.172447456494789545e-03
1.063180169155583665e-02
2.534150043716113399e-03
7.404807048275673619e-03
8.413590386639230312e-02
3.434908048532848285e-03
3.998403780647698247e-02
2.476737871889250764e-02
4.082417955151451498e-03
4.489100712650477033e-03
8.895796576025185101e-03
5.386873820325171862e-03
8.650327409008833068e-03
3.776407407160697807e-03
1.077387530508424306e-02
9.704682396957498014e-02
3.556389055658689107e-03
4.173524003780151176e-03
5.208420303616869557e-03
3.729094218195030258e-03
1.325112224591457576e-02
4.297357895613886786e-03
5.433162143564192713e-03
7.205599105777712142e-03
9.630854785896895628e-03
1.050300796501222635e-02
1.375534185356276640e-01
3.303516497749270451e-03
8.825123700927974338e-03
5.164915658936606625e-03
1.255199474566217645e-02
7.873684435617886099e-03
5.875991750401808079e-03
7.026307330396060202e-03
5.115876231633817266e-03
4.544683411327092061e-03
3.391028204789813937e-03
1.179374422780384707e-01
4.217830070635406742e-02
3.739116178056670764e-03
4.446402114918443157e-03
3.143784387850134115e-03
6.523830295660088853e-03
3.978570739515847714e-03
7.371050698451053589e-03
3.512737234137003773e-03
3.060889656684037674e-03
1.030889678963792938e-02
3.538961031488780523e-03
4.973840628408027903e-02
6.753589349754352163e-03
2.276057729644019242e-02
5.640474396504860551e-03
8.928240509656239568e-03
8.483344314738018935e-03
6.494084637005847170e-03
1.447809474131395678e-02
7.269912811127924278e-03
1.734748677775687156e-02
2.399673024349696909e-03
7.497268176262958383e-02
3.949848361927180661e-03
6.841547609041921836e-03
5.492430700442143925e-03
2.331797917228844996e-03
4.945285429240521384e-03
6.845154657861558627e-03
6.872893718946296304e-03
8.170669069178159924e-03
8.310650886409321966e-03
3.027738136184496831e-01
1.048707333664231078e-01
2.271731047629591271e-01
2.289808225129269792e-01
1.367438471821220969e-01
4.866841373819035810e-01
1.421190094397117021e-01
2.457186247620034847e-01
6.620478013046547927e-01
6.601851700978101922e-01
3.125988378004919688e-01
7.402893948386598533e-01
7.155989933384256096e-02
2.496044982461641248e-01
5.851716437078926525e-01
3.170574661689811724e-01
3.316904561870451240e-01
3.347924604426386064e-01
3.539705729639332499e-01
4.307933057394960907e-01
3.558495980105497725e-01
2.493416418632488918e-01
8.842014065158441127e-01
7.093133244406990556e-02
3.386365854501322548e-01
2.149491082246228757e-01
5.773886564528041276e-01
3.382127628792757079e-01
3.335584933583411460e-01
2.110409236275150313e-01
7.630747463446249101e-01
1.509502253983197873e-01
3.086274155247115125e-01
1.137107859552144440e-01
4.127350065993223155e-02
3.649977757933134392e-01
3.729119075169958220e-01
1.188740155179672103e-01
2.366103045614035283e-01
1.644691291526077792e-01
1.866226720672291839e-01
4.399815394613952324e-01
2.794352686906371730e-01
1.531811967675008324e-01
5.442447051607894881e-01
3.217558035237055858e-01
8.823589713337511853e-01
2.367491367293439175e-01
1.911891674085342829e-01
3.685730188210647462e-01
7.065986599761272524e-01
2.226942953001699588e-01
3.168013394222955470e-01
2.327656988645618874e-01
2.318354561620373511e-01
3.116806053551769984e-01
2.137403485136148695e-01
1.804411890514877881e-01
3.291533943290703701e-01
2.706473192993572030e-01
1.715399450223925315e-01
3.054263832434828130e-01
5.239740016836659242e-01
5.454687929691052206e-01
2.755959786740309059e-01
3.634247209927035094e-01
3.644402352677715839e-01
6.057333604179784142e-02
2.028125819121221196e-01
4.108449546580978384e-01
1.244450927969524140e-01
1.393893386562888304e-01
4.133277289222359041e-01
4.721697208557991687e-01
3.337152090998751763e-01
4.332476369708915809e-01
2.627236222370539775e-01
3.868722951681333178e-01
6.757116095492610164e-02
4.154680472407557695e-02
7.540125222356616197e-01
2.414265851127038454e-01
2.638872545239998590e-01
1.894152309068825035e-01
3.457621582946745487e-01
2.529172165059166977e-01
2.530872208935630585e-01
7.324653473005504623e-01
4.493874147837336186e-01
5.528096006825081732e-01
1.787679773957419060e-01
2.458475576925264472e-01
1.561154470538888284e-01
1.655525881237183417e-01
2.741822035766142696e-01
1.909792062207013863e-01
3.216225186611251785e-02
4.387744170217472428e-02
9.583529233014494164e-02
3.194216605548744203e-02
3.682865003134976750e-02
3.091722430542411318e-02
8.807935482682720252e-02
4.789954021102545839e-02
1.846895216030073339e-01
6.317817442374401571e-02
1.128255181033310378e-01
3.679815850419080464e-02
7.365260795824536688e-02
2.100215366754553392e-01
1.364166255475465217e-01
1.050961221181839766e-01
3.905505585184270573e-02
7.696228068679115963e-02
3.208151509753189717e-02
3.800623442099426014e-02
4.919250395714858115e-02
1.496579052343018634e-01
4.148412495267656541e-01
3.022991226236144621e-02
7.151063126291198890e-02
6.340945918927851088e-02
3.148771010618176547e-01
3.528576995280217204e-02
4.802993736872818165e-02
1.192700636037707929e-01
7.578210642117348683e-02
1.909466299879075402e-01
2.746441686461595366e-02
1.897747422278462937e-01
1.708869969966392011e-01
8.931345222640936499e-02
6.943029728630807640e-02
4.942311955123154799e-01
2.120450000437828775e-01
1.865311519853095693e-02
2.991477555918977196e-02
3.427950378227975770e-02
2.144838775464133138e-02
1.217189198893046109e-01
3.564034294157950034e-02
5.346885979709085079e-01
2.591929383305606807e-02
3.656843993881229160e-01
8.861122513744841556e-02
1.118660463514184605e-01
3.301229789818477950e-02
2.358134141962029695e-01
6.341188875426684302e-02
4.795740310710448068e-02
6.228102711232358368e-02
1.134126464627728259e-01
1.305367950546112155e-01
8.704041808448596818e-02
6.924433094632288788e-02
2.852491844876727800e-01
2.986589536909246487e-02
3.806764921754896003e-02
6.375553197133694561e-02
