1.278916128181200706e+00
2.499539877913087516e+00
1.026012549870386703e+00
1.023421422978166628e+00
1.520141396269360179e+00
1.326688093582022443e+00
1.375732678060801906e+00
6.820969513307234555e-01
1.009584498304251676e+00
6.009665076807619855e-01
1.234463863621990232e+00
1.130328149213692290e+00
9.742398002060067563e-01
1.345412045887892205e+00
7.006461670320037749e-01
1.335669068377328683e+00
1.574161287487802596e+00
1.318236233950968339e+00
1.071582155310420559e+00
9.446126802022711821e-01
1.135922841143983231e+00
6.670727241070644187e-01
2.932709130303644773e+00
5.175965457234702471e-01
2.520151393487816804e+00
1.329088894578678293e+00
1.261328489503597217e+00
5.984732006717442543e-01
8.614063365274285955e-01
1.386955265582347385e+00
1.372886049765455807e+00
5.378320808421027666e-01
1.758787949664407657e+00
2.568190476865640504e-01
8.521257004342935870e-01
4.279578014010023690e-01
1.180052000613589502e+00
4.763650880023186374e-01
6.010057385044847988e-01
4.534045763115071570e-01
6.872870405270018468e-01
2.661566953645833067e-01
3.465072755603916255e-01
4.444361441182718142e-01
1.007202965000962847e+00
3.855625315288141675e+00
1.353163548267701133e+00
1.449038588309960129e+00
4.960472219615477685e-01
1.239825956317863076e+00
2.664747228234774390e+00
4.962735296074906044e-01
1.296381206930793395e+00
3.083976347340249280e+00
8.605230761804951722e-01
8.346705311145121708e-01
5.804729089378590778e-01
4.790799976200482702e-01
1.341438707689083909e+00
4.268656963075178057e-01
9.025472649896310040e-01
4.271947281553360454e-01
1.373103860739236071e+00
3.368418532725928061e-01
8.012023009715014688e-01
1.309255353814460676e+00
4.996028361449200705e-01
1.136379420490567060e+00
1.308532258256384528e+00
1.213117437200606163e+00
2.651464601152449418e+00
8.109229082950181189e-01
2.659152059710917282e+00
1.322487650900965095e+00
4.573031910055147087e+00
3.568105227867568452e+00
1.955951813225448532e+00
2.460649828222302826e+00
1.050394572940865023e+00
1.237984682348990395e+00
1.040693625524144128e+00
1.445049851370520111e+00
6.555215627606735262e-01
1.206819303266543492e-01
5.183852282909405806e-01
7.307505080456869750e-01
3.922311529630762017e-01
6.261608856392192335e-01
5.448734711351284066e-01
9.839429989280010780e-01
4.429739685806343696e-01
1.112611249777273548e+00
4.795903265100626811e+00
4.525529465350695557e-01
8.223604133112679682e-01
9.107197438886384111e-01
4.087403587773542069e-01
2.361470316482248588e+00
3.486380132121520981e-01
6.458181822921561510e-01
1.247003141501005885e+00
5.108080955880605067e-01
3.047710010386278645e-01
5.250374173205741846e-01
3.099365354099728465e-01
7.646084362407730151e-01
5.985159987818970961e-01
9.458277409387507717e-01
7.294266485689688828e-01
3.752658828449683126e-01
4.018599056931735358e-01
1.781749183749331999e+00
5.232651134232679802e-01
4.917576929947344300e-01
7.540171305893791365e-01
8.614344288380706982e-02
6.858027307260249339e-01
6.965364712026119731e-01
4.418757658107182462e-01
4.569111286316420162e-01
6.325644369490548424e-01
4.855375529240522070e-01
1.700623691780221103e+00
8.698805858939233637e-01
7.865762424428091037e-01
6.365176711139381993e-01
1.160772770756429484e+00
2.400773220647893780e+00
5.784331690947028815e-01
4.991085014895794703e-01
4.904434397823518865e-01
5.879033590160634981e-01
3.353018736861109739e-01
7.703305560065872859e-01
2.900356577298397909e+00
4.831983786005337733e-01
5.525265887054690017e-01
1.157637524406064156e+00
4.412034894916308514e-02
5.826495126740269259e-02
3.317151990547745899e-01
1.038484938547468150e+00
1.093960291558754072e+00
3.786312810063062972e+00
1.479334312383513206e+00
1.935271977139327415e+00
1.082085568188015934e-01
1.058602536985179032e+00
6.050683756961031667e-01
3.481504586114186672e+00
9.547621719800085671e-01
5.416858822008252528e-01
4.283784045238491212e-01
2.418545560350382928e+00
6.608137705836411024e-01
7.319743488936336639e-01
6.624548750183579804e-01
6.240283177696769323e-01
3.830528010713429854e+00
1.466838846574621602e+00
4.796722549059088125e-01
2.337567854437012579e-02
7.200249207379615379e-01
7.998853330421575869e-01
6.543282647500214821e-02
6.571032675867669037e-02
6.445036743125975853e-02
3.076598007904389753e+00
9.094601080354169920e-01
1.286237619501224394e+00
4.000638905857600847e-01
7.183657556884324169e-01
2.837048581697379501e-01
3.083554805023320800e-01
1.194059676213007570e+00
4.794108170744124653e-01
3.275978928226747633e-01
4.644052118301426058e-01
7.454237106156833548e-01
1.311677507062268155e+00
5.589958578275810552e+00
1.704470214843106790e+00
1.312120961793841190e+00
1.597936288836795837e+00
1.462794491125083862e+00
8.853004925131151559e-01
2.406448519962656185e-01
4.913143404529322217e-02
7.359390300707322474e+00
1.226089234028578945e+00
4.299691704706526951e-01
4.609071418477619919e-01
1.286568473892524544e-01
5.156626505344203970e-01
1.179071416781698023e+00
1.833054890989998409e+00
1.090902549664879650e+00
1.281593371000021797e+00
7.262313697303394155e-01
2.092444332562834131e+00
1.849771787004637957e+00
6.476328907871939933e-01
5.037734282654728890e-01
1.091110798262265646e+00
4.576080865686081856e-01
1.863098022098246487e+00
5.965403536540411222e-01
8.743599175106443466e-01
1.416021006977736363e+00
1.513590730338370882e+00
1.638687897596768361e-01
2.321526936483214953e+00
3.879987717974394124e-01
1.361309708119090578e+00
6.680555853197054361e-01
1.983456392567942039e+00
1.025597857642903010e+00
8.184124872283852214e-01
9.627341209152147083e-01
5.552075924544764840e-01
5.965721518034603488e-01
4.696427304273719239e-01
2.017731233235717792e+00
7.629768659268345576e-01
5.045967586974867691e-01
5.601223485463684426e-01
4.322893460259948362e-01
9.375301904066544179e-01
5.085266668781922572e-01
8.806472056970011675e-01
4.220147691488809749e-01
3.558611981045148309e-01
1.388679657585790705e+00
4.169098906758912371e-01
1.034142262350053576e+00
8.428859121054915748e-01
2.639074353893131164e+00
6.822843666095930182e-01
1.441604092544959803e+00
1.416318063703444263e+00
2.545198916770244235e+00
3.010924050333914970e+00
9.710461382654907991e-01
2.670454389952987562e+00
3.623966558843255692e-01
1.622325304238527499e+00
6.687487360214389165e-01
5.449062949758007868e+00
6.938726949615402484e-01
2.980224776412103704e-01
7.479285638427096705e-01
1.439292354506238325e-01
1.275811491527592434e+00
1.016945308756683763e+00
1.056728189922758077e+00
9.777100837419621104e-01
2.229419575540898535e+00
8.052630326172434128e-01
1.349026188766239143e+00
4.844308365549267470e-01
1.893813398023249883e+00
5.741781902144537097e-01
4.741368296569032359e-01
1.223016025239281213e+00
1.889736819893390818e+00
1.139962338404981512e+00
1.241611320943315278e+00
2.523194138748719340e+00
7.213759400989189219e-01
2.100911822766405201e+00
1.737569139685020358e+00
1.672056086273839393e+00
1.181691062797328273e+00
1.128826510657963134e+00
1.255366606660421436e+00
1.141110117941605884e+00
9.528102086939099769e-01
2.249298628595093774e+00
1.690729901202594254e+00
1.676593526601927397e+00
4.710280567525943485e-01
2.157607509146550751e+00
1.363836760148339211e+00
1.722810629725511022e+00
1.043119833727354617e+00
2.927762068721859734e+00
7.246029613371718359e-01
7.088639334666597680e-01
4.750328512420128324e-01
6.246827922715340042e-01
8.498535137102369852e-01
1.506898527178638147e+00
3.847518024110085921e-01
1.084008060344167079e+00
7.454305913432385244e-01
1.172460657930645134e+00
1.045820983086222622e+00
1.160380825429887741e+00
7.280045995479962340e-01
1.884806093840693864e+00
3.844447753064243134e+00
2.372635233956685408e+00
9.658454598749564024e-01
9.384463288625702893e-01
1.352947526356178765e+00
2.976046430877761217e+00
8.052553450906241306e-01
1.817443344056215215e+00
6.393925831328057807e-01
8.329790214935887116e-01
1.152159370962897889e+00
3.848982801375986806e+00
9.443733850225061177e-01
1.543035125147189879e+00
1.127980375580952765e+00
6.797937662126297687e-01
8.455486005330730137e-01
1.869453641656281473e+00
2.777000563747879180e+00
1.099606938640226961e+00
1.344422846220742818e+00
1.443611360988336978e+00
1.125839295719622157e+00
9.600900541724519677e-01
1.404855710656048862e+00
6.517955362615011072e-01
6.135516583211909625e-01
1.628670547729552220e+00
1.805548634386485718e+00
1.968195034055545634e+00
8.937523306600270168e-01
1.315490076814392006e+00
2.044337237865092138e+00
1.299602645827416358e+00
9.584626967170807310e-01
2.574551746716855494e+00
1.166851208164954690e+00
9.564966774115670756e-01
7.011099277769807792e-01
1.381146353143710925e+00
9.668647620492355488e-01
1.115395787340854206e+00
2.448956640297559328e+00
1.808782315323584244e+00
2.643170905874997256e+00
2.939431317157506829e+00
1.078122847581949539e+00
7.529899383617504327e-01
7.363828105264943469e-01
1.393656459781613899e+00
3.203078040493461676e-01
7.249356150867819482e-01
8.995446627773584503e-01
2.055531941356791403e+00
7.825336177927356696e-01
4.418016476624633815e-01
7.391461267211577590e-01
1.543418070772230033e+00
1.115747039165335019e+00
2.520932792220595520e+00
1.200642916043890729e+00
1.402318183253445705e+00
6.080793412728615621e-01
1.226703635202953446e+00
2.853713200296958963e+00
3.356810042026212138e+00
2.036064428690129713e+00
1.104051752003829323e+00
1.808624076352453258e+00
7.308108700398129320e-01
1.190393128468694828e+00
5.137307299935368610e-01
1.653392090586986107e+00
2.069759034982703305e+00
9.537127306852015707e-01
8.120732381179419646e-01
7.551359081976564136e-01
4.366474992488961426e+00
7.887725051711357294e-01
8.979381706536935237e-01
7.795298323574716415e-01
1.591767832221296919e+00
2.893773864194362222e+00
4.930591183545833811e-01
7.746414115888680119e-01
1.301943024992064268e+00
5.329286637765725532e-01
1.188933069402827503e+00
3.118245323127991853e+00
1.756152079923718023e+00
7.700072328866360838e-01
6.765465189177766181e-01
7.290610861739739157e-01
4.352909452559360348e-01
1.697745474404099397e+00
7.441542888480180418e-01
2.009989094164163159e+00
3.684401326667272603e-01
2.244649235216390704e+00
8.026945416691767532e-01
1.246030033758045663e+00
6.849566882449567018e-01
2.281637097893609578e+00
1.208593694234160187e+00
7.111718582634790620e-01
8.537776422851746094e-01
1.287431434732428936e+00
2.197492059173387080e+00
1.851614553728779589e+00
1.439749754508979240e+00
4.506622076066714833e+00
9.188946208667553295e-01
5.427270895706730602e-01
1.039699715986190709e+00
