id,0,1,2,3,4,5,6,7,8,9,10,11,12
W1,36198.12771390757,36098.592559007026,36420.78638332786,36359.825987238575,36299.08842768533,36497.04754862875,36357.577488351795,36335.62934247588,36532.08446493212,36391.74463598028,36376.48009889033,36570.9609628594,36430.750536933214
W10,5112.921506002758,5075.420288414092,5066.261507268365,5044.947951375347,5039.586690224937,5039.897126122784,5049.716554536843,5055.694885733125,5072.50279103876,5086.508243709422,5079.389837785236,5075.274010505933,5064.817051621507
W100,11403.351629675657,11478.403795366998,11411.962718262366,11408.498953277638,11443.501721474382,11470.001710379756,11451.420017389877,11424.901449916808,11444.281814043474,11485.454503734334,11452.966840919233,11437.083124409726,11446.725148225885
W101,9875.796723628142,9887.663802316843,9821.640628507226,9841.14390086751,9937.02627902662,9945.306293867696,9945.584844625324,9903.587272370583,9962.839466239975,9984.018063480918,10014.79267527854,9975.675521354484,10009.174522695947
W102,15860.658671724163,15868.843062188393,15879.486929679824,15876.439385758207,15882.773068877717,15888.065356037705,15892.31624723817,15897.608534398161,15902.900821558149,15908.193108718137,15913.485395878124,15918.777683038112,15924.0699701981
W103,4094.016039442487,4107.118520800188,4077.02702150522,4102.762295509827,4067.482763466393,4083.1258723173546,4077.3088152106293,4064.184956500823,4067.0446115008644,4070.2446396940422,4063.271509292303,4057.4069835529244,4044.7246079316155
W104,1029.3412244026626,1025.6153513023633,1020.3120839220591,1017.9027052370866,1015.3449710756413,1012.1690568822952,1009.3078551294875,1006.6199239574678,1004.7654524756938,1002.5159629360222,1000.4992459032644,998.2863825267052,996.0735191501459
W105,9156.426717532375,9168.09906228769,9157.256458661464,9157.69904310614,9156.945856064629,9147.237765093596,9159.721481439901,9166.921137692643,9169.489013624436,9171.950366589961,9176.838116549126,9181.92175256816,9184.82583415959
W106,2152.5205006417664,2152.35211408919,2152.0952753742104,2151.489581304255,2151.6792386759475,2151.485392791679,2147.760354414377,2147.4269357595354,2146.9137579351354,2147.1004588206893,2145.599300064524,2144.122100332111,2143.6756674890953
W107,23807.507790770575,23808.319172169675,23807.19709153667,23815.889549201387,23824.582006866105,23833.274464530823,23841.96692219554,23850.65937986026,23859.351837524977,23868.044295189695,23876.736752854413,23885.42921051913,23894.12166818385
W108,16073.351727441963,16155.48734448484,16140.305373424464,16131.207051015503,16160.176469343574,16184.105200886637,16200.02138765054,16150.99393769405,16160.560122530354,16221.97653465222,16234.056711644593,16212.846672588894,16143.109171030577
W109,14346.012503368183,14398.280092164607,14376.83923833517,14380.07209696411,14413.865921636067,14433.379981339236,14438.439383927453,14383.20235207762,14399.639456854107,14462.443478819732,14475.677297058639,14450.372059759073,14307.646492644653
W11,328.3822818449373,328.24657653885026,318.204202057814,313.0502047660988,315.62336519476355,313.5636808847404,309.3627245850789,309.38696124426053,309.72826665424486,312.3691733021983,311.33666097594016,312.1587142431906,300.8086855292198
W110,7260.229742965403,7251.391308823996,7278.646348731054,7280.398545813322,7237.014171900315,7252.073956764848,7248.154884039923,7228.783421751953,7251.465976736905,7262.569852619449,7275.494983301364,7272.604646279163,7267.993239073491
W111,1063.282703213731,1059.692595686259,1056.1359241389825,1052.6309513250353,1049.0224812303527,1045.51255657368,1041.7754267559521,1038.1478830102583,1034.5751925586235,1030.949490517828,1027.2324288719692,1023.2735083132666,1019.6283105930997
W112,9449.066454837906,9463.83199085695,9442.74923151611,9450.716705682518,9443.970003879975,9455.826217837075,9436.953117697198,9448.378141298834,9434.502015186685,9455.564922125837,9439.262764656623,9444.919270540435,9431.216551459875
W113,721.8408448525604,723.6261274675879,701.9021108777623,698.6231399427384,703.072089562669,702.2033468541063,696.6072782558815,695.6629420039793,691.2281043924258,686.9626314077811,684.6848288586656,681.4817186634895,677.1233245332753
W114,10653.513116722903,10629.899026884257,10668.096603311029,10637.085563265066,10649.908013166296,10664.358550473105,10684.311981920811,10680.69140012996,10682.03663337956,10729.24177761194,10761.31102140691,10787.550957519012,10755.445396958296
W115,11288.39640127153,11303.432386332788,11220.113651358139,11147.297401532107,11151.741577387584,11153.889862940818,11136.358090978018,11055.421525817372,11041.434805222214,11003.000449260333,10956.043742275111,10922.296748640852,10935.275643952253
W116,14605.894754725858,15001.03853408987,14788.389454877844,14613.40232957092,14983.933191621945,15351.36095446423,15406.605052222501,14929.065905487301,15029.658483403837,15292.61674838833,15429.552338238054,14900.289619857223,14704.843175007227
W117,7069.273847469374,7072.089309121557,7077.687702077762,7084.193831768088,7091.245655716336,7096.403697350206,7104.001685374563,7110.012875978126,7115.862340711765,7123.457233405826,7129.14041479091,7134.992418139464,7142.606183448443
W118,1744.9326084660242,1732.8546920845713,1723.098568506811,1738.83060288983,1747.723844706668,1733.0839175494264,1723.990115937938,1734.4131187277494,1748.5277898768609,1731.902749171938,1726.5327604028955,1734.6294961058406,1752.0965591222036
W119,1031.097517114873,1070.4052172049164,1038.2245561556674,1050.0930049532672,1042.1827440479017,1028.2783362236864,1038.9691373707396,1048.7455374085343,1035.5762273451774,1035.9777824184991,1031.5768038785122,1019.1661381750092,1024.8164890365288
W12,1068.610699011319,1060.5927271133792,1056.8369660350156,1049.932400288661,1043.0430984253042,1036.0963725797906,1029.4497798344648,1048.0103538036797,1040.6219609888417,1033.8161969047414,1037.7804231724188,1035.0678649292693,1047.4674314466133
W120,881.2935757990914,884.9746660302407,877.02463532117,880.6423576008793,887.943502350592,879.8606807937028,882.8249036324976,881.5100194118693,879.1296566472749,885.7941614183242,897.4814331995191,891.3036381011281,893.3148521127376
W121,10408.646672533941,10421.739651279288,10402.431130549146,10398.587519646446,10427.40288907314,10437.782477136603,10444.036753858865,10444.948939064736,10448.822975413537,10452.495752839184,10456.154862726407,10459.813972613632,10463.473082500856
W122,355.87918428738,360.92724141816257,382.5539839627854,384.9162058348388,352.4679386832063,354.9455298548214,365.0558852836848,360.6684887772176,352.0904431268525,352.5439797683871,358.28491872738323,372.35753481806864,359.3806046589807
W123,465.43466954445034,466.58306618475376,490.4614023642632,487.32799712248834,468.0033996477364,468.51196430420987,480.72074155102496,481.6711956158149,473.69721780531063,474.99207854388555,484.77994864056814,494.36012685011724,479.8382072162642
W124,8491.227650207338,8516.586901479903,8512.701303537538,8523.405934804947,8529.300985784832,8532.126004906557,8533.49827203124,8531.856126979628,8524.056303105683,8524.047451889002,8534.533799356494,8542.878416672538,8555.525227343825
W125,10858.802657640164,10960.505278073222,10942.396501656087,10878.768217777111,10883.861149840362,10937.222718326253,11001.523494221374,10928.18671332173,10906.013564647883,10914.251247485043,10994.694126370761,10980.943695920476,10938.153091061058
W126,9604.70426601937,9621.234630819397,9567.016892506588,9568.988245091716,9637.718257141509,9655.566334001222,9640.41601078775,9598.448000017714,9660.378003061409,9712.626209059876,9715.124706224216,9648.79252384781,9694.57831707452
W127,10915.624528477158,10928.797796937302,10904.796827079766,10970.28645090881,11065.779927186473,10960.051061227095,10959.174880851233,11019.55126812374,11095.97777347567,11053.442291398691,11055.018848657262,11055.836954475999,11098.575431236231
W128,3643.9288308445184,3629.326330725954,3529.1813082984604,3587.9099439967495,3623.2782981120718,3630.492983138041,3550.636310440991,3582.2085292559104,3612.513877840918,3616.880908563209,3571.094449039637,3584.5976425727904,3605.681508598616
W129,1007.9319632523029,1005.3601979651978,1001.3319499486569,998.6931527287337,994.3085104945069,989.6603125727446,985.0242384872549,980.5312046664429,977.8127605613032,975.3813015257912,969.4551216421098,965.9655610409895,962.727830630332
W13,2319.4466516772077,2305.725577992812,2299.477255059682,2244.019954856145,2216.9806690458804,2185.4916627760886,2201.973050923867,2197.3298156788333,2198.9942210155737,2219.9447927061747,2235.3025666577373,2247.626326171408,2249.903405845348
W130,8153.330597194706,8156.926623229427,8170.827316684793,8161.562654630857,8168.459855018187,8179.2715439354515,8176.094443897448,8180.372069038121,8189.651185240806,8185.660377727477,8187.956188526983,8199.50226547071,8196.030106074584
W131,2152.508560081585,2151.367117457284,2150.0821439887222,2150.0895267327874,2149.22419742379,2146.790293433774,2145.8984075465983,2145.3125153188644,2145.2394252535964,2143.3901285848992,2142.5091301280813,2142.055244435773,2144.767641006224
W132,22582.874438658975,22590.991580660855,22599.108722662728,22607.225864664608,22615.343006666488,22623.460148668368,22631.57729067024,22639.69443267212,22647.811574674,22655.92871667588,22664.04585867776,22672.163000679633,22680.280142681513
W133,13889.879311384626,13911.858887859256,13876.039218954187,13859.991804179454,13913.118157303532,13933.876282051246,13940.74327321169,13938.662323250033,13945.979543813253,13957.779547196293,13961.847271412735,13968.563918477172,13974.05867804039
W134,12141.215477541864,12135.178315885645,12123.776087688351,12110.278893272714,12166.561117561898,12186.675699304655,12191.645804454445,12157.509352614099,12193.998367998109,12207.27828203821,12210.319198723726,12213.522268451803,12221.48042808367
W135,6208.450825247089,6195.558139507029,6199.0528034312565,6211.299976025058,6216.162484495204,6220.340328663233,6231.418932462145,6232.380883445883,6233.722613861077,6242.734492040368,6246.545738661525,6250.738137725328,6258.888552945847
W136,6340.377117462444,6356.973176441556,6361.557457441461,6367.725535791161,6370.980833993308,6376.031328147867,6378.689227120982,6382.717322528365,6386.51741889946,6390.317515270554,6394.117611641649,6397.917708012744,6401.717804383839
W137,7015.765086599931,7008.749227020757,7007.492457313396,7010.85347932307,7014.844493614843,7009.514443640946,7011.656065253086,7011.416312804115,7026.048237169638,7030.115125960805,7035.34678477152,7037.735103534658,7041.9374936433
W138,337.1880063483019,345.57766412635493,348.529722499076,350.42681195466554,333.47120891624843,319.7058710641717,330.2221920105292,334.0081025298034,345.11220429733504,336.86486960331183,314.7044182326421,309.0962061512211,323.03714794775203
W139,7847.603866225684,7802.812172470467,7758.42615432236,7770.926478280755,7754.395180909637,7686.079337438535,7840.001135449662,7807.656993095359,7820.674634499352,7781.82159520532,7749.713534014845,7718.054008835116,7893.385603803022
W14,2266.2848461513267,2269.685626856449,2224.04234806106,2186.7831145415225,2184.0378865719304,2193.098126499219,2211.024617680555,2226.606547046143,2204.660857685818,2225.708196743137,2297.9647806950547,2311.771743387763,2296.1947564630914
W140,8211.266487137606,8240.463974940616,8221.35670944866,8188.826718768488,8137.691033323919,8105.4581508403935,8101.018457369895,8070.7855405102255,8113.922722228572,8090.766512004242,8131.385498890908,8125.23881036391,8124.162077387127
W141,11317.990122037578,11472.4916080349,11240.527260326933,10969.486783878368,11183.268271493465,11465.959390406319,11427.508198327998,11269.011697974396,11153.46082243324,11301.78468530647,11416.661922106221,11310.098909535454,11167.602328064337
W142,5411.92459665514,5396.59614336225,5386.245345833693,5402.229193424926,5400.354519215234,5406.389260795877,5409.326987031492,5417.715266785412,5420.630864279359,5430.194367000905,5427.4145950580205,5442.772033546234,5437.176952873268
W143,11283.242956456164,11275.373126009776,11300.087031636142,11285.543254361393,11316.097538564893,11307.386175418664,11335.899337860208,11325.759756483521,11355.53241754865,11339.496833384877,11369.911612488879,11357.301735534858,11385.849814242205
W144,1005.2605381383755,1018.7168369291525,1034.006504758469,1035.8155451684447,1038.4786267382822,1038.993596646143,1037.9363304849776,1033.715857539728,1032.6050291117622,1036.4587335060517,1040.7133625406186,1044.009311587526,1045.3703169983937
W145,8318.356510637832,8503.541866046955,8384.954203708114,8193.427956340394,8508.075833061343,8293.056322895423,8364.579940068335,8486.991734894784,8279.04720388713,8413.609717292693,8485.70062805491,8320.841026372156,8451.480016942025
W146,6752.611801315753,6766.019693878899,6756.780560363801,6742.904687860165,6756.637654254005,6781.354180496329,6784.054486061012,6774.584834892305,6780.661548603288,6788.693629763097,6792.831835817733,6791.167078501612,6798.402711457059
W147,123.86019240426481,123.66274406284197,123.67899371175054,127.28510309188766,124.77647559769252,122.99086242540352,120.92374613542552,117.67069562505617,115.51548154803618,113.27663447949635,113.32813172976319,112.63193226388057,112.37289316601561
W148,223.69582982363158,224.0296072899746,224.7124903921001,224.3010946768086,223.8271303333895,223.44460781710245,223.9851622784065,224.01278089827952,223.50468012009105,222.76847227800386,223.04209881807697,222.90391359846853,222.60563013712908
W149,4437.590660663075,4446.276395954155,4450.05922946704,4441.350034129705,4443.145290170394,4438.689725140266,4437.03426564223,4444.088046557916,4450.423156788617,4461.691458470706,4468.129206217702,4471.293496432905,4473.1059875550945
W15,4726.924842325311,4358.5162622840335,4103.0180816616285,4508.737472877806,4597.019613923866,4761.907048776351,4740.249776779669,4793.490521196477,4831.7922412462685,4822.283168103945,4825.850913500419,4829.763163396685,4833.675413292951
W150,8064.674816564133,8119.102965633063,8108.362839715321,8088.433896680331,8100.051226604626,8120.417182621736,8151.731476940675,8115.507533565214,8119.114264194068,8130.789410823035,8148.981630939911,8150.479359011858,8147.8758192560745
W151,6296.25033526848,6313.428820000227,6279.042427094426,6288.31168898824,6311.2802660593225,6323.781548342899,6326.763298185231,6324.247285041118,6330.952882451425,6335.625017540373,6338.149073275636,6341.150850683865,6343.89942793633
W152,8439.09639232398,8438.05712192488,8424.992422293208,8445.540007770616,8461.974693932407,8401.626382730812,8397.232063805895,8461.8578880432,8502.296374089023,8495.022483187557,8482.554224365911,8485.344257320729,8504.341121384623
W153,3003.2890779369604,2986.9361925523203,2862.383162099325,2898.443783699934,2969.3563280284975,2993.6721133552614,2938.235552512875,2893.2609789258286,2966.9895270135166,3006.605525206804,2982.04681976646,2896.834593549382,2933.2808348944773
W154,8693.333109265777,8698.96913565132,8710.272148855523,8721.575162059728,8732.878175263932,8744.181188468136,8755.48420167234,8766.787214876544,8778.090228080748,8789.393241284952,8800.696254489156,8811.99926769336,8823.302280897564
W155,4611.760572829195,4632.898650040486,4627.587616686223,4630.162907794928,4630.086860336713,4637.242617219177,4639.84019475552,4641.33124893115,4647.528925929912,4651.306399170433,4652.7255984826215,4654.001790398616,4655.670265192433
W156,5443.4608922825355,5451.710115243899,5452.3517280237065,5455.857711999769,5458.764620966828,5463.480878199606,5466.614364391962,5468.718464358957,5470.539835945746,5476.0006920985,5479.200329763579,5483.145818130706,5482.752160763909
W157,1437.2870759745933,1440.4022859241331,1438.0052252592805,1436.6064125401406,1438.2569353261397,1441.9350570030774,1439.4327935887054,1438.4338696185798,1440.968751154632,1445.7045475169352,1448.420608810757,1446.2430086899758,1447.0071666408298
W158,16495.91240621279,16503.0443108113,16510.17621540981,16517.308120008318,16524.440024606825,16531.571929205333,16538.703833803844,16545.835738402355,16552.967643000862,16560.09954759937,16567.23145219788,16574.363356796388,16581.4952613949
W159,9226.252740935031,9209.084674385256,9210.75524053289,9205.062811262707,9227.669889530234,9237.669139841708,9240.51395836513,9218.9926641047,9230.063035217147,9239.24317567895,9238.836930975855,9233.135864705459,9239.585147824826
W16,4694.949383048852,4415.478957464775,4332.756568014582,4797.905997815853,4815.110543736973,4763.1399610233475,4760.4605022146925,4760.546161355714,4763.882160155015,4767.807168698026,4771.732177241036,4775.657185784046,4779.582194327058
W160,8015.592020987835,8014.908312137228,8004.908928818171,8011.263297364881,8023.7184290859295,8023.268382400331,8021.041919747337,8021.06636583352,8032.6654207949705,8034.89543710732,8032.789271750316,8036.187835374545,8044.336623598033
W161,12055.569098483164,12086.478926249165,12092.089557176974,12103.409781048194,12114.153542276166,12115.38820635793,12130.488740112203,12141.232501340177,12142.467165421938,12157.567699176214,12168.311460404186,12169.546124485947,12184.646658240223
W162,4376.016564013549,4352.289046696002,4316.2653575487375,4318.031084411294,4322.390293197012,4337.6868690600795,4357.123625069918,4374.297272803109,4398.308993603218,4405.546483679176,4406.414203373294,4408.362411877813,4410.365118394674
W163,3757.8811554893746,3753.433296223649,3736.213049049462,3722.180653989626,3713.6717131186865,3718.314426631433,3704.724646402754,3693.494784756694,3686.8558625979254,3679.5443096983727,3672.949479975458,3666.3710058131833,3659.7104375489575
W164,24948.72710983941,24843.950503778993,24763.54626614875,24602.691257509137,24902.754398140285,24961.596139676098,24933.260563997945,24866.1253730593,24760.939979054423,24949.32349606159,24968.903960942534,24961.055136902258,24942.431535579984
W165,3797.3662294719766,3624.1807156122177,3753.976534510608,3579.5623987836434,3711.399586740154,3666.739857868702,3648.2217104473903,3692.150730196483,3704.316218998213,3616.0639424812935,3686.0072739476373,3631.493115178229,3688.234973443101
W166,2650.8446512935225,2680.1040622902515,2692.2633984594772,2690.7778045657815,2676.4826769816455,2661.6440854844896,2680.232501672754,2648.3858036443817,2647.6287249400807,2661.876831894466,2669.265052739245,2671.6625206298772,2657.7470418496127
W167,3053.407757458579,3037.7384524566933,3045.0179996494653,3046.6274063235987,3050.3924130952855,3051.04946037113,3050.936360717003,3055.023054997424,3056.9828020498153,3058.986947006857,3060.3258376252147,3062.047023705054,3064.8278599770692
W168,3486.3394977234316,3423.2525250171893,3400.3444411385676,3419.637375189775,3421.805261978661,3412.0822135069875,3430.7859795013746,3499.635127715834,3551.930396400744,3555.5500194408914,3558.9318887989893,3572.0240559641784,3581.706790564779
W169,1664.204104897204,1659.089111529399,1651.6398418269696,1658.3943450871575,1662.5525271202434,1662.6056039112727,1661.7447097447453,1660.807593771081,1664.4198787258604,1667.4418078586937,1667.1282312195608,1665.0959576792743,1668.454014998552
W17,12073.042439286539,12092.476628302325,12071.737592011661,12102.23788334918,12128.732480773851,12122.673463869602,12129.184825145232,12174.423793038211,12182.744751086022,12176.299556870228,12187.19667352198,12236.546797589759,12234.687886716252
W170,3591.226875506473,3592.895023518772,3594.513689674932,3596.2850349965884,3598.0563803182445,3599.827725639901,3601.5990709615576,3603.3704162832137,3605.14176160487,3606.913106926527,3608.684452248183,3610.4557975698394,3612.227142891496
W171,6073.417503027131,6081.135684063792,6082.9610344769735,6111.9417695013935,6126.336652032272,6155.001849728899,6198.224555345759,6188.386942854665,6189.23700409959,6201.323568522298,6225.835415245875,6249.354517931949,6254.637798270325
W172,3661.08632883023,3655.573148074264,3662.945623747465,3665.8846633945705,3667.3102102806806,3668.3109649572752,3668.127954089923,3670.44753973138,3671.701869606562,3673.203674882215,3673.8991262923,3675.4931744900446,3676.7523466991884
W173,3346.134514608087,3486.213880258498,3469.6618840861433,3493.060292864447,3423.4191959951936,3425.6522646669414,3315.2589778464003,3343.395994696719,3418.119388309546,3333.058580461899,3393.4925420133777,3300.101826526726,3420.4195417362153
W174,2812.276026560506,2799.028639233401,2803.989835723899,2809.5709620594043,2801.7467405236816,2812.6577061399876,2806.2791151954057,2813.914648031292,2804.2490176543815,2811.781230796174,2809.4059168744734,2809.7908015582725,2817.315571873935
W175,3260.963057860088,3266.4439557554233,3247.075157225071,3265.2683624235274,3269.6001133188624,3272.9289269909495,3274.126602763717,3274.2933569958705,3276.030746027977,3277.768135060083,3279.5055240921893,3281.2429131242957,3282.9803021564016
W176,2571.0986611295193,2523.567365535882,2503.9879292956675,2539.7548855589057,2572.7514653027756,2546.418897990093,2528.0211556036447,2523.3245703157863,2578.788944313586,2565.6483632898635,2554.149069181265,2532.1433325710154,2570.0792511067993
W177,6704.504590267299,6658.867762388987,6630.111642278873,6630.9428049710605,6693.71128428604,6762.835977991216,6784.198965516665,6789.474232079027,6787.338829617395,6787.349934573056,6771.7889955738265,6764.369494630021,6771.251284309227
W178,1480.8823489547717,1479.0734745411753,1476.8274121148402,1475.4234610841158,1473.8553008355868,1471.7741828144917,1468.5300596640432,1466.5941796209008,1465.1181614799991,1463.8724837775153,1462.5964732000998,1463.4177559479851,1468.291379045672
W179,2710.1336257636103,2712.2175977067554,2715.442532999517,2720.8928778030863,2720.2941533684047,2726.6226484092417,2734.515735154172,2737.689726411568,2737.927470761999,2743.274244938276,2744.004494243563,2744.2630100897723,2746.411737076941
W18,4350.703195299868,4360.392581243308,4372.326028860391,4384.921384796648,4397.587308819757,4409.891246691979,4422.218270516551,4434.229480094936,4446.895404118044,4458.8835277440785,4471.233637521002,4483.560661345575,4495.887685170146
W180,7245.832845209905,7249.3995669914475,7259.387566231493,7276.8565112516,7293.148177211957,7339.8146775888745,7376.036433671977,7407.684751571867,7424.045993011327,7431.546403569029,7436.547182040411,7428.943813077395,7409.091707797226
W181,8800.393801267446,8802.987271049424,8807.551890309536,8810.968427215525,8826.53190597366,8840.624884168916,8846.640782272743,8851.584907826105,8858.832969060817,8870.930526670272,8878.725918566193,8890.75593725557,8899.095756167486
W182,1353.531793246591,1340.4842001250797,1340.2721062848775,1330.027961490528,1331.3213692809122,1318.0587970344286,1318.3358816163905,1307.9374040670218,1309.2249999494925,1295.978643821758,1296.2395122849703,1285.841034735602,1287.1286306180723
W183,6099.375809265629,6102.844390235516,6112.497729015178,6144.851480234332,6156.105057294122,6146.56972097805,6136.124909332833,6152.15341609999,6157.715956720454,6151.200652710216,6149.412905812499,6151.203617566511,6167.571893330872
W184,4604.699716096087,4609.341243421059,4607.2055788027255,4611.924462620861,4612.024395634587,4615.060593669956,4614.711877239462,4617.423022375886,4615.408419385382,4615.567686754137,4612.758244416692,4613.370231134499,4615.05267505122
W185,4070.621920488568,4066.467647648845,4063.7341411027746,4073.35797855192,4071.4110455127234,4073.9266706861945,4068.9985941601017,4068.414434893035,4072.9886436378183,4071.965524369578,4074.227256058123,4076.118488859831,4078.6207742029546
W186,1738.7194835817634,1738.5951254408112,1740.1794021853232,1742.912980109782,1742.948538903042,1741.7534815441718,1742.051688036218,1743.155611464028,1744.340050690342,1745.0809163406302,1745.1730033295514,1745.5862514443659,1745.7494408824007
W187,927.5105596130624,924.9031065627536,925.3685087904676,927.0612638042953,924.2885353523976,923.427262923448,922.6239074777286,922.187442555575,921.4222017181523,920.4597030703147,919.0469770367755,919.9916857030892,919.9066595011475
W188,2317.98243751181,2325.901606464528,2326.250118361408,2314.089473329672,2309.226946271745,2311.57331443969,2283.7562029277397,2261.994258304927,2270.1682673144223,2274.2031951818053,2258.216315203363,2248.6836279047916,2250.500569458472
W189,2086.7728488165253,2057.410915727304,2010.1658242091703,2045.5819743208872,2077.5538422482064,2088.7332584030323,2113.1540210406897,2090.570114626095,2097.5176814613037,2116.3666267682165,2087.114176543075,2101.5377873241023,2101.311368135295
W19,2724.5395990856414,2913.655889322029,2957.4356217665927,2918.5947016161017,2948.3861223642843,3017.1519724763816,3010.200841306302,3072.6937519207113,3093.336639267044,3104.131268579149,3146.156914619835,3318.5556591979757,3284.469284028609
W190,450.13217723606846,453.4703186563944,454.0674748740587,449.34986611871886,446.7163370313389,444.08848675820144,441.79676639029805,438.72448082263,434.60593603245536,431.0199331904523,424.82793509219135,415.87483772333354,414.93194628038003
W191,6594.2883933461335,6674.209849588962,6568.208828754239,6508.313707882778,6459.092116842731,6490.17262602252,6508.221995408012,6544.2008899850625,6611.331666000791,6516.811357183749,6543.517641919413,6615.40923749168,6541.340471827644
W192,1159.9459779453855,1161.8350451860558,1159.054444467521,1163.40283388121,1176.2631107865557,1180.535876169222,1176.923423005746,1171.8280821073586,1182.0698373559135,1191.2653147644407,1170.5702164839286,1148.130629770993,1167.2265776332454
W193,5938.342550348781,5919.600241533096,5895.530760974246,5860.376903608692,5807.993497210199,5815.527542275459,5811.751019434496,5795.3461311076635,5798.760390671531,5809.643730510207,5816.637429311316,5828.338860498925,5842.56299973317
W194,496.0955319607332,509.389456746613,508.1878827431192,509.0105204422317,506.62763585863513,500.0015971219961,503.8396887335541,504.0172209371305,503.98890683899083,503.0745355456458,495.1975493937783,490.1400458005974,486.99205449988625
W195,1006.3253229294606,1006.5788007891388,1008.0807558849335,1010.4483980650145,1014.6414776697861,1011.527613781387,1008.9999466666044,1009.414313765327,1010.9863847502099,1012.1918569662284,1013.397329182247,1014.6009516839931,1015.8064239000119
W196,9560.593978651876,9581.001540280122,9587.965551326204,9543.200788914091,9403.757875323117,9356.137212500334,9322.083192777067,9340.419372317463,9344.610950307728,9370.128265259273,9403.220897996565,9383.203634104395,9425.725134521737
W197,3347.898805653619,3362.2447982465133,3364.151572552943,3370.1002018194545,3371.04846413979,3365.684863581164,3361.2160008039264,3355.3801254432506,3355.49411195557,3362.826743738664,3362.807283977077,3360.4950230035515,3359.2248338518275
W198,2352.078310495285,2335.078391613184,2265.1425071441267,2285.2972869852506,2282.5572239641765,2327.8892526818245,2250.7789280452103,2272.705723387593,2288.974649262598,2331.978364353398,2296.0459401167873,2281.9494554468297,2304.057919859372
W199,854.5056174158206,882.5942827579172,891.4100294445489,896.7585917890606,896.8713826622602,903.9443549059104,902.6530337878573,906.4099165819716,895.7333802501653,895.832138798959,907.409897998697,911.568425857266,900.3987561879437
W2,3550.7093460061665,3556.6992586764372,3551.0992802957076,3545.7403925902945,3546.5528789965615,3541.7165493208095,3546.5254866262326,3546.727741400425,3551.7766094046906,3556.3649245028446,3560.7464900665573,3562.439421096177,3563.9837383508802
W20,4162.907596049032,4213.730974669783,4153.749209654505,4192.605000070508,3956.952679851236,4114.973644169499,4076.526472271274,3897.2291382008143,3893.4378425181444,3862.279387997746,4132.173000200876,4111.370689423473,4058.2397345671434
W200,1760.6621949569708,1785.054084307012,1783.5837808864735,1818.9320397590436,1829.0660469431068,1830.9486584054548,1821.5447511403145,1816.8938141622957,1751.5150211418686,1777.4372850211503,1806.4317136196223,1809.8175500913976,1821.1131198007706
W201,1966.5175048003202,1968.7812391092816,1971.0449734182434,1973.3087077272048,1975.5724420361662,1977.836176345128,1980.0999106540899,1982.3636449630512,1984.6273792720126,1986.8911135809744,1989.1548478899363,1991.4185821988976,1993.682316507859
W202,4122.539640934769,4121.875292511561,4123.178298580131,4119.6667039080685,4108.97673277254,4099.2796829595845,4081.4287824208363,4078.267809143979,4076.666332612923,4078.9794297729577,4079.4747420902877,4088.468189028037,4106.981254592685
W203,5294.72165473785,5381.9564799239,5392.585148620668,5363.56353115365,5411.354294700215,5395.807060931796,5370.4863805544755,5421.01319030818,5413.946253370026,5391.621520676978,5500.629298999857,5459.584024539132,5430.638606153981
W204,7302.280161805762,7300.791923941644,7304.65002107909,7308.21587453231,7314.261857915575,7321.698584462242,7321.9192615735055,7323.397546099588,7325.694976410739,7331.744733301721,7346.500514753799,7348.325177531271,7343.98125685209
W205,12681.912127010673,12621.044576803895,12665.624196634202,12661.78846953768,12673.256912466353,12636.787860239965,12635.471798462157,12643.979997566807,12643.743927729605,12653.989013683524,12668.993276538507,12666.796756517488,12656.349830870693
W206,1023.9569915488046,1054.3288722725388,1032.771884450518,1007.717894216179,999.8371023183967,955.8868686521225,953.0837702490938,891.6971143176513,922.8053228463423,931.679099651992,905.199521831458,910.9679048502726,910.3938942027935
W207,11186.509644418262,11445.102645427789,11782.025821094878,11823.6908396692,11804.496464892793,11827.615367668104,11695.282017608715,11419.716162541665,11327.807343526572,11232.065884922487,11138.998588308994,11202.567117904317,11236.67193356258
W208,27549.226514585825,25157.90477602501,25825.568826770323,26674.355089832225,27162.31099684864,27000.829936474,26859.1093962898,27122.555769985025,27508.8989160946,27582.520605759717,26869.69192550749,27152.894378306526,27648.772453559282
W209,4185.184517089052,4229.998523367985,4232.738403997978,4235.50229517529,4241.42841695348,4242.184642214479,4263.078449661062,4268.266668739747,4266.378925419764,4291.0971599446075,4292.367987058661,4288.70709311978,4286.413413618436
W21,2731.2161899234643,2475.984138339514,2313.381896231812,2696.740828521592,3078.6505477108276,2948.2679578531197,2904.4196775624187,3224.358056361873,3268.1201132935366,2993.3283384642364,3263.2916616599264,3500.5884720827517,3570.837722309998
W210,8026.043798390569,8029.704766302319,8033.36573421407,8037.0267021258205,8040.687670037571,8044.3486379493215,8048.0096058610725,8051.6705737728225,8055.3315416845735,8058.992509596324,8062.6534775080745,8066.3144454198255,8069.975413331576
W211,18857.608938163918,18869.52871258035,18881.448486996786,18893.368261413223,18905.28803582966,18917.207810246095,18929.12758466253,18941.047359078962,18952.967133495396,18964.886907911834,18976.80668232827,18988.726456744706,19000.64623116114
W212,5437.978149493693,5447.742008040212,5438.020192274758,5438.835815398859,5449.365187784078,5454.950338142431,5454.966284052723,5461.111623682709,5473.660115995908,5480.395958554718,5482.712671949425,5487.450138190529,5500.308361544487
W213,3177.0770805082775,3160.757620021535,3206.993233795693,3252.4905090480743,3264.0687105834936,3295.00357686237,3310.0657561039134,3300.1917911101555,3310.1024984375936,3321.8272886161067,3311.650700637507,3277.575629149468,3275.878508197417
W214,1903.951389970321,1952.9917379975968,1911.4605624890437,1867.6212479419223,1868.0707104783355,1936.6136771608203,1915.913292595701,1880.1147782952507,1867.2798837532841,2024.7742006343449,1978.5299120994534,1949.018823667448,1926.4499367724416
W215,2360.5472396673067,2353.663069957477,2348.0911809912577,2345.4264069161327,2350.8312041372997,2353.742125019089,2351.828164691473,2351.52423871533,2349.754869897835,2348.3642159161636,2347.6236596393046,2348.94894651833,2349.413890445464
W216,3142.6596670896047,3139.7796473422286,3136.079302890368,3131.9491666189847,3132.708245935075,3136.493154226613,3136.9627246113323,3138.4333908787826,3138.6242078008654,3138.787218721698,3139.09524034399,3139.425525610474,3140.3455909175136
W217,9804.520941998058,9816.186130041386,9848.313998035841,9868.08762891755,9848.633628723399,9863.655949447388,9861.902448566576,9874.030029636442,9867.307329309007,9874.528029029998,9869.583879170628,9882.65996276988,9877.85613067393
W218,9873.533217315604,9876.00882141062,9879.180172750459,9880.309158084823,9881.43814341919,9882.567128753555,9883.696114087921,9884.825099422287,9885.954084756651,9887.083070091017,9888.212055425383,9889.34104075975,9890.470026094115
W219,1089.9238348119923,1084.8499807865744,1078.290020500303,1071.926354835449,1065.2296178068882,1058.2533177523724,1089.7158973952016,1084.9734240151474,1078.0669560493877,1070.9764777914056,1064.1534381871434,1057.25172424245,977.8273325698418
W22,3404.6491700011325,3402.4565458405145,3334.655057970573,3374.6646774207957,3269.755556587456,3473.2412358672605,3509.1772286793403,3582.7493100131037,3488.844558126585,3525.925026767154,3549.39217686162,3807.2900651975115,3653.985456017047
W220,1818.5243536072726,1810.8695276948717,1804.7074467551786,1798.3018365614546,1791.236482583678,1784.2912912726686,1817.030776948715,1811.2012510783775,1805.3317759471413,1798.5541388172949,1791.6153149506022,1784.5882940046245,1779.0773502234451
W221,7415.486082193027,7304.3730748220005,7317.870555616105,7371.615921830204,7411.279294967759,7320.8123391401305,7251.4902085712265,7195.787534196299,7270.703075607659,7322.427096450388,7366.714047793183,7320.5792228528235,7382.242107987337
W222,7830.384883277635,7724.6604042318295,7651.056492318308,7669.335868382357,7743.298905133194,7745.257707153733,7727.227985823778,7806.7502041175185,7848.517441772421,7918.916698635954,7906.395225978475,7831.237393268704,7775.3944090136065
W223,26638.466370310707,26803.977218265838,27078.792112867734,26648.059859720073,25841.207312286075,25799.214018494662,25510.976018602236,25539.104638224584,25435.53499965571,24911.16648897669,25573.93897092944,25546.25680693292,25464.068981157558
W224,1738.096560144464,1738.5850881503602,1739.0736161562559,1739.562144162152,1740.0506721680476,1740.5392001739438,1741.0277281798399,1741.516256185736,1742.004784191632,1742.4933121975278,1742.9818402034234,1743.4703682093195,1743.9588962152156
W225,1990.0581038711275,1971.5429453124755,1995.3443939588744,1976.3676549864867,1986.6969410211846,1966.7454143098835,1986.25325030444,1968.3551692071007,1985.6496739336446,1969.5297544054263,1986.4998822800267,1969.5188607943085,1986.4889886689089
W226,2875.854922757132,2851.5607586059173,2775.2166391935984,2768.029977876645,2757.1019854773044,2767.7948833944342,2742.4518258284543,2769.8427615596643,2758.691868568336,2815.2618414123986,2800.965695092918,2836.193756497625,2824.4129170808374
W227,1410.5175605213085,1461.9761133821623,1477.7399598267264,1501.8194260524604,1528.3634198402788,1514.2670452054128,1527.9060193202483,1503.5350470446124,1503.6717274466373,1493.7550057930855,1445.5686726261229,1402.4246961520582,1372.9350589698602
W228,7881.96883245197,7663.013845747187,7670.093613085798,7647.4318556054795,7707.134208950609,7758.033374320258,7732.407357954113,7734.058178750819,7752.958471640444,7714.063413464289,7783.598403973578,7756.621087758886,7737.351137319565
W229,480.2024209751527,474.8656643822201,478.0574690253719,479.65117306221725,479.86203894302696,485.8648963057756,480.78583044804236,490.1161218475827,489.65588337690815,497.2128583330608,500.36811123499,508.96966662091506,516.2592300342407
W23,765.3824864039298,790.8769852911257,786.4978789555863,771.489187822794,766.2169524769287,766.2017875711215,769.9201862419278,760.271554471819,767.7796268424167,763.5651188245348,767.5070799322801,765.583905186476,765.4530085830788
W230,3248.878861583712,3323.4706505624144,3357.976169430948,3296.1638820373464,3470.636238140435,3317.5129575298743,3488.6638459370497,3315.9688123803053,3492.614688419836,3322.8230128773566,3498.468588813329,3327.3676788995244,3503.146360283258
W231,563.216211724932,566.2552772414574,567.6131370650419,568.4198229804888,568.7840404243318,569.0724607363672,569.1670899311107,568.6179947679402,568.4109036289271,568.6760898442262,568.9412760595251,569.2064622748239,569.471648490123
W232,1904.3073516054674,1905.9998013455588,1907.7029695519477,1909.4061377583375,1911.1093059647274,1912.8124741711154,1914.5156423775052,1916.218810583895,1917.921978790284,1919.6251469966728,1921.3283152030626,1923.0314834094515,1924.7346516158404
W233,1032.326690275762,1030.6940114179486,1031.0657744040025,1031.4375373900555,1031.8093003761094,1032.1810633621628,1032.5528263482163,1032.9245893342697,1033.2963523203232,1033.6681153063766,1034.03987829243,1034.4116412784836,1034.783404264537
W234,1915.0947535167522,1921.8569035387484,1927.670349152304,1961.5738460477075,2053.1207752976925,2041.8425464966515,2127.5211148926974,2024.1160562057596,2232.1675457066913,2058.983566368079,2204.1950404251975,2246.692760140083,2267.0285343734076
W235,403.78320529652854,397.3823896645275,405.0064550284209,406.2815405815611,406.3418489167817,402.34250598364986,405.30111745473255,400.8283034666406,400.5330020465665,379.2558348906508,390.88668684556524,394.402349394049,503.8437962853603
W236,3403.4536339758147,3523.329822581179,3600.394466852215,3658.188797381736,3714.804558186015,3744.1371467256595,3803.965732166606,3843.6791577871427,3869.2268627599565,3869.0980068592944,3859.7692336721257,3811.116074267754,3768.486397361245
W237,1117.7935315603038,1147.7202751971972,1162.519243635772,1203.8225079075928,1290.1058129438459,1350.6551616031709,1425.398259969329,1486.304831588455,1575.9131240045463,1599.7396056599105,1668.4909633977309,1717.5187386830612,1727.6278726041814
W238,367.87292015612456,367.98587603954877,368.2544160136151,368.5929737145781,368.85138277869567,369.109791842813,369.3682009069306,369.62660997104797,369.88501903516556,370.1434280992829,370.4018371634005,370.66024622751786,370.91865529163545
W239,3756.5939188087996,3760.7382775516553,3763.86131107046,3766.9843445892648,3770.1073781080695,3773.2304116268742,3776.353445145679,3779.4764786644837,3782.5995121832884,3785.7225457020913,3788.845579220896,3791.968612739701,3795.0916462585037
W24,6781.99093899913,7159.7061526069665,7101.057954922342,7809.562243410321,7001.889406519419,7788.525000516118,7509.188988720018,7937.507874089772,7626.376247074055,7889.904563522994,7928.56669316114,8106.249146944302,8263.464197331541
W240,2452.9698736518676,2452.655414462942,2444.3881054638123,2438.8725532265003,2411.6856978130772,2387.6272958754607,2395.782918518315,2426.786605204324,2457.2747958256077,2479.343943428527,2474.594996155345,2465.2570871562134,2457.96813718624
W241,1039.0090883060348,1055.459905518684,1091.25984715002,1144.883977129406,1188.304537369011,1237.0105211178932,1223.2043454066636,1213.1155735166644,1198.2106999214247,1177.904141338049,1173.2257148274884,1123.4926775378235,1091.0300145147562
W242,1488.5330987949228,1497.4760349809694,1503.8435670570498,1511.862512678173,1516.7071338382925,1521.0668482737647,1522.424929541608,1527.041551896969,1532.9137880694243,1525.700652915852,1524.2477549528685,1523.1905627658361,1521.9431508652488
W243,1229.596886032731,1279.5683187353468,1377.5690202222586,1560.9339426085742,1891.3527632992082,2104.723503773014,2368.443021821584,2531.3569813455983,2817.6632119808114,3052.61292446399,3335.833798616158,3678.6741930397784,3847.619957429587
W244,772.9233192711222,773.770159566925,774.565516212918,774.6719819834343,775.9522354840426,776.4955852160006,777.1020318025733,777.7084783891462,778.3149249757191,778.921371562292,779.5278181488648,780.1342647354375,780.7407113220104
W245,2415.496699885868,2407.838185865364,2373.813413378411,2385.565702470454,2397.186037178484,2387.750470188516,2384.8866517242327,2386.138895967329,2384.6170806545347,2389.644902837208,2392.445683767076,2394.4179107575837,2397.5680010613182
W246,1099.4942981661657,1068.2819736009924,1076.1360393124319,1052.9446239252677,1053.8216943673285,1092.6122664870973,1142.8522877332798,1116.471922595925,1206.569238000938,1230.376883600447,1252.9983791286036,1276.1957497212675,1249.8357955870424
W247,4282.145724230081,4438.587489757267,4538.83277381991,4554.601032393273,4578.211533461641,4483.734781294057,4417.693858894207,4364.849101263576,4362.041794830777,4345.102159100123,4317.126860074659,4291.61571679366,4317.024797074464
W248,16242.855411507375,17092.157393266683,17101.6539085477,16502.834630629477,16441.291136516018,16618.643056170564,16617.886850816438,16814.382795611542,16784.958036316704,16624.03132195081,16646.005140490914,16862.649768258947,16836.819242851685
W249,21948.161881628133,22077.751880149226,22122.47319177982,22192.759799074724,22250.09306702509,22338.147290566234,22340.86250791513,22357.87902643221,22385.60110033438,22489.955782886285,22518.401340419998,22549.04450123355,22601.63274941632
W25,1290.2523705802505,1284.1245453291322,1208.5999278028635,1287.4207944337504,1258.3481763831837,1256.5288021960491,1250.5411044546136,1211.5054739838833,1286.3783584224818,1295.1354156429934,1358.3551790616402,1396.3539857961518,1480.5343136687666
W250,3356.386776644552,3219.5470674823505,3252.0253064988647,3346.7171510965923,3370.3518024634986,3249.533842667966,3275.665384278692,3339.3678879732715,3385.3410128225523,3320.087006394156,3235.4685480048825,3318.6847036603494,3381.847207468522
W251,6714.0178871424805,6695.455305498055,6667.605001732494,6664.952606591545,6657.329299144983,6643.04804451929,6661.368686747701,6654.229638058934,6697.114226120639,6702.942438567933,6738.357713395756,6704.192258393096,6699.0532732173415
W252,8507.092097282617,8747.66240414896,8764.999719994725,8550.053488734353,8506.07723644413,8721.131868730949,8780.628449262333,8749.819586500284,8546.967904165995,8713.520985283974,8800.571398404,8793.564403639906,8746.731609496834
W253,12354.613474809183,12390.407366376077,12396.068811415265,12380.61477119646,12384.943601991534,12405.355003834928,12413.220925487094,12419.289677047087,12423.457655892806,12428.049068756962,12432.950038070421,12438.155007383884,12443.084259688127
W254,5958.310933598781,5898.4249613329785,5939.10099739251,5978.423120687432,5975.799858327326,5967.133528249757,5954.273891536266,5984.053181865347,5987.128728132371,5986.247024950636,5984.567554080785,5990.259647327479,5998.016204007419
W255,1926.6032384504,1930.213847221098,1932.053620039949,1933.8791402454199,1936.2818228764158,1939.2251319486816,1941.3040298111198,1943.5156221084653,1945.8789990025402,1948.077886189657,1950.3228893511118,1952.6611490515888,1954.7782622825462
W256,2994.9971636516234,3069.45325275354,3103.505739753499,3248.836514572967,3317.063120478353,2268.316385886112,2246.990592940172,2262.151665682189,2332.149530793037,2459.277234165081,2558.308436807262,2609.924984280845,2728.617952516061
W257,4026.38735147048,4032.2391197676925,4038.090888064905,4043.9426563621173,4049.7944246593297,4055.6461929565403,4061.4979612537527,4067.349729550965,4073.2014978481775,4079.05326614539,4084.9050344426023,4090.756802739813,4096.608571037025
W258,2137.812726543991,2133.5188196380554,2134.1368733129298,2136.8086505076913,2142.1087596083653,2149.2860595635448,2152.817186466354,2156.5840459598476,2155.8233499815947,2157.694125581308,2157.03715387609,2159.9660010156604,2159.489507608556
W259,7618.393356102579,7484.177184731171,6827.2860378577725,6796.179791591614,7086.277036212406,7479.583810331271,7059.092686275442,7103.547602918897,7705.755490392762,7326.71417394097,7610.187037394129,7722.461554992511,7355.4736841382255
W26,2874.48060884854,2876.5783587609303,3038.1858495752085,2924.191534767001,2920.771550968142,2896.9168803577986,2909.1964416147803,2969.2836275365307,2885.1218735626235,2902.466743076984,2906.167432026218,2918.3681937201627,2991.545489660897
W260,622.9993698850587,555.5023612299212,582.0914446912491,645.1590556954425,657.0929697124893,619.4226720300474,522.3504409265993,678.422147483614,671.0080292369935,583.2899391145841,514.9368351705107,564.8924967218718,448.8160643974484
W261,4753.734443803103,4729.541109119007,4731.141668826853,4710.14583822617,4742.309321455219,4752.876061932395,4740.4168292541935,4732.986536267013,4743.418393687081,4771.76893212816,4781.8415798000615,4765.519175736892,4768.2802681441135
W262,4385.0555254600595,4388.058182960147,4394.150279216647,4399.033683830628,4404.015980307248,4409.0046330116675,4403.25567374144,4401.648373290839,4403.763321627002,4412.367281398637,4426.052253252042,4434.579178513544,4427.229688126399
W263,2363.6945130015856,2356.963043131242,2365.953402902859,2373.2206211520725,2365.7987605988274,2366.1254326410653,2362.054215858861,2367.285675741034,2362.2394222185158,2360.4019489797747,2358.7141360237724,2359.7181949071282,2358.704115105853
W264,3845.467764364559,4064.182072223997,3862.271017462853,4056.3957071268565,3872.9509589223608,3994.2719968553693,3916.759015976915,4124.6819718608185,3922.988775694293,4009.714273530938,4079.856250386537,4072.9797804601058,4021.1630019354247
W265,2213.0626598173862,2214.902998548499,2176.1381067829107,2158.8131284151327,2158.545180386137,2141.800635653104,2149.726953580324,2140.021784626806,2138.219962449013,2135.4412779479317,2131.4204073876526,2128.593011319567,2123.7565915825458
W266,2191.4340507196707,2184.205260656226,2173.564312389235,2182.1612602110163,2195.3021526573093,2182.1909122097795,2185.2958540023433,2204.1733177220817,2215.535182414105,2195.1767038574553,2186.440032791339,2200.08608921041,2194.2019529239333
W267,3276.761642625338,3152.071714325112,3029.7608998351634,3043.0847046345807,3054.594592806533,3011.926938843634,3005.2912941060517,2998.6411580582985,2979.509754036233,3012.1338957080834,3001.336677911275,2953.3927063061465,2958.7391673864386
W268,1357.943853787596,1352.3164070425494,1341.8223380320064,1348.2897112224848,1310.7819586172513,1310.7606196257354,1286.3813586320682,1286.0529934943781,1255.7835496137,1264.8149398457006,1257.1349427291557,1278.5274921898344,1266.0045384813086
W269,1324.298071226079,1318.89580122156,1336.8254034580575,1321.4417520156958,1341.4841224223724,1338.0451701935108,1367.1893563305232,1342.706315037158,1365.9795634444006,1358.2376096632129,1375.1152810173649,1391.706153813877,1372.5976297843895
W27,2220.3690341056035,2241.7990896826345,2322.013234694302,2265.459636337235,2404.3803179034867,2332.1976713912763,2427.3479195979626,2517.078052831112,2540.2953504700167,2686.2879555605314,2930.3644208156857,2741.8632400932524,2975.209282731319
W270,7999.730800176965,7923.812379831641,7962.277647460448,7995.3089003478335,8043.969290852543,7963.597553086467,7943.192288798314,8041.637691045522,8079.916362179769,8008.392363429988,7987.597900540806,8078.601287242596,8097.830045205249
W271,7624.255789809295,7579.176553921463,7453.871367513084,7528.161755665268,7571.434064500518,7642.256926233631,7590.0458438481965,7474.920053853424,7535.934525157002,7598.811539758983,7653.571985643637,7650.277584558589,7611.912407165524
W272,978.2810119842388,976.8025540270136,974.3757629334403,965.386363181507,965.2916768213232,962.5657612301973,965.2263061328238,963.2017899865132,962.3352119197098,961.8843878080143,961.1469696632416,960.397056252159,959.4616387967174
W273,6460.818155269464,6461.58975273979,6461.086492157836,6461.733517115444,6458.203385918032,6462.505092030866,6461.924944644512,6461.830404172166,6461.73586369982,6461.6413232274745,6461.546782755128,6461.452242282783,6461.357701810437
W274,828.6248701057615,818.8875055656603,828.6646252502499,828.1883320891324,834.6349062088116,830.8125749096534,824.2556758041147,820.0901821779695,815.5154561729921,817.6848055208296,813.056530093281,817.6982732116396,819.9144007241764
W275,8689.004854254323,8738.470564894169,8812.71333495752,8911.992101243686,8943.315598899226,8942.05291636863,8944.112396181012,8993.797370807628,9117.966823522496,9173.57937124256,9194.420507928651,9200.387064309942,9219.054647284998
W276,11259.158925202602,11261.670282430327,11292.400637440569,11271.490100822612,11277.334665367469,11297.415893622361,11301.500252839005,11305.522325773098,11305.133757513842,11310.022920708327,11314.044993642421,11315.42445870283,11318.558772830278
W277,3230.29445009358,3219.9350661944873,3195.3792871079227,3201.8794183264827,3236.7656048367735,3233.712811056833,3222.555928690137,3204.990231759356,3218.346640435654,3218.349555638486,3203.575769240077,3189.6351834789525,3186.2489855388376
W278,1302.5145038460003,1304.670032202174,1307.2040639032075,1312.1986249957608,1284.427097339496,1352.1615073237183,1287.09925441235,1307.5975409804194,1261.214538823893,1250.6364098784757,1222.8652761217556,1225.0696225511601,1228.1200015062325
W279,1268.0697144975768,1265.3863181087204,1272.9870125310763,1266.6408153796747,1247.5478031180776,1245.7386356311604,1244.5260019174184,1247.232376570299,1255.8730700104238,1255.513930003822,1250.8046314251872,1254.6753520659713,1248.000725047578
W28,4327.418351631959,4599.107955246153,5794.061310998396,6409.895083549565,6341.051660579112,6472.532464172356,7107.982402440259,10649.632366275557,14251.381890637063,15098.032850154708,15728.029411966558,16019.525582362823,17411.10272625036
W280,5381.084056043459,5382.71886316789,5388.915094611208,5394.013380226098,5397.024244475626,5398.969378303338,5403.563170379469,5407.69148177962,5408.076118327663,5413.242125228804,5417.239050326889,5417.7662436691835,5423.1600288295895
W281,1805.7709602013485,1833.9145161956058,1827.593865275362,1798.9948929856093,1804.8694251762493,1804.5801366725723,1777.5866460852214,1749.0000203807674,1766.5981415062574,1776.731276026219,1794.7443555490488,1796.9257003457947,1802.8466431687568
W282,2124.1494824742767,2125.6860762770084,2123.975917664723,2118.6244809976997,2093.458706937347,2092.2672891940338,2091.8088602424586,2088.5942979337624,2073.736097967858,2063.4428757432656,2060.5199529434353,2057.2643233063645,2046.5336530253928
W283,343.5602407184373,343.6927788788337,343.98968392198844,349.24287352161036,351.59755097610605,350.4635208247104,347.6286205960141,346.18577130427207,349.11382686964043,346.69399042621205,343.6100959907185,346.91738377440015,346.4130048780046
W284,567.595341174685,567.8166893198271,568.9251649223058,578.4385545113728,579.3413348111994,580.7853293693739,582.0131439744738,583.2688779400312,577.5081734230504,579.7568725603942,579.1850569443217,577.4377981127274,580.1969706539777
W285,714.4687481421206,708.8740879516276,715.5156787475917,723.0903159596887,724.8236386090075,721.8405805902407,726.6075459076396,732.879809167348,735.0473221155185,732.9819674204682,737.0543402600333,743.2019982361385,745.369511184309
W286,10799.20900377609,10845.407814321701,10839.606585848025,10863.205902167389,10867.901578650202,10870.334325710392,10874.082859219312,10880.400958349119,10886.719057478924,10893.037156608729,10899.355255738534,10905.673354868339,10911.991453998144
W287,2217.131038393647,2236.1916984586787,2237.1524122404667,2239.841690138389,2246.0641638247325,2253.2529150890114,2255.213994127459,2251.3175910304944,2248.5951342869585,2246.150024843079,2243.7302931125105,2244.9357206730065,2248.560560285349
W288,7829.145148054619,7833.1802773152685,7839.628015223337,7851.7330559007405,7857.548957518295,7867.042675886963,7872.613409880478,7880.271461269758,7891.349963992368,7900.898689189887,7907.031416746203,7912.9210984549445,7921.152084643564
W289,9800.377214916325,9794.004790017136,9778.267844194275,9757.954498251325,9740.421879536532,9776.572903215874,9803.37899124396,9823.257491115277,9805.51176766529,9809.655391427077,9811.56243545524,9830.533819416924,9858.806401264876
W29,584.7330487402646,657.4396868836219,655.0315186599321,619.5623959797077,698.9017107551624,665.5492603855319,687.0437234604876,691.8824056598517,682.940671705519,697.9215931680316,663.5140973122284,749.6002366497235,681.0624247254443
W290,15367.9014908944,15340.897210146399,15365.229975969018,15405.071609054,15474.205287592307,15490.087354125848,15553.863123264691,15534.658439661871,15518.756797785869,15517.30849051697,15515.986796991769,15569.953244721743,15577.255708824807
W291,8473.518283181586,8481.568343590256,8405.603801090647,8450.43894137944,8461.962852855402,8460.44355171685,8431.589869193995,8411.00437252576,8406.545201223773,8396.363446641039,8383.399591282334,8336.244584307718,8294.317030666205
W292,18156.46034954858,18175.794889907247,18154.747752393636,18193.13652827216,18238.882986437275,18401.632302215956,18574.41382925547,18854.530012943243,18902.43435582612,18908.030303708376,18915.225938651973,18907.32821338308,18915.749199060072
W293,1834.6268712830572,1883.6060511896917,1855.9018838614404,1684.047592037242,1796.1371534181994,1740.837728656316,1797.326067021581,1661.4726755639692,1791.2809723874618,1753.8262761274807,1799.6213336259084,1665.4965008079296,1781.9711098693754
W294,1536.1450979303381,1540.5454173815144,1596.3351424687798,1608.658076289029,1615.5919683725858,1617.6272862607632,1635.3391261821844,1628.3244156371961,1635.1735682858941,1635.3171999629617,1629.563513164198,1623.9091623154088,1624.3950557428416
W295,2915.700057946553,2776.729504922644,2842.924061884669,2790.443644631973,2797.4416941397085,2782.2930171589305,2835.8312843881854,2824.6600564463197,2814.8886970464137,2739.491380028129,2752.8968140646975,2674.9031891233003,2655.7219444913267
W296,2822.294940248476,2590.141851859665,2722.097152402719,2874.6288583665414,2762.3204780473507,2576.042432044069,2467.775631165025,2614.4936958024687,2774.7600054864038,2682.8399330774337,2470.2666270385994,2460.4969211204875,2668.7267747315987
W297,4757.308549109235,4254.119968002815,4748.220434532181,5254.08234517112,4772.636643225504,4769.096105602438,4583.487574894514,4766.951079699954,5028.9059472573845,5093.623913853728,5123.284342475386,4791.611735349273,4557.776273265354
W298,3105.6967528129376,3036.783700304734,3123.3469402250334,3414.6781203703695,3327.501096929206,3107.5214990623517,2902.1136571729944,2842.173158931083,2875.2246211908105,2766.735676511954,2726.482469878106,2987.3321422878553,2915.0939867557413
W299,3551.71930623535,3508.6773602701596,3528.426600542077,3674.8069108063773,3631.6047348833813,3711.5663536333814,3641.167720771801,3854.006153164559,3658.098375527426,3724.419018190343,3791.7930245194566,3893.8174595639957,3840.1727095171136
W3,9613.524908661313,9797.582797810463,9805.508822765707,9635.221391313471,9620.998492730443,9742.553982920957,9848.98274638124,9781.398015130635,9643.297101680708,9739.318279214585,9831.794737005102,9822.159988946838,9706.989823700256
W30,3654.289927456647,3997.9899536780645,3696.241322231432,4058.2701291659323,3858.6126907007174,4263.6793699153,4196.80077323352,4655.024143073085,5580.767115628819,6409.038352199311,6809.329460804064,6792.310716982099,6197.459780647578
W300,1877.5478748898263,1758.0773324519453,1794.5175475386777,1866.344875545509,1839.677498086531,1871.4813243084855,1908.5425068675906,2001.7908956258784,2030.3818365072664,1927.9162377817956,2026.2556517808582,1921.955422691045,1968.4074466706843
W301,2719.285199730427,2538.084020792311,2595.832591625645,2512.834787177684,2519.2737989041257,2513.484792293718,2417.611871073605,2376.9501936357246,2425.172787212846,2391.274633087201,2256.9867918424748,2183.435721870605,2161.3066990154716
W302,2704.500412564463,2705.8053939052975,2619.09420646976,2715.222883716205,2613.2699831223626,2522.2280624472573,2473.6006081575247,2513.936657477731,2621.232959431161,2576.129985872792,2561.476692639475,2533.4758493202066,2553.1510215658695
W303,5139.839895405532,4921.969438982652,4887.3539386779175,5670.7260965775895,5244.534360900139,4984.895306797936,4580.968526511955,5304.9324182841065,5531.545722644162,5182.443790295358,4722.892484622595,4764.1333753867775,5517.67902925457
W304,2935.441739662447,2746.6025226050942,2851.563868057509,2922.425241959681,2928.6360732145645,2704.365689240506,2616.1135492186277,2916.150228824816,2911.849215689951,2693.0886048757616,2653.7859115017973,2723.0333153539614,2825.9927772933265
W305,3195.608333614627,3326.0528265353964,3412.6323283638076,3305.737302297234,3410.857531176747,3355.5419351148616,3274.525911673699,3401.4448675105486,3370.0761050164087,3241.425494796062,3363.241090014065,3376.6852306610404,3216.6557526488514
W306,2393.399765353962,2251.5099203000473,2248.106497187061,2408.6655950832164,2341.706726441632,2290.1019608532583,2095.4042834622587,2260.8860732829353,2324.9855221518987,2306.808248359119,2196.1197467182374,2237.1352491502585,2374.6660299460855
W307,3253.821855485232,3111.5381160337547,3509.2685158227846,3619.7563227848104,3481.9848681434596,3057.2965073839655,3051.28070464135,3474.943507383966,3552.909139240506,3085.181890295358,3110.231386075949,3333.3251708860757,3535.2501751054856
W308,2025.6759702297234,2120.5172018284106,2329.5837618377873,2026.8465923581812,2092.4605436005622,2436.585126582278,2215.541535161744,2169.1553956868256,1999.213092123769,2065.9533516174406,2449.9639294421004,2306.3326586966714,2193.005788795124
W309,6039.701291725269,6108.823484013125,5589.79023492733,5530.938885044537,5548.201344913266,5685.97941898734,5590.737026394748,5660.964284810125,5609.861471659632,5585.899458556022,5715.717047069853,5589.837612775432,5484.281134763242
W31,1198.39526854294,1355.9373693089624,1523.0955169019123,1903.317478152605,1899.0391608155885,1865.4812325510961,1968.6265551696858,2058.1498922702804,2127.7057711542407,2207.400817261801,2189.9446307462927,2146.6150333410988,2166.459053952772
W310,4285.8834779184235,3759.857512798875,3823.2755075011705,3660.2814017815285,3750.959480168777,3681.350815189874,3474.7716381622113,4026.7091064697597,3777.38697177684,3599.63725082044,3735.922626722925,3522.9102743553676,3582.1915446319745
W311,4503.667520682919,4467.612830872011,4657.736349906235,4782.062323933427,4546.139845710266,4416.982192334739,3977.2343108595087,4202.540046158775,4731.943126523674,4446.534494444444,4291.76152689678,4274.808657323801,4316.189923995937
W312,4491.845632747305,4384.10873886545,4369.961113197376,4523.009736521332,4415.312719737459,4515.678714299108,4409.138965353961,4552.402593459916,4539.035342498828,4538.539839545242,4586.607593178623,4534.960465869668,4579.2790816924535
W313,2001.8485879934356,2054.232023834974,2017.485055691514,1908.1554628645094,1906.6984252414436,1887.0545458462254,1860.896282137834,1844.7359443037974,1819.0846046647912,1844.3694598687293,1836.9536153961556,1820.8226475339895,1822.9553642240971
W314,8800.96623047351,8805.265365166431,9145.252341953823,9256.44987608064,9315.702464664791,9021.133202405066,8695.814454024854,8977.409717415612,8858.719307341777,8909.224750086736,8815.128228560716,8995.901666196673,9086.464127157762
W315,4994.128689913268,4883.54048174246,4945.010255766526,4966.738525303954,5088.64790322316,4970.427118087982,5063.26861370136,5207.773110907954,5286.833306211907,5125.282401191593,5181.44453970933,5109.807870909517,5079.466016186123
W316,2842.265953510314,2850.0848821378336,2689.7736495792306,2554.6970386521325,2601.542200703234,2673.3894155414905,2442.842474269417,2321.164840834505,2582.7836641584618,2585.234433694997,2511.909013006718,2326.4002004594468,2408.494112751992
W317,4450.012161087671,4283.871268635726,4382.601351804969,4262.76459334271,4417.023299203001,4246.034998312237,4244.094720393811,4010.2969202062836,4344.733397937177,3992.293186122833,3960.7838289732777,4032.2456801687763,4216.147373933427
W318,4112.815483544304,4085.2517848101256,3799.790464556962,3466.5055513713082,3861.460745569621,3838.2246189873413,3682.389394936709,3334.392009599156,3941.1653037974684,3714.508293670886,3629.737124050633,3244.8991361814346,3610.5690784810126
W319,2363.7291348734166,2331.4918530836844,2421.0560017194084,2340.140559862869,2395.0976639029527,2490.559668227847,2439.9401544303787,2507.120869845287,2639.937085372713,2615.601379746835,2626.4832084388177,2839.3462002109713,2785.433666455697
W32,4573.693667353489,4356.74872777947,4759.401570746583,4411.768659258536,4788.871482629696,4591.592198733559,4725.840506666211,4918.316996165922,4939.03927962144,5313.66626064521,5763.060018859605,5670.122047273919,5960.837353294098
W320,2276.3573057665276,2316.4961554617903,2380.8224485700866,2331.548315799342,2397.9438516643213,2374.011501172057,2374.573840975151,2479.0088075011704,2501.4288414439734,2473.314613033285,2468.136008626346,2471.1897929676493,2460.819823722455
W321,6143.239335982185,5679.119919924989,5458.639948663854,5359.74147137834,5088.473529606189,4954.370849296767,4799.439507735586,4801.344686286919,4975.594233966243,4824.474080168777,5089.57054697609,5004.429714416316,5075.063921448665
W322,2315.4551293014533,2334.302380121894,2399.816070323488,2392.5648395686826,2434.4826201593996,2290.042302859822,2154.995033286451,2275.7027771214252,2283.4893623066105,2358.2507424285045,2279.9137166432256,2365.7688280356306,2423.986569995312
W323,4160.769272503516,3933.2405770042196,4075.169605485232,4001.546445147679,3902.4218234880445,3630.355477496482,3488.8213315752446,3455.1095945850893,3465.1308438818546,3419.293099507734,3465.9785327004206,3522.910412095639,3783.995801336146
W324,2500.056813408345,2264.2264838255974,2183.3883213392705,2422.5109503828717,2082.8294651898723,2094.5357880528204,2239.438991561181,2056.41635243788,2167.068912173777,2080.0556126347865,2209.7472118690416,2072.8146170886075,2149.4667641428346
W325,3856.273885794656,3762.262997468354,4237.700316736991,4067.27485344585,4138.944659915611,4107.665266947958,4083.5379268635734,4186.674890014066,4265.121281575247,4318.284388748243,3962.072456821379,4025.164502391,4054.5031082981736
W326,3434.7661936990153,3190.963147398031,2995.0333786216593,3560.687976090014,3414.9395745897796,3341.7933142053444,3345.4607808720116,3310.4025542428503,3394.077075761838,3348.6525380215658,3406.976011439287,3250.9339183309894,3311.747800075012
W327,8908.83679657759,8250.900136568214,8222.77014649164,8181.215190170338,8025.41240994843,8107.965173070793,7638.055098171591,8118.849902484764,8283.169437458979,8857.740728363808,8319.74720262541,8523.771572558213,8357.318356071262
W328,2142.770272151899,2261.55487721519,2124.8140902953587,2378.7338105485237,2173.241779324895,2133.29066835443,2081.03865021097,1965.6054822784813,2011.9585358649786,2107.675711814346,1969.8920856540085,1979.643105063291,1992.0284734177214
W329,10026.838052109706,10115.83302685252,10352.959467703437,10483.270957604982,10416.999049071226,10073.41614265471,9961.589007359351,9461.92337974332,9816.883806803797,9574.659949120958,9532.72466772152,9403.127684367093,9310.594756251761
W33,1634.3100274046178,1648.30833535679,1707.182992325917,1778.6372543346179,1755.7266705983022,1799.1031169711473,1929.1133359791597,1929.9572968439895,1985.606422253213,2062.479404075844,2072.4787228779,2115.492160134009,2290.141064971932
W330,3228.5168903891235,3133.234577965308,3134.399576933896,2875.29438649789,3044.1314149085797,3109.232590154712,2953.5125783403664,2917.000333802157,3065.5284198781064,3001.89239474918,2930.15314917956,3034.865728270043,3028.528099765588
W331,5771.356576933896,5115.947904810127,5513.030418565401,5840.628117018285,5579.1181015471175,5139.511724050632,5223.9564219409285,5277.853822503516,5656.971823909986,5153.829216033756,5040.452854852321,4796.544063572432,5149.92876556962
W332,2952.0521407876217,2838.0338241912796,2781.4036305555537,2746.8391690576645,2950.0196117205796,2675.049362381621,2578.5548575996245,2596.436554833568,2730.7926218940456,2837.340040365683,2728.766622597279,2800.1608680262534,2787.591334036567
W333,2539.551411164245,2540.4262112986407,2496.625404617909,2552.099608180966,2601.1832974683543,2525.8823382247233,2521.98229939053,2406.107602555087,2633.100444186592,2669.0984064228783,2667.789620862635,2626.8033767229263,2617.970292100328
W334,3712.902228785748,3353.9097093295827,3283.370616268166,3424.3326225972796,3211.30228270042,3329.8272791842464,3244.7530911861218,3096.6874507735583,3423.805553914673,3163.310901781528,3212.60347116737,3164.742231364276,3270.1697913736516
W335,4218.488283755274,4138.7834405063295,4093.29914275668,4374.863636708861,4413.09934936709,4178.901100984529,4159.291550914206,4332.7358886075945,4321.476959212375,4318.5594412095625,4284.294893811531,4389.194043635722,4396.098687669945
W336,1558.9989519456162,1599.6421248945146,1982.5570235818093,1734.59047097984,1508.2128417252693,1928.9280546179093,1625.2567504922638,1484.2000471167366,1713.2150312705103,1640.3832671354896,1705.2263611345518,1780.6540780121884,1872.992641631504
W337,1568.6882756680736,1522.5478593530238,1550.9485260196911,1579.0204969526492,1522.8570679793722,1529.982724800751,1517.796292545711,1609.6725016408816,1605.070218471636,1616.1586891701834,1553.5811026722922,1508.4481322081574,1525.5441894045948
W338,2156.8567643381775,2169.983325285201,2247.266738435693,2228.8388937333957,2239.173734450695,2262.6800334036566,2237.4738972105015,2211.719327121425,2227.395327707454,2241.462848218471,2210.6662337083917,2218.056748476324,2232.3300289498357
W339,3863.7708625410214,3984.760709165495,3909.6900463666193,3828.600113830286,3736.975594421003,3811.0186264885133,3590.4088844585085,3484.9258811064224,3336.568533731832,3086.585737529301,3110.992742592593,2989.385427355838,2922.508265353962
W34,1283.7767162674254,1290.8042811508712,1331.1314345037522,1320.6675507495675,1323.3394507268904,1354.632399874718,1347.8845530366184,1527.4867279100085,1453.9757938798075,1916.6111223312948,1876.7323121075842,1743.1860828412355,2015.4658919360113
W340,6173.189099578059,6146.613982067511,6902.946278481013,6548.186144514768,6546.997216666667,6678.526347468356,6418.066270464135,6478.2711356540085,6672.478345991561,6254.22227299578,6283.157588396624,6403.716919620255,6304.1765428270055
W341,5059.661855180496,5227.204394280357,4950.79949376465,5026.9104022503525,5281.176261650259,5008.202483638068,5061.696226488514,5431.245936568216,5236.441019643694,5207.3709645569625,5241.238026816691,5292.159727285514,5292.909159821848
W342,1290.718444428036,1228.6872849296765,1160.8869831129864,1190.8078933497422,1222.2562068237226,1208.1610217252694,1190.5015371097047,1154.3760161884668,1147.176726793249,1206.1841311978435,1206.183306938584,1172.414003406001,1169.8084628176277
W343,3681.048220018752,3346.702822472261,3464.799434552273,3692.634431129863,3597.1969808251292,3553.639861931551,3369.8715373652126,3601.849197421471,3739.858317799655,3570.9921793248936,3372.38735082044,3463.3599727301134,3643.9629956086874
W344,3506.452788279419,3346.1276730426634,3358.329034599157,3388.068205250821,3319.429620253165,3297.4303766526023,3326.57955583685,3361.518425410221,3361.8908543834978,3402.567488795125,3385.447568213784,3379.0928805438357,3384.461091233006
W345,2960.8774175105486,2696.448364767932,2856.5246120253155,2783.8218221518982,2718.9556308016877,2817.208319831223,2500.0471814345988,2634.251297468354,2683.494187130801,2733.0408263713075,2741.58740485232,2572.208719620253,2504.1581867088603
W346,5934.603556258789,5072.725699015472,4758.657229606182,4653.393816807311,5260.4942796413525,5186.015872714489,5185.953360056257,5088.37038185654,5105.691752109706,5134.0041979606185,5143.535998593531,5142.8932436708865,5139.962100210971
W347,3474.807366033756,3252.2383607594948,3482.343817862165,3689.401905766526,3700.176581926864,3440.873450773558,3109.054014416317,3581.798983825598,3758.555709915612,3600.7432046413505,3383.3078927566803,3382.7054279184244,3647.3203864275674
W348,4510.556577965306,4720.630565913814,4472.774609026801,4473.901900282465,4565.9729944737455,4396.1317229692695,4297.648551722925,4329.755984563269,4230.064258708392,4277.759426290826,4367.24673791569,4388.491215975543,4560.817414976167
W349,3259.401770839193,3236.4594276840135,3033.884862212847,2797.170787458979,2797.06197337084,2894.7485474683535,2833.3625199015455,2736.7811612283163,2692.4190203469284,2677.211681715892,2649.734365916549,2599.8344630801676,2569.8023217768387
W35,1130.774939815911,1202.4469931561143,1179.7148475390868,1173.3665830903255,1179.821544296457,1224.1019677518934,1216.1524594002071,1220.3109373688199,1130.4963954476855,1339.8566278865924,1273.4098254106493,1302.7613613779547,1350.5524971683567
W350,5109.163647796526,3999.646466361935,4097.015919596812,4283.961701359591,4063.1524469057704,4511.137604664791,3796.8179320206323,4363.967133966244,3412.5864807782496,3920.1865468823253,3386.196622011256,4307.375005860291,3330.94089990624
W351,1807.112269456165,2078.099101383029,2060.4365966947958,2009.1719260431314,1874.2282842240975,1890.8437333567742,1774.6666422878577,1886.838166197844,1928.846133497422,1943.7205535630574,1753.43422398031,1735.7616803797473,1693.7619431551805
W352,1161.6974846694818,1128.5354424753896,1111.7573541490888,1080.028175527429,1050.0614059071759,1018.1182272855162,986.1750486638566,954.231870042197,922.2886914205374,890.3455127988777,858.4023341772177,826.459155555558,794.5159769338984
W353,1858.5261983122366,1844.6967122362867,1846.6782894514777,1782.7179556962026,1740.581101265823,1657.6615497890293,1636.1599375527421,1636.5913476793246,1619.3962548523207,1626.9301215189873,1639.0553105485233,1660.1317130801685,1636.4284666666665
W354,3093.397098452884,3105.667385232068,3071.63086793249,3183.0507664556967,2926.517962658228,3095.2550879043606,3175.4455464135026,2940.8849684950774,3060.4385504219417,3250.701749367089,2883.223432700422,3060.4706408579473,3227.2727992967657
W355,2711.898318588839,2824.300616221283,2827.2638112048753,2700.8084542428496,2655.420912775433,2719.658429981247,2688.153208087201,2683.8777676511945,2644.6191611345507,2628.698288045006,2631.6235829817147,2572.536416736989,2530.8426365213304
W356,4271.915201312706,3954.352581622128,3988.5343585560236,3825.580361744022,3664.6726054383503,3406.3224884200645,3715.5009309579627,3619.9507694327244,3555.6251774964835,3573.460479653071,3488.9607207532426,3480.4883343491174,3503.767605610252
W357,3609.359342053445,3216.1785449601493,3171.004471073605,3149.7151030473524,3014.8697421472084,3184.7988751992502,3137.9941717768397,3071.353408720112,3193.7271885607124,3123.117303328644,3111.2408491326773,3105.9130289732775,3100.6823013595877
W358,5457.990444303798,5720.350036708859,5279.55636329114,5353.306968354432,5331.242851898735,5145.8736050632915,5417.48259113924,5319.289791139241,5104.172639240506,5415.7519101265825,5139.295969620253,5258.026502531646,5322.223788607596
W359,3496.3339167604313,3484.9507577355844,3851.127393834976,3841.8592816690116,3540.6860056727623,3670.411031059542,3740.8853190342247,3614.4269375761846,3619.1320917955936,3478.5320781528367,3483.6471035396157,3464.741105555556,3380.333084083451
W36,18271.706154305568,14142.396722010337,13842.517520219426,15079.835523799407,15916.774371436299,15021.392359015741,14679.865798522696,15076.744620178408,15487.792854280866,15131.032246477458,13969.94323708642,14391.18342093387,15047.026931870645
W37,2906.6851326901865,2920.143774974261,2920.104306772964,2907.1575577734584,2900.701156594508,2914.6617220860635,2920.9630160976435,2936.5921003943286,2924.5555070725495,2910.541762746072,2920.0045561622337,2927.413738510898,2941.3907059701105
W38,3065.8631585489134,3056.86785477002,3073.3225215268326,3067.4659464677297,3064.488010681359,3068.7091558047573,3068.1707287257163,3066.788357068661,3067.705472096743,3064.9190119569457,3067.1245212644553,3068.6298974477345,3066.0777209503576
W39,5843.75690679765,5841.808307624465,5838.793351547494,5851.3248898747925,5842.104553323787,5850.431344006819,5857.118102509282,5851.30195254704,5857.578979998736,5854.924503937233,5860.747485074304,5861.416362331283,5865.118981893995
W4,2360.6034597191206,2451.7014534123064,2540.571024208961,2527.642613696881,2555.3582050132245,2589.365319087783,2650.1909842381465,2830.264949135797,2914.931562286419,2945.3314080838277,3025.8321283792093,3059.910675683509,3078.0386655564407
W40,5847.141987719276,5855.098992329037,5845.405936769528,5844.525160468064,5848.005958812918,5852.693792580097,5853.4394481231475,5861.483384941198,5861.764280342873,5861.114020822899,5857.386269626638,5851.914530439623,5851.3055718622745
W41,6177.612525492565,6195.98339108256,6197.826668474494,6197.4687715428045,6194.739646410096,6178.268504965539,6215.552200832306,6203.628265686085,6205.854189429683,6210.859058495812,6210.827007359794,6204.6563699674525,6179.4117122287325
W42,6203.018104644568,6218.837978653772,6252.392808760949,6278.6707633544365,6286.711544713204,6289.842142976625,6244.554440394972,6235.750845303409,6224.057455437845,6233.773016087049,6254.766945419342,6303.372973744956,6324.559284654134
W43,6166.911292951283,6209.748320826534,6205.91050520554,6179.269756686551,6205.10003680903,6207.330746117263,6185.387511087134,6215.92722678977,6204.9494200532545,6186.592674458564,6234.637259525313,6200.329713149948,6193.657770433633
W44,5843.454535146842,5848.7048523022595,5842.8108744154015,5844.085998525823,5847.350173364307,5846.614217599078,5847.418530799326,5856.895097463454,5859.7689576906,5858.503983381975,5860.660924597609,5862.958943951089,5864.74360567945
W45,2948.867045576082,2958.5614014719076,2958.3469403768927,2961.214237581959,2972.8287577244023,2971.3806171061815,2965.865283594806,2961.920787882069,2962.635642024426,2971.7468921724985,2973.078546765292,2979.1604088588847,2974.104706928198
W46,3249.765186172376,3268.07551137914,3263.473550137827,3252.1326987767416,3257.743681017202,3258.709936917216,3258.1621163364584,3253.505151866288,3258.9147477582346,3268.305617932844,3252.6389691943855,3267.3998809855916,3254.8938579119726
W47,2936.815871127761,2955.162930214968,2958.354434831507,2961.046419695404,2973.2075311046146,2971.333143424668,2968.42952530327,2964.62175467443,2968.342514177141,2975.416992064954,2971.6201538905043,2979.912441335513,2976.698224129707
W48,2985.1509238506087,2983.6552670519427,2981.2022188389387,2972.841576787556,2973.214139968449,2976.286664844237,2978.3540168736,2974.6867978782766,2972.9857946858365,2975.341412714085,2974.511627951138,2976.1645889379897,2971.258546285152
W49,3221.78092140122,3187.4907882974812,3196.3668975734145,3166.5167880317495,3190.6204487344203,3173.368613621754,3211.604408820165,3230.6595856130893,3211.087922666131,3235.8063728513266,3249.0738185101663,3259.543170719147,3247.0372923238097
W5,1731.9687495801984,1997.3591845471929,1961.722264164418,2095.746605443393,2297.3797822654547,2294.989803128632,2343.46483306494,2429.379222370051,2534.8545293621873,2471.5956494330267,2179.003677975552,2021.787144173089,1841.0424722174191
W50,3229.461813030289,3228.83012759158,3224.0045106904026,3232.828666063999,3234.3180738172478,3241.1388868642207,3241.5434198788944,3241.6722757570724,3244.624310637009,3238.560098698068,3238.489533582869,3237.026872232488,3232.952077209735
W51,6597.376208148843,6655.260671195041,6674.4965106623995,6676.358988071988,6659.132162875355,6607.766298887178,6602.375671099673,6608.750084592333,6615.967904395882,6621.863240135077,6604.390667512473,6593.420738784465,6592.173014482078
W52,7002.066627103456,7008.936486024986,7032.39391113786,7013.535062256109,7010.45570673284,7009.964629717791,7002.725777017162,7001.132042846964,7014.799755569753,7020.219034592459,7018.925711286514,7038.297264525809,7032.927776858048
W53,1881.3810382493325,1894.3460515594074,1907.1780419490556,1913.064639139894,1898.8987080643492,1847.767784898007,1912.6535379879174,1912.2594300648107,1893.8313556651974,1887.1982147910348,1895.8722060193081,1916.7884352507326,1918.5326889829148
W54,2458.8389344903567,2454.5398339008116,2457.6365525293904,2435.1241309190223,2419.512243976313,2415.508243898257,2427.1582594314687,2415.5985600835184,2398.141849415465,2393.1033819398353,2392.5296954192886,2388.7592622712687,2368.3455442129334
W55,4951.717009775929,4912.778836721918,4955.976724438868,4939.0297637898875,4851.537201661913,4773.724346739935,4730.99225713246,4677.689362249628,4470.182653467909,4480.252932135767,4591.0365165757785,4677.679744923511,4689.177458892609
W56,3055.745903547666,3104.723970949436,3173.7637529974104,3205.905214630124,3253.186081964565,3308.243385947803,3361.9110969123353,3421.5798036549786,3483.9635227752915,3561.627836083412,3618.1357291186146,3678.3782728893825,3722.0760788807715
W57,2087.08021668069,2045.3860216029177,1969.181725311741,1883.881287113515,1822.2545355125446,1766.1196566137653,1684.4101769346748,1616.337609316352,1560.340470328684,1485.5291580586486,1453.5910303808018,1424.4333038450434,1404.2555925996303
W58,3459.682149770328,3497.441775802721,3530.350763085216,3531.2580357491847,3495.399228768093,3435.3503589027882,3379.981747392717,3415.326111209327,3423.3972831277333,3472.4107636362246,3508.2985771372523,3514.917547627953,3505.0365789049815
W59,2168.2733108756693,1859.8911470536814,1725.0774049980187,1799.5297169834882,1684.856944199606,1738.9719123508817,1161.2162029896742,1451.8225123915622,1414.9440785637562,1386.8246355685128,1425.8531744881896,1492.7757806238417,1414.8853152577685
W6,534.348522173156,568.5426156683503,615.9519977535344,646.8018883423384,720.997967932519,785.7833858947828,836.8886598559453,895.8284937898997,1269.9033262462547,1551.2511638630617,1387.8077770001553,1288.3299711806524,1564.504489100254
W60,9011.83985177775,9002.783979745003,9012.771164969046,9007.667879072456,9010.576045059497,9014.95863891219,9005.54446671592,9005.785376731543,9002.397269901247,8999.693539415563,9001.443060405136,9000.044910465973,8998.996728884806
W61,10200.508943756897,10738.983721784622,10785.454959233657,10425.900954918914,10382.984461495622,10356.41519150029,10474.493812742025,10445.671187012398,10446.721704520236,10448.787336440566,10493.626531216702,10503.447250853049,10469.380168360893
W62,7200.6062732759,7147.257275531782,7140.387557495695,7159.162965959739,7191.597289339945,7241.995010633947,7278.162094414367,7296.839243295828,7304.522787240762,7267.8088583185145,7237.671545741062,7198.011485619692,7227.1615947634755
W63,6004.1027777496065,6012.1919097750515,6017.300020165443,5998.429402155296,5962.699032129707,5965.833059136938,5985.373209141137,5979.918328098356,5942.067660401783,5922.652852266149,5927.662040051113,5937.214579675552,5915.867443214296
W64,13949.881350410376,12651.646855077044,12895.913739212192,13913.03596129629,14202.651570696626,13202.290174976239,13145.475014130801,14031.427850090517,14296.182899683623,13821.874961618192,13009.127148073774,13495.247042952622,14199.43065208866
W65,19447.154731069924,17799.749970404617,18171.72302298547,19309.483860590397,19641.728018425292,18530.715740385043,18339.84971115007,19480.781764344134,19856.533063381874,19326.68395575043,18001.64740876987,18666.122373090824,19733.702976542983
W66,7268.533496916667,7478.951674612392,7497.032824485812,7303.761217831969,7284.204585009786,7473.284593533415,7536.751177833609,7484.495968976455,7305.146841665295,7464.1356890753,7546.61354002649,7549.156469488812,7444.256303031896
W67,13207.723095929528,13205.556017011359,13216.652032375432,13232.171620223882,13225.81645891434,13230.04012764277,13247.539309608055,13252.207073995347,13246.253584765029,13251.553364506392,13269.052546471677,13273.640850569558,13267.76682162865
W68,6937.266420323047,6951.522230654089,6965.778040985129,6980.03385131617,6994.289661647212,7008.545471978252,7022.801282309294,7037.057092640334,7051.312902971376,7065.568713302417,7079.824523633459,7094.080333964499,7108.336144295541
W69,6943.01350832542,6957.419483341425,6971.82545835743,6986.231433373435,7000.637408389438,7015.043383405443,7029.449358421448,7043.855333437453,7058.261308453458,7072.667283469463,7087.073258485468,7101.479233501473,7115.885208517478
W7,2784.7727693897896,3466.8800278741414,3750.110219967035,3043.3069187845244,2884.853421928291,3568.8587589378467,3826.516793092184,3825.573169581826,3785.6561858885625,3741.8597645735454,3693.3103291194398,3592.2734430642276,3622.2585539776696
W70,2601.3404733991156,2619.9064249023186,2611.992583114758,2600.660286586891,2587.6342499537727,2575.2790013987087,2562.7500994318443,2550.221197464979,2537.6922954981146,2525.1633935312493,2512.634491564385,2500.1055895975196,2487.576687630655
W71,1955.019362014696,1942.452681962146,1924.9077319906783,1901.5220014449812,1871.0087267252597,1865.7572396296891,1862.7875948088918,1852.4090631284892,1851.2345218635376,1863.4179947337582,1841.5369778041286,1761.0835232278064,1718.730475849522
W72,1887.0459061905901,1875.9148506350348,1840.982404555483,1823.7958958856218,1812.719680812233,1784.958636550312,1774.8370137653096,1669.1357803635285,1761.9109317058346,1737.1578118107889,1737.414522739376,1759.6550114837694,1768.5317033614758
W73,1863.6444149714043,1865.9871990963597,1856.779230599098,1817.4911468128844,1774.844597784036,1774.8105234481473,1723.7737606774317,1693.860234754497,1711.0401424580077,1663.3829993379795,1634.8526927510536,1639.2679333914325,1634.3384631954807
W74,4127.839429826751,3386.756565132704,3148.9225669329244,3160.779844146933,3310.707902637595,3108.967283053416,3127.9020249175633,3280.1923939098397,3217.0128344624145,3159.592748349238,3163.5334653857576,3230.1442793424135,3169.154895971752
W75,24621.108903808687,24719.842968898512,25037.968306130904,25579.78989067793,25582.099414664677,25528.479350336707,25098.12248571094,24751.050605544482,24749.80111539218,24844.257866185617,24798.15718587547,25023.916440696274,25458.559381047646
W76,470.29749583515786,486.898617397761,496.37820468756536,447.7300333028629,413.5149480150476,411.0009349328052,406.79389441193234,403.25013846726324,393.4230271360061,387.48080261324503,384.9324187973916,374.5248360976834,360.85280435246295
W77,3939.9934426047757,3947.014775520559,3874.8495494572653,3780.9682248957492,3511.910425517277,3434.6815638850912,3314.4219038464344,3382.934281567778,3375.674184551127,3571.704108965435,3766.264002175435,3885.1886687287006,3935.158930471433
W78,3779.143149799488,3794.1122813907423,3674.625536144069,3371.107067449375,3435.9359348691473,3420.8463585523223,3474.8158840419737,3344.684737241948,3595.3012220457676,3634.9635706868585,3748.2514866044085,3809.1720184676533,3827.7480604758084
W79,1441.4909834153605,1420.047617499933,1421.3564176158015,1436.2057109151588,1405.6386629884628,1395.8509936944754,1454.0322425331024,1452.721688154608,1394.0534976871154,1355.4040025302786,1413.1052711250966,1438.8500361595954,1380.1715658626856
W8,3863.2096266448775,4987.644043163256,6164.53722966796,4621.8469009033615,6289.1403178456585,5776.628753329355,6007.170877031336,6630.611449912885,5703.333454924135,6475.390537122521,6102.5971988635,5246.555516080411,4921.183850017342
W80,1582.7310108205181,1641.5599062497208,1752.6185731395433,1884.5032464656776,1978.956348816599,2037.3189350077405,2022.1897295516949,1983.9987564401563,1814.4657131023798,1706.2600716648544,1702.1912816247939,1703.7370849957454,1730.4915763038564
W81,24700.594377870933,24759.68291576012,24532.66743793876,24476.604944602725,24621.302595203026,24776.40565264339,25279.513567655187,24896.59720447834,24664.088277920295,24766.935018930268,24813.02831920446,24738.249824504976,24722.854627062778
W82,4427.7917473168345,4431.800743578022,4434.593119510064,4437.412663414086,4440.4040384178015,4442.861826095727,4445.792975912631,4448.888816638457,4452.175261677813,4455.200638296328,4458.299723731974,4460.9792083837965,4463.962173229385
W83,5976.841515808774,5978.299366834516,5970.098163955665,5956.282406514779,5963.576895177323,6032.009224119317,6060.426684649142,6082.400891806682,6103.829783890313,6093.177286324952,6090.322687957623,6085.118284002335,6091.294625304052
W84,5976.078303457885,5986.355072625475,5999.860601146431,6010.3798127718,6015.439632521309,6022.206630802034,6030.799186643353,6039.271043460479,6047.98625977144,6056.650007488618,6065.313755205796,6073.977502922975,6082.641250640153
W85,17266.03540569724,17275.746972339162,17278.9609980178,17251.34709298854,17263.43646144046,17294.539177453407,17338.220609199674,17383.645060857623,17409.60079914573,17422.199626553993,17428.54070947995,17445.983504718493,17486.261417483158
W86,17315.69297032758,17385.700601481345,17416.181342495805,17472.327158728705,17514.374911070467,17527.085022269515,17522.4264885963,17517.66151154777,17474.000011058157,17432.532795027935,17438.336638604684,17445.64829253512,17424.385799300246
W87,1081.0877844469228,1077.5238323281565,1073.9377970543783,1070.1531705888215,1066.8811391657518,1063.1936974134555,1059.3732349043066,1055.6309589273458,1052.0260931483601,1047.9994901026985,1043.988878811251,1040.1671951936578,1036.6916882969174
W88,11941.676221754566,11989.396069409695,11940.909852366794,11950.092305891623,11944.147063295834,11959.850193072998,12015.971572010578,11994.151588505654,12009.121466014849,11961.939386129665,11971.05002776378,12014.405291034851,12015.372926490014
W89,1265.6128894421463,1254.361950492413,1234.5026229621005,1246.6342891163285,1269.5621975777979,1267.176697384978,1258.151258365,1259.6181167168963,1255.8332672071892,1254.6088586883527,1251.5947421466658,1251.055747834004,1246.3607626395917
W9,8738.716509927484,10168.112189238915,10359.150553738991,10263.25512414551,11156.45517632042,9473.066269961497,10315.352236308554,11489.456518370805,10280.091652953002,11313.277837823445,9293.173097353463,11365.110585865203,10859.183055905805
W90,1846.09978069695,1848.0126514359922,1856.739492238874,1863.8746494848422,1864.324111900108,1864.3908063583106,1870.485318675327,1873.2341274997339,1872.8396169244456,1874.384394952091,1881.567308947551,1882.8479663390708,1878.5408945415309
W91,19465.384892050082,19501.86139691532,19529.882464815928,19484.74420852143,19476.017152668675,19513.0753635314,19501.003758387353,19474.88630590702,19452.717412724825,19508.71104416107,19509.92866800536,19521.433834133524,19504.24832297277
W92,23309.973968329577,23944.601481567497,24063.23512537006,24073.590779367165,24266.585500800073,24540.480838459232,24722.115539108818,24744.07164449982,24842.722569516336,24987.596012282243,25076.591055869627,25029.521658624515,25082.191612637784
W93,1744.962815269014,1735.1988427344083,1727.9868998161237,1741.543131267391,1748.996994132184,1747.181415994277,1733.0509481661338,1742.4428517555662,1752.5864165767132,1752.0084640236669,1735.0675776687435,1744.8973877086557,1755.3786103879468
W94,1763.591486963736,1770.227139379152,1764.2630009966315,1749.1244949665684,1744.8758501682312,1740.8715740023265,1729.6857224475068,1704.3650920450982,1678.5071243899706,1692.0581556688944,1696.402878456732,1702.9918310943135,1731.233974709142
W95,1657.628096213935,1669.5249278393621,1680.9406853526866,1690.9278048551557,1702.1191260755013,1737.3434873608146,1733.132977005672,1744.6615211231644,1753.1896538120768,1763.0635248764063,1782.5402221698278,1803.2698469334757,1805.440720230089
W96,11355.970512781745,11360.984043624778,11310.42170684227,11330.929813047293,11389.146468301378,11415.2455979936,11386.214874101024,11357.72867900238,11402.276469726008,11430.276989253252,11410.157972685989,11395.827737896807,11411.399362736202
W97,481.7807199403194,488.2160649554437,498.21640065444103,507.6084310207689,512.1175177782088,520.7183778868371,526.6034118010075,509.32645132136895,509.9609080476371,518.273504140042,523.2586346855151,510.83950967657665,498.7067580201374
W98,619.4376831562272,638.0015744233588,642.7975354538448,644.4117619408994,642.5633641967861,643.949503001978,651.693699128125,656.4359923112042,655.9447988491097,662.4265914367547,662.2953543112935,656.5774873833657,648.915357413533
W99,15137.488806868934,15157.674433124022,15164.742212082008,15166.2482493856,15169.813892506678,15174.045140509312,15182.330331816349,15189.210259366966,15183.809212125121,15188.7594733903,15190.294047424071,15194.109437091998,15202.671047246258
