1.042605963149455306e+01
5.942658175002912380e+00
3.933196177314573827e+00
4.869995709601885325e-01
2.101607006490501028e+00
2.729798278914048915e+00
1.303401765565791681e+00
4.130975661513225816e+00
1.033802300061934298e+00
9.870984828512312959e+00
4.523882483888907124e+00
4.177128215908181730e+00
2.197075697102057190e-01
4.552115036878229049e+00
4.092342492378778118e+00
4.162983956196158353e+00
5.625528782359815461e-01
3.203679532276007880e+00
1.080293302483770645e+00
3.344575111393394362e+00
2.943523449001862691e+00
1.198124317699193364e+00
2.936616444533682202e+00
2.135214963512393815e+00
2.598238208424585416e+00
3.270663972161290012e+00
3.271417011600246116e-01
3.171865399031278399e-01
3.682906150181511684e+00
2.717202879380285374e+00
1.046806067800820417e+00
2.667099842538380727e+00
2.556016773763060357e+00
6.283840288185243983e-01
7.931452735897270401e+00
4.082406520931473715e+00
1.110369629689556659e+00
8.868034087461207804e+00
1.171684898135942898e+00
1.269919395078175972e+00
2.490783109143153151e+00
6.781917541837244379e+00
3.465476490083307937e+00
6.729675024790480187e-01
1.365517897654342949e+00
6.360441388230673176e+00
1.399061119928141528e+00
3.426638519697897234e+00
2.586391043492137776e+00
1.152525618448160039e+00
2.417574026881129434e+00
2.902490807934455130e+00
2.381596065559390851e+00
1.446350402292564119e-01
2.016090299626660809e-01
3.261243720821645375e+00
5.754383056582803135e+00
2.571899632975960248e+00
3.100299640104204890e+00
2.228909798870405190e+00
1.585098847100524067e+00
3.848236402324006544e+00
4.553568682916486310e+00
5.131524925332651144e+00
2.255451568887646197e+00
6.099357668892142037e+00
1.923695154492402137e+00
6.520636083486548884e+00
2.251499225760613676e+00
2.134256991008126381e+00
8.371686877496903989e+00
3.823291373228930645e+00
2.240393431768927801e+00
2.968507627807339122e-01
1.539766183011782585e+00
1.394552017256352583e+00
4.138109996209041519e+00
3.333117028171573626e+00
4.816480559082240376e+00
5.275241793653099975e+00
1.472913703919519701e+00
3.076600137665557622e+00
1.115013084421367040e+00
1.073932887317346596e+00
2.445824768275421057e+00
2.613754872940623919e+00
8.345518228328359100e-01
4.270389106081954544e+00
7.800074755577620644e-01
9.900470118769352013e+00
1.680968802438502330e+00
3.929394249246770165e+00
6.917347633802526374e+00
3.432741109848629346e+00
4.090231576730291252e+00
3.168928156404492213e+00
2.556319738161022759e+00
1.425177139714875141e+00
1.171006248463293931e+00
2.380822914340659846e+00
5.395645736249915503e-01
4.405928922464045217e-01
2.573265636418891056e+00
1.135982884538408122e+00
1.436291172527251137e+00
2.368546375411242910e-01
1.129351715452846738e+00
3.138988861152706811e+00
6.267933104695312396e-01
4.630425036901698377e+00
2.275529873306009421e+00
6.701007893536579552e+00
7.311289954986534001e-01
5.179066064880564202e-01
5.316429060343350610e-01
9.733880886721694159e-01
3.611248932179554227e+00
6.182430577709029373e-01
6.185497071275342762e+00
1.636135315523013389e+00
1.084164173410207077e+01
1.994854939407511463e+00
1.479299409403123811e+01
6.275693612441607394e-01
5.975785803371184812e+00
4.163297312654447069e+01
2.067745618936476237e+00
1.501396817027121022e+00
1.420662159060808616e+00
5.529252693497567428e+00
4.724608187595978670e+00
4.425771863880599843e-01
9.900539383759006107e-01
5.117383058045277267e-01
4.156354822785273684e-01
8.671508958084371554e-02
1.814148296965113483e+00
2.351657915462024739e+00
4.462993838829562243e+00
2.187338317174578606e+00
8.463607258555329027e-01
1.669612970012365638e+00
1.125806806321804743e+00
1.819500316796832218e+00
8.675158813850126771e-01
5.182200373700734941e-01
1.471685354852890537e+00
4.479291013605552152e+00
2.434220167229418585e+00
2.193513706659580453e+00
5.834376337849945804e-01
3.368403912163486336e+00
1.307773947832803874e+00
2.048342736148167642e+00
6.059048730491467971e+00
1.937201852911657252e+00
1.107283222268357070e+00
3.987228674125437689e+00
1.708214346615947621e+00
8.558079667916173028e-01
1.452083561643673137e+00
6.847522071804196031e+00
1.299310660224947567e+00
2.122503219527058782e+00
4.234312436132550594e+00
2.315327467480287282e+00
1.503608168304081616e+01
2.734196085198906001e+00
1.689849522200314036e+00
1.120318819117261455e+01
3.404412228963146880e+00
4.349268496171738718e+00
3.232797061206872158e+00
4.328989819761916102e+00
7.781056405117826591e-01
1.096158151436916084e+00
6.572762997135446206e+00
1.957560521869647685e+00
1.202495978440814461e+00
3.122093686903661403e-01
1.382226830030176545e+00
1.729155179046647506e+00
4.326108115127662579e+00
9.846255010424048715e-01
2.098213291612300413e+00
2.089577115357812431e+00
3.286262444819026740e+00
7.677371948419542402e-01
1.700939203107689313e+00
7.602496611992999309e-01
1.085809566622505828e+00
1.655291446719048265e+00
2.295092163876294222e+00
8.322113982064667681e+00
5.317954231806370835e+00
3.964093754554057103e+00
1.570514495194899718e+00
1.346362317643376771e+00
9.830477167951249262e-01
9.790284001203086728e-01
4.402323421351145072e+00
1.688124954681184731e+00
1.457798941848406304e+00
7.032702140999819163e-01
4.847514286910050152e-01
1.018008784312475656e+00
1.025995604440550935e+00
3.772737079452343600e+00
3.404919996629911960e+00
2.149444300391657681e+00
1.554695209918423027e+00
1.939602083273623379e+00
2.508030950740680609e+00
3.451366142752632982e+00
4.925786701621850838e+00
7.265898878492506041e-01
2.597872674921116953e+00
8.361637872682288197e-01
9.316184762844647027e-01
6.106647110154751479e-01
1.250288430487254132e+00
1.208882138796708583e+00
3.998270388272857634e+00
8.210521796252503446e-01
8.522472082594136911e-01
1.055758831076348603e+00
1.356253868407852670e+00
5.980826441718563036e-01
7.316413220021369401e-01
1.268896915393771696e+00
8.269413075078858588e-01
5.664481656552168287e-01
9.314809857922132785e-01
1.589897604936552744e+00
2.078512167063867544e+00
2.086984209894641840e+00
9.648406565924785294e-01
1.017461721728458501e+00
9.677219298948245285e-01
7.166501746940066031e-01
6.395769094927011844e-01
1.298139929370032419e+00
4.895288750976288794e-01
5.274056510868653236e-01
1.260313640476184549e+00
1.240188404048768955e+00
1.494594199743977114e+00
1.046978432686357818e+00
8.544181302910441866e-01
2.588084928762318437e+00
2.354490526367328140e+00
1.529316669911553683e+00
1.362923732471155391e+00
1.289064999466953854e+00
1.359176440314053380e+00
8.537696239591354708e-01
1.286334760124205889e+00
1.532011038198166863e+00
1.347464654999837474e+00
1.407503523738965256e+00
1.325068324661790031e+00
1.560007173767399280e+00
1.052942536784504224e+00
1.190107956372475240e+00
2.202800329007576163e+00
1.547535794348663840e+00
1.031996255981972643e+00
1.662048948479177168e+00
9.862864548515720697e-01
8.685021673356972949e-01
1.166293145555444166e+00
9.677814290716284518e-01
7.960540020479872636e-01
1.703748900426841129e+00
9.667782175602830375e-01
6.931917240933630486e-01
1.068056080113829243e+00
1.567829908585027798e+00
1.282037580162274981e+00
1.128952200860531274e+00
1.126531237824226483e+00
3.005756670891402749e+00
1.033241809230769137e+00
1.238483282974411903e+00
6.277911617773724862e-01
9.565233004740791856e-01
1.107883164950730359e+00
8.906949902254072127e-01
1.424771415228629490e+00
1.721424110099138316e+00
3.650420146914919339e+00
1.057561922625166240e+00
3.423694387892910029e+00
8.507752865238994433e-01
3.727047309015800280e+00
1.440055451252874708e+00
2.093783901550206217e+00
1.419208976909056563e+00
3.879575063401199397e+00
4.377585444817656324e+00
3.840078793440663940e+00
4.206430587530800125e+00
2.762789602888004570e+00
3.204651740640956259e+00
5.150126292483517831e-01
2.504049370486470583e+00
1.843237241708445717e+00
1.128971940306987998e+00
7.323483080401577139e-01
8.869850975380718650e-01
3.160647165147651094e+00
1.895291492512120479e+00
2.781554190962886253e+00
3.423631416675531725e+00
1.126964171934334624e+00
8.090530271695032249e-01
6.949502693569552747e+00
2.555323195107869427e+00
2.914832336026931259e+00
4.209141407471175711e+00
1.777628265666326257e+00
1.694711171646060111e+00
3.509123892024658797e+00
1.970192163205918590e+01
1.499252921419298668e+00
1.367898223667923574e+00
6.251338098795348186e-01
1.989062623585589051e+00
4.070771833451435895e-01
1.165115045263645177e+00
1.602034883027589229e+00
1.306514187924449288e+01
3.215872795659535655e+00
1.267595144001595120e+00
4.317293154143941436e+00
3.438389080037670187e+00
3.237395821500328896e+00
1.681014900347262975e+00
1.377308036115743928e+00
2.666282442050652346e+00
3.346631238247116169e+00
2.329115603501637821e+00
1.884255961420911119e+00
3.519986873696375529e+00
2.693815277407202391e+00
3.735516086901563781e+00
3.277443272572281074e+00
1.517796953686552541e+00
1.778829337983705239e+00
1.170748822679028356e+00
1.970321968838092852e+00
1.200365027691774777e+01
6.897987731440877734e-01
4.268887013273668707e+00
1.295505979304232502e+00
1.789693654468369255e+00
4.626042512471993384e-01
5.599551885225415582e-01
6.207462773288972002e+00
