1.399391314983367920e+02 7.922468185424804688e-01
7.576137351989746094e+01 8.309433460235595703e-01
1.667354729175567627e+02 8.202009201049804688e-01
3.755508780479431152e+01 9.691579341888427734e-01
1.635272853374481201e+02 8.435990810394287109e-01
1.760950980186462402e+02 8.303380012512207031e-01
3.841044116020202637e+01 9.740011692047119141e-01
1.572243547439575195e+02 8.382318019866943359e-01
5.511118555068969727e+01 8.303825855255126953e-01
1.774615943431854248e+02 9.544765949249267578e-01
1.683630614280700684e+02 8.338532447814941406e-01
1.675303804874420166e+02 7.997114658355712891e-01
8.037512183189392090e+01 8.856005668640136719e-01
3.671779155731201172e+01 8.388440608978271484e-01
3.856067562103271484e+01 8.320560455322265625e-01
1.656511752605438232e+02 8.001520633697509766e-01
7.780638933181762695e+01 8.138210773468017578e-01
8.033995079994201660e+01 8.083770275115966797e-01
1.629128057956695557e+02 8.108615875244140625e-01
1.893850903511047363e+02 9.903237819671630859e-01
6.465235066413879395e+01 8.056290149688720703e-01
5.364540791511535645e+01 8.362669944763183594e-01
3.259451961517333984e+01 8.728170394897460938e-01
4.204681444168090820e+01 8.040914535522460938e-01
3.238430666923522949e+01 7.997996807098388672e-01
1.702018172740936279e+02 8.402657508850097656e-01
1.844264249801635742e+02 7.881610393524169922e-01
1.782589461803436279e+02 8.942899703979492188e-01
1.653844833374023438e+02 8.290066719055175781e-01
1.752937955856323242e+02 8.064095973968505859e-01
3.850908541679382324e+01 9.313383102416992188e-01
1.888764712810516357e+02 8.973207473754882812e-01
1.972263720035552979e+02 8.500483036041259766e-01
3.716179919242858887e+01 8.633246421813964844e-01
6.387073755264282227e+01 8.300449848175048828e-01
1.544515142440795898e+02 8.280932903289794922e-01
5.509479641914367676e+01 8.964393138885498047e-01
1.629436419010162354e+02 8.088495731353759766e-01
1.694579172134399414e+02 8.950922489166259766e-01
1.678466436862945557e+02 8.001637458801269531e-01
3.646115875244140625e+01 9.028620719909667969e-01
3.858809709548950195e+01 8.116528987884521484e-01
1.286965560913085938e+02 8.710675239562988281e-01
7.814352488517761230e+01 8.344912528991699219e-01
7.738665556907653809e+01 8.310563564300537109e-01
6.400603580474853516e+01 8.080792427062988281e-01
1.207794709205627441e+02 8.457894325256347656e-01
1.245626335144042969e+02 8.096537590026855469e-01
6.351592564582824707e+01 9.141027927398681641e-01
7.694995999336242676e+01 9.327232837677001953e-01
7.882212710380554199e+01 7.988157272338867188e-01
7.914356017112731934e+01 9.218637943267822266e-01
1.235295493602752686e+02 8.250780105590820312e-01
1.299170889854431152e+02 9.080040454864501953e-01
1.223291292190551758e+02 8.793542385101318359e-01
1.199478952884674072e+02 8.284881114959716797e-01
5.980354261398315430e+01 8.011860847473144531e-01
1.260802602767944336e+02 8.161308765411376953e-01
1.248473827838897705e+02 8.322238922119140625e-01
1.323981912136077881e+02 8.107872009277343750e-01
1.285251166820526123e+02 8.269047737121582031e-01
7.720255875587463379e+01 8.219325542449951172e-01
8.756348991394042969e+01 8.260402679443359375e-01
1.113617219924926758e+02 9.154896736145019531e-01
7.642284011840820312e+01 8.665893077850341797e-01
1.183569376468658447e+02 8.620927333831787109e-01
1.220283193588256836e+02 9.082617759704589844e-01
5.987924289703369141e+01 7.978096008300781250e-01
1.243323838710784912e+02 9.032032489776611328e-01
7.826619219779968262e+01 8.212676048278808594e-01
8.309475803375244141e+01 8.955912590026855469e-01
3.950193285942077637e+01 8.212752342224121094e-01
1.279659438133239746e+02 7.949066162109375000e-01
8.004528284072875977e+01 8.350715637207031250e-01
7.789346623420715332e+01 7.938761711120605469e-01
1.132649624347686768e+02 8.088736534118652344e-01
1.170981774330139160e+02 8.785066604614257812e-01
6.551324319839477539e+01 8.478186130523681641e-01
5.242371535301208496e+01 9.231953620910644531e-01
1.193054065704345703e+02 9.252278804779052734e-01
5.487355661392211914e+01 7.982523441314697266e-01
1.754583973884582520e+02 8.635056018829345703e-01
5.184046483039855957e+01 7.944269180297851562e-01
3.695249342918395996e+01 8.022983074188232422e-01
1.138227612972259521e+02 7.984180450439453125e-01
1.320484375953674316e+02 8.163113594055175781e-01
1.222355484962463379e+02 8.098406791687011719e-01
3.859764766693115234e+01 9.126632213592529297e-01
1.296491816043853760e+02 8.080677986145019531e-01
5.719207215309143066e+01 8.408873081207275391e-01
5.597400021553039551e+01 8.202290534973144531e-01
1.261846880912780762e+02 8.337557315826416016e-01
3.628377127647399902e+01 9.164860248565673828e-01
1.213730981349945068e+02 8.113250732421875000e-01
1.187691066265106201e+02 8.770213127136230469e-01
1.155105254650115967e+02 9.720859527587890625e-01
3.625154042243957520e+01 8.876149654388427734e-01
6.819797682762145996e+01 9.336242675781250000e-01
6.423026156425476074e+01 7.964150905609130859e-01
6.392368555068969727e+01 7.994971275329589844e-01
1.586420688629150391e+02 8.044843673706054688e-01
6.628675079345703125e+01 8.500199317932128906e-01
6.867607665061950684e+01 8.426296710968017578e-01
6.833328437805175781e+01 8.000299930572509766e-01
7.133110761642456055e+01 7.982130050659179688e-01
6.767248940467834473e+01 8.159499168395996094e-01
7.147302007675170898e+01 9.046304225921630859e-01
6.629994249343872070e+01 8.329133987426757812e-01
6.370202946662902832e+01 8.224446773529052734e-01
6.289283013343811035e+01 8.696994781494140625e-01
6.875580096244812012e+01 8.991951942443847656e-01
1.154545273780822754e+02 8.528053760528564453e-01
1.451802563667297363e+02 8.035774230957031250e-01
6.880276083946228027e+01 8.086044788360595703e-01
6.442655253410339355e+01 8.010399341583251953e-01
6.871648478507995605e+01 9.140722751617431641e-01
6.566099166870117188e+01 8.302645683288574219e-01
1.098450310230255127e+02 8.750915527343750000e-01
8.164566254615783691e+01 7.981910705566406250e-01
7.527020025253295898e+01 8.020200729370117188e-01
7.948305177688598633e+01 8.276600837707519531e-01
8.071753263473510742e+01 8.244957923889160156e-01
6.594787430763244629e+01 7.909464836120605469e-01
1.300777237415313721e+02 8.963661193847656250e-01
8.201019501686096191e+01 8.131122589111328125e-01
6.980060672760009766e+01 8.631670475006103516e-01
7.665566039085388184e+01 8.017430305480957031e-01
8.430416846275329590e+01 8.509466648101806641e-01
7.418627929687500000e+01 8.348686695098876953e-01
6.923555612564086914e+01 8.935618400573730469e-01
6.942766761779785156e+01 8.123047351837158203e-01
4.764856743812561035e+01 8.060779571533203125e-01
5.069224143028259277e+01 8.257620334625244141e-01
5.483374238014221191e+01 8.836584091186523438e-01
1.465579142570495605e+02 8.339562416076660156e-01
4.507007622718811035e+01 9.082915782928466797e-01
9.078777074813842773e+01 8.139832019805908203e-01
8.883215737342834473e+01 8.195240497589111328e-01
9.741895055770874023e+01 8.278698921203613281e-01
1.942250103950500488e+02 8.190503120422363281e-01
1.308482067584991455e+02 8.876469135284423828e-01
1.250011742115020752e+02 7.893438339233398438e-01
1.410455310344696045e+02 7.998950481414794922e-01
1.267606503963470459e+02 8.263204097747802734e-01
1.330083401203155518e+02 8.000063896179199219e-01
1.468719012737274170e+02 8.155643939971923828e-01
1.266505985260009766e+02 7.949450016021728516e-01
1.187985858917236328e+02 8.745629787445068359e-01
1.220045351982116699e+02 8.284490108489990234e-01
1.188728897571563721e+02 8.036935329437255859e-01
1.436616148948669434e+02 8.254778385162353516e-01
1.338388559818267822e+02 8.055911064147949219e-01
1.344890031814575195e+02 9.078533649444580078e-01
1.317481677532196045e+02 8.106074333190917969e-01
1.174847958087921143e+02 7.846882343292236328e-01
1.178074464797973633e+02 8.206007480621337891e-01
1.318487741947174072e+02 9.313831329345703125e-01
1.180464372634887695e+02 8.389933109283447266e-01
1.275818145275115967e+02 9.314370155334472656e-01
1.397326877117156982e+02 8.028578758239746094e-01
1.245332119464874268e+02 8.323132991790771484e-01
1.215957171916961670e+02 8.005092144012451172e-01
1.386711099147796631e+02 7.927031517028808594e-01
1.203122522830963135e+02 9.097123146057128906e-01
1.216025218963623047e+02 8.199982643127441406e-01
1.748240818977355957e+02 8.372559547424316406e-01
1.504890820980072021e+02 9.242041110992431641e-01
1.278537917137145996e+02 8.785254955291748047e-01
1.806444802284240723e+02 9.027044773101806641e-01
1.380817887783050537e+02 7.973508834838867188e-01
1.592433905601501465e+02 9.097673892974853516e-01
1.426713845729827881e+02 8.254499435424804688e-01
1.046029956340789795e+02 9.044084548950195312e-01
5.748809909820556641e+01 8.179693222045898438e-01
6.168934988975524902e+01 8.242166042327880859e-01
5.655452394485473633e+01 8.768310546875000000e-01
5.821140289306640625e+01 8.097033500671386719e-01
6.065801548957824707e+01 9.043753147125244141e-01
1.343065085411071777e+02 9.300179481506347656e-01
6.805122780799865723e+01 8.438231945037841797e-01
6.462740731239318848e+01 8.274807929992675781e-01
5.384999513626098633e+01 8.283951282501220703e-01
3.124115681648254395e+01 8.972377777099609375e-01
3.220906686782836914e+01 8.531708717346191406e-01
3.822725224494934082e+01 8.755927085876464844e-01
3.900520420074462891e+01 9.089627265930175781e-01
3.367052483558654785e+01 9.037780761718750000e-01
3.678815674781799316e+01 8.070280551910400391e-01
3.670359492301940918e+01 8.057141304016113281e-01
1.357287020683288574e+02 9.050326347351074219e-01
7.596822381019592285e+01 8.076779842376708984e-01
7.729734444618225098e+01 8.471016883850097656e-01
3.691838097572326660e+01 8.891944885253906250e-01
1.009885225296020508e+02 9.478676319122314453e-01
3.743998241424560547e+01 8.261229991912841797e-01
8.046622538566589355e+01 8.758437633514404297e-01
3.779094576835632324e+01 8.391067981719970703e-01
1.175957212448120117e+02 9.026548862457275391e-01
3.742372274398803711e+01 8.328905105590820312e-01
8.747738313674926758e+01 8.187737464904785156e-01
1.532418150901794434e+02 9.081094264984130859e-01
1.219908139705657959e+02 8.981950283050537109e-01
7.055918502807617188e+01 9.682340621948242188e-01
6.357164072990417480e+01 8.753581047058105469e-01
6.270023012161254883e+01 8.075175285339355469e-01
7.351120233535766602e+01 9.199392795562744141e-01
7.305560207366943359e+01 8.038055896759033203e-01
7.472918057441711426e+01 8.240954875946044922e-01
7.432894086837768555e+01 8.025467395782470703e-01
7.171058940887451172e+01 8.220508098602294922e-01
8.684394407272338867e+01 9.081599712371826172e-01
1.326023983955383301e+02 8.321659564971923828e-01
9.082701539993286133e+01 8.244764804840087891e-01
1.042801198959350586e+02 8.806061744689941406e-01
1.044125306606292725e+02 9.032106399536132812e-01
1.269973249435424805e+02 8.400764465332031250e-01
1.028404536247253418e+02 8.900876045227050781e-01
2.254326987266540527e+01 9.301705360412597656e-01
2.208252239227294922e+01 7.865042686462402344e-01
2.367863225936889648e+01 8.976612091064453125e-01
2.209738421440124512e+01 7.915885448455810547e-01
2.233645081520080566e+01 8.948702812194824219e-01
1.617194225788116455e+02 7.915310859680175781e-01
1.434636878967285156e+02 8.198578357696533203e-01
2.194042372703552246e+01 8.194549083709716797e-01
2.403206372261047363e+01 9.714679718017578125e-01
2.243958044052124023e+01 8.982448577880859375e-01
2.259516906738281250e+01 8.019473552703857422e-01
2.359569978713989258e+01 8.992047309875488281e-01
2.221445465087890625e+01 7.981367111206054688e-01
2.264625763893127441e+01 9.141187667846679688e-01
2.373027110099792480e+01 8.955631256103515625e-01
2.483290028572082520e+01 9.642255306243896484e-01
2.234244036674499512e+01 8.199241161346435547e-01
1.333205699920654297e+02 8.137679100036621094e-01
2.194530391693115234e+01 7.913997173309326172e-01
2.204891133308410645e+01 7.895166873931884766e-01
2.219459104537963867e+01 8.150515556335449219e-01
2.279997062683105469e+01 9.192936420440673828e-01
2.292825436592102051e+01 8.181638717651367188e-01
2.214542770385742188e+01 8.013677597045898438e-01
2.237171673774719238e+01 8.514578342437744141e-01
2.230440711975097656e+01 8.569114208221435547e-01
2.440996956825256348e+01 9.658849239349365234e-01
2.197247815132141113e+01 7.953519821166992188e-01
1.231667528152465820e+02 7.995214462280273438e-01
2.207132005691528320e+01 7.980701923370361328e-01
2.346422696113586426e+01 9.345200061798095703e-01
2.215820121765136719e+01 7.919294834136962891e-01
2.242170858383178711e+01 8.050706386566162109e-01
2.314579391479492188e+01 9.105088710784912109e-01
2.356907415390014648e+01 8.952410221099853516e-01
2.381787562370300293e+01 9.022359848022460938e-01
2.491342401504516602e+01 9.695177078247070312e-01
2.296471881866455078e+01 8.821220397949218750e-01
2.215913367271423340e+01 9.028203487396240234e-01
1.266776061058044434e+02 8.199813365936279297e-01
2.380375814437866211e+01 9.221043586730957031e-01
2.252960824966430664e+01 8.937768936157226562e-01
2.248733043670654297e+01 8.860077857971191406e-01
2.214003038406372070e+01 8.176791667938232422e-01
2.228447723388671875e+01 8.109900951385498047e-01
2.245723128318786621e+01 7.962963581085205078e-01
2.315255188941955566e+01 9.138391017913818359e-01
2.332990717887878418e+01 8.913259506225585938e-01
2.202310347557067871e+01 9.003093242645263672e-01
2.436576962471008301e+01 9.552042484283447266e-01
1.354407379627227783e+02 8.265473842620849609e-01
2.233425951004028320e+01 8.361387252807617188e-01
2.338449645042419434e+01 9.004232883453369141e-01
2.231101679801940918e+01 8.429870605468750000e-01
2.378404331207275391e+01 9.334869384765625000e-01
2.332130694389343262e+01 8.272135257720947266e-01
2.387501454353332520e+01 9.123778343200683594e-01
2.252551698684692383e+01 8.014585971832275391e-01
2.236027646064758301e+01 8.151192665100097656e-01
2.485934400558471680e+01 9.680399894714355469e-01
2.385430288314819336e+01 9.091501235961914062e-01
1.533991694450378418e+02 9.319734573364257812e-01
2.236046290397644043e+01 9.158663749694824219e-01
2.208904004096984863e+01 8.521957397460937500e-01
2.364664030075073242e+01 8.415389060974121094e-01
2.212701392173767090e+01 8.098714351654052734e-01
2.367197132110595703e+01 9.123940467834472656e-01
2.385699200630187988e+01 9.095575809478759766e-01
2.217515754699707031e+01 7.981626987457275391e-01
2.354366111755371094e+01 8.412973880767822266e-01
2.226633453369140625e+01 8.055422306060791016e-01
2.321986889839172363e+01 9.311184883117675781e-01
8.130345106124877930e+01 8.397526741027832031e-01
4.468659329414367676e+01 9.449217319488525391e-01
4.716685676574707031e+01 8.689098358154296875e-01
1.070897307395935059e+02 8.065378665924072266e-01
2.147599470615386963e+02 4.623425006866455078e-01
1.162812232971191406e+02 8.315331935882568359e-01
7.316916179656982422e+01 8.996024131774902344e-01
7.522586393356323242e+01 9.204018115997314453e-01
7.447166323661804199e+01 8.925428390502929688e-01
1.117501358985900879e+02 7.975583076477050781e-01
9.906518077850341797e+01 8.164837360382080078e-01
7.603246665000915527e+01 8.032937049865722656e-01
9.900428509712219238e+01 8.304028511047363281e-01
1.033968272209167480e+02 9.142408370971679688e-01
7.413849830627441406e+01 8.248031139373779297e-01
1.550519592761993408e+02 8.307340145111083984e-01
7.660507369041442871e+01 8.093972206115722656e-01
7.773272395133972168e+01 8.516385555267333984e-01
8.328316354751586914e+01 8.235208988189697266e-01
1.005094008445739746e+02 8.322572708129882812e-01
6.580975413322448730e+01 8.675212860107421875e-01
1.228810596466064453e+02 8.378953933715820312e-01
7.847042727470397949e+01 8.299520015716552734e-01
3.549821186065673828e+01 8.046677112579345703e-01
5.412938046455383301e+01 8.126356601715087891e-01
3.827552533149719238e+01 8.997094631195068359e-01
1.472047932147979736e+02 8.099894523620605469e-01
1.588692073822021484e+02 4.887647628784179688e-01
1.289750165939331055e+02 6.444735527038574219e-01
1.532019071578979492e+02 5.028045177459716797e-01
1.576306161880493164e+02 4.701366424560546875e-01
1.620683336257934570e+02 4.325602054595947266e-01
1.599052498340606689e+02 4.396338462829589844e-01
1.432283179759979248e+02 5.058352947235107422e-01
9.550850987434387207e+01 7.815835475921630859e-01
5.179201984405517578e+01 9.097111225128173828e-01
4.278022241592407227e+01 8.260385990142822266e-01
1.407191007137298584e+02 4.865632057189941406e-01
4.267526245117187500e+01 9.125502109527587891e-01
4.376250290870666504e+01 9.293701648712158203e-01
4.417816209793090820e+01 8.425488471984863281e-01
4.410496783256530762e+01 8.190217018127441406e-01
5.709959864616394043e+01 8.380792140960693359e-01
6.371107459068298340e+01 8.676621913909912109e-01
2.869232439994812012e+01 7.950625419616699219e-01
6.655393314361572266e+01 8.541038036346435547e-01
6.346432948112487793e+01 8.151986598968505859e-01
5.859271597862243652e+01 8.203217983245849609e-01
1.244716992378234863e+02 4.578642845153808594e-01
5.756705355644226074e+01 8.112778663635253906e-01
5.992789673805236816e+01 8.256514072418212891e-01
8.523350381851196289e+01 5.669090747833251953e-01
4.202169108390808105e+01 8.158471584320068359e-01
4.276733827590942383e+01 8.599874973297119141e-01
5.321463179588317871e+01 6.275758743286132812e-01
5.303178310394287109e+01 8.309829235076904297e-01
3.810582304000854492e+01 8.120551109313964844e-01
1.208294808864593506e+02 4.212903976440429688e-01
6.978780698776245117e+01 5.490424633026123047e-01
1.059250466823577881e+02 4.303581714630126953e-01
7.375922322273254395e+01 6.074209213256835938e-01
1.313761031627655029e+02 4.077272415161132812e-01
1.261717047691345215e+02 4.129059314727783203e-01
4.715630650520324707e+01 5.204424858093261719e-01
2.952950072288513184e+01 7.896730899810791016e-01
2.948234510421752930e+01 5.242338180541992188e-01
1.144338757991790771e+02 4.161353111267089844e-01
1.265075626373291016e+02 4.042732715606689453e-01
1.164502279758453369e+02 4.080862998962402344e-01
1.133014352321624756e+02 3.919007778167724609e-01
