7.609125733375549316e+01 2.982132196426391602e+00
8.058895325660705566e+01 3.212297439575195312e+00
8.414464378356933594e+01 3.273478269577026367e+00
8.016399908065795898e+01 3.005675077438354492e+00
8.246126270294189453e+01 3.407208919525146484e+00
8.226684832572937012e+01 3.394576787948608398e+00
8.142765808105468750e+01 3.308720350265502930e+00
8.249696207046508789e+01 3.381403684616088867e+00
8.329008936882019043e+01 3.334993839263916016e+00
8.167438650131225586e+01 3.319348573684692383e+00
8.274065661430358887e+01 3.348635196685791016e+00
8.002724599838256836e+01 3.391855716705322266e+00
8.055252909660339355e+01 3.047022581100463867e+00
7.733479404449462891e+01 2.987883329391479492e+00
8.102903866767883301e+01 3.295770168304443359e+00
8.109163689613342285e+01 3.339619636535644531e+00
8.066503190994262695e+01 3.187450408935546875e+00
7.939568543434143066e+01 3.385852098464965820e+00
8.128914237022399902e+01 3.238175153732299805e+00
7.874101376533508301e+01 3.259252548217773438e+00
8.343996334075927734e+01 3.277716398239135742e+00
8.305790090560913086e+01 3.008941411972045898e+00
8.752166414260864258e+01 3.345515251159667969e+00
8.186806511878967285e+01 3.050991773605346680e+00
7.714356446266174316e+01 2.994129180908203125e+00
7.692571520805358887e+01 3.070894956588745117e+00
8.343740510940551758e+01 3.292398214340209961e+00
8.288777899742126465e+01 3.367832660675048828e+00
8.422632575035095215e+01 3.384383201599121094e+00
8.634900140762329102e+01 3.611181259155273438e+00
7.912328433990478516e+01 3.145095109939575195e+00
8.426835560798645020e+01 3.312653779983520508e+00
7.865029740333557129e+01 3.223162651062011719e+00
8.033414864540100098e+01 3.092216730117797852e+00
7.971690368652343750e+01 3.344816207885742188e+00
9.122525858879089355e+01 3.331461429595947266e+00
8.867660617828369141e+01 3.336894273757934570e+00
8.686295628547668457e+01 3.263793468475341797e+00
8.388729095458984375e+01 3.017017364501953125e+00
8.516962361335754395e+01 3.196776628494262695e+00
8.758983373641967773e+01 3.356415271759033203e+00
8.280029845237731934e+01 2.962598562240600586e+00
8.281633543968200684e+01 2.988218307495117188e+00
8.044290804862976074e+01 2.958084344863891602e+00
8.089186143875122070e+01 2.985928297042846680e+00
7.537013101577758789e+01 3.288852453231811523e+00
8.322326302528381348e+01 3.061008930206298828e+00
8.438813948631286621e+01 3.237117290496826172e+00
8.309483623504638672e+01 3.097277641296386719e+00
8.117806673049926758e+01 2.973569154739379883e+00
8.089441967010498047e+01 3.088001728057861328e+00
8.376865386962890625e+01 3.357536792755126953e+00
8.508242034912109375e+01 3.299887180328369141e+00
8.458729386329650879e+01 3.271296262741088867e+00
8.062590980529785156e+01 3.346809148788452148e+00
8.245354175567626953e+01 3.218288660049438477e+00
7.806788873672485352e+01 3.233644247055053711e+00
8.318544888496398926e+01 3.297554016113281250e+00
8.539342236518859863e+01 3.371479034423828125e+00
8.315610575675964355e+01 2.972661018371582031e+00
8.555193471908569336e+01 3.212857007980346680e+00
8.411061048507690430e+01 3.466738700866699219e+00
8.561679029464721680e+01 3.571151018142700195e+00
8.578053307533264160e+01 3.356534242630004883e+00
8.321269583702087402e+01 3.128705263137817383e+00
8.278657460212707520e+01 3.309310913085937500e+00
8.255851101875305176e+01 3.085362195968627930e+00
7.990202999114990234e+01 3.074512243270874023e+00
8.325891757011413574e+01 2.949997663497924805e+00
8.142405128479003906e+01 3.298332452774047852e+00
7.992101192474365234e+01 3.149059057235717773e+00
8.216446304321289062e+01 3.067274808883666992e+00
8.009941077232360840e+01 2.996309757232666016e+00
8.075798869132995605e+01 2.948491096496582031e+00
8.051997280120849609e+01 3.028749704360961914e+00
8.156174969673156738e+01 3.065895795822143555e+00
8.282868885993957520e+01 3.418110370635986328e+00
8.035584807395935059e+01 3.024372816085815430e+00
8.005476880073547363e+01 3.061886548995971680e+00
9.739261841773986816e+01 3.210577964782714844e+00
9.100642728805541992e+01 3.190100669860839844e+00
9.590922474861145020e+01 3.251289844512939453e+00
9.576533865928649902e+01 3.126013517379760742e+00
9.731210470199584961e+01 3.388693094253540039e+00
9.725015377998352051e+01 3.270128011703491211e+00
9.523140144348144531e+01 2.966111421585083008e+00
9.772423458099365234e+01 3.347550630569458008e+00
9.561313152313232422e+01 3.326197385787963867e+00
9.651834058761596680e+01 3.376439094543457031e+00
8.007646703720092773e+01 3.540003538131713867e+00
9.711361527442932129e+01 3.295143365859985352e+00
9.716206264495849609e+01 3.276966333389282227e+00
9.237194776535034180e+01 3.262495517730712891e+00
9.550363397598266602e+01 3.243608713150024414e+00
9.989943242073059082e+01 3.563095092773437500e+00
9.272711372375488281e+01 3.416725873947143555e+00
9.701964902877807617e+01 3.097675323486328125e+00
9.752797842025756836e+01 3.142440795898437500e+00
9.653579854965209961e+01 3.314779281616210938e+00
9.725818490982055664e+01 3.332137584686279297e+00
7.592206239700317383e+01 3.069283485412597656e+00
9.597973895072937012e+01 3.133198499679565430e+00
9.484569311141967773e+01 3.211527585983276367e+00
9.731590414047241211e+01 3.175540447235107422e+00
9.563532710075378418e+01 2.969727993011474609e+00
9.650669598579406738e+01 2.984376430511474609e+00
9.671701931953430176e+01 3.058206319808959961e+00
9.747311377525329590e+01 3.103347539901733398e+00
9.712183403968811035e+01 3.068224191665649414e+00
9.605972290039062500e+01 3.201187849044799805e+00
9.685632681846618652e+01 3.064304828643798828e+00
8.239568209648132324e+01 3.310477733612060547e+00
7.713682770729064941e+01 3.061575412750244141e+00
9.614090752601623535e+01 3.188225030899047852e+00
8.906595492362976074e+01 3.284513235092163086e+00
9.939386463165283203e+01 3.450677394866943359e+00
9.661322140693664551e+01 3.096776485443115234e+00
9.719822478294372559e+01 3.146625041961669922e+00
9.571032905578613281e+01 3.306718826293945312e+00
9.771721720695495605e+01 3.349788665771484375e+00
9.641227030754089355e+01 3.236750602722167969e+00
9.563618373870849609e+01 3.270726919174194336e+00
9.408959937095642090e+01 3.308327674865722656e+00
7.756184864044189453e+01 3.005787134170532227e+00
9.613804459571838379e+01 3.424861192703247070e+00
9.661760473251342773e+01 3.205385208129882812e+00
9.710822749137878418e+01 3.207017660140991211e+00
9.243628096580505371e+01 3.040136337280273438e+00
9.595043396949768066e+01 3.289887428283691406e+00
9.872855591773986816e+01 3.360663414001464844e+00
9.528046369552612305e+01 3.053488016128540039e+00
9.831769871711730957e+01 3.367286920547485352e+00
9.576820230484008789e+01 3.181382417678833008e+00
9.545296907424926758e+01 3.271573781967163086e+00
7.701109576225280762e+01 3.048586130142211914e+00
9.439716839790344238e+01 3.353850603103637695e+00
9.655974578857421875e+01 3.175279617309570312e+00
9.888534712791442871e+01 2.975376605987548828e+00
9.504549741744995117e+01 2.987587928771972656e+00
9.202662181854248047e+01 3.188357114791870117e+00
9.571968436241149902e+01 3.001780986785888672e+00
9.166831398010253906e+01 3.404909372329711914e+00
9.723867416381835938e+01 3.278623580932617188e+00
9.141636610031127930e+01 3.289999723434448242e+00
9.552870917320251465e+01 3.050529003143310547e+00
7.731805276870727539e+01 3.007584810256958008e+00
9.463848328590393066e+01 3.322651863098144531e+00
9.666607546806335449e+01 3.191172838211059570e+00
9.531617164611816406e+01 3.126233100891113281e+00
9.185333490371704102e+01 3.037675857543945312e+00
9.344217514991760254e+01 2.984084844589233398e+00
9.713331842422485352e+01 3.125734806060791016e+00
9.565653586387634277e+01 3.235582351684570312e+00
9.670100164413452148e+01 3.225054979324340820e+00
9.814968705177307129e+01 3.528047084808349609e+00
9.717240738868713379e+01 3.407258272171020508e+00
7.837025690078735352e+01 3.368548870086669922e+00
9.823576641082763672e+01 3.239481925964355469e+00
9.688853287696838379e+01 3.159710884094238281e+00
9.530911016464233398e+01 3.070338726043701172e+00
9.390398597717285156e+01 3.100728273391723633e+00
9.420191717147827148e+01 3.065734624862670898e+00
9.729511928558349609e+01 3.125848770141601562e+00
9.192104125022888184e+01 2.978462457656860352e+00
9.869149470329284668e+01 3.362402200698852539e+00
9.584662938117980957e+01 3.327671766281127930e+00
9.504762387275695801e+01 3.397480249404907227e+00
7.569254231452941895e+01 3.065467834472656250e+00
9.503415632247924805e+01 3.355298280715942383e+00
9.518182182312011719e+01 3.378753662109375000e+00
9.471855592727661133e+01 3.144835233688354492e+00
9.602902770042419434e+01 3.393690347671508789e+00
9.516483187675476074e+01 2.951650381088256836e+00
9.523294711112976074e+01 3.383987426757812500e+00
9.734187769889831543e+01 3.430172920227050781e+00
9.543376588821411133e+01 2.963254928588867188e+00
9.525364065170288086e+01 3.108978509902954102e+00
9.812737846374511719e+01 3.450159788131713867e+00
7.775766110420227051e+01 2.993285894393920898e+00
9.552482080459594727e+01 3.292539119720458984e+00
9.170264577865600586e+01 3.342030525207519531e+00
9.644738936424255371e+01 3.019840478897094727e+00
9.452863073348999023e+01 3.204822778701782227e+00
9.213259959220886230e+01 3.325084924697875977e+00
9.459987020492553711e+01 3.181034564971923828e+00
9.853382158279418945e+01 3.374022960662841797e+00
9.677286911010742188e+01 3.165392160415649414e+00
9.501252198219299316e+01 3.353106260299682617e+00
9.432431840896606445e+01 3.484444856643676758e+00
7.578837203979492188e+01 3.342341184616088867e+00
9.606780385971069336e+01 3.036493778228759766e+00
9.433206939697265625e+01 3.281766653060913086e+00
9.599124693870544434e+01 3.376557350158691406e+00
9.631798195838928223e+01 3.349210262298583984e+00
9.672395801544189453e+01 3.097834825515747070e+00
9.649629187583923340e+01 3.032324552536010742e+00
9.787114453315734863e+01 3.405688762664794922e+00
9.567016720771789551e+01 2.980785131454467773e+00
9.479303550720214844e+01 3.181055307388305664e+00
9.431876087188720703e+01 3.328136920928955078e+00
7.616826534271240234e+01 3.029640913009643555e+00
9.568463373184204102e+01 3.062653541564941406e+00
9.758666872978210449e+01 3.079737424850463867e+00
9.931242322921752930e+01 3.606109857559204102e+00
9.707785129547119141e+01 3.267298460006713867e+00
9.278254604339599609e+01 2.987753152847290039e+00
9.091035294532775879e+01 3.008531332015991211e+00
9.519805669784545898e+01 3.225619077682495117e+00
9.282968902587890625e+01 3.003979682922363281e+00
9.536905837059020996e+01 3.210578203201293945e+00
9.572679400444030762e+01 3.423313617706298828e+00
7.743415641784667969e+01 3.224406957626342773e+00
9.573568367958068848e+01 3.185631513595581055e+00
9.575321173667907715e+01 3.048526048660278320e+00
9.485159301757812500e+01 3.314548254013061523e+00
9.228841710090637207e+01 3.263938426971435547e+00
9.544018793106079102e+01 3.105168819427490234e+00
9.466560673713684082e+01 3.461827993392944336e+00
9.459579420089721680e+01 3.359450340270996094e+00
9.262092447280883789e+01 3.310609102249145508e+00
9.761649155616760254e+01 3.442212820053100586e+00
9.571525907516479492e+01 3.366128206253051758e+00
8.004040122032165527e+01 3.104660987854003906e+00
7.762086606025695801e+01 3.368083953857421875e+00
9.617334222793579102e+01 3.394248723983764648e+00
8.995305299758911133e+01 3.178429365158081055e+00
9.667778325080871582e+01 3.392977476119995117e+00
9.723452901840209961e+01 3.303308725357055664e+00
9.658255839347839355e+01 3.039447784423828125e+00
9.672436404228210449e+01 3.042064666748046875e+00
9.460157108306884766e+01 2.963606834411621094e+00
9.575246024131774902e+01 3.363416433334350586e+00
9.479134297370910645e+01 3.361181259155273438e+00
9.426990461349487305e+01 2.992777347564697266e+00
7.807857537269592285e+01 3.075410127639770508e+00
9.523754572868347168e+01 3.005572319030761719e+00
9.141389465332031250e+01 3.138519287109375000e+00
9.526567935943603516e+01 3.118469238281250000e+00
9.507878041267395020e+01 3.075044393539428711e+00
9.679591941833496094e+01 3.323172330856323242e+00
9.519700264930725098e+01 3.185381412506103516e+00
9.882286310195922852e+01 3.348275899887084961e+00
9.139318871498107910e+01 3.361193895339965820e+00
9.562148475646972656e+01 3.239339590072631836e+00
9.624326753616333008e+01 3.316141128540039062e+00
7.845363950729370117e+01 3.165426015853881836e+00
9.412823295593261719e+01 3.344398975372314453e+00
9.540090346336364746e+01 3.078372955322265625e+00
9.524843382835388184e+01 3.252749443054199219e+00
9.552873706817626953e+01 3.325565814971923828e+00
9.558154916763305664e+01 3.020153045654296875e+00
9.628762435913085938e+01 3.421372175216674805e+00
9.649837970733642578e+01 3.292924165725708008e+00
9.619344592094421387e+01 3.308565616607666016e+00
9.477150154113769531e+01 3.090342044830322266e+00
1.080731770992279053e+02 3.424094438552856445e+00
7.939385604858398438e+01 3.258289575576782227e+00
1.056188089847564697e+02 3.280567407608032227e+00
9.845254802703857422e+01 3.030245065689086914e+00
1.014818983078002930e+02 3.096782922744750977e+00
1.006615030765533447e+02 3.133014202117919922e+00
1.008898689746856689e+02 2.983855009078979492e+00
9.956562757492065430e+01 3.036278009414672852e+00
1.016484165191650391e+02 3.030454397201538086e+00
1.072406249046325684e+02 3.333578109741210938e+00
1.033275096416473389e+02 3.117095232009887695e+00
1.036048026084899902e+02 3.045956611633300781e+00
7.941334533691406250e+01 3.000892162322998047e+00
1.036853704452514648e+02 3.220613718032836914e+00
9.890902638435363770e+01 2.981237173080444336e+00
1.042106504440307617e+02 3.081257820129394531e+00
1.017571103572845459e+02 3.407903432846069336e+00
9.700269961357116699e+01 3.029138565063476562e+00
9.883385157585144043e+01 2.965405225753784180e+00
9.923640346527099609e+01 3.398122310638427734e+00
1.055964667797088623e+02 3.352359294891357422e+00
9.973167324066162109e+01 3.279833316802978516e+00
9.875353813171386719e+01 3.112766265869140625e+00
7.949611401557922363e+01 3.330322027206420898e+00
1.024299230575561523e+02 3.353633403778076172e+00
1.056462941169738770e+02 3.051933765411376953e+00
9.787396550178527832e+01 3.422487258911132812e+00
9.479473638534545898e+01 3.504526138305664062e+00
9.892320418357849121e+01 3.200926065444946289e+00
1.008859434127807617e+02 3.322100877761840820e+00
1.005552215576171875e+02 3.211869478225708008e+00
1.069589202404022217e+02 3.234525680541992188e+00
1.041358301639556885e+02 3.505971431732177734e+00
1.030377907752990723e+02 3.237663507461547852e+00
7.547530198097229004e+01 3.269409418106079102e+00
1.014644684791564941e+02 3.211834430694580078e+00
1.066097135543823242e+02 3.398061990737915039e+00
1.006618034839630127e+02 3.111045360565185547e+00
1.034267432689666748e+02 3.305440425872802734e+00
1.036987342834472656e+02 3.025851726531982422e+00
1.026061298847198486e+02 3.183279275894165039e+00
1.035172648429870605e+02 3.246445894241333008e+00
9.965094351768493652e+01 3.068390607833862305e+00
1.038096368312835693e+02 3.001577615737915039e+00
9.900375628471374512e+01 3.061067819595336914e+00
7.657265233993530273e+01 2.978540420532226562e+00
1.029061496257781982e+02 3.284422397613525391e+00
1.037475767135620117e+02 3.113211393356323242e+00
1.055442142486572266e+02 3.350719451904296875e+00
9.950990390777587891e+01 3.043586492538452148e+00
9.661718344688415527e+01 3.060720920562744141e+00
1.049156436920166016e+02 3.162273168563842773e+00
1.031678388118743896e+02 3.086047172546386719e+00
1.059427762031555176e+02 3.189617633819580078e+00
1.013593490123748779e+02 3.234995841979980469e+00
1.092770831584930420e+02 3.059502840042114258e+00
7.987277150154113770e+01 2.966899156570434570e+00
1.035344133377075195e+02 3.199080467224121094e+00
9.753969359397888184e+01 3.185498714447021484e+00
1.067066495418548584e+02 3.379234790802001953e+00
1.015582334995269775e+02 3.273113489151000977e+00
1.007549188137054443e+02 3.168371200561523438e+00
9.997195410728454590e+01 3.093072175979614258e+00
1.019628245830535889e+02 3.156505346298217773e+00
1.045469882488250732e+02 3.395174264907836914e+00
1.033145501613616943e+02 3.100348472595214844e+00
1.033738713264465332e+02 3.372599601745605469e+00
7.631560850143432617e+01 3.331729650497436523e+00
1.090956599712371826e+02 3.035283088684082031e+00
1.082234818935394287e+02 3.345934629440307617e+00
1.068029990196228027e+02 2.972285509109497070e+00
1.047503879070281982e+02 3.312315225601196289e+00
1.073493974208831787e+02 3.211295127868652344e+00
1.112254371643066406e+02 3.528361797332763672e+00
9.869845962524414062e+01 3.365038394927978516e+00
1.007468047142028809e+02 2.960037231445312500e+00
1.025770447254180908e+02 3.025069475173950195e+00
1.072882609367370605e+02 3.255879402160644531e+00
7.638325095176696777e+01 3.281532526016235352e+00
7.866712450981140137e+01 3.287751674652099609e+00
1.055812106132507324e+02 3.044522285461425781e+00
9.985544180870056152e+01 2.956836700439453125e+00
1.012095956802368164e+02 3.285569190979003906e+00
1.030729699134826660e+02 3.000366926193237305e+00
1.010271928310394287e+02 3.082460165023803711e+00
9.992096281051635742e+01 3.111124277114868164e+00
1.027045266628265381e+02 3.254063844680786133e+00
9.628493642807006836e+01 3.269279003143310547e+00
9.902902865409851074e+01 3.413220882415771484e+00
9.704979324340820312e+01 3.228417396545410156e+00
7.568293404579162598e+01 3.221258401870727539e+00
1.032581465244293213e+02 3.339975118637084961e+00
1.035390081405639648e+02 3.339111566543579102e+00
1.073636233806610107e+02 3.325673341751098633e+00
1.011747624874114990e+02 3.247827768325805664e+00
1.061848196983337402e+02 3.101662397384643555e+00
8.160407781600952148e+01 3.541112422943115234e+00
7.847127509117126465e+01 3.377406835556030273e+00
7.679721713066101074e+01 3.334807634353637695e+00
7.806272673606872559e+01 3.314192056655883789e+00
8.015370750427246094e+01 3.367958784103393555e+00
7.573731660842895508e+01 3.248036861419677734e+00
7.636308407783508301e+01 3.146601438522338867e+00
8.093277430534362793e+01 3.396478891372680664e+00
7.989604091644287109e+01 3.359062433242797852e+00
7.655979824066162109e+01 3.264618873596191406e+00
7.607977890968322754e+01 3.049091100692749023e+00
7.847195172309875488e+01 3.337911605834960938e+00
8.014558506011962891e+01 3.011823892593383789e+00
7.445032882690429688e+01 3.283772468566894531e+00
7.999101638793945312e+01 3.018938064575195312e+00
7.778833937644958496e+01 3.286985635757446289e+00
7.761322307586669922e+01 3.265593051910400391e+00
8.121424865722656250e+01 3.123130559921264648e+00
8.263114595413208008e+01 3.459384918212890625e+00
7.899353647232055664e+01 3.217087745666503906e+00
8.304044127464294434e+01 3.241492033004760742e+00
7.977674174308776855e+01 3.191351413726806641e+00
7.946158885955810547e+01 3.338134288787841797e+00
8.060961532592773438e+01 3.192476511001586914e+00
8.048262238502502441e+01 3.233639001846313477e+00
7.996542835235595703e+01 3.223541736602783203e+00
7.728294777870178223e+01 3.148643016815185547e+00
7.933275413513183594e+01 3.340565919876098633e+00
7.881407713890075684e+01 3.299782752990722656e+00
8.338102746009826660e+01 3.107551097869873047e+00
8.234765458106994629e+01 3.550045013427734375e+00
7.554372215270996094e+01 3.310925245285034180e+00
8.156980419158935547e+01 3.276454448699951172e+00
8.112344622611999512e+01 3.301502943038940430e+00
8.693204832077026367e+01 2.931756973266601562e+00
8.405922245979309082e+01 3.067175388336181641e+00
7.672668766975402832e+01 2.876033067703247070e+00
7.806749773025512695e+01 2.955773353576660156e+00
7.508125162124633789e+01 2.874523162841796875e+00
7.530601906776428223e+01 2.290831804275512695e+00
7.428286862373352051e+01 2.434014320373535156e+00
7.231712341308593750e+01 2.142686843872070312e+00
7.710091710090637207e+01 1.741883277893066406e+00
7.357200503349304199e+01 2.409473419189453125e+00
7.156031513214111328e+01 2.248169422149658203e+00
7.432453298568725586e+01 1.827620744705200195e+00
7.534101319313049316e+01 1.674498558044433594e+00
7.274412488937377930e+01 1.928091526031494141e+00
7.487348246574401855e+01 1.722919702529907227e+00
7.045731258392333984e+01 1.725424528121948242e+00
7.049890208244323730e+01 1.705422878265380859e+00
6.872512626647949219e+01 1.852657079696655273e+00
6.904910707473754883e+01 1.667330503463745117e+00
6.972594332695007324e+01 1.660538434982299805e+00
6.635939979553222656e+01 1.651329755783081055e+00
6.947273945808410645e+01 1.585740566253662109e+00
6.644556689262390137e+01 1.593745231628417969e+00
6.649271988868713379e+01 1.546347141265869141e+00
6.594464087486267090e+01 1.660862207412719727e+00
6.141440844535827637e+01 1.462616205215454102e+00
5.995754742622375488e+01 1.433591365814208984e+00
6.210427117347717285e+01 1.408075094223022461e+00
5.810917782783508301e+01 1.536668539047241211e+00
