3.782096945928262871e-02
2.136413179116000358e-02
2.481967421520712980e-01
1.053600210626383649e-01
6.531101613244365278e-02
3.018883440515000502e-02
6.646241149913270641e-02
9.021975732760090239e-02
5.616132401646748568e-02
2.258545913590314161e-02
1.985200329304933897e-01
2.609730246442451551e-02
7.959814656792759680e-01
2.721183478851774487e-02
1.079287138181456718e-01
8.542296851197646312e-02
5.599420278424802749e-02
1.729494170697735630e-02
3.281897028776797898e-02
1.241255981501208083e-01
5.279579478877877846e-02
6.520823258193816918e-02
2.411865070308275294e-01
8.093082210097525542e-02
1.430701452671115648e-01
2.283270244881780917e-02
6.900594381807399758e-02
1.696188704675721526e-01
9.121478552797975814e-01
9.731019350294746184e-01
6.475749506899030061e-01
1.444257211486850823e+00
8.794708214319507666e-01
8.125837220556882956e-01
5.004984961635273316e-02
6.660723003826625188e-01
2.091306311673290785e-01
7.672680617233954559e-01
8.150889837631632995e-01
3.702428043453351303e-01
2.656853697772317280e-01
1.062660935249326366e+00
4.884486015782834589e-01
4.880534458018025989e-01
8.016415872527744568e-01
3.837287955853199012e-02
5.705776894326213267e-01
7.067190138658311360e-01
2.821326915820547288e-01
4.196908097558304518e-01
6.300429669386705678e-01
1.588340172083294588e+00
7.637457251309803796e-01
7.038239735885367665e-01
3.175757316572322408e-01
3.614971344721467084e-01
4.750934633537218926e-02
3.264028253832740867e-01
3.972832857123214656e-01
3.833519450656204808e-01
1.044238241158695901e+00
2.619436731269800811e-01
6.930136201236655191e-01
2.860537960546854497e-01
2.977780493202605849e-01
8.722011742711321958e-01
9.852298802298954383e-01
4.299036855498306747e-02
4.743587349760578498e-01
7.775269315528490210e-01
7.545972955432308504e-01
5.627464876773641267e-01
1.548702109304266328e+00
5.193218065868560052e-01
2.734459883243791078e-01
2.449646274973743820e-01
1.311729330342125799e+00
4.032834399292723471e-01
6.509050987593349713e-02
5.861630593338510581e-02
2.132855621591504269e-01
1.202618322287836161e-01
5.559366724331005899e-02
2.323850935441089671e-01
2.293828293653758787e-02
5.575365790498112289e-02
5.667437086276836539e-02
6.459261036806070166e-02
7.330147859417746048e-02
2.873250563857364034e-02
4.866458907736687101e-02
1.943600956122032430e-02
4.959661843545927311e-03
6.827787735489357357e-02
1.500108838070078610e-02
6.038032457988520146e-02
6.720069723029253872e-02
2.778888156700137866e-03
5.807099103961721465e-02
7.553347370656268711e-02
4.479430924427316857e-02
8.587160491780117255e-02
2.392054243753089990e-02
2.633747583822057536e-02
8.412024313773258655e-02
6.573914126006470682e-02
1.681048260835845895e-02
1.710325710897800389e-02
1.044667627106248831e-01
6.425506403422333312e-02
8.448949702348236557e-02
7.175200704660283924e-02
4.189039701579438946e-02
6.150159874367453622e-02
7.405385431055844236e-02
8.143378579413665941e-01
6.642785083808692981e-02
3.415439534251233505e-02
9.212949257995357855e-02
7.106795324547260373e-02
7.162286763888586760e-02
7.414163876689545962e-02
3.965340775426951653e-02
3.775184316963816483e-02
5.629064111353776489e-02
4.945266571132800326e-02
5.705278825070749654e-02
6.892863695237803900e-02
8.161835634985144250e-02
8.365976141484111894e-02
7.526187073220655388e-02
5.531185579967492355e-02
5.527989426732766304e-02
7.208291162083917125e-02
2.358308061743565401e-02
1.801476849843089423e-02
3.582409219746661433e-02
3.832507016821897206e-01
1.801369075982569290e-01
5.980368251894558895e-01
5.915760786491489759e-02
6.989898693151029574e-02
6.128717408721532506e-02
2.435762390997245064e-01
4.740617057819224156e-02
1.519969386052167637e-01
6.713837991797104721e-01
6.093199958854116777e-02
1.137724216390127996e-01
8.672590397685276190e-03
1.675339697005226794e-02
2.111303311902524085e-02
6.618943246599159891e-03
1.450177762936015469e-02
1.172399222954900559e-02
9.792269398789606172e-02
1.844886562660633389e-01
6.814805863845205258e-02
4.002636347921504495e-03
1.207910891181224189e-02
5.480509162620681579e-02
1.454586230941661007e-01
6.382319570046203483e-02
8.543109020331300651e-02
7.181998496110292285e-01
1.235428140000826458e+00
7.072046583627509264e-01
4.340487594814287226e-02
6.398950795289376492e-02
5.332116838890679084e-02
8.464236961108573265e-02
9.225772219659572615e-02
6.289707649263755196e-02
6.623185467054224507e-01
1.341501113383370726e-02
5.529347706697182452e-02
6.574005313018577157e-02
7.849636370817901498e-02
3.002841374277368316e-02
6.733549208493767868e-02
5.002392900619724303e-01
1.707128815108713282e-02
2.484845450793388144e-02
4.516751560146074762e-03
2.492418971263503716e-02
3.200267884513503368e-03
4.623467995846182177e-01
5.778016778130466991e-01
3.424860748471536109e-03
3.618231898764687898e-02
7.311500635209547405e-02
2.859833965359758201e-01
1.086746728707371767e+00
4.666612855467749260e-02
5.977513908052199676e-03
1.118176570020582017e-02
7.629573371073332388e-03
2.608178875380780595e-02
1.466561273597803694e-02
4.368041144352834831e-02
1.932579307310292871e-01
6.756570496806027677e-03
8.542467936634168257e-02
1.266016479386724257e-02
9.011076196255214665e-02
5.169922679065062227e-02
8.750370270237783910e-02
2.662458282948529029e-02
8.166166923516500128e-03
5.913360544328302021e-02
1.451548483312120164e+00
1.131275966344331280e-01
1.964148482679589983e-02
7.264062597882628425e-02
2.544377352116748356e-02
3.789836964124936730e-02
5.310391230576497895e-02
7.925870630366202430e-02
3.548367940158172334e-02
5.960301777747889496e-02
5.230483217829393766e-02
9.755535099622321404e-02
5.092607109763758189e-02
2.405004560787372611e-02
6.619811251671128827e-02
7.235343986541349637e-02
8.739177326871309937e-02
1.010724264288736518e-01
9.431195402702867436e-02
5.353791301467612090e-02
6.145320530577465939e-02
8.587142264592965979e-02
5.995084580669979291e-02
8.517966183743486130e-02
1.012654802351265898e-01
7.102360548119467099e-02
3.486004319255042727e-02
3.860420306920132189e-02
2.328333487803481774e-02
2.238876184367276714e-02
2.179467117682807112e-02
2.667006801331851806e-02
2.290739866331449603e-02
6.192015448806909017e-02
3.213551844070330205e-02
1.021689613947917574e-01
1.683030887877545387e-02
2.781148674322447920e-03
1.556582857448539532e-02
5.883455976946560390e-02
5.430049175562187691e-02
3.175819558654131569e-01
3.045665037902761316e-02
5.625661340660585014e-02
7.865237902265494185e-02
2.709602199169646730e-01
3.869083426717399160e-02
2.540389617919379117e-01
2.284154014498794572e-01
4.376492182856994151e-01
4.323130844636133285e-01
3.511844200610400590e-01
4.974348507068865888e-01
1.370287406833925192e-01
3.009189562028043441e-01
1.626922799863527724e-01
1.650851570020155645e-01
2.618601097798754426e-02
3.014602207535089229e-01
5.560503297675284395e-01
3.816734993712032620e-01
3.971653660251924234e-01
1.918340197518561274e-01
4.590086146814433277e-01
4.877336855497276247e-01
2.438634303286511262e-01
3.560429664520594062e-01
6.037947420611985416e-01
2.564742214517825789e-02
3.652783533599571197e-01
2.246233480893197465e-01
2.973144727134792720e-01
2.315564715917244332e-01
3.169584555452156782e-01
2.256951092781488699e-01
4.106193115242376401e-01
2.857939790258406387e-01
6.565751051564328034e-01
1.464771702755255645e-01
1.856886631795534939e-02
5.112449303690409508e-01
6.219338111035234151e-01
2.104713014834197760e-01
3.213891395088483982e-01
1.574294924047523747e-01
1.623192197743464626e-01
7.991041730897802120e-01
2.450276444803627107e-01
2.048915292725044246e-01
4.240748814207879747e-01
4.838897630230008517e-01
1.243619957820004451e+00
2.166124994535128800e-01
1.723953596843982028e-01
4.976181995588479512e-01
8.501444270044569151e-01
4.110371246129241318e-01
4.704535931962949280e-01
3.760062539901847245e-01
1.818625761529081286e-01
3.253026947948800540e-01
4.360853023648808557e-02
2.416894421720828523e-01
2.349397067954435148e-01
2.438720979891036700e-01
2.047175745045053397e-01
2.552118137228837624e-01
5.453494585180386212e-01
3.779587575012439138e-01
2.836723820414590036e-01
3.202698310794158676e-01
4.911773681293042926e-01
2.436608914092321110e-02
1.992045412281601979e-01
2.462209783482192382e-01
1.470581123515076472e-01
2.122232910069512535e-01
3.978208428659752438e-01
3.718712891937860365e-01
1.999862792623501029e-01
4.271431654282686341e-01
3.447962030843057524e-01
3.474701543118143832e-01
9.836788461268645978e-02
5.566331843573665838e-02
6.958191878136421593e-01
1.978560721109642595e-01
1.872318728678128152e-01
1.736998936042661867e-01
3.588749989648622463e-01
4.496464396944735431e-01
1.228907636214858767e-01
3.646538956890775229e-01
5.181596867275529705e-01
2.345197093543354150e-01
2.020238102990451132e-02
2.735679939194325949e-01
2.858800042202151448e-01
2.019770851001128076e-01
2.681814495140980026e-01
3.802794327529144258e-01
3.375046086802522410e-02
2.810466435238281879e-02
5.764990524240650588e-02
2.610010508451217001e-02
3.481500543930846625e-01
2.590908212476952799e-02
4.240736817991474367e-02
2.878470865220842181e-02
2.954588637177167354e-01
2.150035921489565349e-02
3.011935540956792168e-02
4.930086998169572882e-02
7.365675160277193600e-02
1.681474052537023089e-01
2.686284399459179517e-02
2.396092381136174718e-02
2.141641812863160146e-02
5.526188323179177103e-02
4.967485593916490944e-02
4.939611367599431452e-02
2.858461355350299174e-02
8.708019804399640129e-02
8.694363962464222995e-02
4.370607066272685221e-02
1.195088453652108917e-01
1.061211968078539791e-01
6.798865325725141073e-02
4.286110047862701916e-02
3.648118014176946616e-02
9.834692777035171363e-02
4.995168511814487150e-02
1.023371734439914249e+00
3.286110810219629308e-02
2.883151208389931885e-01
1.892998549085368742e-01
1.026454217472859559e-01
5.617450906561536478e-02
2.604219613223635599e-01
1.368622913272183883e-01
6.163269829424469076e-02
3.025083867026466880e-02
3.857347130428234044e-02
3.108297903058948597e-02
6.866813946100507049e-02
4.107344102379040240e-02
1.966882283802587061e-01
1.937470834567047717e-01
2.181380671339120669e-01
1.052862490064788714e-01
2.950578642430283158e-02
3.603016009196214481e-02
9.086206499472908316e-02
2.349077192638028902e-02
4.806833825200220595e-02
4.299427983050761043e-02
8.303763389807468365e-02
3.511811847430545280e-02
6.542699560700844519e-02
4.284125397755244452e-02
1.151623703073847843e-01
1.996069682469671716e-02
2.732474535397103055e-02
6.603796020119011290e-02
