2.183077335357666016e-01 4.975271224975585938e-02
2.316975593566894531e-01 5.067873001098632812e-02
2.648696899414062500e-01 3.788447380065917969e-02
2.296252250671386719e-01 4.924488067626953125e-02
2.346062660217285156e-01 4.957079887390136719e-02
2.609117031097412109e-01 5.166578292846679688e-02
2.282063961029052734e-01 4.906606674194335938e-02
2.573726177215576172e-01 2.536177635192871094e-02
2.516448497772216797e-01 5.030083656311035156e-02
2.421178817749023438e-01 4.848051071166992188e-02
2.364711761474609375e-01 2.553057670593261719e-02
2.777636051177978516e-01 3.489232063293457031e-02
2.245626449584960938e-01 3.692913055419921875e-02
2.470171451568603516e-01 2.640533447265625000e-02
2.350308895111083984e-01 2.626347541809082031e-02
2.520918846130371094e-01 4.235935211181640625e-02
1.794373989105224609e-01 2.647876739501953125e-02
2.360880374908447266e-01 2.572894096374511719e-02
2.262442111968994141e-01 2.688622474670410156e-02
2.068772315979003906e-01 5.066180229187011719e-02
2.121980190277099609e-01 2.776193618774414062e-02
2.076940536499023438e-01 2.596378326416015625e-02
1.983208656311035156e-01 3.188824653625488281e-02
1.940183639526367188e-01 3.434467315673828125e-02
2.381677627563476562e-01 3.634023666381835938e-02
1.815748214721679688e-01 2.834010124206542969e-02
1.846382617950439453e-01 2.482604980468750000e-02
2.251098155975341797e-01 4.993391036987304688e-02
1.814513206481933594e-01 2.767562866210937500e-02
2.130696773529052734e-01 3.962874412536621094e-02
1.877245903015136719e-01 2.560210227966308594e-02
1.961278915405273438e-01 4.959559440612792969e-02
1.746459007263183594e-01 2.839803695678710938e-02
2.261838912963867188e-01 2.696418762207031250e-02
1.932449340820312500e-01 4.906439781188964844e-02
1.799881458282470703e-01 3.098535537719726562e-02
2.386991977691650391e-01 2.669811248779296875e-02
2.231905460357666016e-01 2.538919448852539062e-02
2.228212356567382812e-01 2.602553367614746094e-02
1.962571144104003906e-01 2.615737915039062500e-02
2.449645996093750000e-01 2.956271171569824219e-02
2.139842510223388672e-01 2.529644966125488281e-02
2.021038532257080078e-01 2.528834342956542969e-02
1.959555149078369141e-01 2.642631530761718750e-02
1.601328849792480469e-01 4.912400245666503906e-02
1.826179027557373047e-01 4.348778724670410156e-02
2.172002792358398438e-01 2.994918823242187500e-02
2.132890224456787109e-01 4.970097541809082031e-02
1.936683654785156250e-01 4.745626449584960938e-02
2.001428604125976562e-01 3.997850418090820312e-02
2.504141330718994141e-01 3.277349472045898438e-02
2.310931682586669922e-01 3.361892700195312500e-02
2.141544818878173828e-01 5.083608627319335938e-02
2.177476882934570312e-01 3.242015838623046875e-02
2.084848880767822266e-01 3.533124923706054688e-02
1.767363548278808594e-01 2.805829048156738281e-02
1.995482444763183594e-01 3.510785102844238281e-02
2.009525299072265625e-01 2.870011329650878906e-02
2.115275859832763672e-01 3.783178329467773438e-02
1.820065975189208984e-01 2.666902542114257812e-02
2.115566730499267578e-01 2.559351921081542969e-02
2.221572399139404297e-01 4.850268363952636719e-02
2.427599430084228516e-01 3.856158256530761719e-02
2.059781551361083984e-01 3.023338317871093750e-02
1.751887798309326172e-01 3.222203254699707031e-02
1.851847171783447266e-01 2.722620964050292969e-02
2.035410404205322266e-01 3.399157524108886719e-02
2.142324447631835938e-01 3.509306907653808594e-02
1.787092685699462891e-01 2.963089942932128906e-02
2.173788547515869141e-01 2.743983268737792969e-02
1.846358776092529297e-01 3.219676017761230469e-02
1.937222480773925781e-01 3.741240501403808594e-02
2.107796669006347656e-01 2.967548370361328125e-02
2.114243507385253906e-01 2.438712120056152344e-02
1.559109687805175781e-01 3.477430343627929688e-02
1.723999977111816406e-01 3.514337539672851562e-02
1.526560783386230469e-01 3.033471107482910156e-02
1.806199550628662109e-01 2.606368064880371094e-02
1.775901317596435547e-01 3.790259361267089844e-02
2.402820587158203125e-01 5.512452125549316406e-02
2.271039485931396484e-01 3.225827217102050781e-02
2.296133041381835938e-01 3.595209121704101562e-02
1.828393936157226562e-01 3.068113327026367188e-02
2.038693428039550781e-01 4.231405258178710938e-02
1.958477497100830078e-01 3.196620941162109375e-02
1.928281784057617188e-01 4.113197326660156250e-02
2.226586341857910156e-01 3.168797492980957031e-02
1.991395950317382812e-01 4.019832611083984375e-02
2.116274833679199219e-01 3.204631805419921875e-02
1.833062171936035156e-01 4.352021217346191406e-02
2.115578651428222656e-01 3.272604942321777344e-02
1.967005729675292969e-01 3.366637229919433594e-02
2.297365665435791016e-01 3.191471099853515625e-02
2.116053104400634766e-01 5.446219444274902344e-02
2.937469482421875000e-01 5.727672576904296875e-02
1.925795078277587891e-01 5.602836608886718750e-02
2.248871326446533203e-01 5.633473396301269531e-02
1.916975975036621094e-01 5.653762817382812500e-02
2.327227592468261719e-01 4.224896430969238281e-02
2.542252540588378906e-01 3.000593185424804688e-02
2.316792011260986328e-01 3.397417068481445312e-02
2.416610717773437500e-01 3.996443748474121094e-02
2.463166713714599609e-01 4.404568672180175781e-02
2.587847709655761719e-01 5.129551887512207031e-02
2.584586143493652344e-01 5.758380889892578125e-02
2.113008499145507812e-01 4.511904716491699219e-02
2.291357517242431641e-01 3.938031196594238281e-02
2.362980842590332031e-01 5.691957473754882812e-02
2.132084369659423828e-01 4.571223258972167969e-02
2.280263900756835938e-01 5.082654953002929688e-02
2.497475147247314453e-01 4.857110977172851562e-02
2.296791076660156250e-01 4.874277114868164062e-02
1.842253208160400391e-01 4.426956176757812500e-02
2.642707824707031250e-01 3.261494636535644531e-02
2.013988494873046875e-01 6.149721145629882812e-02
2.706196308135986328e-01 3.958988189697265625e-02
2.330081462860107422e-01 4.884314537048339844e-02
2.692103385925292969e-01 6.473660469055175781e-02
2.586812973022460938e-01 4.590916633605957031e-02
2.156515121459960938e-01 4.459881782531738281e-02
2.446742057800292969e-01 4.742622375488281250e-02
1.964352130889892578e-01 4.942798614501953125e-02
2.379446029663085938e-01 6.229996681213378906e-02
1.961767673492431641e-01 3.133511543273925781e-02
2.535831928253173828e-01 3.717684745788574219e-02
2.029833793640136719e-01 3.036308288574218750e-02
1.943731307983398438e-01 4.938960075378417969e-02
1.933732032775878906e-01 2.952384948730468750e-02
2.208757400512695312e-01 3.246831893920898438e-02
2.316691875457763672e-01 2.929234504699707031e-02
2.155134677886962891e-01 3.094148635864257812e-02
2.535190582275390625e-01 3.354454040527343750e-02
2.407283782958984375e-01 3.298544883728027344e-02
1.946566104888916016e-01 3.273391723632812500e-02
2.112169265747070312e-01 3.391456604003906250e-02
2.283816337585449219e-01 3.779244422912597656e-02
2.293684482574462891e-01 6.118369102478027344e-02
2.577879428863525391e-01 6.015920639038085938e-02
2.690598964691162109e-01 5.827784538269042969e-02
1.974234580993652344e-01 5.431365966796875000e-02
2.634596824645996094e-01 5.705881118774414062e-02
2.013618946075439453e-01 5.723428726196289062e-02
2.427673339843750000e-01 6.160330772399902344e-02
2.494146823883056641e-01 6.112933158874511719e-02
2.426857948303222656e-01 6.255745887756347656e-02
1.957166194915771484e-01 2.581930160522460938e-02
2.213439941406250000e-01 5.379271507263183594e-02
2.473216056823730469e-01 5.748462677001953125e-02
2.543599605560302734e-01 4.654145240783691406e-02
2.412219047546386719e-01 4.156517982482910156e-02
2.322890758514404297e-01 4.712581634521484375e-02
1.900284290313720703e-01 3.461599349975585938e-02
2.253174781799316406e-01 4.151296615600585938e-02
1.896746158599853516e-01 4.234862327575683594e-02
2.204120159149169922e-01 5.633044242858886719e-02
2.141611576080322266e-01 4.119014739990234375e-02
1.706838607788085938e-01 4.436612129211425781e-02
2.244396209716796875e-01 3.600168228149414062e-02
3.365566730499267578e-01 3.784632682800292969e-02
2.389011383056640625e-01 3.184175491333007812e-02
2.100312709808349609e-01 3.100037574768066406e-02
2.281162738800048828e-01 2.986216545104980469e-02
2.326126098632812500e-01 3.006482124328613281e-02
2.328407764434814453e-01 4.061794281005859375e-02
2.412471771240234375e-01 5.448055267333984375e-02
2.743458747863769531e-01 6.102871894836425781e-02
2.453756332397460938e-01 6.170821189880371094e-02
2.274971008300781250e-01 4.756021499633789062e-02
2.432167530059814453e-01 4.230141639709472656e-02
2.658219337463378906e-01 3.783035278320312500e-02
2.112934589385986328e-01 5.675745010375976562e-02
2.403843402862548828e-01 3.797030448913574219e-02
2.444126605987548828e-01 3.722000122070312500e-02
2.713425159454345703e-01 5.584764480590820312e-02
2.471251487731933594e-01 3.475499153137207031e-02
2.729296684265136719e-01 5.225419998168945312e-02
2.534680366516113281e-01 4.116415977478027344e-02
2.362844944000244141e-01 4.427862167358398438e-02
2.196335792541503906e-01 4.394793510437011719e-02
2.605597972869873047e-01 6.367731094360351562e-02
2.294785976409912109e-01 6.257939338684082031e-02
2.191100120544433594e-01 5.709552764892578125e-02
2.592163085937500000e-01 5.847573280334472656e-02
2.546994686126708984e-01 4.541087150573730469e-02
2.101683616638183594e-01 5.633831024169921875e-02
2.450988292694091797e-01 6.043791770935058594e-02
2.560772895812988281e-01 5.438613891601562500e-02
2.505798339843750000e-01 4.891896247863769531e-02
2.929179668426513672e-01 5.760240554809570312e-02
2.234079837799072266e-01 4.242920875549316406e-02
2.027282714843750000e-01 5.357265472412109375e-02
2.604165077209472656e-01 3.525853157043457031e-02
2.301747798919677734e-01 4.468131065368652344e-02
2.246212959289550781e-01 3.243684768676757812e-02
2.274272441864013672e-01 3.105735778808593750e-02
2.081296443939208984e-01 3.993225097656250000e-02
3.679780960083007812e-01 3.814673423767089844e-02
2.769064903259277344e-01 6.018590927124023438e-02
2.564790248870849609e-01 4.626345634460449219e-02
2.266025543212890625e-01 3.198146820068359375e-02
2.391426563262939453e-01 4.882383346557617188e-02
2.694292068481445312e-01 3.848934173583984375e-02
2.118787765502929688e-01 3.051280975341796875e-02
2.450211048126220703e-01 3.439116477966308594e-02
2.316000461578369141e-01 4.666519165039062500e-02
2.327115535736083984e-01 5.844259262084960938e-02
2.671475410461425781e-01 4.074740409851074219e-02
2.532801628112792969e-01 3.244233131408691406e-02
2.312831878662109375e-01 3.648281097412109375e-02
2.624099254608154297e-01 4.549479484558105469e-02
2.818205356597900391e-01 6.224060058593750000e-02
1.694471836090087891e-01 3.629612922668457031e-02
2.459585666656494141e-01 6.586003303527832031e-02
2.172026634216308594e-01 5.607247352600097656e-02
2.332043647766113281e-01 5.438137054443359375e-02
1.957008838653564453e-01 5.770945549011230469e-02
2.117931842803955078e-01 2.902817726135253906e-02
2.509572505950927734e-01 3.491497039794921875e-02
2.106502056121826172e-01 2.954244613647460938e-02
2.384371757507324219e-01 5.897164344787597656e-02
2.424480915069580078e-01 4.223990440368652344e-02
2.101094722747802734e-01 4.143524169921875000e-02
1.926527023315429688e-01 2.972126007080078125e-02
2.060897350311279297e-01 4.557442665100097656e-02
2.078485488891601562e-01 3.499126434326171875e-02
2.233207225799560547e-01 3.876018524169921875e-02
2.145826816558837891e-01 3.698348999023437500e-02
1.945929527282714844e-01 2.950739860534667969e-02
2.570698261260986328e-01 4.921197891235351562e-02
2.621543407440185547e-01 6.083869934082031250e-02
2.359836101531982422e-01 6.128454208374023438e-02
2.396781444549560547e-01 6.083393096923828125e-02
2.636945247650146484e-01 4.785895347595214844e-02
2.444355487823486328e-01 5.360341072082519531e-02
2.174382209777832031e-01 4.823780059814453125e-02
1.967897415161132812e-01 3.147840499877929688e-02
2.559366226196289062e-01 3.170371055603027344e-02
2.341008186340332031e-01 5.654954910278320312e-02
2.298541069030761719e-01 4.863619804382324219e-02
2.309949398040771484e-01 5.169272422790527344e-02
2.170312404632568359e-01 6.943750381469726562e-02
2.356607913970947266e-01 5.732083320617675781e-02
2.060914039611816406e-01 5.583095550537109375e-02
2.334263324737548828e-01 4.658031463623046875e-02
2.574238777160644531e-01 4.085397720336914062e-02
2.071647644042968750e-01 4.299521446228027344e-02
2.192339897155761719e-01 3.557968139648437500e-02
2.333593368530273438e-01 2.993106842041015625e-02
2.485320568084716797e-01 2.911329269409179688e-02
2.277016639709472656e-01 4.064297676086425781e-02
2.404553890228271484e-01 2.988934516906738281e-02
2.572250366210937500e-01 2.932715415954589844e-02
2.400257587432861328e-01 4.322361946105957031e-02
2.244539260864257812e-01 2.999401092529296875e-02
2.595846652984619141e-01 6.968736648559570312e-02
2.754292488098144531e-01 6.195950508117675781e-02
1.428191661834716797e-01 3.857088088989257812e-02
2.287378311157226562e-01 5.859327316284179688e-02
2.072937488555908203e-01 6.230139732360839844e-02
2.443659305572509766e-01 6.127500534057617188e-02
2.630865573883056641e-01 4.927539825439453125e-02
2.117593288421630859e-01 5.432486534118652344e-02
2.324743270874023438e-01 3.833746910095214844e-02
2.454762458801269531e-01 4.416060447692871094e-02
2.690801620483398438e-01 5.806398391723632812e-02
2.624936103820800781e-01 6.018400192260742188e-02
2.623376846313476562e-01 5.853176116943359375e-02
2.418739795684814453e-01 4.929351806640625000e-02
2.469539642333984375e-01 3.420734405517578125e-02
2.907044887542724609e-01 6.173467636108398438e-02
2.633318901062011719e-01 3.273081779479980469e-02
2.291343212127685547e-01 6.151008605957031250e-02
2.215023040771484375e-01 5.356073379516601562e-02
2.629213333129882812e-01 5.389499664306640625e-02
2.182688713073730469e-01 5.214977264404296875e-02
2.275562286376953125e-01 5.464434623718261719e-02
2.059903144836425781e-01 5.503773689270019531e-02
2.679419517517089844e-01 4.164195060729980469e-02
2.174994945526123047e-01 4.330968856811523438e-02
2.194740772247314453e-01 4.967880249023437500e-02
2.228209972381591797e-01 3.643131256103515625e-02
2.423841953277587891e-01 4.098534584045410156e-02
2.284326553344726562e-01 5.295157432556152344e-02
2.189490795135498047e-01 4.403495788574218750e-02
2.400515079498291016e-01 4.051351547241210938e-02
2.564170360565185547e-01 3.684711456298828125e-02
2.540154457092285156e-01 5.680608749389648438e-02
1.890416145324707031e-01 4.496765136718750000e-02
2.364559173583984375e-01 4.755401611328125000e-02
1.935522556304931641e-01 2.373242378234863281e-02
2.259893417358398438e-01 4.632115364074707031e-02
2.175173759460449219e-01 3.103947639465332031e-02
2.406401634216308594e-01 5.487012863159179688e-02
2.008082866668701172e-01 5.122280120849609375e-02
1.736712455749511719e-01 4.620671272277832031e-02
2.276539802551269531e-01 3.648805618286132812e-02
2.593419551849365234e-01 6.221151351928710938e-02
2.435522079467773438e-01 5.090022087097167969e-02
2.241678237915039062e-01 5.544567108154296875e-02
2.268309593200683594e-01 3.831195831298828125e-02
1.729977130889892578e-01 4.583525657653808594e-02
2.285966873168945312e-01 5.571413040161132812e-02
2.402117252349853516e-01 3.782105445861816406e-02
1.778345108032226562e-01 4.642629623413085938e-02
2.174563407897949219e-01 5.737972259521484375e-02
2.161428928375244141e-01 3.791427612304687500e-02
1.973333358764648438e-01 3.471159934997558594e-02
2.194023132324218750e-01 3.380775451660156250e-02
2.100963592529296875e-01 3.967928886413574219e-02
2.226684093475341797e-01 3.897953033447265625e-02
2.191357612609863281e-01 3.880500793457031250e-02
2.227025032043457031e-01 4.464411735534667969e-02
2.135608196258544922e-01 3.086233139038085938e-02
2.038247585296630859e-01 7.943558692932128906e-02
2.232217788696289062e-01 5.832958221435546875e-02
2.196016311645507812e-01 4.003310203552246094e-02
2.165279388427734375e-01 5.491399765014648438e-02
2.353122234344482422e-01 5.702257156372070312e-02
2.374401092529296875e-01 3.103756904602050781e-02
2.481846809387207031e-01 4.130315780639648438e-02
2.439548969268798828e-01 5.571293830871582031e-02
2.464687824249267578e-01 3.098344802856445312e-02
1.959414482116699219e-01 3.348731994628906250e-02
2.292208671569824219e-01 3.574013710021972656e-02
2.371835708618164062e-01 4.210400581359863281e-02
2.361581325531005859e-01 4.528760910034179688e-02
2.128374576568603516e-01 5.002474784851074219e-02
2.000262737274169922e-01 5.499958992004394531e-02
2.225675582885742188e-01 4.140448570251464844e-02
2.260603904724121094e-01 5.500364303588867188e-02
2.228114604949951172e-01 5.294895172119140625e-02
2.304434776306152344e-01 3.245425224304199219e-02
2.322618961334228516e-01 3.045463562011718750e-02
2.034592628479003906e-01 4.518127441406250000e-02
1.666622161865234375e-01 3.541493415832519531e-02
2.440257072448730469e-01 3.250074386596679688e-02
2.295560836791992188e-01 4.333949089050292969e-02
2.257630825042724609e-01 3.161096572875976562e-02
2.009928226470947266e-01 4.510641098022460938e-02
2.565031051635742188e-01 5.539536476135253906e-02
2.511208057403564453e-01 4.929280281066894531e-02
2.335059642791748047e-01 4.359555244445800781e-02
2.504301071166992188e-01 4.288101196289062500e-02
2.786970138549804688e-01 4.875111579895019531e-02
2.534332275390625000e-01 3.777146339416503906e-02
1.858794689178466797e-01 2.949857711791992188e-02
2.287011146545410156e-01 4.875230789184570312e-02
2.176063060760498047e-01 2.987337112426757812e-02
2.172727584838867188e-01 5.009675025939941406e-02
2.545142173767089844e-01 5.860352516174316406e-02
2.538497447967529297e-01 6.028008460998535156e-02
2.037744522094726562e-01 2.376317977905273438e-02
1.735198497772216797e-01 4.092907905578613281e-02
2.234914302825927734e-01 4.616785049438476562e-02
1.617226600646972656e-01 2.463507652282714844e-02
1.571986675262451172e-01 4.566287994384765625e-02
1.812763214111328125e-01 2.736735343933105469e-02
1.999516487121582031e-01 4.481554031372070312e-02
1.729874610900878906e-01 2.386355400085449219e-02
1.573328971862792969e-01 4.505038261413574219e-02
1.855144500732421875e-01 2.619504928588867188e-02
2.017562389373779297e-01 2.361512184143066406e-02
2.074959278106689453e-01 2.342534065246582031e-02
1.921756267547607422e-01 4.024505615234375000e-02
1.690502166748046875e-01 2.460956573486328125e-02
1.929271221160888672e-01 2.180933952331542969e-02
1.785728931427001953e-01 2.189517021179199219e-02
2.166078090667724609e-01 4.505848884582519531e-02
2.130963802337646484e-01 4.514503479003906250e-02
2.110025882720947266e-01 4.587149620056152344e-02
1.576688289642333984e-01 4.546427726745605469e-02
2.303791046142578125e-01 2.775835990905761719e-02
2.189393043518066406e-01 3.720927238464355469e-02
1.962609291076660156e-01 3.069853782653808594e-02
1.856820583343505859e-01 4.851508140563964844e-02
2.301819324493408203e-01 4.072642326354980469e-02
1.835372447967529297e-01 3.327584266662597656e-02
1.879527568817138672e-01 2.802443504333496094e-02
1.884424686431884766e-01 2.374076843261718750e-02
1.988456249237060547e-01 2.330255508422851562e-02
2.051413059234619141e-01 2.570128440856933594e-02
1.784543991088867188e-01 3.147077560424804688e-02
2.158725261688232422e-01 4.429960250854492188e-02
1.635379791259765625e-01 4.487085342407226562e-02
1.557176113128662109e-01 4.420304298400878906e-02
2.120747566223144531e-01 2.354478836059570312e-02
2.074060440063476562e-01 3.668475151062011719e-02
1.989548206329345703e-01 2.329826354980468750e-02
2.315354347229003906e-01 4.194355010986328125e-02
2.116067409515380859e-01 3.461170196533203125e-02
2.208602428436279297e-01 2.903723716735839844e-02
2.085638046264648438e-01 2.610158920288085938e-02
2.045881748199462891e-01 2.754092216491699219e-02
1.841318607330322266e-01 2.972531318664550781e-02
2.181587219238281250e-01 2.201175689697265625e-02
1.742136478424072266e-01 2.275800704956054688e-02
2.006874084472656250e-01 2.070593833923339844e-02
2.198374271392822266e-01 4.412794113159179688e-02
2.221126556396484375e-01 4.457736015319824219e-02
1.870148181915283203e-01 4.653048515319824219e-02
2.356436252593994141e-01 4.798936843872070312e-02
2.331182956695556641e-01 4.439020156860351562e-02
1.821546554565429688e-01 2.024650573730468750e-02
2.231462001800537109e-01 2.345323562622070312e-02
2.213544845581054688e-01 4.550909996032714844e-02
2.451174259185791016e-01 3.338122367858886719e-02
2.083590030670166016e-01 3.360223770141601562e-02
2.120220661163330078e-01 2.392673492431640625e-02
2.047343254089355469e-01 2.554702758789062500e-02
2.162499427795410156e-01 2.340936660766601562e-02
2.280654907226562500e-01 3.050756454467773438e-02
2.116117477416992188e-01 2.283906936645507812e-02
2.051472663879394531e-01 2.305269241333007812e-02
1.901862621307373047e-01 2.562475204467773438e-02
