id,0,1,2,3,4,5,6,7,8,9,10,11,12
W1,35393.279432442185,35372.335113991976,35351.64608820976,35331.2080554887,35311.01678863537,35291.06813165021,35271.35799852849,35251.88237208147,35232.63730277736,35213.61890760189,35194.82336893806,35176.24693346464,35157.88591107342
W10,5123.9121649199105,5125.651962348176,5127.391759776441,5129.131557204706,5130.871354632971,5132.611152061236,5134.3509494895015,5136.090746917766,5137.830544346031,5139.570341774296,5141.310139202561,5143.049936630828,5144.789734059093
W100,11378.203265979295,11378.604340597914,11379.005415216534,11379.40648983515,11379.80756445377,11380.20863907239,11380.60971369101,11381.010788309628,11381.411862928246,11381.812937546865,11382.214012165487,11382.615086784104,11383.016161402722
W101,9797.287612225433,9804.674435953986,9812.061259682536,9819.448083411087,9826.834907139639,9834.22173086819,9841.608554596742,9848.995378325293,9856.382202053843,9863.769025782394,9871.155849510948,9878.542673239497,9885.929496968049
W102,15906.418242547532,15912.865078297667,15919.311914047803,15925.758749797938,15932.205585548072,15938.652421298206,15945.099257048341,15951.546092798477,15957.992928548612,15964.439764298746,15970.88660004888,15977.333435799015,15983.780271549149
W103,4078.5651210988544,4079.1320484150947,4079.6989757322954,4080.2659030494965,4080.8328303666967,4081.399757683898,4081.9666850010994,4082.5336123183006,4083.100539635501,4083.667466952702,4084.234394269903,4084.8013215871038,4085.3682489043044
W104,1027.2517132263354,1024.541842818168,1021.8428215426021,1019.1545543920192,1016.4769471907979,1013.8099065880275,1011.1533400502873,1008.507155854486,1005.8712630807669,1003.2455716054728,1000.6299920941746,998.0244359947586,995.428815530577
W105,9166.384713046182,9167.877302019206,9169.190344921086,9170.4118382979,9171.586651090243,9172.737661716876,9173.876535753983,9175.009221412809,9176.13875165259,9177.266672962065,9178.393773887086,9179.520456502722,9180.646925824769
W106,2150.2550076286316,2150.6486663114974,2151.039322727173,2151.42985815431,2151.820388705723,2152.2109190606484,2152.6014494076558,2152.9919797543444,2153.38251010102,2153.773040447695,2154.16357079437,2154.5541011410455,2154.9446314877205
W107,23894.803004789705,23915.111742347344,23935.420479904973,23955.729217462605,23976.037955020238,23996.346692577874,24016.655430135506,24036.96416769314,24057.272905250768,24077.581642808404,24097.890380366036,24118.19911792367,24138.507855481304
W108,15962.79561831401,15970.847864332887,15978.900110351766,15986.95235637064,15995.00460238952,16003.056848408398,16011.109094427275,16019.161340446151,16027.213586465028,16035.265832483905,16043.318078502782,16051.37032452166,16059.422570540535
W109,14204.050216796859,14211.153282157975,14218.256347519093,14225.359412880212,14232.46247824133,14239.565543602448,14246.668608963568,14253.771674324686,14260.874739685803,14267.97780504692,14275.08087040804,14282.183935769157,14289.287001130275
W11,324.6236094585252,324.62360945852674,324.62360945852674,324.62360945852674,324.62360945852674,324.62360945852674,324.62360945852674,324.62360945852674,324.62360945852674,324.62360945852674,324.62360945852674,324.62360945852674,324.62360945852674
W110,7325.548786196562,7336.545818564533,7347.2591128707645,7357.706894935655,7367.906219850068,7377.8730471767485,7387.622311321225,7397.16798738243,7406.523152773443,7415.7000448840545,7424.710115039367,7433.564078992417,7442.271964173388
W111,1070.3056619329861,1070.2443049508738,1070.1829479687615,1070.1215909866492,1070.0602340045368,1069.9988770224245,1069.9375200403122,1069.8761630582,1069.8148060760877,1069.7534490939754,1069.692092111863,1069.6307351297507,1069.5693781476384
W112,9509.639637779974,9520.664050385345,9531.688462990716,9542.71287559609,9553.73728820146,9564.761700806834,9575.786113412205,9586.810526017578,9597.83493862295,9608.85935122832,9619.883763833694,9630.908176439067,9641.932589044438
W113,741.0127179090281,741.0127178349279,741.0127178349157,741.0127178349157,741.0127178349157,741.0127178349157,741.0127178349157,741.0127178349157,741.0127178349157,741.0127178349157,741.0127178349157,741.0127178349157,741.0127178349157
W114,10545.726612873621,10548.106968789902,10550.487324706184,10552.867680622467,10555.248036538746,10557.628392455028,10560.008748371309,10562.389104287591,10564.769460203874,10567.149816120154,10569.530172036437,10571.91052795272,10574.290883869
W115,11294.238644547406,11295.8246022503,11297.410559953192,11298.996517656087,11300.582475358982,11302.168433061874,11303.754390764769,11305.340348467662,11306.926306170555,11308.512263873448,11310.098221576342,11311.684179279235,11313.27013698213
W116,14438.866334057848,14443.640375955443,14448.599095617532,14453.567535161965,14458.536486279152,14463.505464321222,14468.474443780391,14473.443423314144,14478.412402851822,14483.381382389707,14488.350361927602,14493.319341465498,14498.288321003396
W117,7067.933583319409,7069.90212701339,7071.855547575313,7073.808465523592,7075.76136676763,7077.714267456505,7079.66716812693,7081.620068796742,7083.572969466534,7085.525870136325,7087.478770806116,7089.431671475907,7091.384572145697
W118,1734.3326063538073,1734.6823765832303,1735.0298299583908,1735.3772019637056,1735.7245711112444,1736.071940158415,1736.4193092020612,1736.7666782455835,1737.1140472891013,1737.461416332619,1737.8087853761365,1738.1561544196545,1738.503523463172
W119,1024.754636143299,1024.563987345069,1024.3734396035882,1024.1828923105134,1023.9923450194284,1023.8017977283522,1023.6112504372762,1023.4207031461998,1023.2301558551238,1023.0396085640477,1022.8490612729714,1022.6585139818953,1022.4679666908193
W12,1037.014305585377,1037.014305585377,1037.014305585377,1037.014305585377,1037.014305585377,1037.014305585377,1037.014305585377,1037.014305585377,1037.014305585377,1037.014305585377,1037.014305585377,1037.014305585377,1037.014305585377
W120,877.7637095483698,877.7637095483698,877.7637095483698,877.7637095483698,877.7637095483698,877.7637095483698,877.7637095483698,877.7637095483698,877.7637095483698,877.7637095483698,877.7637095483698,877.7637095483698,877.7637095483698
W121,10377.351845882557,10384.476461658645,10391.601077434736,10398.725693210825,10405.850308986914,10412.974924763004,10420.099540539095,10427.224156315184,10434.348772091274,10441.473387867363,10448.598003643454,10455.722619419545,10462.847235195633
W122,369.52990154065157,369.54729252522515,369.5646835097986,369.58207449437214,369.59946547894566,369.61685646351924,369.63424744809276,369.6516384326663,369.66902941723987,369.6864204018134,369.70381138638686,369.7212023709604,369.73859335553396
W123,479.21818596259163,479.24785985527706,479.2775337479625,479.3072076406479,479.33688153333327,479.3665554260186,479.396229318704,479.4259032113894,479.45557710407485,479.4852509967602,479.5149248894456,479.544598782131,479.5742726748164
W124,8473.9371675544,8471.158812140124,8468.423144102311,8465.729372140939,8463.076719624389,8460.464424317537,8457.891738114888,8455.357926778646,8452.86226968166,8450.404059555107,8447.982602240872,8445.59721644853,8443.247233516786
W125,10836.670558899872,10838.212044329148,10839.753529758422,10841.295015187696,10842.836500616972,10844.377986046247,10845.91947147552,10847.460956904795,10849.002442334071,10850.543927763345,10852.08541319262,10853.626898621895,10855.16838405117
W126,9520.44268850215,9527.395037094664,9534.34738568718,9541.299734279699,9548.252082872214,9555.20443146473,9562.156780057247,9569.109128649763,9576.061477242281,9583.013825834796,9589.966174427313,9596.918523019829,9603.870871612346
W127,11054.773231545696,11059.198503581769,11063.62377561784,11068.049047653913,11072.474319689985,11076.899591726056,11081.32486376213,11085.750135798202,11090.175407834273,11094.600679870344,11099.025951906415,11103.451223942488,11107.87649597856
W128,3572.7988869490914,3573.2981375502404,3573.797388151466,3574.296638752691,3574.7958893539158,3575.2951399551407,3575.794390556366,3576.2936411575915,3576.7928917588165,3577.2921423600415,3577.7913929612664,3578.290643562492,3578.7898941637172
W129,1008.2833864251779,1005.6400404383648,1003.0088928857576,1000.3898200066487,997.7826992959607,995.1874094915056,992.6038305613762,990.031843691464,987.4713312731028,984.9221768908404,982.384265310331,979.8574824663533,977.3417154509492
W13,2510.20281873076,2511.607670558209,2512.5064051016616,2513.34591267046,2514.1784893664408,2515.010254996208,2515.841925713197,2516.6735853232794,2517.5052436336077,2518.3369017918358,2519.1685599322645,2520.0002180706106,2520.8318762087124
W130,8167.902187825365,8169.414052733932,8170.686818744399,8171.855546097246,8172.979003303029,8174.082762194146,8175.17794979434,8176.269407784701,8177.359242916889,8178.448371897827,8179.53719361249,8180.625881626951,8181.714511464692
W131,2149.1561674748195,2149.549940661425,2149.94105940325,2150.3320782522646,2150.723093342085,2151.114108290439,2151.5051232334686,2151.896138176298,2152.28715311912,2152.6781680619415,2153.069183004763,2153.460197947585,2153.8512128904063
W132,22623.763958382526,22642.801915850778,22661.83987331903,22680.877830787285,22699.915788255545,22718.9537457238,22737.991703192052,22757.029660660308,22776.067618128563,22795.105575596815,22814.14353306507,22833.181490533327,22852.21944800158
W133,13823.07391163051,13831.183145467012,13839.292379303515,13847.401613140019,13855.51084697652,13863.620080813023,13871.729314649527,13879.838548486028,13887.947782322532,13896.057016159035,13904.166249995536,13912.275483832042,13920.384717668543
W134,12067.022200398562,12073.911311638922,12080.80042287928,12087.689534119641,12094.578645360001,12101.467756600361,12108.35686784072,12115.245979081077,12122.135090321439,12129.024201561799,12135.913312802157,12142.802424042517,12149.691535282875
W135,6200.649470485973,6209.845866434088,6218.876308961513,6227.747626188485,6236.466365293599,6245.038804073098,6253.4709620245585,6261.768610974536,6269.9372852689385,6277.982291544119,6285.908718095944,6293.721443863367,6301.425147042373
W136,6390.673532928769,6413.242668974545,6435.811805020322,6458.380941066097,6480.950077111873,6503.519213157649,6526.088349203425,6548.6574852492,6571.226621294976,6593.795757340752,6616.364893386529,6638.934029432305,6661.50316547808
W137,7044.144589934294,7051.84613465762,7059.547679380946,7067.249224104274,7074.950768827599,7082.652313550926,7090.353858274251,7098.055402997578,7105.7569477209045,7113.458492444231,7121.160037167557,7128.861581890883,7136.563126614208
W138,365.2092325569109,365.2092325569109,365.2092325569109,365.2092325569109,365.2092325569109,365.2092325569109,365.2092325569109,365.2092325569109,365.2092325569109,365.2092325569109,365.2092325569109,365.2092325569109,365.2092325569109
W139,7884.303700944943,7886.096123934691,7887.888546924438,7889.680969914186,7891.473392903935,7893.265815893683,7895.058238883431,7896.850661873178,7898.643084862927,7900.435507852675,7902.227930842423,7904.020353832172,7905.812776821919
W14,2433.0901767888618,2434.6602816280365,2436.230386467211,2437.800491306385,2439.37059614556,2440.9407009847346,2442.510805823909,2444.0809106630836,2445.6510155022584,2447.221120341433,2448.7912251806074,2450.3613300197817,2451.9314348589564
W140,8247.478462484836,8248.88484240137,8250.291222317956,8251.69760223454,8253.103982151126,8254.510362067711,8255.916741984296,8257.323121900881,8258.729501817468,8260.135881734052,8261.542261650638,8262.948641567222,8264.355021483809
W141,10830.829188531805,10834.363962175114,10837.898735824134,10841.43350947315,10844.96828312217,10848.50305677119,10852.037830420208,10855.572604069226,10859.107377718245,10862.642151367263,10866.176925016282,10869.7116986653,10873.246472314318
W142,5408.344894670262,5409.984536085271,5411.610667361213,5413.22778656204,5414.8388941668745,5416.4459916757105,5418.050414209388,5419.653052373793,5421.254500256598,5422.8551541500065,5424.455278404744,5426.0550493586425,5427.654584639637
W143,11288.516725627649,11292.610305903107,11296.70274156899,11300.794033367443,11304.884182040129,11308.973188328227,11313.061052972436,11317.147776712984,11321.233360289601,11325.317804441549,11329.401109907616,11333.483277426096,11337.564307734821
W144,991.5470771455797,991.0980787764453,991.1582233277715,991.3564057889822,991.5920128392418,991.8377663765544,992.0862708111281,992.3355210640035,992.5849735217911,992.8344808010094,993.0840029433153,993.3335291152747,993.5830563797464
W145,8606.52485185812,8609.043148027142,8611.213061407003,8613.28554688506,8615.330785907938,8617.368405251997,8619.403893694807,8621.438786214847,8623.473512080544,8625.50819134008,8627.54285756585,8629.57752014663,8631.612181708058
W146,6715.725958115654,6720.203624969799,6724.681291823945,6729.15895867809,6733.6366255322355,6738.114292386381,6742.591959240526,6747.069626094672,6751.547292948817,6756.024959802962,6760.502626657108,6764.980293511253,6769.457960365398
W147,131.22314799684594,131.2231479968461,131.2231479968461,131.2231479968461,131.2231479968461,131.2231479968461,131.2231479968461,131.2231479968461,131.2231479968461,131.2231479968461,131.2231479968461,131.2231479968461,131.2231479968461
W148,232.81176247445217,232.81176247445217,232.81176247445217,232.81176247445217,232.81176247445217,232.81176247445217,232.81176247445217,232.81176247445217,232.81176247445217,232.81176247445217,232.81176247445217,232.81176247445217,232.81176247445217
W149,4400.343016157217,4395.23600914136,4391.603839354134,4388.865888312254,4386.670117213357,4384.803078979995,4383.135357040571,4381.588483939809,4380.114883532998,4378.685709599279,4377.283472187272,4375.89756684377,4374.521563909509
W15,4461.138873491286,4465.656389889034,4470.173906286782,4474.691422684529,4479.2089390822775,4483.726455480025,4488.243971877773,4492.7614882755215,4497.279004673269,4501.796521071017,4506.314037468765,4510.831553866513,4515.34907026426
W150,8022.729682449829,8022.552871959716,8022.376061469603,8022.199250979492,8022.022440489379,8021.845629999266,8021.668819509155,8021.492009019043,8021.31519852893,8021.138388038817,8020.961577548706,8020.784767058593,8020.60795656848
W151,6271.541692000989,6275.936385958567,6280.331079916145,6284.725773873724,6289.120467831304,6293.515161788881,6297.90985574646,6302.304549704039,6306.699243661617,6311.093937619197,6315.488631576775,6319.883325534353,6324.278019491932
W152,8545.697317373191,8548.610165165785,8551.523012958378,8554.435860750975,8557.348708543568,8560.261556336163,8563.174404128758,8566.087251921354,8569.000099713947,8571.91294750654,8574.825795299135,8577.73864309173,8580.651490884326
W153,2914.7494749485813,2915.236020575925,2915.722566203269,2916.209111830613,2916.6956574579576,2917.1822030853014,2917.668748712645,2918.155294339989,2918.6418399673325,2919.1283855946763,2919.6149312220205,2920.1014768493646,2920.5880224767084
W154,8592.476295703493,8571.812477951793,8551.624995815633,8531.88879632461,8512.580144174486,8493.676552424273,8475.156716838295,8457.000453681574,8439.188640786853,8421.703161721229,8404.526852889332,8387.643453418654,8371.037557680647
W155,4593.563589982116,4594.96742012116,4596.18543142028,4597.371435001008,4598.551925179342,4599.731465661557,4600.910842556453,4602.0901912730615,4603.269535135893,4604.448878162652,4605.6282210453965,4606.807563903333,4607.986906756996
W156,5453.8693581840835,5454.963412550021,5455.838255294028,5456.651569627423,5457.447614140542,5458.238811353213,5459.028648023549,5459.818102816286,5460.607450423459,5461.396767945742,5462.1860770237845,5462.975383731696,5463.764689774355
W157,1424.2670319293454,1424.785142162559,1425.3031307698127,1425.820997821237,1426.3387433869227,1426.8563675369194,1427.373870341237,1427.8912518698453,1428.4085121926728,1428.925651379608,1429.4426695004995,1429.9595666251553,1430.476342823343
W158,16544.901109709197,16561.679633210242,16578.458156711287,16595.236680212332,16612.015203713378,16628.79372721442,16645.572250715468,16662.350774216513,16679.129297717558,16695.9078212186,16712.686344719645,16729.46486822069,16746.24339172174
W159,9216.460108905796,9221.255655031404,9226.051201157014,9230.846747282621,9235.642293408231,9240.43783953384,9245.233385659449,9250.028931785058,9254.824477910668,9259.620024036276,9264.415570161886,9269.211116287495,9274.006662413105
W16,4535.476175624722,4539.836054188175,4544.195932751628,4548.555811315081,4552.915689878534,4557.275568441987,4561.63544700544,4565.995325568893,4570.355204132346,4574.7150826957995,4579.074961259253,4583.434839822706,4587.794718386159
W160,7999.623486650103,8003.674776483938,8007.726066317772,8011.777356151608,8015.828645985443,8019.879935819277,8023.931225653112,8027.982515486947,8032.0338053207815,8036.085095154617,8040.136384988452,8044.187674822287,8048.238964656121
W161,12085.872803901279,12092.061411679382,12098.250019457488,12104.438627235591,12110.627235013695,12116.8158427918,12123.004450569904,12129.193058348008,12135.381666126113,12141.570273904217,12147.75888168232,12153.947489460426,12160.13609723853
W162,4459.716231942635,4468.573623040836,4477.2892001621985,4485.86820538946,4494.315687034392,4502.636506800445,4510.835346680631,4518.916715600434,4526.884955815162,4534.744249070826,4542.498622537287,4550.151954522086,4557.707979973066
W163,3770.703005366422,3769.7443632671057,3768.785721167789,3767.8270790684724,3766.868436969156,3765.9097948698386,3764.951152770522,3763.9925106712058,3763.033868571889,3762.0752264725725,3761.116584373256,3760.157942273939,3759.1993001746227
W164,24617.158295796875,24621.244166068205,24625.327434181865,24629.410565339862,24633.493689289666,24637.57681286009,24641.659936410546,24645.74305995995,24649.826183509304,24653.90930705865,24657.992430607996,24662.075554157345,24666.158677706688
W165,3758.270778245084,3758.271509979555,3758.272234487135,3758.2729518391993,3758.273662106419,3758.274365358766,3758.2750616655226,3758.275751095285,3758.276433715975,3758.2771095948397,3758.2777787984655,3758.278441392779,3758.2790974430554
W166,2659.9326795951924,2660.522363020893,2661.1120464465944,2661.701729872295,2662.2914132979954,2662.881096723697,2663.4707801493973,2664.0604635750988,2664.6501470007993,2665.2398304265007,2665.829513852201,2666.4191972779026,2667.008880703603
W167,3032.3717866584047,3032.8054812160203,3033.239175773635,3033.6728703312506,3034.1065648888657,3034.540259446481,3034.973954004096,3035.407648561711,3035.841343119326,3036.275037676942,3036.7087322345565,3037.142426792172,3037.5761213497867
W168,3589.6634639744575,3590.9653705206206,3592.2672770667837,3593.5691836129467,3594.8710901591107,3596.172996705274,3597.474903251437,3598.7768097976004,3600.0787163437635,3601.3806228899266,3602.6825294360897,3603.9844359822528,3605.286342528416
W169,1658.655705204775,1659.0116200009488,1659.3675347971227,1659.7234495932964,1660.0793643894704,1660.4352791856443,1660.791193981818,1661.147108777992,1661.5030235741654,1661.8589383703393,1662.2148531665132,1662.570767962687,1662.9266827588608
W17,12036.740083371586,12037.158270423717,12037.579638372104,12038.00410601712,12038.431594231944,12038.86202590965,12039.295325911635,12039.731421017388,12040.170239875517,12040.611712956032,12041.055772503858,12041.502352493524,12041.951388585005
W170,3595.5471140855047,3596.80922817101,3598.071342256515,3599.33345634202,3600.5955704275243,3601.85768451303,3603.1197985985345,3604.3819126840394,3605.644026769545,3606.9061408550497,3608.1682549405546,3609.43036902606,3610.692483111565
W171,6056.210434316417,6057.3348688221495,6058.448348532013,6059.561473189748,6060.674586340007,6061.787699117304,6062.900811882512,6064.013924647329,6065.127037412133,6066.240150176937,6067.353262941739,6068.466375706543,6069.579488471347
W172,3656.1208601859485,3658.5166109162224,3660.9123616464967,3663.308112376771,3665.703863107045,3668.0996138373193,3670.4953645675937,3672.8911152978676,3675.286866028142,3677.6826167584163,3680.07836748869,3682.4741182189646,3684.8698689492394
W173,3352.7880095119313,3348.8638820436013,3346.8661447113404,3345.8491149433426,3345.3313544088173,3345.0677672656007,3344.9335774665797,3344.865262669653,3344.8304842325947,3344.8127788490087,3344.8037652004823,3344.799176434621,3344.7968403359737
W174,2812.614011585712,2812.9462104852573,2813.278409389072,2813.6106082928873,2813.9428071967027,2814.275006100517,2814.6072050043326,2814.9394039081476,2815.2716028119626,2815.6038017157775,2815.936000619593,2816.2681995234084,2816.6003984272234
W175,3251.0645109468583,3253.6433188187043,3256.222126690551,3258.8009345623964,3261.379742434243,3263.9585503060894,3266.537358177935,3269.1161660497814,3271.6949739216275,3274.273781793474,3276.8525896653196,3279.431397537166,3282.0102054090125
W176,2516.1204483985653,2516.516662249694,2516.912876100822,2517.30908995195,2517.705303803079,2518.1015176542073,2518.497731505335,2518.893945356464,2519.2901592075923,2519.6863730587206,2520.0825869098485,2520.4788007609773,2520.8750146121056
W177,6587.021215697022,6587.388809267383,6587.756402837743,6588.123996408103,6588.491589978464,6588.859183548823,6589.226777119184,6589.594370689545,6589.9619642599055,6590.329557830265,6590.697151400626,6591.064744970987,6591.432338541347
W178,1495.5741806332123,1495.7974127327382,1496.019895843552,1496.2416365473655,1496.462641368055,1496.6829167721673,1496.902469169425,1497.1213049132264,1497.339430301138,1497.5568515753876,1497.7735749233495,1497.9896064780266,1498.2049523185287
W179,2714.2294469296708,2715.0294165669297,2715.8076510016945,2716.5678865144364,2717.313217119157,2718.046204968972,2718.768971782973,2719.4832745568224,2720.190568258697,2720.892057747799,2721.58874076808,2722.2814435513446,2722.970850300184
W18,4321.9879897385,4315.013769910537,4308.085963956087,4301.203867110482,4294.366785310448,4287.574035031616,4280.82494312849,4274.118846676855,4267.455092818574,4260.83303860873,4254.252050865119,4247.711506019995,4241.210789974085
W180,7251.009439838933,7252.234022141148,7253.447478307976,7254.660583650814,7255.873677931638,7257.086771863659,7258.299865784683,7259.512959705359,7260.726053626025,7261.939147546688,7263.152241467355,7264.365335388019,7265.578429308684
W181,8791.810806310428,8795.269970482701,8798.729134654972,8802.188298827243,8805.647462999515,8809.106627171786,8812.56579134406,8816.02495551633,8819.484119688603,8822.943283860872,8826.402448033145,8829.861612205415,8833.320776377688
W182,1349.8075035403845,1348.491607784889,1347.1757120163513,1345.8598162478131,1344.543920479275,1343.2280247107367,1341.9121289421983,1340.59623317366,1339.2803374051218,1337.9644416365836,1336.6485458680454,1335.332650099507,1334.0167543309688
W183,6076.254612098336,6077.287929490384,6078.321246882431,6079.354564274479,6080.3878816665265,6081.421199058573,6082.454516450621,6083.487833842668,6084.521151234716,6085.554468626763,6086.587786018809,6087.621103410856,6088.6544208029045
W184,4604.152766394046,4607.57166920759,4610.990572021135,4614.40947483468,4617.828377648225,4621.247280461769,4624.666183275315,4628.085086088859,4631.503988902404,4634.922891715949,4638.341794529493,4641.760697343038,4645.179600156583
W185,4063.566779965308,4065.80275649093,4068.038733016551,4070.2747095421723,4072.510686067794,4074.7466625934153,4076.9826391190363,4079.2186156446573,4081.454592170279,4083.6905686959,4085.926545221522,4088.162521747143,4090.3984982727648
W186,1739.3261322156607,1738.3169275955097,1737.3213914366406,1736.3358657364445,1735.3576714600847,1734.3848465456313,1733.4159540252024,1732.4499414974116,1731.4860382083043,1730.5236796758627,1729.56245248677,1728.6020538668636,1727.6422620714875
W187,921.3038126602906,919.6688598440381,918.4028738175615,917.2905512697258,916.2422249007399,915.2205509994943,914.2099770427991,913.2040258763918,912.1999999619483,911.1967758565625,910.1938856803336,909.1911345754717,908.1884413896167
W188,2238.7909596160534,2238.1697294356277,2237.5066770375265,2236.8414234700736,2236.1760540516016,2235.510678535708,2234.8453026988973,2234.1799268451964,2233.5145509906065,2232.84917513597,2232.183799281331,2231.518423426692,2230.8530475720527
W189,1996.594831156254,1996.594831156254,1996.594831156254,1996.594831156254,1996.594831156254,1996.594831156254,1996.594831156254,1996.594831156254,1996.594831156254,1996.594831156254,1996.594831156254,1996.594831156254,1996.594831156254
W19,2582.106554625534,2582.106554625534,2582.106554625534,2582.106554625534,2582.106554625534,2582.106554625534,2582.106554625534,2582.106554625534,2582.106554625534,2582.106554625534,2582.106554625534,2582.106554625534,2582.106554625534
W190,446.9626562005316,446.1943754663505,445.53287773282574,444.91771961744615,444.32267107191007,443.7363492879549,443.15381457494567,442.5729233016266,441.99274521642946,441.4128766267983,440.83314234605774,440.2534663500878,439.6738156474137
W191,6498.335225177309,6498.335225177309,6498.335225177309,6498.335225177309,6498.335225177309,6498.335225177309,6498.335225177309,6498.335225177309,6498.335225177309,6498.335225177309,6498.335225177309,6498.335225177309,6498.335225177309
W192,1154.1746935766182,1154.2605710207329,1154.2778210035121,1154.2812859634787,1154.281981961134,1154.2821217644048,1154.2821498463306,1154.2821554870752,1154.2821566201171,1154.2821568477084,1154.2821568934241,1154.2821569026069,1154.2821569044515
W193,5986.16990986868,5987.783963556444,5989.127099015382,5990.453875955212,5991.77966513889,5993.105394680115,5994.431120620023,5995.756846342477,5997.082572051801,5998.408297760332,5999.734023468816,6001.059749177297,6002.3854748857775
W194,479.8697218022532,477.94848429493805,476.0354298770157,474.13047187529446,472.2335245346034,470.3445030080682,468.46332334749104,466.5899024938321,464.7241582677913,462.86600936049103,461.01537532425647,459.1721765634939,457.336334325666
W195,940.503454396674,937.0085263691402,935.5297541557461,934.9935081548966,934.8978807089742,935.0082366175324,935.2148870235618,935.4665538352446,935.7392652219675,936.0218146695526,936.308963280644,936.598261939926,936.8885657183381
W196,9623.28331976862,9603.67266760272,9590.499296531927,9581.81269549201,9576.253362783618,9572.87372886748,9571.013339966887,9570.211861327409,9570.148440690173,9570.599444773032,9571.409001695696,9572.468469118197,9573.702123580932
W197,3334.3518624111543,3311.3091429076453,3290.498771805127,3271.273679046401,3253.1743547502424,3235.8744828885865,3219.1423336237917,3202.8133464898233,3186.7706606315637,3170.931288562488,3155.2362976065233,3139.6438373539954,3124.1241881840288
W198,2380.0206733720647,2377.8803390344797,2376.0362061759724,2374.430399209152,2373.0163510101297,2371.7565933280425,2370.6209789322816,2369.5852511390535,2368.6298928419205,2367.7392004332933,2366.900538674843,2366.103741160747,2365.340627926003
W199,758.6666127093232,744.1795444097185,730.5638286087816,717.705963320249,705.5072312757584,693.8817740741166,682.7549171910206,672.0617131722618,661.7456745899318,651.7576720431853,642.0549757049295,632.6004217162135,623.3616871657104
W2,3469.3698566298667,3469.808238397756,3470.4330522905984,3471.0706092143773,3471.709037151333,3472.3475246238863,3472.9860161658235,3473.6245079859114,3474.2629998250122,3474.9014916654123,3475.5399835059015,3476.178475346396,3476.8169671868914
W20,4120.097252079674,4120.2263519591515,4120.355451856275,4120.484551753401,4120.613651650528,4120.742751547653,4120.87185144478,4121.000951341905,4121.130051239033,4121.259151136158,4121.388251033284,4121.51735093041,4121.646450827537
W200,1643.843522913715,1622.125804575293,1602.710707680152,1584.8899106813744,1568.172982565153,1552.2203563927853,1536.7969212055148,1521.7398897686992,1506.9365506889505,1492.3088643200538,1477.8027972036514,1463.3809373989682,1449.0173814499794
W201,1892.3946266246724,1886.8919120125058,1883.4100993264685,1881.2627552624626,1879.9966051248712,1879.3123365865401,1879.012303782715,1878.965994588398,1879.0872275153395,1879.3190940662068,1879.6240156712372,1879.9771779534624,1880.362195156102
W202,4129.628835337935,4127.470981322218,4126.892650509249,4126.73765090001,4126.696109141685,4126.684975451135,4126.6819914882435,4126.681191750322,4126.680977410947,4126.680919965417,4126.680904569325,4126.680900442988,4126.68089933708
W203,5437.760802185985,5432.136845839708,5431.268265237512,5431.6052209140325,5432.247792339447,5432.967840475948,5433.707529749344,5434.452198251375,5435.198129038678,5435.944379828179,5436.690711741502,5437.437064220542,5438.183421913201
W204,7309.103794553266,7310.540069021944,7311.957288007568,7313.369129164702,7314.779452593884,7316.189347690674,7317.599121903721,7319.008862001022,7320.418592470193,7321.828320222121,7323.238047207188,7324.647773975831,7326.057500683397
W205,12681.625718352896,12740.42693346862,12798.659616590265,12856.338461000438,12913.477780244895,12970.091517946532,13026.193257365792,13081.79623071394,13136.913328225675,13191.55710699726,13245.739799596226,13299.473322448583,13352.769284009257
W206,1017.0922641043858,1017.3321210176535,1017.5719779309212,1017.811834844189,1018.0516917574568,1018.2915486707244,1018.5314055839922,1018.77126249726,1019.0111194105276,1019.2509763237953,1019.4908332370629,1019.7306901503307,1019.9705470635985
W207,11078.738889817878,11174.86333173907,11264.021124184917,11347.780976235657,11427.358364303933,11503.695070985565,11577.520813820583,11649.400996852966,11719.773709775522,11788.978395825323,11857.278064411375,11924.876502033658,11991.931607748827
W208,26652.762155672594,26660.563254252116,26668.364352831642,26676.16545141117,26683.966549990688,26691.76764857021,26699.568747149737,26707.369845729263,26715.170944308786,26722.972042888305,26730.773141467827,26738.574240047357,26746.37533862688
W209,4186.733857413899,4188.013803666264,4189.293749918627,4190.573696170993,4191.853642423357,4193.1335886757215,4194.413534928085,4195.693481180449,4196.973427432814,4198.253373685177,4199.533319937542,4200.813266189906,4202.09321244227
W21,1966.032795371152,1966.0333438681184,1966.0338923650852,1966.0344408620522,1966.034989359019,1966.0355378559855,1966.0360863529522,1966.0366348499192,1966.037183346886,1966.0377318438525,1966.0382803408193,1966.038828837786,1966.0393773347525
W210,8027.608981892946,8034.138989131266,8040.119099463972,8045.625045800744,8050.722130962375,8055.466664133611,8059.907199484832,8064.085604208259,8068.037979462047,8071.795454480124,8075.384871315604,8078.829375279973,8082.148924065783
W211,19067.088339698294,19178.73667939659,19290.385019094883,19402.03335879318,19513.681698491473,19625.330038189768,19736.978377888063,19848.626717586358,19960.275057284653,20071.923396982947,20183.571736681242,20295.220076379537,20406.86841607783
W212,5449.302530130232,5450.5930953651405,5451.8836606000505,5453.174225834959,5454.464791069869,5455.755356304777,5457.045921539687,5458.336486774595,5459.627052009505,5460.917617244413,5462.208182479323,5463.498747714231,5464.789312949141
W213,3232.2303105899896,3220.1440525767703,3209.9138228294573,3201.1854121885735,3193.6722096724084,3187.142301868675,3181.4080343111104,3176.317564989537,3171.7480298095693,3167.6000123733925,3163.7930691616507,3160.2621087010207,3156.954461740664
W214,1825.9386761382336,1827.7617547654638,1828.486933858739,1828.9231920220261,1829.2834183616317,1829.6236363265846,1829.9585889297869,1830.2921559114754,1830.6253582559239,1830.9584646432038,1831.2915457785973,1831.6246202687573,1831.9576930101719
W215,2364.750776837929,2365.960683598231,2367.157572967168,2368.345159599488,2369.5260981326496,2370.7022856743306,2371.8750779718207,2373.0454438951183,2374.21407583659,2375.3814686068804,2376.5479758170163,2377.713850171255,2378.879272261937
W216,3146.8346068970736,3148.031420044435,3149.2282331917954,3150.425046339156,3151.6218594865168,3152.818672633877,3154.0154857812377,3155.2122989285986,3156.409112075959,3157.6059252233194,3158.802738370681,3159.9995515180412,3161.1963646654017
W217,9819.760835094665,9819.760835094665,9819.760835094665,9819.760835094665,9819.760835094665,9819.760835094665,9819.760835094665,9819.760835094665,9819.760835094665,9819.760835094665,9819.760835094665,9819.760835094665,9819.760835094665
W218,9774.508857793442,9774.586052482082,9774.66324717072,9774.740441859358,9774.817636547996,9774.894831236634,9774.972025925272,9775.04922061391,9775.126415302548,9775.203609991186,9775.280804679824,9775.357999368462,9775.4351940571
W219,1050.6240544829427,1050.6240544829427,1050.6240544829427,1050.6240544829427,1050.6240544829427,1050.6240544829427,1050.6240544829427,1050.6240544829427,1050.6240544829427,1050.6240544829427,1050.6240544829427,1050.6240544829427,1050.6240544829427
W22,3595.27978010792,3595.2813213622508,3595.2828626165815,3595.284403870912,3595.2859451252425,3595.2874863795732,3595.2890276339035,3595.2905688882342,3595.292110142565,3595.293651396895,3595.2951926512255,3595.2967339055563,3595.2982751598865
W220,1790.9969911131702,1790.9872686839972,1790.9775462548248,1790.9678238256517,1790.958101396479,1790.948378967306,1790.938656538133,1790.9289341089607,1790.9192116797876,1790.9094892506148,1790.8997668214422,1790.8900443922691,1790.8803219630965
W221,7590.512265803038,7599.744579633913,7606.359325376176,7611.270877629243,7615.074199661197,7618.156420872377,7620.769437775813,7623.077153844658,7625.18621743299,7627.166022259,7629.0617212757425,7630.902694508131,7632.708058886635
W222,7929.566992709763,7931.736470606896,7933.715773863284,7935.686661466541,7937.657176658329,7939.627675370077,7941.598173352545,7943.568671302742,7945.539169251511,7947.5096672002155,7949.480165148918,7951.45066309762,7953.421161046322
W223,27650.002070104485,27656.74182311323,27663.48157612197,27670.221329130713,27676.96108213945,27683.700835148193,27690.440588156936,27697.180341165673,27703.920094174417,27710.659847183157,27717.399600191897,27724.139353200637,27730.87910620938
W224,1683.5271796971617,1660.850331567558,1639.443931266098,1619.1005932208725,1599.6467851001323,1580.937301671492,1562.8506407382158,1545.2851338991802,1528.155708916476,1511.3911805881837,1494.931983854105,1478.7282769451522,1462.738354171153
W225,1922.0151019117122,1922.0151019117122,1922.0151019117122,1922.0151019117122,1922.0151019117122,1922.0151019117122,1922.0151019117122,1922.0151019117122,1922.0151019117122,1922.0151019117122,1922.0151019117122,1922.0151019117122,1922.0151019117122
W226,2873.8538441282058,2847.210024657685,2822.2243869305644,2798.4687671197303,2775.6255587984124,2753.4591655991994,2731.79482516321,2710.502901017621,2689.4872304921987,2668.6764813534687,2648.01774026697,2627.471756800925,2607.0094154892504
W227,1304.1976363230713,1302.2765234859842,1300.8880878208222,1299.912656483876,1299.2574426897775,1298.8505054093678,1298.6360660998714,1298.570877592456,1298.6214087563503,1298.7616616647258,1298.9714791626106,1299.2352326616458,1299.5408047387916
W228,7899.471488543568,7902.643853786855,7904.647452887878,7905.912883899051,7906.712103485054,7907.216873749899,7907.535676022432,7907.737024826137,7907.864192491635,7907.94450891195,7907.995235072148,7908.027272647011,7908.047506904819
W229,465.3785190342398,458.0742286621136,451.1352141381917,444.5038003285469,438.13141869934606,431.9771694326243,426.0066105764113,420.19073838167924,414.5051286387207,408.92921359199244,403.4456730263003,398.0399214972701,392.69967652542874
W23,759.511214067899,759.5174224122737,759.5236307566483,759.5298391010232,759.5360474453978,759.5422557897724,759.5484641341471,759.5546724785218,759.5608808228964,759.5670891672711,759.5732975116458,759.5795058560203,759.5857142003952
W230,3077.9093971248035,3077.909397138124,3077.9093971381244,3077.9093971381244,3077.9093971381244,3077.9093971381244,3077.9093971381244,3077.9093971381244,3077.9093971381244,3077.9093971381244,3077.9093971381244,3077.9093971381244,3077.9093971381244
W231,559.6321157141606,565.1646400864798,570.4473713924097,575.5066036389384,580.3658630428453,585.0461993770376,589.566446648854,593.9434563385445,598.1923060863329,602.3264864124193,606.3580677822462,610.2978500859459,614.1554963831111
W232,1910.294884703326,1909.430529638853,1908.7235640085025,1908.1453289485833,1907.672384055415,1907.285557161859,1906.9691671389621,1906.7103882167721,1906.4987300552518,1906.3256124884913,1906.18401770327,1906.068205752021,1905.9734818677262
W233,1018.2925100873317,1016.9539035034587,1015.9835863674762,1015.2802315836851,1014.7703900756496,1014.4008207355299,1014.1329306265371,1013.9387448467514,1013.7979852001454,1013.6959526098368,1013.6219921407956,1013.5683803392695,1013.5295186973664
W234,1882.082725806463,1881.7665179162975,1881.6226368630578,1881.557168042939,1881.527378391618,1881.5138234913736,1881.5076557347031,1881.504849279351,1881.5035722848022,1881.502991226181,1881.5027268326319,1881.5026065281627,1881.5025517871702
W235,396.3340791474174,393.2869012604646,390.3468791611126,387.4958266947515,384.7186442056611,382.00279470580045,379.337868946637,376.7152243056641,374.1276849600005,371.5692929456165,369.03510146603,366.52100328002416,364.02358821487866
W236,3238.9804851341382,3235.371341160833,3232.873871198442,3231.145661889205,3229.9497686606537,3229.122229654555,3228.549585884808,3228.1533255458817,3227.8791197228184,3227.689373674537,3227.558072440901,3227.467214085165,3227.4043415547353
W237,1079.315507475101,1079.2167589928197,1079.193246994336,1079.1876487911038,1079.1863158597728,1079.1859984890275,1079.1859229231015,1079.1859049308662,1079.1859006469178,1079.1858996269104,1079.1858993840467,1079.185899326221,1079.1858993124526
W238,371.04780604156673,371.12612974674585,371.12901383559887,371.0699251456663,370.9599265293917,370.8081059930594,370.6219292295038,370.40752921968425,370.16994413705424,369.9133127832685,369.64103513637446,369.355904239307,369.06021454477394
W239,3756.7734337220513,3754.1035585516547,3751.9645498095065,3750.250852311692,3748.877899010405,3747.777937803763,3746.8966881247075,3746.190662319301,3745.625019630574,3745.1718468869444,3744.8087810511047,3744.517905655339,3744.2848666648583
W24,6756.273513249827,6756.273513249827,6756.273513249827,6756.273513249827,6756.273513249827,6756.273513249827,6756.273513249827,6756.273513249827,6756.273513249827,6756.273513249827,6756.273513249827,6756.273513249827,6756.273513249827
W240,2537.6056187187746,2541.2544306916075,2544.416157450107,2547.1558781894205,2549.5299769082108,2551.5873041692194,2553.370183637608,2554.9152841362597,2556.25437518623,2557.4149815998458,2558.4209506139728,2559.292943248905,2560.048860017056
W241,987.4377855716752,984.2402484947291,981.2611051814201,978.465872405911,975.8255116622332,973.3155694716767,970.915453431117,968.6078225695019,966.3780739638402,964.2139104158235,962.1049763900342,960.0425514355942,958.0192920149219
W242,1482.8839827904328,1482.8839827904328,1482.8839827904328,1482.8839827904328,1482.8839827904328,1482.8839827904328,1482.8839827904328,1482.8839827904328,1482.8839827904328,1482.8839827904328,1482.8839827904328,1482.8839827904328,1482.8839827904328
W243,1202.8953063400916,1223.8756574680094,1243.8557490664916,1262.9557893237168,1281.2815401685873,1298.9260533788126,1315.9711980487325,1332.4890044906413,1348.542846630087,1364.1884823044475,1379.4749685415507,1394.445466842854,1409.1379516901106
W244,778.6297912340891,782.5910576330025,786.3738681286219,789.9970075528732,793.477283386953,796.8297339035108,800.0678143991281,803.2035638233773,806.2477538679815,809.210022362377,812.0989926276385,814.9223802668325,817.6870887142823
W245,2324.7493561232973,2323.750348158923,2322.952452219836,2322.315300715871,2321.80662871673,2321.4006475705987,2321.076744973157,2320.818445961208,2320.6125824576634,2320.4486295070387,2320.318174743036,2320.2144943456,2320.1322141126907
W246,1092.9601606792555,1086.2625451261904,1079.9315585715783,1073.9062080394854,1068.1356474412376,1062.5774895233205,1057.196398642279,1051.962917647794,1046.8524899273332,1041.8446441449873,1036.9223146084385,1032.0712747007412,1027.2796645672881
W247,4206.716673815327,4242.438241698033,4275.635946320091,4306.6731163439745,4335.860776601352,4363.465177613864,4389.71424118408,4414.803078096241,4438.8987115034715,4462.144120348664,4484.661700705228,4506.556228832408,4527.917397676997
W248,16777.029724218508,16796.293351081546,16815.556799664802,16834.82006997158,16854.08316200519,16873.346075768928,16892.608811266095,16911.871368499997,16931.13374747393,16950.395948191206,16969.657970655124,16988.91981486898,17008.181480836083
W249,21263.25573982127,21269.644090474565,21276.032441127856,21282.420791781147,21288.809142434442,21295.197493087737,21301.58584374103,21307.974194394323,21314.362545047614,21320.75089570091,21327.1392463542,21333.527597007498,21339.91594766079
W25,1303.9233263881888,1303.9233263881888,1303.9233263881888,1303.9233263881888,1303.9233263881888,1303.9233263881888,1303.9233263881888,1303.9233263881888,1303.9233263881888,1303.9233263881888,1303.9233263881888,1303.9233263881888,1303.9233263881888
W250,3288.361132143569,3291.2613853251846,3294.1607072797538,3297.059098613287,3299.9565599314033,3302.8530918393258,3305.7486949418817,3308.643369843508,3311.537117148246,3314.4299374597454,3317.321831381263,3320.212799515662,3323.102842465413
W251,6728.4427793718,6721.1484145875775,6714.097014071088,6707.270191538103,6700.650952083678,6694.2235868897305,6687.973575900612,6681.887497863684,6675.952947177579,6670.158457032933,6664.49342836945,6658.948064209116,6653.51330895875
W252,8653.256765188426,8661.083302057103,8668.905849073833,8676.724410354393,8684.53899001032,8692.349592148907,8700.156220873212,8707.958880282056,8715.757574470037,8723.55230752753,8731.343083540685,8739.129906591439,8746.912780757522
W253,12310.923741919016,12313.317457535535,12316.041259313351,12318.8091736556,12321.582983180888,12324.35758053576,12327.132283175815,12329.906999886138,12332.6817184768,12335.456437318755,12338.231156194292,12341.005875074314,12343.780593954938
W254,5949.037246594563,5955.841277223125,5962.645307851687,5969.449338480249,5976.25336910881,5983.057399737373,5989.861430365935,5996.665460994497,6003.469491623059,6010.273522251621,6017.077552880185,6023.881583508745,6030.685614137307
W255,1919.6299019961098,1917.67507543981,1915.93890052532,1914.317805422309,1912.7572786411292,1911.2286299240707,1909.7167591354973,1908.2137188356003,1906.7153261613228,1905.2193796057916,1903.7247204811802,1902.2307389517894,1900.7371140514624
W256,2642.8760249054144,2643.705727746486,2644.5354305875576,2645.3651334286296,2646.194836269701,2647.024539110773,2647.854241951845,2648.6839447929165,2649.513647633988,2650.3433504750597,2651.1730533161312,2652.002756157203,2652.832458998275
W257,4015.358984655934,4013.325561154954,4011.287277243096,4009.2475567304377,4007.207411598975,4005.167140962132,4003.1268332294276,4001.0865145322296,3999.046192594235,3997.005869698353,3994.965546519346,3992.9252232566555,3990.884899969229
W258,2125.7343245937573,2125.968545203285,2126.2026624822374,2126.436677080157,2126.6705896425065,2126.904400810689,2127.1381112220765,2127.371721510034,2127.6052323039457,2127.8386442292394,2128.0719579074107,2128.3051739560487,2128.538292988861
W259,6313.803216484453,6316.139424553729,6318.475632623005,6320.81184069228,6323.148048761556,6325.484256830833,6327.820464900108,6330.156672969384,6332.49288103866,6334.829089107935,6337.165297177212,6339.501505246488,6341.837713315763
W26,2739.2008790956875,2739.2008790956875,2739.2008790956875,2739.2008790956875,2739.2008790956875,2739.2008790956875,2739.2008790956875,2739.2008790956875,2739.2008790956875,2739.2008790956875,2739.2008790956875,2739.2008790956875,2739.2008790956875
W260,632.8470639453311,622.0749080651129,611.3444325795707,600.6246203202977,589.9075360676896,579.1911497295938,568.4749419411597,557.7587798316463,547.0426294083146,536.3264819746954,525.6103353059439,514.8941888328708,504.1780424098586
W261,4653.440305845012,4650.877148660542,4648.313991476073,4645.7508342916035,4643.187677107135,4640.624519922666,4638.061362738196,4635.4982055537275,4632.935048369258,4630.371891184789,4627.808734000319,4625.24557681585,4622.682419631381
W262,4381.071102096624,4379.879550062194,4378.729920166055,4377.619777434481,4376.546828324911,4375.5089125111745,4374.503995145849,4373.530159572052,4372.585600458544,4371.668617333579,4370.777608494325,4369.911065270043,4369.067566618481
W263,2381.0332796020625,2381.133576370898,2381.233873139734,2381.334169908569,2381.434466677405,2381.534763446241,2381.635060215076,2381.735356983912,2381.8356537527475,2381.935950521583,2382.0362472904185,2382.1365440592544,2382.2368408280895
W264,4008.496901159621,4008.496902119461,4008.496902119679,4008.496902119679,4008.496902119679,4008.496902119679,4008.496902119679,4008.496902119679,4008.496902119679,4008.496902119679,4008.496902119679,4008.496902119679,4008.496902119679
W265,2195.618176535774,2195.5573019340027,2195.5454877958123,2195.5431949863787,2195.54275001316,2195.5426636557145,2195.5426468960354,2195.542643643428,2195.542643012184,2195.5426428896762,2195.5426428659007,2195.5426428612864,2195.542642860391
W266,2184.4165499873097,2184.418123244353,2184.418210365336,2184.4182151897644,2184.418215456923,2184.418215471717,2184.4182154725363,2184.418215472582,2184.418215472584,2184.4182154725845,2184.4182154725845,2184.4182154725845,2184.4182154725845
W267,3221.941627384686,3221.6693856232437,3221.5462447083887,3221.4905453739775,3221.4653513443773,3221.453955532664,3221.4488009572883,3221.4464694298836,3221.445414828943,3221.4449378098266,3221.4447220436264,3221.4446244478454,3221.4445803031344
W268,1369.9889085729176,1369.9885767806438,1369.9885730737988,1369.9885730323851,1369.9885730319222,1369.9885730319172,1369.9885730319172,1369.9885730319172,1369.9885730319172,1369.9885730319172,1369.9885730319172,1369.9885730319172,1369.9885730319172
W269,1316.7404806439624,1316.7404806439642,1316.7404806439642,1316.7404806439642,1316.7404806439642,1316.7404806439642,1316.7404806439642,1316.7404806439642,1316.7404806439642,1316.7404806439642,1316.7404806439642,1316.7404806439642,1316.7404806439642
W27,1795.2248696472755,1795.226728254247,1795.2285868612187,1795.2304454681896,1795.232304075161,1795.2341626821324,1795.2360212891035,1795.2378798960751,1795.239738503046,1795.2415971100174,1795.243455716989,1795.24531432396,1795.2471729309316
W270,8000.726182417283,8002.5824635124745,8004.380713662246,8006.177702495505,8007.9746639137475,8009.771624736117,8011.568585545535,8013.365546354672,8015.162507163802,8016.959467972933,8018.756428782064,8020.553389591194,8022.350350400325
W271,7726.456020143439,7728.185084103238,7729.914148063039,7731.643212022839,7733.372275982639,7735.101339942438,7736.830403902238,7738.55946786204,7740.28853182184,7742.017595781639,7743.746659741439,7745.475723701241,7747.20478766104
W272,979.6872989460134,979.7836117069796,979.8789790299102,979.9734399782383,980.0670320013814,980.1597910014299,980.2517513970771,980.342946184912,980.4334069981759,980.5231641630941,980.6122467528786,980.7006826394999,980.788498543319
W273,6496.820831317332,6515.793465495034,6534.724279178594,6553.61347427722,6572.461251725304,6591.267811487122,6610.033352561531,6628.758072986614,6647.442169844334,6666.08583926514,6684.68927643256,6703.252675587785,6721.776230034204
W274,829.891203601867,830.0349519042894,830.0678428548086,830.075368610646,830.0770905736794,830.0774845748603,830.0775747260004,830.0775953534209,830.077600073167,830.0776011530887,830.0776014001849,830.0776014567227,830.0776014696593
W275,8670.165989583084,8671.728113754505,8673.290237925925,8674.852362097345,8676.414486268764,8677.976610440184,8679.538734611604,8681.100858783024,8682.662982954445,8684.225107125865,8685.787231297285,8687.349355468705,8688.911479640125
W276,11281.754814622933,11300.197651261087,11318.611507723064,11337.002895327896,11355.376862419529,11373.737323070758,11392.087311933334,11410.4291818279,11428.764756939046,11447.095451590236,11465.422362332147,11483.74633934044,11502.068041771754
W277,3152.0275605624206,3152.0275563113137,3152.0275563090922,3152.027556309091,3152.027556309091,3152.027556309091,3152.027556309091,3152.027556309091,3152.027556309091,3152.027556309091,3152.027556309091,3152.027556309091,3152.027556309091
W278,1324.5655174280557,1324.5655174280557,1324.5655174280557,1324.5655174280557,1324.5655174280557,1324.5655174280557,1324.5655174280557,1324.5655174280557,1324.5655174280557,1324.5655174280557,1324.5655174280557,1324.5655174280557,1324.5655174280557
W279,1271.4603947340838,1271.8112439712222,1272.0948407143771,1272.3584347305002,1272.6160793897295,1272.8719545478607,1273.1273034080752,1273.382495732927,1273.6376414998902,1273.8927734192662,1274.1479012199923,1274.4030277957193,1274.6581540070983
W28,4864.416307408619,4864.419565602258,4864.422823795897,4864.426081989536,4864.429340183176,4864.432598376814,4864.435856570452,4864.439114764092,4864.442372957731,4864.44563115137,4864.448889345009,4864.452147538648,4864.4554057322875
W280,5397.423219136309,5398.427865778957,5399.432512421606,5400.437159064255,5401.441805706902,5402.446452349552,5403.451098992199,5404.455745634848,5405.460392277497,5406.465038920145,5407.4696855627935,5408.474332205442,5409.47897884809
W281,1768.9295278662141,1768.9295278662141,1768.9295278662141,1768.9295278662141,1768.9295278662141,1768.9295278662141,1768.9295278662141,1768.9295278662141,1768.9295278662141,1768.9295278662141,1768.9295278662141,1768.9295278662141,1768.9295278662141
W282,2141.2669879842774,2137.3148136766818,2133.9638512228557,2131.0086334826137,2128.313912732488,2125.7906628309447,2123.380282762946,2121.0441987017016,2118.757019617511,2116.5020319913174,2114.2682342322964,2112.0483845979884,2109.837716247424
W283,343.98907911331895,344.3774708814781,344.74815760183054,345.1039765742683,345.44731041080223,345.78015990098885,346.104205200402,346.42085721342374,346.73130074175054,347.03653071819184,347.3373826338664,347.63455808932787,347.92864625102646
W284,567.8451458092917,567.868205239485,567.8912646697693,567.9143241000537,567.937383530338,567.9604429606223,567.9835023909067,568.006561821191,568.0296212514754,568.0526806817599,568.0757401120442,568.0987995423285,568.1218589726128
W285,698.2866781355577,698.2866781355577,698.2866781355577,698.2866781355577,698.2866781355577,698.2866781355577,698.2866781355577,698.2866781355577,698.2866781355577,698.2866781355577,698.2866781355577,698.2866781355577,698.2866781355577
W286,10681.037599437519,10688.604659714345,10696.662050944451,10704.833785663406,10713.032184889986,10721.236802187872,10729.442869518562,10737.649274991903,10745.855759318947,10754.062262034402,10762.268769037972,10770.475277041516,10778.68178527825
W287,2209.5665202728965,2209.566520273676,2209.566520273676,2209.566520273676,2209.566520273676,2209.566520273676,2209.566520273676,2209.566520273676,2209.566520273676,2209.566520273676,2209.566520273676,2209.566520273676,2209.566520273676
W288,7822.915726704366,7824.766240359614,7826.548805624409,7828.305564382473,7830.052521940163,7831.795757044068,7833.537578376017,7835.278862763455,7837.019943221673,7838.76094622845,7840.501919819503,7842.242882238589,7843.983840414611
W289,9924.084787984119,9925.579925684464,9927.096032202042,9928.616553207461,9930.138003578742,9931.659649605994,9933.181336823975,9934.703032713689,9936.22473042903,9937.746428528715,9939.268126709316,9940.78982490695,9942.311523108168
W29,709.8963429153864,709.8963429153864,709.8963429153864,709.8963429153864,709.8963429153864,709.8963429153864,709.8963429153864,709.8963429153864,709.8963429153864,709.8963429153864,709.8963429153864,709.8963429153864,709.8963429153864
W290,15659.04685581343,15662.821331277722,15666.595806691737,15670.37028210575,15674.144757519762,15677.919232933775,15681.693708347788,15685.468183761799,15689.242659175812,15693.017134589825,15696.791610003836,15700.56608541785,15704.340560831863
W291,8341.886881758597,8345.434095896473,8348.981310034347,8352.528524172221,8356.075738310095,8359.622952447971,8363.170166585847,8366.71738072372,8370.264594861595,8373.81180899947,8377.359023137344,8380.906237275218,8384.453451413092
W292,18289.943203744475,18294.069026876987,18298.19485000949,18302.320673142,18306.446496274508,18310.572319407012,18314.69814253952,18318.82396567203,18322.949788804533,18327.07561193704,18331.20143506955,18335.327258202055,18339.453081334563
W293,1675.0703860837727,1675.3438206353887,1675.6172551870052,1675.8906897386214,1676.1641242902376,1676.437558841854,1676.71099339347,1676.9844279450865,1677.2578624967027,1677.5312970483192,1677.8047315999354,1678.0781661515518,1678.3516007031678
W294,1513.1319066965968,1513.294777926815,1513.4576491478153,1513.6205203688153,1513.7833915898154,1513.9462628108151,1514.109134031815,1514.2720052528155,1514.4348764738152,1514.5977476948149,1514.760618915815,1514.9234901368152,1515.086361357815
W295,2944.23439647432,2944.23439647432,2944.23439647432,2944.23439647432,2944.23439647432,2944.23439647432,2944.23439647432,2944.23439647432,2944.23439647432,2944.23439647432,2944.23439647432,2944.23439647432,2944.23439647432
W296,2991.6537308060083,2991.6537308060083,2991.6537308060083,2991.6537308060083,2991.6537308060083,2991.6537308060083,2991.6537308060083,2991.6537308060083,2991.6537308060083,2991.6537308060083,2991.6537308060083,2991.6537308060083,2991.6537308060083
W297,5249.861899836694,5249.861899836694,5249.861899836694,5249.861899836694,5249.861899836694,5249.861899836694,5249.861899836694,5249.861899836694,5249.861899836694,5249.861899836694,5249.861899836694,5249.861899836694,5249.861899836694
W298,3473.3578190309804,3473.3578190309804,3473.3578190309804,3473.3578190309804,3473.3578190309804,3473.3578190309804,3473.3578190309804,3473.3578190309804,3473.3578190309804,3473.3578190309804,3473.3578190309804,3473.3578190309804,3473.3578190309804
W299,3214.0088889538006,3214.0088889538006,3214.0088889538006,3214.0088889538006,3214.0088889538006,3214.0088889538006,3214.0088889538006,3214.0088889538006,3214.0088889538006,3214.0088889538006,3214.0088889538006,3214.0088889538006,3214.0088889538006
W3,9707.385002526988,9713.827252177383,9720.26950182778,9726.711751478173,9733.154001128567,9739.596250778963,9746.038500429358,9752.480750079752,9758.922999730146,9765.36524938054,9771.807499030938,9778.249748681332,9784.691998331728
W30,3650.7452426254936,3650.7452426254936,3650.7452426254936,3650.7452426254936,3650.7452426254936,3650.7452426254936,3650.7452426254936,3650.7452426254936,3650.7452426254936,3650.7452426254936,3650.7452426254936,3650.7452426254936,3650.7452426254936
W300,1829.1909804949235,1829.1909804949235,1829.1909804949235,1829.1909804949235,1829.1909804949235,1829.1909804949235,1829.1909804949235,1829.1909804949235,1829.1909804949235,1829.1909804949235,1829.1909804949235,1829.1909804949235,1829.1909804949235
W301,2501.353279041334,2501.4973372110876,2501.5155903307714,2501.5179031213534,2501.5181961671647,2501.5182332980007,2501.5182380027222,2501.5182385988414,2501.518238674374,2501.518238683944,2501.518238685157,2501.5182386853107,2501.5182386853303
W302,2864.858825537678,2864.858825537678,2864.858825537678,2864.858825537678,2864.858825537678,2864.858825537678,2864.858825537678,2864.858825537678,2864.858825537678,2864.858825537678,2864.858825537678,2864.858825537678,2864.858825537678
W303,5390.122215489763,5390.122215489763,5390.122215489763,5390.122215489763,5390.122215489763,5390.122215489763,5390.122215489763,5390.122215489763,5390.122215489763,5390.122215489763,5390.122215489763,5390.122215489763,5390.122215489763
W304,2977.869387162111,2977.869387162111,2977.869387162111,2977.869387162111,2977.869387162111,2977.869387162111,2977.869387162111,2977.869387162111,2977.869387162111,2977.869387162111,2977.869387162111,2977.869387162111,2977.869387162111
W305,3182.9956220763706,3182.9956220763706,3182.9956220763706,3182.9956220763706,3182.9956220763706,3182.9956220763706,3182.9956220763706,3182.9956220763706,3182.9956220763706,3182.9956220763706,3182.9956220763706,3182.9956220763706,3182.9956220763706
W306,2425.1120924056427,2425.1120924056554,2425.1120924056554,2425.1120924056554,2425.1120924056554,2425.1120924056554,2425.1120924056554,2425.1120924056554,2425.1120924056554,2425.1120924056554,2425.1120924056554,2425.1120924056554,2425.1120924056554
W307,3305.4910701525328,3305.4910701525328,3305.4910701525328,3305.4910701525328,3305.4910701525328,3305.4910701525328,3305.4910701525328,3305.4910701525328,3305.4910701525328,3305.4910701525328,3305.4910701525328,3305.4910701525328,3305.4910701525328
W308,2228.2110168165914,2228.2110168165914,2228.2110168165914,2228.2110168165914,2228.2110168165914,2228.2110168165914,2228.2110168165914,2228.2110168165914,2228.2110168165914,2228.2110168165914,2228.2110168165914,2228.2110168165914,2228.2110168165914
W309,6201.80877348923,6201.80877348923,6201.80877348923,6201.80877348923,6201.80877348923,6201.80877348923,6201.80877348923,6201.80877348923,6201.80877348923,6201.80877348923,6201.80877348923,6201.80877348923,6201.80877348923
W31,922.6707372014113,922.6707372014113,922.6707372014113,922.6707372014113,922.6707372014113,922.6707372014113,922.6707372014113,922.6707372014113,922.6707372014113,922.6707372014113,922.6707372014113,922.6707372014113,922.6707372014113
W310,4457.942332974766,4457.942333109401,4457.9423331094085,4457.9423331094085,4457.9423331094085,4457.9423331094085,4457.9423331094085,4457.9423331094085,4457.9423331094085,4457.9423331094085,4457.9423331094085,4457.9423331094085,4457.9423331094085
W311,4624.624794692911,4624.624794692911,4624.624794692911,4624.624794692911,4624.624794692911,4624.624794692911,4624.624794692911,4624.624794692911,4624.624794692911,4624.624794692911,4624.624794692911,4624.624794692911,4624.624794692911
W312,4086.378486098631,4086.378486098996,4086.378486098996,4086.378486098996,4086.378486098996,4086.378486098996,4086.378486098996,4086.378486098996,4086.378486098996,4086.378486098996,4086.378486098996,4086.378486098996,4086.378486098996
W313,2023.5851774157272,2023.5851774157272,2023.5851774157272,2023.5851774157272,2023.5851774157272,2023.5851774157272,2023.5851774157272,2023.5851774157272,2023.5851774157272,2023.5851774157272,2023.5851774157272,2023.5851774157272,2023.5851774157272
W314,8152.616241728105,8194.693591376103,8216.839564875036,8228.495340400781,8234.629959098536,8237.858705781566,8239.558046141052,8240.45243580394,8240.923167205458,8241.17092057468,8241.301317084793,8241.36994682696,8241.40606774389
W315,5221.373463214499,5221.373463214499,5221.373463214499,5221.373463214499,5221.373463214499,5221.373463214499,5221.373463214499,5221.373463214499,5221.373463214499,5221.373463214499,5221.373463214499,5221.373463214499,5221.373463214499
W316,2889.6678570079275,2889.6678570158474,2889.6678570158474,2889.6678570158474,2889.6678570158474,2889.6678570158474,2889.6678570158474,2889.6678570158474,2889.6678570158474,2889.6678570158474,2889.6678570158474,2889.6678570158474,2889.6678570158474
W317,3933.603553173714,3928.0733302311087,3922.5431072885035,3917.0128843458983,3911.482661403293,3905.952438460688,3900.422215518083,3894.8919925754776,3889.3617696328724,3883.8315466902673,3878.301323747662,3872.771100805057,3867.2408778624517
W318,3476.1050014305765,3476.1050014305765,3476.1050014305765,3476.105001430576,3476.105001430576,3476.105001430576,3476.105001430576,3476.105001430576,3476.105001430576,3476.105001430576,3476.105001430576,3476.105001430576,3476.105001430576
W319,2188.004378412676,2189.4310067373503,2189.8185721966333,2189.923860296296,2189.9524634229806,2189.960233900925,2189.9623448704046,2189.9629183476322,2189.9630741415144,2189.963116465311,2189.9631279632194,2189.9631310868026,2189.963131935372
W32,4095.173839167837,4095.173839167837,4095.173839167837,4095.173839167837,4095.173839167837,4095.173839167837,4095.173839167837,4095.173839167837,4095.173839167837,4095.173839167837,4095.173839167837,4095.173839167837,4095.173839167837
W320,2222.9883142452286,2222.9883142452286,2222.9883142452286,2222.9883142452286,2222.9883142452286,2222.9883142452286,2222.9883142452286,2222.9883142452286,2222.9883142452286,2222.9883142452286,2222.9883142452286,2222.9883142452286,2222.9883142452286
W321,6045.606401037277,6045.6064113765615,6045.606411426,6045.606411426236,6045.606411426236,6045.606411426236,6045.606411426236,6045.606411426236,6045.606411426236,6045.606411426236,6045.606411426236,6045.606411426236,6045.606411426236
W322,2256.1148529534207,2256.1148529534207,2256.1148529534207,2256.1148529534207,2256.1148529534207,2256.1148529534207,2256.1148529534207,2256.1148529534207,2256.1148529534207,2256.1148529534207,2256.1148529534207,2256.1148529534207,2256.1148529534207
W323,4125.113012491314,4125.113012491544,4125.113012491544,4125.113012491544,4125.113012491544,4125.113012491544,4125.113012491544,4125.113012491544,4125.113012491544,4125.113012491544,4125.113012491544,4125.113012491544,4125.113012491544
W324,2329.208814698008,2329.208814698008,2329.208814698008,2329.208814698008,2329.208814698008,2329.208814698008,2329.208814698008,2329.208814698008,2329.208814698008,2329.208814698008,2329.208814698008,2329.208814698008,2329.208814698008
W325,3792.523989120235,3792.523989120235,3792.523989120235,3792.523989120235,3792.523989120235,3792.523989120235,3792.523989120235,3792.523989120235,3792.523989120235,3792.523989120235,3792.523989120235,3792.523989120235,3792.523989120235
W326,3559.3509215609606,3559.3509215609606,3559.3509215609606,3559.3509215609606,3559.3509215609606,3559.3509215609606,3559.3509215609606,3559.3509215609606,3559.3509215609606,3559.3509215609606,3559.3509215609606,3559.3509215609606,3559.3509215609606
W327,8545.926208690713,8545.926208690713,8545.926208690713,8545.926208690713,8545.926208690713,8545.926208690713,8545.926208690713,8545.926208690713,8545.926208690713,8545.926208690713,8545.926208690713,8545.926208690713,8545.926208690713
W328,2417.8570344058567,2471.3270201113623,2522.8057271005327,2572.8306697086696,2621.794268739823,2669.9830171809535,2717.606073748233,2764.8161380557667,2811.724690861201,2858.4131204470027,2904.940845610307,2951.351245979555,2997.6759915355374
W329,9156.786294230915,9156.786294231548,9156.786294231548,9156.786294231548,9156.786294231548,9156.786294231548,9156.786294231548,9156.786294231548,9156.786294231548,9156.786294231548,9156.786294231548,9156.786294231548,9156.786294231548
W33,1449.6181439698273,1449.6181439698273,1449.6181439698273,1449.6181439698273,1449.6181439698273,1449.6181439698273,1449.6181439698273,1449.6181439698273,1449.6181439698273,1449.6181439698273,1449.6181439698273,1449.6181439698273,1449.6181439698273
W330,3389.5544633915647,3389.5544633915647,3389.5544633915647,3389.5544633915647,3389.5544633915647,3389.5544633915647,3389.5544633915647,3389.5544633915647,3389.5544633915647,3389.5544633915647,3389.5544633915647,3389.5544633915647,3389.5544633915647
W331,5717.015290674626,5717.015290674626,5717.015290674626,5717.015290674626,5717.015290674626,5717.015290674626,5717.015290674626,5717.015290674626,5717.015290674626,5717.015290674626,5717.015290674626,5717.015290674626,5717.015290674626
W332,3141.52916609955,3141.52916609955,3141.52916609955,3141.52916609955,3141.52916609955,3141.52916609955,3141.52916609955,3141.52916609955,3141.52916609955,3141.52916609955,3141.52916609955,3141.52916609955,3141.52916609955
W333,2507.7405596246485,2507.7405596246485,2507.7405596246485,2507.7405596246485,2507.7405596246485,2507.7405596246485,2507.7405596246485,2507.7405596246485,2507.7405596246485,2507.7405596246485,2507.7405596246485,2507.7405596246485,2507.7405596246485
W334,3514.656970146993,3514.656970146993,3514.656970146993,3514.656970146993,3514.656970146993,3514.656970146993,3514.656970146993,3514.656970146993,3514.656970146993,3514.656970146993,3514.656970146993,3514.656970146993,3514.656970146993
W335,3928.1837512939455,3928.1837512939455,3928.1837512939455,3928.1837512939455,3928.1837512939455,3928.1837512939455,3928.1837512939455,3928.1837512939455,3928.1837512939455,3928.1837512939455,3928.1837512939455,3928.1837512939455,3928.1837512939455
W336,1555.417044724075,1566.925623954042,1576.0112812700747,1583.184118786754,1588.8468459017083,1593.317388877744,1596.8467403889274,1599.6330511695787,1601.8327549230228,1603.5693510832632,1604.9403385260223,1606.0226895131066,1606.8771711974061
W337,1592.2463111445425,1592.2463111445425,1592.2463111445425,1592.2463111445425,1592.2463111445425,1592.2463111445425,1592.2463111445425,1592.2463111445425,1592.2463111445425,1592.2463111445425,1592.2463111445425,1592.2463111445425,1592.2463111445425
W338,2017.7488187885983,2023.8806932815653,2028.721646828645,2032.5434522605492,2035.5606670752106,2037.9426787709963,2039.8232143203004,2041.3078476486987,2042.4799265921708,2043.4052520738594,2044.135772190982,2044.7124985992366,2045.1678089215432
W339,3910.9831215345525,3910.9831215345525,3910.9831215345525,3910.9831215345525,3910.9831215345525,3910.9831215345525,3910.9831215345525,3910.9831215345525,3910.9831215345525,3910.9831215345525,3910.9831215345525,3910.9831215345525,3910.9831215345525
W34,1236.3430567957284,1236.3430567957284,1236.3430567957284,1236.3430567957284,1236.3430567957284,1236.3430567957284,1236.3430567957284,1236.3430567957284,1236.3430567957284,1236.3430567957284,1236.3430567957284,1236.3430567957284,1236.3430567957284
W340,6052.5616443026765,6052.5616443026765,6052.5616443026765,6052.5616443026765,6052.5616443026765,6052.5616443026765,6052.5616443026765,6052.5616443026765,6052.5616443026765,6052.5616443026765,6052.5616443026765,6052.5616443026765,6052.5616443026765
W341,5102.0915664967415,5102.0915664967415,5102.0915664967415,5102.0915664967415,5102.0915664967415,5102.0915664967415,5102.0915664967415,5102.0915664967415,5102.0915664967415,5102.0915664967415,5102.0915664967415,5102.0915664967415,5102.0915664967415
W342,1325.5194815436143,1325.5194815436143,1325.5194815436143,1325.5194815436143,1325.5194815436143,1325.5194815436143,1325.5194815436143,1325.5194815436143,1325.5194815436143,1325.5194815436143,1325.5194815436143,1325.5194815436143,1325.5194815436143
W343,3513.77737562229,3513.77737562229,3513.77737562229,3513.77737562229,3513.77737562229,3513.77737562229,3513.77737562229,3513.77737562229,3513.77737562229,3513.77737562229,3513.77737562229,3513.77737562229,3513.77737562229
W344,3316.1046235994218,3317.1159251207714,3318.1272266421215,3319.1385281634707,3320.149829684821,3321.161131206171,3322.1724327275206,3323.1837342488707,3324.1950357702203,3325.2063372915704,3326.2176388129196,3327.2289403342697,3328.2402418556194
W345,3133.6081909950867,3133.6081909950867,3133.6081909950867,3133.6081909950867,3133.6081909950867,3133.6081909950867,3133.6081909950867,3133.6081909950867,3133.6081909950867,3133.6081909950867,3133.6081909950867,3133.6081909950867,3133.6081909950867
W346,5795.747364851074,5795.747364851074,5795.747364851074,5795.747364851074,5795.747364851074,5795.747364851074,5795.747364851074,5795.747364851074,5795.747364851074,5795.747364851074,5795.747364851074,5795.747364851074,5795.747364851074
W347,3648.0579426658737,3660.8528783880215,3670.2239257373562,3677.0873074948317,3682.1140678336524,3685.7956814166973,3688.492105686258,3690.466974497846,3691.913374037789,3692.972721178658,3693.74859004053,3694.316838603818,3694.7330254693406
W348,4296.100973393062,4296.721764823542,4296.787111289907,4296.793989865314,4296.794713925883,4296.794790142786,4296.794798165617,4296.794799010127,4296.7947990990215,4296.794799108379,4296.794799109364,4296.794799109467,4296.794799109478
W349,3285.527586998845,3285.527586998845,3285.527586998845,3285.527586998845,3285.527586998845,3285.527586998845,3285.527586998845,3285.527586998845,3285.527586998845,3285.527586998845,3285.527586998845,3285.527586998845,3285.527586998845
W35,1070.7165603072056,1070.7165603072056,1070.7165603072056,1070.7165603072056,1070.7165603072056,1070.7165603072056,1070.7165603072056,1070.7165603072056,1070.7165603072056,1070.7165603072056,1070.7165603072056,1070.7165603072056,1070.7165603072056
W350,5673.9391912325655,5671.746125584647,5669.553059936709,5667.359994288773,5665.166928640835,5662.973862992897,5660.780797344959,5658.587731697021,5656.394666049083,5654.201600401146,5652.008534753208,5649.81546910527,5647.6224034573315
W351,1588.9323394802532,1589.496008179921,1590.059463096678,1590.622915691845,1591.1863682618002,1591.7498208314819,1592.3132734011606,1592.8767259708393,1593.440178540518,1594.0036311101967,1594.5670836798754,1595.1305362495539,1595.6939888192326
W352,1301.5194977982558,1315.4853232096973,1327.7524138588842,1338.980538847804,1349.573220524913,1359.7772577857847,1369.7435956650359,1379.56455387675,1389.2965962167054,1398.9742565898803,1408.6186563285653,1418.242713481791,1427.854328876478
W353,1755.107546829585,1755.107546829585,1755.107546829585,1755.107546829585,1755.107546829585,1755.107546829585,1755.107546829585,1755.107546829585,1755.107546829585,1755.107546829585,1755.107546829585,1755.107546829585,1755.107546829585
W354,3281.197012178413,3281.1970121841837,3281.1970121841837,3281.1970121841837,3281.1970121841837,3281.1970121841837,3281.1970121841837,3281.1970121841837,3281.1970121841837,3281.1970121841837,3281.1970121841837,3281.1970121841837,3281.1970121841837
W355,2617.990751045454,2617.990751045454,2617.990751045454,2617.990751045454,2617.990751045454,2617.990751045454,2617.990751045454,2617.990751045454,2617.990751045454,2617.990751045454,2617.990751045454,2617.990751045454,2617.990751045454
W356,4131.307676618187,4131.307676618187,4131.307676618187,4131.307676618187,4131.307676618187,4131.307676618187,4131.307676618187,4131.307676618187,4131.307676618187,4131.307676618187,4131.307676618187,4131.307676618187,4131.307676618187
W357,3471.7108487242617,3471.7108487242617,3471.7108487242617,3471.7108487242617,3471.7108487242617,3471.7108487242617,3471.7108487242617,3471.7108487242617,3471.7108487242617,3471.7108487242617,3471.7108487242617,3471.7108487242617,3471.7108487242617
W358,5606.309153177316,5606.309153177316,5606.309153177316,5606.309153177316,5606.309153177316,5606.309153177316,5606.309153177316,5606.309153177316,5606.309153177316,5606.309153177316,5606.309153177316,5606.309153177316,5606.309153177316
W359,3820.331213886711,3826.531442051284,3828.6171910542894,3829.318834411286,3829.554866359382,3829.634267211633,3829.6609775590623,3829.6699628865445,3829.6729855394756,3829.6740023561433,3829.674344411999,3829.674459479161,3829.674498187611
W36,16009.132810147916,16013.288484909915,16017.444159671917,16021.599834433917,16025.755509195917,16029.911183957918,16034.06685871992,16038.222533481921,16042.378208243921,16046.53388300592,16050.689557767922,16054.845232529922,16059.000907291922
W37,2898.2893019612816,2898.705136995866,2899.02839901782,2899.270970480384,2899.4432086331703,2899.5541412936896,2899.6116374901253,2899.622556200788,2899.592876001736,2899.5278080731223,2899.431894700328,2899.30909513171,2899.1628604158573
W38,3088.541242227109,3088.768170535835,3088.820916114569,3088.8331759163175,3088.8360254961785,3088.8366878319607,3088.836841780511,3088.836877563201,3088.8368858802714,3088.8368878134315,3088.8368882627615,3088.8368883671997,3088.836888391475
W39,5840.086667796365,5844.00699306033,5847.651941559743,5851.072529734967,5854.310322694509,5857.399185173595,5860.366708109268,5863.235370927455,5866.023488504125,5868.745982691954,5871.415010913548,5874.040478301181,5876.63045495725
W4,2304.2152055270185,2304.218505960024,2304.221806393029,2304.2251068260343,2304.2284072590396,2304.231707692046,2304.235008125051,2304.2383085580564,2304.2416089910616,2304.244909424067,2304.248209857072,2304.2515102900775,2304.254810723083
W40,5836.22998474503,5840.486499952053,5844.471274905888,5848.226105675324,5851.786359721888,5855.1819646768345,5858.438245035442,5861.576630160293,5864.615253387327,5867.569458984078,5870.4522311332,5873.274556934531,5876.045733574191
W41,6202.4309808533035,6203.380495520575,6204.330005504115,6205.279511796644,6206.229015180473,6207.178516272099,6208.1280155573595,6209.0775134191135,6210.027010159072,6210.976506015003,6211.9260011742745,6212.875495784545,6213.824989962173
W42,6210.884976454209,6211.80759239498,6212.7337178806365,6213.6625239430605,6214.59337741963,6215.52579470318,6216.4594064164385,6217.393930430478,6218.3291512563155,6219.264904304301,6220.2010638615,6221.13753390886,6222.074241107402
W43,6206.659628069818,6207.600237131901,6208.541493116337,6209.483245499174,6210.425378779918,6211.367804332389,6212.310454151674,6213.253276056047,6214.196230005263,6215.139285275526,6216.082418291756,6217.025610964255,6217.968849412381
W44,5832.40228565563,5837.0805098696,5841.543734286347,5845.813372316253,5849.908704650738,5853.8470916754295,5857.644164727513,5861.313998304396,5864.869265120821,5868.321375722701,5871.6806041958,5874.956201354147,5878.1564966552005
W45,2932.285809654599,2933.45637934669,2934.58803519857,2935.687199049536,2936.7592329611884,2937.8086141094986,2938.8390808149475,2939.8537544737214,2940.855241366959,2941.8457176687066,2942.8270004252568,2943.8006068209725,2944.7678036636353
W46,3273.545686767003,3274.029600693147,3274.5135147092874,3274.997428725432,3275.481342741578,3275.965256757723,3276.4491707738684,3276.933084790014,3277.416998806159,3277.9009128223042,3278.38482683845,3278.868740854595,3279.35265487074
W47,2930.93805271573,2932.1044293091563,2933.232264413981,2934.3279524137847,2935.3968268057374,2936.443336211312,2937.4711911852064,2938.483486667341,2939.4828041189453,2940.4712967133505,2941.4507603928396,2942.422693136536,2943.3883443951986
W48,2991.350555330538,2990.377089608313,2989.700260059086,2989.2626617090336,2989.017998583568,2988.9289338959948,2988.9653562672324,2989.102981466354,2989.3222247420213,2989.607291380124,2989.9454432565167,2990.326407326331,2990.741898582322
W49,3226.569501322029,3227.042253656582,3227.5150059911352,3227.987758325688,3228.460510660241,3228.9332629947944,3229.4060153293467,3229.8787676639,3230.3515199984527,3230.824272333006,3231.297024667559,3231.769777002112,3232.242529336665
W5,1442.8755848389012,1442.8755848389012,1442.8755848389012,1442.8755848389012,1442.8755848389012,1442.8755848389012,1442.8755848389012,1442.8755848389012,1442.8755848389012,1442.8755848389012,1442.8755848389012,1442.8755848389012,1442.8755848389012
W50,3228.057727568956,3228.5306761814004,3229.003624793843,3229.476573406287,3229.9495220187296,3230.422470631174,3230.8954192436163,3231.3683678560606,3231.841316468503,3232.3142650809473,3232.7872136933897,3233.260162305833,3233.7331109182765
W51,6561.228866408333,6560.709838480551,6560.375195767956,6560.194751514103,6560.143261008817,6560.19961249758,6560.346150551755,6560.568110213739,6560.853143781452,6561.190925065625,6561.5728184364025,6561.9916020522005,6562.441236400358
W52,7054.442484674043,7054.971573170187,7055.500661666331,7056.029750162476,7056.5588386586205,7057.087927154765,7057.617015650911,7058.146104147055,7058.6751926432,7059.204281139344,7059.733369635488,7060.262458131633,7060.791546627778
W53,1911.4098129190706,1911.5226204704832,1911.5323030685477,1911.5343731289304,1911.5358812425864,1911.5373478741328,1911.5388114435289,1911.5402747868811,1911.5417381135474,1911.5432014389817,1911.544664764325,1911.5461280896616,1911.5475914149981
W54,2486.5514969205456,2484.0627569301464,2482.089348377819,2480.3926398716744,2478.844501605769,2477.376136063394,2475.9506033750886,2474.5480691918688,2473.1578837359916,2471.7743287574594,2470.394333921493,2469.016250654546,2467.6391937779904
W55,5050.501633185998,5067.044254621171,5082.139183656792,5096.811485485819,5111.360409064182,5125.873314628327,5140.375705394757,5154.875026559114,5169.373451609527,5183.871615055933,5198.369702131852,5212.867766912811,5227.365825185167
W56,3015.1920222314584,3052.0451969691735,3087.656906016513,3122.11744805821,3155.5105538548705,3187.9138639645157,3219.3993717167955,3250.0338339672203,3279.8791519749757,3308.9927245773647,3337.4277756759234,3365.2336579026537,3392.456134198927
W57,2086.556600549608,2006.2213973122634,1928.8973417947652,1854.3384125367968,1782.3186889048939,1712.6307087835146,1645.083960448588,1579.5034976603445,1515.7286679079818,1453.6119445612533,1393.017854439424,1333.8219930016444,1275.910119999774
W58,3412.239947747925,3414.973996498236,3416.359738132663,3417.1068079753554,3417.5513490745943,3417.85258708483,3418.0859446844843,3418.2871484054426,3418.473121341756,3418.6518796958676,3418.8272206163056,3419.0009427523714,3419.173898095841
W59,2296.9195226551287,2296.9195226551324,2296.9195226551324,2296.9195226551324,2296.9195226551324,2296.9195226551324,2296.9195226551324,2296.9195226551324,2296.9195226551324,2296.9195226551324,2296.9195226551324,2296.9195226551324,2296.9195226551324
W6,477.6869963219977,477.6869963219977,477.6869963219977,477.6869963219977,477.6869963219977,477.6869963219977,477.6869963219977,477.6869963219977,477.6869963219977,477.6869963219977,477.6869963219977,477.6869963219977,477.6869963219977
W60,9036.288943893824,9036.865634844851,9037.021119265906,9037.06304016851,9037.07434266469,9037.077389985048,9037.078211587746,9037.078433104001,9037.078492828065,9037.078508930555,9037.078513272027,9037.078514442552,9037.078514758141
W61,10704.648876923166,10714.452926416,10724.256975908831,10734.061025401663,10743.865074894495,10753.669124387328,10763.473173880162,10773.277223372994,10783.081272865826,10792.885322358658,10802.68937185149,10812.493421344321,10822.297470837155
W62,7201.485821585756,7202.504776487217,7203.523710941277,7204.542645348508,7205.561579755632,7206.580514162756,7207.599448569879,7208.6183829770025,7209.6373173841275,7210.656251791251,7211.675186198375,7212.694120605498,7213.713055012621
W63,6062.35990130587,6063.170388708379,6063.980876110886,6064.791363513393,6065.6018509159,6066.412338318408,6067.222825720916,6068.033313123423,6068.84380052593,6069.654287928438,6070.464775330945,6071.275262733453,6072.085750135961
W64,13444.303314583332,13458.04245612352,13471.454851907829,13484.5576990813,13497.36728967609,13509.89905824897,13522.167627011615,13534.186848585623,13545.96984650723,13557.529053600252,13568.876248329354,13580.02258924,13590.978647585793
W65,18823.51844401927,18839.832648427724,18855.787087961045,18871.400697612666,18886.691415797413,18901.67623680302,18916.371260481013,18930.79173932232,18944.952123055195,18958.866100895866,18972.5466415755,18986.006031260473,18999.255909476815
W66,7413.722808446807,7420.216071567185,7426.708725384143,7433.200770012361,7439.692205566499,7446.183032161195,7452.673249911066,7459.162858930703,7465.651859334682,7472.1402512375535,7478.628034753846,7485.115209998072,7491.601777084714
W67,13409.49386797843,13428.078692458364,13443.81067754785,13458.721322758376,13473.395502081956,13488.001602261787,13502.5881022791,13517.168959358656,13531.748191821758,13546.326956553557,13560.9055866243,13575.484177925775,13590.062758065475
W68,6901.7075289264285,6891.9114527548745,6882.329463196892,6872.949921122051,6863.761820178199,6854.754752389535,6845.91887562502,6837.2448828353945,6828.723972962682,6820.34782343124,6812.108564134363,6803.998752835156,6796.011351904767
W69,6909.48616774768,6900.084290895761,6890.856077494366,6881.793613468817,6872.889345399358,6864.136064085623,6855.526888860113,6847.055252616505,6838.714887520257,6830.4998113703905,6822.404314582794,6814.422947766703,6806.550509867352
W7,3018.4353208360008,3018.4353208360008,3018.4353208360008,3018.4353208360008,3018.4353208360008,3018.4353208360008,3018.4353208360008,3018.4353208360008,3018.4353208360008,3018.4353208360008,3018.4353208360008,3018.4353208360008,3018.4353208360008
W70,2607.820392642005,2606.272583782417,2604.7551067583204,2603.2665625546488,2601.8056166840247,2600.370996210501,2598.96148691059,2597.575930565224,2596.2132223766325,2594.8723085043544,2593.552183714897,2592.251889139814,2590.9705101371715
W71,1925.3731794997984,1920.5000516301573,1915.6269237605165,1910.7537958908754,1905.8806680212347,1901.0075401515935,1896.1344122819528,1891.2612844123116,1886.3881565426707,1881.5150286730297,1876.6419008033888,1871.7687729337479,1866.895645064107
W72,1926.1092659046901,1922.211586855726,1918.3139078067552,1914.4162287577774,1910.5185497087932,1906.620870659803,1902.723191610807,1898.8255125618055,1894.9278335127985,1891.030154463787,1887.1324754147706,1883.2347963657496,1879.3371173167245
W73,1926.4047910550119,1922.8250884666422,1919.2453858782656,1915.6656832898818,1912.0859807014915,1908.5062781130955,1904.9265755246936,1901.346872936286,1897.7671703478734,1894.1874677594558,1890.607765171033,1887.028062582606,1883.4483599941748
W74,5693.837380233218,5696.385301749877,5698.933223266533,5701.481144783189,5704.029066299848,5706.576987816504,5709.124909333161,5711.672830849818,5714.220752366474,5716.768673883132,5719.316595399789,5721.864516916445,5724.4124384331035
W75,24078.666330009713,24099.405808400654,24121.55648001452,24143.882712965988,24166.230786855158,24188.58157789474,24210.932706964963,24233.283878088336,24255.63505444338,24277.986231449282,24300.337408536154,24322.688585633095,24345.039762731292
W76,426.50434333458537,406.4191568194708,386.52167925766486,366.80651321262366,347.2684164472261,327.90229746112584,308.7032111564234,289.6663546279683,270.78706307470867,252.0608058286066,233.48318249773942,215.04991922030345,196.75686502633076
W77,3920.8913321781943,3921.9401876296356,3923.610778111648,3925.33934431154,3927.0733166470013,3928.8077930952677,3930.5423165511834,3932.2768443904806,3934.0113726385207,3935.745900924676,3937.480429214385,3939.2149575044245,3940.949485794496
W78,3834.661950988484,3836.3521916167556,3838.0425926417483,3839.7330037775077,3841.4234155506097,3843.1138273638876,3844.8042391796967,3846.4946509956662,3848.1850628116463,3849.8754746276263,3851.5658864436064,3853.256298259587,3854.946710075567
W79,1449.0704814991102,1457.118465251785,1460.0835118975074,1461.1758975038263,1461.5783553587855,1461.7266293053497,1461.7812565488205,1461.8013823753627,1461.8087971535622,1461.8115289139514,1461.8125353519897,1461.812906144951,1461.8130427528843
W8,2789.7408953630493,2789.7408953630493,2789.7408953630493,2789.7408953630493,2789.7408953630493,2789.7408953630493,2789.7408953630493,2789.7408953630493,2789.7408953630493,2789.7408953630493,2789.7408953630493,2789.7408953630493,2789.7408953630493
W80,1540.4407534125673,1544.8077098470994,1546.235296660557,1546.7019841900783,1546.8545474164664,1546.9044213397528,1546.9207254536789,1546.9260553758786,1546.9277977625416,1546.928367360215,1546.9285535654446,1546.9286144371606,1546.9286343365254
W81,24526.689468413282,24551.590651674207,24575.152167513977,24598.395820239715,24621.564053530998,24644.7143920404,24667.8604846519,24691.005569838493,24714.15041599321,24737.295205432787,24760.43998141556,24783.58475420543,24806.72952623772
W82,4417.126618435927,4416.009605641942,4414.957411667614,4413.960963320781,4413.012457454252,4412.105183187777,4411.233369014985,4410.392051311952,4409.576961251631,4408.7844275477555,4408.011292812433,4407.254841621801,4406.5127386509075
W83,5984.606161008908,5995.569254340536,6006.56445711658,6017.577769401803,6028.601295327549,6039.630581677375,6050.663116867367,6061.697484381207,6072.732885313289,6083.768869086261,6094.805181577544,6105.841679463731,6116.8782819113885
W84,5976.029681320212,5981.587494938285,5986.903451176227,5992.0042476439485,5996.913634915484,6001.652741839786,6006.24036494183,6010.693225877953,6015.026200471812,6019.252522468008,6023.383964794233,6027.431000814649,6031.40294778319
W85,17248.95325312896,17237.644388073193,17226.98158424625,17216.88444703793,17207.282585987894,17198.114369888586,17189.325836800763,17180.869739704558,17172.70471090793,17164.79453043443,17157.10748545146,17149.61580941,17142.2951909767
W86,17265.651025780575,17259.87098653575,17254.47176672721,17249.40839163912,17244.64119806255,17240.13520700733,17235.859570496566,17231.787083694602,17227.893754652618,17224.15842486719,17220.56243465085,17217.089328022284,17213.72459244901
W87,1084.5488011068526,1084.501037049601,1084.457543232358,1084.4173093554693,1084.3795641469223,1084.3437188105936,1084.309323854127,1084.2760361309383,1084.2435936797808,1084.2117965170385,1084.1804919733854,1084.1495634996597,1084.1189221211625
W88,12017.850553275217,12030.069800986284,12042.289048697354,12054.508296408421,12066.727544119489,12078.94679183056,12091.166039541627,12103.385287252697,12115.604534963764,12127.823782674832,12140.043030385901,12152.262278096969,12164.481525808036
W89,1211.106329703229,1211.106329703229,1211.106329703229,1211.106329703229,1211.106329703229,1211.106329703229,1211.106329703229,1211.106329703229,1211.106329703229,1211.106329703229,1211.106329703229,1211.106329703229,1211.106329703229
W9,7266.178348300872,7266.178348300872,7266.178348300872,7266.178348300872,7266.178348300872,7266.178348300872,7266.178348300872,7266.178348300872,7266.178348300872,7266.178348300872,7266.178348300872,7266.178348300872,7266.178348300872
W90,1838.687530415483,1839.1499640726888,1839.6123977298942,1840.0748313870997,1840.5372650443053,1840.9996987015109,1841.4621323587162,1841.924566015922,1842.3869996731273,1842.8494333303327,1843.3118669875385,1843.7743006447438,1844.2367343019494
W91,19639.6994618104,19642.49916084577,19645.298859881143,19648.098558916514,19650.89825795188,19653.697956987253,19656.497656022624,19659.297355057995,19662.097054093363,19664.89675312873,19667.696452164102,19670.496151199473,19673.295850234845
W92,22626.007378819933,22603.26996887237,22580.722858847013,22558.363539912334,22536.189536312173,22514.198404929633,22492.387734856835,22470.755146970245,22449.298293511663,22428.014857674734,22406.90255319684,22385.959123956476,22365.18234357586
W93,1735.0405640421711,1735.3901302519241,1735.7371933429142,1736.084164474553,1736.4311322277972,1736.7780998569267,1737.1250674814962,1737.4720351058984,1737.8190027302942,1738.1659703546895,1738.512937979085,1738.859905603481,1739.2068732278767
W94,1814.5783887207353,1814.296962944808,1814.036315296622,1813.77925430232,1813.5228124247285,1813.2664774170808,1813.010160856981,1812.7538474812375,1812.4975346551676,1812.2412219239807,1811.984909209172,1811.7285964971907,1811.472283785697
W95,1643.1195853165982,1643.1431107018045,1643.1443934760362,1643.144463422169,1643.1444672361388,1643.1444674441038,1643.1444674554434,1643.1444674560619,1643.1444674560955,1643.1444674560973,1643.1444674560978,1643.1444674560978,1643.1444674560978
W96,11322.344934695531,11329.18646007892,11336.027985462313,11342.869510845701,11349.711036229091,11356.55256161248,11363.39408699587,11370.235612379262,11377.077137762652,11383.918663146042,11390.760188529433,11397.601713912822,11404.443239296212
W97,471.0339459236739,471.064864710662,471.09578352696855,471.1267023432769,471.1576211595852,471.18853997589343,471.21945879220175,471.25037760851,471.28129642481827,471.3122152411265,471.34313405743484,471.3740528737431,471.40497169005135
W98,603.8481415425326,603.8931081427819,603.938074743031,603.9830413432804,604.0280079435297,604.072974543779,604.1179411440284,604.1629077442775,604.2078743445268,604.252840944776,604.2978075450254,604.3427741452746,604.3877407455238
W99,15072.069577555174,15043.570618190237,15015.519141143954,14987.9015892246,14960.704815977215,14933.916073239709,14907.52299907592,14881.513606074293,14855.876270001063,14830.59971879719,14805.673021908673,14781.085579940109,14756.827114621707
