2.207773404771359513e-02
5.525265448747787578e-02
2.352603092696339132e-02
1.017034186399012538e-02
9.939695517078749737e-03
3.035980326405441146e-02
1.385984672359621972e-02
1.000870268860099693e-02
3.514616900261438234e-03
1.111349462155920668e-02
3.660159866177526474e-03
4.585084857197967677e-03
7.136453590158958749e-02
1.201177052037996282e-02
1.010033802287664019e-02
3.932700859779866137e-03
3.078094453215159468e-02
2.756432200781335981e-02
2.670332995815147617e-02
2.592547897941274368e-02
1.540650536268162174e-02
7.510695902282043743e-03
1.465594010118255186e-01
3.264826100245991208e-02
1.331839151159567303e-01
1.055026620536567497e-02
5.960446821603474638e-02
5.172347175433878591e-02
5.403956148758163464e-03
1.970321512495908783e-02
1.313396735487659325e-02
1.655052200433336507e-02
3.080622428988864445e-02
1.346971253653780030e-02
5.043253202918938916e-02
7.890182039874994724e-03
3.526377911813021165e-03
1.125238498475596843e-02
5.030989748819344673e-03
7.057687323010527168e-03
1.172174666399698577e-02
2.034913189613489493e-02
4.442687089353986735e-03
6.478751029695209440e-02
3.031971924437025165e-02
2.865972099105216706e-02
2.875142672299442828e-02
3.042740481825118373e-02
1.412469532054045143e-02
6.165716656045757554e-03
1.520380047810893087e-01
1.258278642998320040e-01
1.262505002462051447e-02
1.157941435501952943e-01
9.386278485543865513e-02
8.218084201872206951e-03
1.288456064538310852e-01
2.736891002001521148e-02
1.480732488076501492e-02
1.796534120737511633e-02
3.173329628298666300e-02
1.310040841254719694e-02
1.292760905731133239e-02
1.428084628958067523e-02
4.821460453523864799e-03
8.012896801008716208e-03
4.717115472042099876e-03
1.351868289564678860e-01
7.235701941766759827e-03
8.267672440069489745e-03
1.155962788435127911e-02
1.325750864524257236e-02
6.504199033597208787e-03
2.311643718280386589e-02
2.104919457825229351e-02
1.980690300300331358e-02
3.392707498321140963e-02
2.407355820648931707e-02
1.947228512880075021e-02
1.370593614349274909e-02
1.051735801323486381e-02
8.635651229773003840e-03
1.062654812779050828e-01
5.686768289317845754e-03
9.193941387873950585e-03
1.462261761821184725e-02
3.429539817698120524e-02
5.652551129437651672e-02
4.638542169054372770e-03
4.623877787175664084e-02
9.026604847769029161e-03
1.545356390072260069e-02
6.877234400488464738e-02
2.251396116001510087e-02
6.965188455335707268e-03
8.189012534119967726e-03
1.887608672402249152e-02
2.618045087879068700e-02
1.491547478300811296e-02
8.209954516703851790e-02
3.015953589583457717e-01
2.689300540068774795e-02
1.054978469817871162e-01
3.640748331027800905e-02
2.301080765216890339e-02
6.152018001916593343e-02
4.380555221455639109e-02
4.431541665068673003e-02
5.479903064498744397e-02
5.660761212604321219e-02
1.367952352982733100e-01
3.550274994085114710e-02
1.257060860396384538e-01
1.728361443040613010e-01
5.071742025473351123e-02
1.506173874078175177e-02
7.658900441739371900e-02
3.324374617754542564e-03
4.526737905925037886e-02
1.084041395880426528e-01
1.874424684843795930e-01
1.007443981087678825e-01
3.866359051977482503e-02
2.869190049640252260e-01
1.264483555660081693e-01
1.492271681769199131e-02
5.287226436870763602e-02
7.732005113976203603e-02
2.932017456113688789e-02
2.720204868486721453e-02
2.067849624333906525e-02
1.453809842301044715e-02
2.998159655340900537e-02
2.029990048120663276e-02
1.337304675975685975e-01
7.490732730228480060e-03
4.099806680989898783e-02
5.799680945821826528e-02
1.441757266488778028e-02
2.084391044191822862e-01
8.648287786688453604e-02
4.673506339719505492e-02
1.957803452870856553e-01
7.619267279013862415e-02
5.771757416018059167e-02
9.866811642763090306e-02
1.188575515391246812e-01
4.627198461913809013e-01
2.280636977504256757e-01
1.877712737390951070e-01
1.260806216025900650e-01
5.354256828105393717e-01
1.274808178975986028e-01
1.066850173303628135e-01
4.532019508662222806e-01
1.861425141340017075e-01
2.546919994727895875e-01
2.078181998768385275e-01
2.670747655959010425e-01
1.227153509558525646e-01
5.991609944154074885e-01
3.351109675866815740e-01
1.217383183699900229e-01
2.808594197042368346e-01
2.433911956124832909e-01
2.091754248650989217e-02
3.092538570125132058e-02
5.016674172432024070e-01
2.754437144392689329e-02
4.659559557968321469e-02
1.592654078281054847e-02
2.124549776982950083e-02
9.302599749236400289e-03
2.070077973617983486e-02
1.243437384990841027e-01
7.131767602882166726e-03
5.249051876758644569e-02
8.692499675432278916e-02
4.359269069800257856e-01
2.488650764140161731e-01
9.610313460726637932e-03
2.702346817589948002e-03
2.249712569603708190e-01
6.193064116302447741e-02
8.919136896833301797e-02
7.057498375451901063e-02
1.666622292744150413e-01
5.712518755959716116e-02
5.334145953832583609e-02
4.307780104022037593e-01
2.994732080104609354e-02
3.197557101173191529e-02
3.165070751856691872e-02
2.159774713675178398e-02
1.536224484834143034e-01
1.035649896110595602e-01
2.660631533819715969e-02
3.652515776035250572e-02
5.680161815882020515e-02
5.695871023118499049e-02
4.008483409873069281e-01
1.130895532594168411e-02
5.194876012766141277e-02
7.321036094463625674e-03
4.106998491901251574e-02
4.132071306842426128e-02
1.956093126481876776e-02
2.098386249799375630e-02
4.500822926516246519e-02
6.876061852190745206e-03
1.205233130799566836e-02
5.321286031137737460e-01
4.575051140291189200e-02
6.516375283652960093e-02
6.353537217388399716e-02
1.965240992938361297e-01
1.763471496119256576e-01
7.923911061698955816e-02
1.193207145256876822e-01
1.286713074982480942e-01
1.283000430325273722e-01
9.742607235110480046e-02
1.583043097396777399e-02
2.720224076778253175e-01
1.062135141372576308e-01
1.169551196563796136e-01
1.160113506874540790e-01
1.151359073800999056e-01
1.280955928214322637e-01
1.573174229667510804e-01
1.410827864581915558e-01
1.092679648021636363e-01
1.137731011103087497e-01
1.198412509827671973e-01
3.981663546196521630e-01
1.625369054860746898e-01
1.088751401333050983e-01
1.031209677253876189e-01
7.512643765043286459e-02
7.769726462667671252e-02
8.826276764657793594e-02
7.905768349765970870e-02
8.037709163669644330e-02
8.126007420113313950e-02
1.422866610539507970e-01
3.691584176356054181e-01
1.801030391163722377e-01
9.373037514508254786e-02
1.237379550763871433e-01
2.634507834170421448e-01
2.280107589109879318e-01
1.405127053994616182e-01
1.207528896695350268e-01
1.463293031378179454e-01
1.238295861507881235e-01
1.390806023863635221e-01
3.726558406468344353e-01
1.265638004883319900e-01
1.278274804822078781e-01
9.157703785555633413e-02
1.701088851769522181e-01
1.666225253215024571e-01
1.763976291203473157e-01
1.857256684984120720e-01
1.951456145004412113e-01
2.322578077655632067e-01
1.026079979652332885e-01
3.339629242740418946e-01
1.391439219750127687e-01
1.033627862850197837e-01
8.117574711492020478e-02
1.374018263306290843e-01
1.174243326680075028e-01
1.145892863432333153e-01
1.025320056005960268e-01
1.070371553552220412e-01
1.283062222966777355e-01
7.967236558071978669e-02
3.906719165958990048e-01
1.175219354705338282e-01
1.504360595048692961e-01
3.030412820611496846e-02
1.384591335366456288e-01
1.658665203981796177e-01
8.988443641608998003e-02
1.213546455621531961e-01
1.030709216889467011e-01
9.563592128637241063e-02
1.426515262775822079e-01
1.695539939179137590e-01
1.617156197254292910e-02
1.916646606639765132e-02
1.727634272376578697e-02
2.252991929521466485e-01
1.768164624630435416e-02
1.904670108609437043e-02
1.891111224300614374e-02
1.896439040616739943e-02
1.829485982417653617e-02
3.791945846223652300e-02
5.271306070172309538e-02
3.775208028495159046e-02
2.326995020774841327e-02
3.076511104629498297e-02
2.263818921922388372e-01
3.072987677823028202e-02
1.588781895430320737e-02
1.755033359977987290e-02
6.455431513661116782e-02
8.587770012315500828e-03
4.630507255943099726e-02
8.984232024739857714e-02
5.595442464543303601e-02
8.312602716470925135e-02
1.901158920407053921e-01
4.463703205077474423e-01
3.907909769893716523e-02
2.829008525860858547e-02
2.483100627236715929e-02
2.876619390288811390e-02
5.508465645791693621e-02
4.780625998447073782e-02
1.737959527538409515e-02
2.538837070886777042e-02
2.003809496608370197e-02
1.939934788644024147e-02
2.563860413124651183e-01
9.652895213512804537e-03
5.596611808149130549e-03
3.062297794155535886e-03
2.496779446934935427e-03
3.068773709830178165e-01
3.121542529964655560e-02
1.704958804417047447e-01
1.275499012716463931e-01
1.265482990733702851e-01
1.553441914816635072e-01
4.457990406301871600e-01
1.076074919095057897e-01
2.493006961777986460e-02
1.883932331825094583e-03
1.228058822638994005e-02
9.012532360193890521e-03
2.071056266279152486e-02
1.888184492597287656e-02
9.667296253058196495e-03
3.380276070734315741e-03
7.557673425421701507e-02
1.525646083606912728e-01
1.193498674096481714e-02
8.471642213202018254e-03
2.239156542599791272e-02
7.497258158986969123e-03
9.851862054520268974e-02
8.935347303924509599e-02
6.568365296980377410e-03
3.813536107764871341e-02
2.794517076720837157e-02
5.642595950540688077e-03
