5.708877325942767200e-01
9.112915894695151620e-01
1.905152632930636525e+00
1.102904330445007908e+00
6.644136279928622990e-01
5.947819033085885998e-01
7.588610402096319651e-01
9.954701994457939573e-01
1.122817281736037121e+00
5.486698230759573525e-01
1.125881470572068999e+00
6.706581685183810038e-01
1.134493196232312329e+01
7.122596761524010445e-01
1.197184117577795970e+00
1.160053720110804543e+00
1.511223701901316607e+00
3.232176988374330651e-01
3.872899539152228066e-01
2.142248466892024528e+00
6.861573794789224134e-01
6.320625304552524026e-01
1.386458161030547309e+00
1.375172546554773723e+00
3.240351028798569288e+00
7.152639205436498449e-01
1.506280789203938042e+00
1.153871497902970278e+00
2.939133449187995240e+00
3.843824404012313067e+00
2.869796787085865830e+00
4.770908611686174083e+00
2.750029316383951983e+00
3.036061769195486537e+00
8.435965983876483332e-01
4.278943680180361531e-01
6.082627112554258586e-01
2.402006889628637509e+00
2.111609378965436434e+00
3.013500959631808529e-01
3.179812022503941127e-01
2.662060635163933320e+00
1.962458507938484642e+00
2.136245076693521039e+00
2.909498321516430508e+00
7.957459271769787845e-01
2.008781817196840791e+00
2.281155101175917022e+00
1.113783900707141505e+00
1.252104561582725983e+00
2.333240138371558636e+00
5.414132617754335186e+00
2.343468268770051210e+00
2.657836345714496229e+00
7.132170960303099161e-01
6.392292118274878199e-01
8.331530593041800437e-01
8.314040333308072572e-01
1.281233293617263236e+00
4.879192575396028020e-01
6.285692498737468270e+00
3.093995096422021973e-01
2.415985170576721686e+00
1.135047395480891952e+00
1.118838687222047268e+00
6.440815872392623653e+00
2.597554005626824924e+00
7.507358046835134191e-01
1.673093180531392443e+00
1.134723414823109522e+01
1.943428156036151266e+00
2.068868736641309880e+00
3.462442067640274246e+01
1.591573697229204054e+00
7.699200247173489942e-01
1.122998352387691412e+00
1.566772310384467204e+01
1.704886041774003935e+00
2.789271612299084158e+00
7.976448025621925453e+00
9.525621937602940292e+00
2.113919401208192994e+01
9.253329391326342801e+00
5.806940905297931721e+00
3.597289884222469869e+00
7.644045311647270857e+00
7.583213970985438479e+00
1.029799644463439279e+01
1.083389751232163256e+01
6.786289620623785490e-01
7.204485766373904809e+00
3.307865106861954452e+00
7.129865431241639406e+00
1.155832164607677370e+01
2.256627045979941570e+00
9.282362590382877698e+00
8.282499439363332883e+00
4.991897043971764703e+00
8.243981770314954716e+00
1.141495265604297948e+01
9.055444045444500656e-01
1.513043635848225854e+01
3.431922675235671516e+00
4.287374970179465450e+00
1.345609631516920146e+01
9.611972835327984299e+00
1.941678686787162267e+00
2.700176105291869355e+00
1.600379668626347041e+01
1.006213813056110595e+01
1.202123766308688602e+01
1.065603545562105126e+00
7.686174976776825041e-01
9.165775634316432274e+00
1.032212652981857737e+01
1.637838759868123262e+01
1.002824329329521369e+01
4.614708909730779851e+00
1.637043444198014441e+01
9.837408747313345359e+00
9.844352416230282898e+00
1.253469946327690820e+01
8.119669280625466001e+00
8.032001574970021318e-01
8.251850342380109282e+00
7.107000793940312811e+00
8.325829033856036787e+00
1.472303727437359555e+01
1.400398591352041144e+01
1.411423016481917969e+01
1.099079500516140229e+01
8.722660604535491302e+00
9.260598491639079555e+00
1.360880438093173694e+01
9.573815605012735430e-01
2.827666126829492921e+00
5.487567513050578327e+00
3.217646521835108242e+00
9.172658964837443474e-01
1.777967402539763242e+01
9.897840335999383399e+00
1.141634521614359343e+01
8.654208368332687584e+00
2.396147018679377894e+01
7.411473871736467878e+00
1.640221351803806238e+00
2.702897390811926925e+01
8.437633679717508883e+00
1.763156519089100627e+01
1.680102168516937278e+00
2.678712693904206077e+00
3.625414542775434512e+00
1.218735894636146844e+00
3.315143155573166744e+00
2.052503082490181985e+00
1.686821502416751173e+01
2.469287795868218005e+00
6.769089841264308571e-01
3.855100625813569604e+00
5.345789928469051766e+00
7.570166536934002544e+00
1.100188976187536749e+00
9.076291859707213305e+00
1.218645478444139663e+01
8.939632082626788545e+00
2.024467926761620262e+01
1.970153846221915472e+01
8.150413568226143601e-01
9.640378357914661578e+00
6.952238458158704226e+00
1.107604222984892317e+01
1.636713268275874000e+01
6.353030232471875927e+00
1.109598371776596970e+01
2.394222759452962368e+00
8.331963513274754263e+00
9.856245574491898864e+00
1.115572365540266908e+01
4.249727335277363460e-01
9.454000239358631319e+00
4.349458650804616155e+01
5.872752115832752473e+00
3.599951015761007067e+00
1.409297192368762941e+00
4.236448513226586776e+00
1.295126059168625110e+00
8.668006232488167484e+00
1.832699442511032473e+01
3.329226410498339561e+00
5.497696441006570955e-01
1.034972395499315567e+01
3.887774474855596463e+00
3.529695994765382761e+00
6.524318902525808817e+00
1.639289201347675862e+00
2.517624529463661442e+00
1.518678707325103128e+00
4.192800850613086716e+00
2.719887869170907635e+00
8.686813132780940805e+00
3.394473953994005200e+00
1.333473273674804060e+00
1.146137356515212602e+01
2.514789552530345862e+00
1.336525551836333747e+01
8.973409435918339838e+00
1.393175105515062029e+01
4.639225696400333554e+00
1.576650458030512070e+00
1.032297044990239065e+01
1.583263698875731329e+01
1.852101813377454720e+00
2.490017033742092156e+00
1.250693801047962594e+01
3.506113023239480597e+00
6.818544014510100837e+00
7.868460709169534439e+00
1.373327686946447912e+01
5.668813044623137287e+00
8.284612471104999543e+00
7.865009759931434807e+00
1.660688857403613028e+01
8.346572516326813407e-01
4.471074518770661865e-01
9.887351134493691518e+00
1.130115569518159369e+01
1.413202868418484215e+01
1.825052749206767544e+01
1.370011373326268789e+01
7.768525821405161125e+00
8.335223776204163215e+00
1.214115969427626318e+01
8.791655042732717362e+00
1.221445669046668314e+01
2.226054971713995911e+00
1.016125929097951897e+01
4.360376131018622203e+00
5.559142843684641733e+00
3.755089962699505346e+00
4.235925504558775145e+00
9.344483050550694614e+00
5.516558546498117721e+00
3.106515779624510198e+00
1.113315314662336775e+01
4.818794668990395991e+00
2.219437011484485467e+00
2.997208960827626889e+00
2.226150261575430278e+00
2.283135834828308841e+00
8.712638915887826130e+00
9.503500188603021925e+00
8.192642795683926948e+00
6.336966172459359115e+00
6.125988153570891548e+00
1.064465275182579695e+01
9.411729369889223484e-01
8.840280701499814153e-01
8.939150784720767406e-01
1.379022598082141560e+00
1.725458911247687244e+00
1.424464620951925165e+00
1.894373714123766206e+00
1.770983832567485372e+00
2.755416119694820698e-01
1.143142924545539785e+00
6.512588565670249796e-01
3.064899201713363608e-01
9.193383403286147226e-01
8.456770119391837648e-01
2.017307858895415862e+00
1.958246581917244544e+00
1.872983644790915836e+00
7.843993853341075795e-01
1.416312346092187813e+00
1.303109419748453623e+00
7.264940809859651294e-01
1.242995092571223426e+00
1.106281794550944442e+00
5.709610742965651742e-01
1.741585468336472431e+00
5.289300997843420227e-01
1.209591875834903130e+00
1.113498282884912260e+00
1.420712345531496723e+00
1.204133566641476305e+00
1.674018057616216026e+00
1.366331427345308880e+00
2.262134073798315992e+00
6.300914347575450325e-01
2.902007038819934270e-01
9.937834815397308397e-01
3.570893082729115431e+00
8.444439783829050805e-01
1.323717538162652918e+00
7.482576368470643668e-01
1.030868740776537340e+00
3.220064232288518014e+00
9.455356495623854496e-01
1.110856071683671065e+00
1.524856897754840457e+00
5.414037211008378314e+00
1.198601993653442754e+01
8.825907707526541301e-01
8.044523111043225816e-01
1.712169150762528513e+00
3.258805516333279861e+00
1.905055808787704974e+00
2.595905488046788445e+00
1.634300976916869486e+00
7.712428984832953027e-01
1.266791725719139450e+00
7.195280134351024204e-01
1.354637741645039029e+00
1.106181868841137117e+00
1.026779891024393487e+00
8.611300333062897883e-01
7.135176705426816701e-01
1.994208578715755076e+00
1.707822083098223143e+00
1.129337086663217304e+00
1.117092960881814978e+00
1.663533820300674648e+00
4.533056998092507839e-01
9.307012288465710270e-01
1.084941763317533781e+00
8.254244953490780246e-01
9.535242254417706231e-01
1.392341938725510042e+00
1.635667660543720370e+00
1.302440182414679404e+00
8.621754531261692778e-01
1.890871053734987095e+00
1.620881484288593022e+00
2.165340320753223580e+00
1.409211738396237035e+00
2.163507175985535103e+00
9.976821929418788759e-01
6.257833934732650594e-01
6.744244988981005218e-01
1.558633926331158603e+00
1.586104571084304027e+00
5.200873510465512384e-01
1.209771334444554203e+00
2.047134093432349200e+00
1.009177452108071193e+00
3.554286870013882438e-01
1.169262327483037156e+00
1.338893677175282404e+00
9.065984763404026925e-01
1.209092661898042431e+00
5.762206939303762265e-01
7.508776799737832963e-01
5.775122983582696712e-01
1.277283262099655037e+00
6.294315984105662842e-01
3.534240264402325415e+00
6.211445302701561477e-01
8.069492926827083190e-01
7.145568017290387930e-01
4.734108669120638879e+00
3.962066628564638870e-01
3.686510263575133450e-01
7.558387863870190682e-01
1.204379896926496496e+00
2.706845914032707245e+00
6.502832903284940791e-01
4.235949579976724388e-01
6.645737913425778798e-01
1.231034240825265469e+00
1.094905639272358844e+00
1.507233345164050053e+00
3.014874063518376834e-01
9.283024241958870437e-01
4.943657691156304046e-01
1.357350496674874618e+00
1.484717828517735816e+00
1.327813102774397569e+00
9.009302601777151587e-01
8.975457386568440610e-01
7.059875632763558118e-01
6.310881317032639437e-01
9.751371484787911825e-01
1.038515891989169049e+01
6.312342228634658658e-01
1.101336578143810918e+00
1.450883403813665096e+00
6.712580917783649292e-01
9.812392881733942307e-01
1.755262938702245368e+00
1.060627055531031093e+00
2.576319524961427021e+00
6.880015377735384519e-01
7.575308928412477494e-01
6.524157926753290093e-01
9.835307204028873596e-01
8.553634452277086853e-01
7.890872007767587570e-01
2.932929253937066161e+00
1.385388972187607814e+00
9.333978797555093632e-01
3.071474536421853196e-01
7.284915299730337912e-01
8.299842965672509232e-01
4.343582480240566479e-01
7.138389324388886292e-01
6.423710514332132693e-01
8.354296046364587669e-01
5.547687330321025012e-01
1.434692029938713587e+00
9.572939178099705293e-01
1.896204292517623680e+00
5.647138351223321973e-01
3.879694865061388831e-01
1.113724513629954282e+00
