1.229753740786101801e+01
4.977864723916722411e+00
4.924942046354839675e+00
2.076190889837778109e+00
2.547772736227403190e+00
2.804335546445212657e+00
1.357633829309503160e+00
4.438435206829638879e+00
6.878646460635028381e-01
6.010959171378121191e+00
1.911613990966252841e+00
2.112876910152740706e+00
1.926725515020673574e-01
1.919708923116628219e+00
1.136716017651271393e+00
1.285157380641308356e+00
3.236731038607641442e-01
2.198869274793722628e+00
3.069592717848241836e+00
2.215531459718394824e+00
3.244596152511152631e+00
1.192301793734084292e+00
3.214787156705016802e+00
2.717123768485762980e+00
2.737679093323004853e+00
3.813553043762021311e+00
3.250520016792809441e-01
3.513300219500319344e-01
1.570362938694020549e+00
4.242206685637325947e+00
2.617419012623360963e+00
3.537271874676573447e+00
2.909694198145731825e+00
1.332318391240405075e+00
5.512772898692300139e+00
3.782481941464646003e+00
6.896544513469998749e-01
6.276006139588248267e+00
2.399632886457764513e+00
2.885000795796833550e+00
1.864854104871961127e+00
3.926472004920348091e+00
1.259164701671262598e+00
4.985506555342756330e-01
2.330955547288220853e+00
2.467403951335890966e+00
2.670203174611548214e+00
2.081303112033944025e+00
2.915929248686480513e+00
1.084128855961443039e+00
3.228372248764498575e+00
2.494351988592940383e+00
3.497680377288455489e+00
2.693728389400867340e-01
3.623332263909962436e-01
1.344696517354391441e+00
5.601884255971784299e+00
4.134656099188950051e+00
4.019968057739839118e+00
3.081244681628452220e+00
2.530955009619820117e+00
1.122671088144013396e+00
2.905037893098549873e+00
4.720280699341275366e+00
1.051798130137203469e+00
3.471247804204809384e+00
1.616305879986172922e+00
6.042724852054121243e+00
2.288315639782093402e+00
2.184777509193457146e+00
2.392807636233202917e+00
1.744484665970504889e+00
1.285277623925466628e+00
2.578191133644954225e-01
1.381744149954925005e+00
1.126309419187781824e+00
2.312646036581293973e+00
3.439119732232329696e+00
6.613242918029634154e+00
5.156129089667673249e+00
1.940968505193140903e+00
2.894705505042501237e+00
1.236517926653339039e+00
9.978925331992883896e-01
2.720142557640349512e+00
1.828142595086727829e+00
1.397223284120976627e+00
6.297456149178493945e+00
1.574066180401969106e+00
6.169324445473498564e+00
1.934990722778043626e+00
5.144208721800432649e+00
5.475630079427022956e+00
5.836628036526675167e+00
2.984077579395673308e+00
2.699070323624150447e+00
3.522720579668475516e+00
2.076081974674978348e+00
4.723657666790231913e-01
3.560554119916669258e+00
7.192804128376099060e-01
1.130658068744795575e+00
2.776356961714895544e+00
8.518476840860332855e-01
1.373560673110838515e+00
7.789290513856063081e-01
1.429378502952479035e+00
2.342699537428109657e+00
2.411739634809447086e+00
3.302323267491952041e+00
2.022859440921422003e+00
1.040961046276595070e+01
8.739081185375455751e-01
1.175482748030596714e+00
2.632416092300620125e+00
6.970223153194687882e-01
3.710216524611082534e+00
7.690341285524978643e-01
3.861646643237936605e+00
1.334653742660820930e+00
1.010217279369886789e+01
2.220130534555984525e+00
1.064882763923830211e+01
9.075741414124166573e-01
5.922093991436824467e+00
1.127927619123582659e+01
2.103307171304434231e+00
1.651846122626101199e+00
1.009230834977307367e+00
4.185938680036657367e+00
3.855549967987915050e+00
4.483560283053120710e-01
1.016533710309303951e+00
1.700475147249959296e+00
4.142510081901264463e-01
1.025002251302618683e+00
1.967100636153752857e+00
2.591530473804285251e+00
1.129370136449630913e+00
3.960833077240829780e+00
9.510939539955057809e-01
1.090998576681932564e+00
1.876258117951159932e+00
1.429638262672554783e+00
4.085479792239792851e-01
4.927560629881819754e-01
1.299022977823741209e+00
4.267727343698542342e+00
2.473771211261414749e+00
2.340320553905230305e+00
8.074204436250337347e-01
3.695806455242494071e+00
1.926318151757408392e+00
1.144314321875019136e+00
6.034443614914551723e+00
2.004583941860568874e+00
1.136746727420666847e+00
3.392175581226362979e+00
3.273190704652589655e+00
9.704583374727404621e-01
6.804853849822370293e+00
6.436362686238619624e+00
1.423225968717291234e+00
2.802405427036144037e+00
4.321680317505897762e+00
2.462846885606068348e+00
1.112789309535707716e+01
2.715243061130904412e+00
3.410755216562718850e+00
1.112252151594431027e+01
4.274942819113090486e+00
6.272105554562838137e+00
3.448265030699830369e+00
2.402346653266500098e+00
2.493850508539188660e+00
1.057256457640448177e+00
5.504146385260633600e+00
8.334526335842832312e-01
1.318575779058915876e+00
3.343558596595261334e-01
5.781408661136441252e-01
9.674646092661011165e-01
4.503602956792854606e+00
9.438975362099517596e-01
2.687150534904330534e+00
1.994037678772780486e+00
2.690334027886088553e+00
1.360344607620807000e+00
1.156839313441971218e+00
1.541679249654792860e+00
1.122740018488904479e+00
1.176178949844342014e+00
4.345667449553427986e+00
4.712181968086492034e+00
5.661417464386718557e+00
2.899970982877935199e+00
1.506536456426821768e+00
2.308178086712794119e+00
1.333795652239925911e+00
1.190155106513555827e+00
1.407983053990312650e+00
1.664384067105896925e+00
1.820776040347040103e+00
3.009973419825878738e-01
4.788656386866750880e-01
1.294943262333689837e+00
6.768182455303773937e-01
2.356427240085063435e+00
4.426302882492161750e+00
1.762183701422164628e+00
1.470576945780420974e+00
1.819942538652689512e+00
2.687196418853921021e+00
3.153879800175571457e+00
4.037004449534180139e+00
8.744115016694716802e-01
1.942585878202776062e+00
5.087346681572869622e-01
7.937776743902081877e-01
7.548658684820929166e-01
7.614635308344875897e-01
6.871660455368790998e-01
4.671865184242418145e+00
1.680023012988688613e+00
7.334264371953939099e-01
9.359933062972233264e-01
9.242714309284393304e-01
6.846974144275610463e-01
8.132126537022928980e-01
1.032038396618342624e+00
8.682048513740145967e-01
7.110400295535822535e-01
7.075960640173800664e-01
1.034654169818679748e+00
1.965108573732810671e+00
1.171999917472484221e+00
8.342624092989153750e-01
1.038532575510560552e+00
5.367972708498462975e-01
7.102411759444544614e-01
7.078757083073871081e-01
6.227596807648824173e-01
4.458551622534961401e-01
5.999570737923087815e-01
1.256458296401872676e+00
2.085492907237637805e+00
1.566097395661054215e+00
7.505927683805879713e-01
1.103827943314746429e+00
1.965664480736219355e+00
1.982667684572968048e+00
9.805255685049765191e-01
1.050804628485537018e+00
1.195385408266742999e+00
7.629966594126285084e-01
1.152375958651735699e+00
2.437774136068746156e+00
9.857800597443089341e-01
9.745858052188026699e-01
7.853035686598549558e-01
1.458380880386327627e+00
1.209610943936413774e+00
1.558394866841674720e+00
1.207627427031835232e+00
2.072075755045635237e+00
2.121412089300874992e+00
7.648520525779413104e-01
2.361537593297857285e+00
1.374168943597113834e+00
9.465268524348280366e-01
7.111067043081635841e-01
1.046217801328075847e+00
8.495461091655622798e-01
8.770854703436312683e-01
7.176389693099781697e-01
7.675768674910191658e-01
1.029327262373890717e+00
5.931461556179944417e-01
1.672514500675712501e+00
4.361948884798675929e-01
8.266772748243281788e-01
3.215233662057209174e-01
1.164730593824794269e+00
1.151808899530601282e+00
7.846998544619248062e-01
7.977366213540603157e-01
8.402356094923644214e-01
7.972667028538965583e-01
1.264599083968757975e+00
2.224025266845754523e+00
2.598135454069187666e+00
1.618210344711822346e+00
3.703779804504410578e+00
1.807775061201507327e+00
3.893733854389901161e+00
1.576987368301815406e+00
1.547201998956045266e+00
1.573179916903841624e+00
4.036368769344490737e+00
5.541858620442088323e+00
4.292345211066908917e+00
5.516562653861576848e+00
3.280810799872639016e+00
2.568901900778668868e+00
5.500886190062549419e-01
2.565389945697571950e+00
1.803144877158424420e+00
1.439719616047217654e+00
7.001840172872703105e-01
4.535765085460637391e-01
1.757368572528945405e+00
3.924842703352267481e+00
2.200064785152267000e+00
3.613786439765229286e+00
8.442739337443374570e-01
1.381384618679542875e+00
6.396682576082485028e+00
2.415222780580583706e+00
2.877786368253800298e+00
2.705301923275178932e+00
3.661398829024074431e+00
3.456283358692741281e+00
4.448449819188716958e+00
1.140829564127419005e+01
4.472223126688451345e+00
3.418645406452080593e+00
5.507214877137369680e-01
7.651629763539576912e-01
8.639825014621452248e-02
5.705955219802545664e-02
4.661426286404800334e-02
1.839136760229159506e+01
2.623361123352286661e+00
1.018527648342272496e+00
2.999063169046281452e+00
2.386544899195955693e+00
2.750680447580426069e+00
2.248080870843431445e+00
1.786268126355194719e+00
2.494832221919382587e+00
1.030444924542733398e+00
2.093554319716297130e+00
1.429295023320404923e+00
6.258513678596471230e+00
5.491473883291312141e+00
1.101810061509735705e+00
1.200320054800597225e+00
1.010605616052205225e+00
1.167444033214994459e+00
1.337619076681667352e+00
1.352304728637574005e+00
2.647947429788596097e+00
1.190265397868546682e+00
2.975464170237385630e+00
2.616787906391392582e+00
2.608382971504754622e+00
2.705037871818747330e-01
2.422775411112161881e-01
1.728091934090866699e+00
