4.138057231903076172e-01 1.025645732879638672e-01
2.365517616271972656e-01 3.493738174438476562e-02
4.033973217010498047e-01 1.096038818359375000e-01
1.739223003387451172e-01 1.776432991027832031e-02
3.511633872985839844e-01 1.122660636901855469e-01
4.120969772338867188e-01 1.176621913909912109e-01
1.580483913421630859e-01 2.196335792541503906e-02
4.217441082000732422e-01 1.017260551452636719e-01
1.843669414520263672e-01 2.329349517822265625e-02
3.692007064819335938e-01 1.150326728820800781e-01
3.608801364898681641e-01 1.016521453857421875e-01
3.350903987884521484e-01 9.663009643554687500e-02
2.307653427124023438e-01 5.831384658813476562e-02
1.698634624481201172e-01 3.203058242797851562e-02
2.020416259765625000e-01 3.285932540893554688e-02
4.190165996551513672e-01 1.150567531585693359e-01
2.360818386077880859e-01 6.198310852050781250e-02
2.156059741973876953e-01 5.774378776550292969e-02
3.824086189270019531e-01 1.165471076965332031e-01
4.801089763641357422e-01 1.101353168487548828e-01
2.148697376251220703e-01 3.592157363891601562e-02
2.291293144226074219e-01 2.267313003540039062e-02
1.711187362670898438e-01 2.899789810180664062e-02
1.609842777252197266e-01 3.296637535095214844e-02
1.825091838836669922e-01 2.543807029724121094e-02
3.478393554687500000e-01 9.130263328552246094e-02
3.498532772064208984e-01 7.191872596740722656e-02
3.812282085418701172e-01 9.669613838195800781e-02
3.534040451049804688e-01 1.118886470794677734e-01
3.167679309844970703e-01 1.072018146514892578e-01
1.629717350006103516e-01 1.856303215026855469e-02
4.064760208129882812e-01 1.162176132202148438e-01
3.903906345367431641e-01 7.560014724731445312e-02
1.654179096221923828e-01 3.052902221679687500e-02
2.586760520935058594e-01 4.761385917663574219e-02
4.351103305816650391e-01 1.157190799713134766e-01
2.108783721923828125e-01 2.802133560180664062e-02
4.066681861877441406e-01 1.025328636169433594e-01
3.888726234436035156e-01 1.136860847473144531e-01
4.930818080902099609e-01 1.489787101745605469e-01
1.963515281677246094e-01 3.167104721069335938e-02
1.633644104003906250e-01 3.025579452514648438e-02
3.409030437469482422e-01 8.578038215637207031e-02
2.352221012115478516e-01 5.286788940429687500e-02
2.456152439117431641e-01 6.113934516906738281e-02
2.333970069885253906e-01 4.773712158203125000e-02
3.244984149932861328e-01 6.559443473815917969e-02
3.209595680236816406e-01 9.099268913269042969e-02
2.290117740631103516e-01 5.522847175598144531e-02
2.499296665191650391e-01 6.031298637390136719e-02
2.211496829986572266e-01 5.232048034667968750e-02
2.347548007965087891e-01 5.771589279174804688e-02
3.030357360839843750e-01 4.874610900878906250e-02
3.369567394256591797e-01 1.015770435333251953e-01
3.039085865020751953e-01 5.307936668395996094e-02
2.659900188446044922e-01 1.078498363494873047e-01
1.930744647979736328e-01 2.652025222778320312e-02
3.151850700378417969e-01 8.598995208740234375e-02
2.808523178100585938e-01 8.768916130065917969e-02
2.862899303436279297e-01 8.839988708496093750e-02
3.960709571838378906e-01 5.485510826110839844e-02
2.537145614624023438e-01 6.301426887512207031e-02
2.373223304748535156e-01 6.272578239440917969e-02
2.980372905731201172e-01 4.504489898681640625e-02
2.158050537109375000e-01 4.496312141418457031e-02
2.493855953216552734e-01 4.452514648437500000e-02
2.746429443359375000e-01 7.300376892089843750e-02
1.910622119903564453e-01 2.434706687927246094e-02
2.471463680267333984e-01 4.363083839416503906e-02
2.099571228027343750e-01 3.220343589782714844e-02
2.435905933380126953e-01 4.919147491455078125e-02
1.830170154571533203e-01 3.247594833374023438e-02
3.256881237030029297e-01 9.856939315795898438e-02
2.332637310028076172e-01 4.068756103515625000e-02
2.553656101226806641e-01 5.989122390747070312e-02
3.453679084777832031e-01 8.774495124816894531e-02
2.911555767059326172e-01 8.699393272399902344e-02
2.283620834350585938e-01 5.135202407836914062e-02
2.232644557952880859e-01 2.479028701782226562e-02
3.476631641387939453e-01 5.656003952026367188e-02
1.963856220245361328e-01 6.844735145568847656e-02
3.790841102600097656e-01 1.048669815063476562e-01
2.080714702606201172e-01 4.414319992065429688e-02
1.711111068725585938e-01 3.207492828369140625e-02
2.772195339202880859e-01 8.074188232421875000e-02
2.765038013458251953e-01 4.658317565917968750e-02
3.199458122253417969e-01 8.796668052673339844e-02
1.287882328033447266e-01 2.186465263366699219e-02
2.601752281188964844e-01 7.806825637817382812e-02
1.868257522583007812e-01 2.495956420898437500e-02
2.043721675872802734e-01 2.257990837097167969e-02
2.726070880889892578e-01 6.198883056640625000e-02
1.658914089202880859e-01 3.117179870605468750e-02
2.609093189239501953e-01 8.948397636413574219e-02
3.080604076385498047e-01 7.967901229858398438e-02
3.124825954437255859e-01 7.332253456115722656e-02
1.837592124938964844e-01 2.939176559448242188e-02
2.355310916900634766e-01 6.042242050170898438e-02
2.554771900177001953e-01 5.068802833557128906e-02
1.946096420288085938e-01 5.140757560729980469e-02
3.111455440521240234e-01 9.956502914428710938e-02
1.806170940399169922e-01 4.164338111877441406e-02
2.166202068328857422e-01 5.312466621398925781e-02
2.361204624176025391e-01 3.061985969543457031e-02
2.026760578155517578e-01 4.188084602355957031e-02
2.451667785644531250e-01 5.211663246154785156e-02
2.088217735290527344e-01 5.133295059204101562e-02
1.987037658691406250e-01 5.008721351623535156e-02
1.875047683715820312e-01 2.987313270568847656e-02
2.040519714355468750e-01 5.109405517578125000e-02
2.035133838653564453e-01 4.366469383239746094e-02
3.260459899902343750e-01 9.225916862487792969e-02
3.126122951507568359e-01 6.798505783081054688e-02
2.316861152648925781e-01 3.601121902465820312e-02
2.206399440765380859e-01 4.932928085327148438e-02
1.913304328918457031e-01 3.416967391967773438e-02
2.419431209564208984e-01 2.770996093750000000e-02
2.196762561798095703e-01 7.638096809387207031e-02
1.873049736022949219e-01 3.166270256042480469e-02
2.075068950653076172e-01 5.583715438842773438e-02
2.244043350219726562e-01 5.600190162658691406e-02
2.189264297485351562e-01 2.872991561889648438e-02
2.165772914886474609e-01 4.054379463195800781e-02
2.705848217010498047e-01 6.971931457519531250e-02
2.430751323699951172e-01 5.260109901428222656e-02
1.830232143402099609e-01 4.860520362854003906e-02
2.345807552337646484e-01 2.887606620788574219e-02
1.624734401702880859e-01 3.014993667602539062e-02
2.096216678619384766e-01 5.668926239013671875e-02
2.126557826995849609e-01 2.905821800231933594e-02
2.260413169860839844e-01 4.920697212219238281e-02
1.555426120758056641e-01 2.016997337341308594e-02
1.302771568298339844e-01 1.836991310119628906e-02
1.939725875854492188e-01 3.200650215148925781e-02
3.093674182891845703e-01 9.196591377258300781e-02
1.434957981109619141e-01 2.044057846069335938e-02
2.107942104339599609e-01 5.761122703552246094e-02
2.078869342803955078e-01 3.295230865478515625e-02
1.781377792358398438e-01 3.593635559082031250e-02
3.753631114959716797e-01 1.372029781341552734e-01
2.597608566284179688e-01 8.793401718139648438e-02
2.794988155364990234e-01 4.482531547546386719e-02
2.504260540008544922e-01 5.225276947021484375e-02
2.183170318603515625e-01 4.903435707092285156e-02
2.373328208923339844e-01 4.490113258361816406e-02
2.656130790710449219e-01 5.845570564270019531e-02
2.503156661987304688e-01 4.564905166625976562e-02
2.365272045135498047e-01 4.291629791259765625e-02
2.357494831085205078e-01 4.383039474487304688e-02
2.607722282409667969e-01 4.410815238952636719e-02
2.884471416473388672e-01 8.538651466369628906e-02
3.321390151977539062e-01 8.301520347595214844e-02
3.410100936889648438e-01 7.462406158447265625e-02
3.008649349212646484e-01 6.238532066345214844e-02
3.081119060516357422e-01 6.701612472534179688e-02
3.145442008972167969e-01 4.703164100646972656e-02
3.036544322967529297e-01 8.950805664062500000e-02
3.172969818115234375e-01 6.164264678955078125e-02
3.225390911102294922e-01 9.309411048889160156e-02
3.279266357421875000e-01 8.108997344970703125e-02
3.266656398773193359e-01 6.841564178466796875e-02
3.417782783508300781e-01 7.116651535034179688e-02
3.259887695312500000e-01 7.696509361267089844e-02
3.553757667541503906e-01 6.613135337829589844e-02
2.612702846527099609e-01 8.547353744506835938e-02
3.426876068115234375e-01 1.131503582000732422e-01
3.537437915802001953e-01 1.025724411010742188e-01
3.089594841003417969e-01 8.618903160095214844e-02
3.888106346130371094e-01 1.146371364593505859e-01
3.098206520080566406e-01 9.553194046020507812e-02
3.320007324218750000e-01 9.355163574218750000e-02
3.689584732055664062e-01 8.167505264282226562e-02
2.745406627655029297e-01 7.436156272888183594e-02
2.116906642913818359e-01 3.534984588623046875e-02
2.206587791442871094e-01 4.761290550231933594e-02
2.192902565002441406e-01 4.544997215270996094e-02
2.276310920715332031e-01 5.187034606933593750e-02
2.179431915283203125e-01 4.560828208923339844e-02
3.268191814422607422e-01 4.420185089111328125e-02
2.178559303283691406e-01 4.079508781433105469e-02
2.156345844268798828e-01 4.501700401306152344e-02
2.171070575714111328e-01 4.488492012023925781e-02
1.592929363250732422e-01 2.879142761230468750e-02
1.556425094604492188e-01 2.868342399597167969e-02
1.999433040618896484e-01 3.063011169433593750e-02
1.840953826904296875e-01 3.084373474121093750e-02
1.703956127166748047e-01 2.503061294555664062e-02
1.982109546661376953e-01 1.645636558532714844e-02
1.821286678314208984e-01 1.796007156372070312e-02
3.049941062927246094e-01 8.567762374877929688e-02
2.033617496490478516e-01 3.087449073791503906e-02
1.922807693481445312e-01 3.344392776489257812e-02
1.844182014465332031e-01 3.379678726196289062e-02
2.716112136840820312e-01 4.131031036376953125e-02
1.534767150878906250e-01 3.351211547851562500e-02
2.229056358337402344e-01 3.265833854675292969e-02
1.608293056488037109e-01 2.868986129760742188e-02
2.576420307159423828e-01 4.416537284851074219e-02
1.625707149505615234e-01 1.667189598083496094e-02
2.252354621887207031e-01 3.010225296020507812e-02
2.202188968658447266e-01 4.016113281250000000e-02
2.322444915771484375e-01 4.180669784545898438e-02
1.594796180725097656e-01 2.978563308715820312e-02
1.736543178558349609e-01 4.936122894287109375e-02
1.740951538085937500e-01 4.833531379699707031e-02
2.270569801330566406e-01 6.671047210693359375e-02
2.392191886901855469e-01 5.971550941467285156e-02
2.459480762481689453e-01 6.215953826904296875e-02
2.402441501617431641e-01 4.709362983703613281e-02
2.286627292633056641e-01 2.795767784118652344e-02
2.615082263946533203e-01 4.126238822937011719e-02
3.024034500122070312e-01 8.318495750427246094e-02
2.425415515899658203e-01 3.505897521972656250e-02
2.705681324005126953e-01 3.892111778259277344e-02
2.796025276184082031e-01 6.420254707336425781e-02
2.890336513519287109e-01 3.657793998718261719e-02
2.811248302459716797e-01 4.801058769226074219e-02
1.722373962402343750e-01 8.930683135986328125e-03
9.859848022460937500e-02 1.681947708129882812e-02
1.501879692077636719e-01 1.671004295349121094e-02
6.581830978393554688e-02 8.151531219482421875e-03
1.475918292999267578e-01 1.480388641357421875e-02
3.337948322296142578e-01 5.814218521118164062e-02
2.859723567962646484e-01 4.249835014343261719e-02
1.208014488220214844e-01 9.190797805786132812e-03
1.009457111358642578e-01 9.826898574829101562e-03
7.927751541137695312e-02 9.915828704833984375e-03
7.719182968139648438e-02 1.032876968383789062e-02
9.648823738098144531e-02 1.748013496398925781e-02
1.102471351623535156e-01 1.652479171752929688e-02
1.293687820434570312e-01 1.591420173645019531e-02
1.319065093994140625e-01 1.740312576293945312e-02
1.393129825592041016e-01 1.006102561950683594e-02
1.512703895568847656e-01 1.699161529541015625e-02
2.443614006042480469e-01 3.646421432495117188e-02
1.105215549468994141e-01 1.105213165283203125e-02
1.048128604888916016e-01 9.748220443725585938e-03
1.328387260437011719e-01 9.492635726928710938e-03
9.439969062805175781e-02 1.497125625610351562e-02
1.233038902282714844e-01 9.813547134399414062e-03
1.078832149505615234e-01 9.565591812133789062e-03
9.747409820556640625e-02 9.961605072021484375e-03
9.288549423217773438e-02 9.433269500732421875e-03
9.366965293884277344e-02 1.022243499755859375e-02
1.481001377105712891e-01 1.682066917419433594e-02
2.609031200408935547e-01 8.181571960449218750e-02
8.153009414672851562e-02 9.604454040527343750e-03
1.303641796112060547e-01 1.651358604431152344e-02
1.148581504821777344e-01 1.187109947204589844e-02
1.391198635101318359e-01 1.721310615539550781e-02
1.328060626983642578e-01 1.690030097961425781e-02
1.410434246063232422e-01 1.616692543029785156e-02
1.490397453308105469e-01 1.661705970764160156e-02
1.555557250976562500e-01 1.106905937194824219e-02
1.379382610321044922e-01 1.921916007995605469e-02
1.730203628540039062e-01 1.463007926940917969e-02
3.096988201141357422e-01 7.576823234558105469e-02
1.336495876312255859e-01 1.145887374877929688e-02
1.212184429168701172e-01 1.664829254150390625e-02
1.523537635803222656e-01 9.990930557250976562e-03
1.462154388427734375e-01 1.708817481994628906e-02
1.454205513000488281e-01 1.723980903625488281e-02
1.378011703491210938e-01 1.670908927917480469e-02
1.390984058380126953e-01 1.479196548461914062e-02
1.540725231170654297e-01 9.620666503906250000e-03
1.477780342102050781e-01 1.820564270019531250e-02
1.081712245941162109e-01 1.617741584777832031e-02
2.979047298431396484e-01 6.803441047668457031e-02
8.850646018981933594e-02 8.424758911132812500e-03
8.828783035278320312e-02 8.148431777954101562e-03
9.646606445312500000e-02 1.726651191711425781e-02
7.399749755859375000e-02 8.160591125488281250e-03
8.952593803405761719e-02 1.094865798950195312e-02
1.050291061401367188e-01 1.051282882690429688e-02
1.399223804473876953e-01 1.177239418029785156e-02
8.803582191467285156e-02 1.683378219604492188e-02
1.151320934295654297e-01 1.138520240783691406e-02
1.305334568023681641e-01 1.474165916442871094e-02
2.997350692749023438e-01 9.211230278015136719e-02
1.356871128082275391e-01 1.678013801574707031e-02
1.469573974609375000e-01 2.030396461486816406e-02
1.103689670562744141e-01 1.058673858642578125e-02
1.341059207916259766e-01 1.356387138366699219e-02
1.297833919525146484e-01 1.652002334594726562e-02
1.055815219879150391e-01 1.029157638549804688e-02
1.249542236328125000e-01 1.330447196960449219e-02
8.141088485717773438e-02 8.469104766845703125e-03
1.308977603912353516e-01 1.337552070617675781e-02
1.311638355255126953e-01 1.562428474426269531e-02
2.462472915649414062e-01 5.393385887145996094e-02
1.810972690582275391e-01 2.186059951782226562e-02
1.866092681884765625e-01 3.443169593811035156e-02
2.626285552978515625e-01 5.077147483825683594e-02
3.949902057647705078e-01 1.320214271545410156e-01
2.840104103088378906e-01 5.029392242431640625e-02
2.002005577087402344e-01 4.233694076538085938e-02
2.335326671600341797e-01 4.929041862487792969e-02
2.268095016479492188e-01 3.620195388793945312e-02
2.876734733581542969e-01 8.620715141296386719e-02
2.939579486846923828e-01 6.605648994445800781e-02
2.251327037811279297e-01 5.917668342590332031e-02
2.413423061370849609e-01 6.171441078186035156e-02
2.553994655609130859e-01 4.789733886718750000e-02
2.498893737792968750e-01 7.263684272766113281e-02
2.563309669494628906e-01 8.573508262634277344e-02
2.504067420959472656e-01 5.744099617004394531e-02
2.336483001708984375e-01 3.923082351684570312e-02
2.423219680786132812e-01 3.830575942993164062e-02
2.380068302154541016e-01 4.375505447387695312e-02
2.054593563079833984e-01 3.979301452636718750e-02
2.992656230926513672e-01 4.751515388488769531e-02
2.526445388793945312e-01 3.056645393371582031e-02
1.629481315612792969e-01 1.910758018493652344e-02
1.627209186553955078e-01 2.332830429077148438e-02
1.552019119262695312e-01 1.573920249938964844e-02
2.323863506317138672e-01 4.032802581787109375e-02
3.653824329376220703e-01 5.473232269287109375e-02
3.301184177398681641e-01 9.679245948791503906e-02
3.490600585937500000e-01 1.146833896636962891e-01
3.810603618621826172e-01 9.279966354370117188e-02
4.045784473419189453e-01 8.519935607910156250e-02
3.884255886077880859e-01 9.395003318786621094e-02
4.126839637756347656e-01 5.969691276550292969e-02
2.908029556274414062e-01 7.378005981445312500e-02
2.360582351684570312e-01 2.976536750793457031e-02
1.914324760437011719e-01 3.502058982849121094e-02
3.334491252899169922e-01 5.481433868408203125e-02
1.986765861511230469e-01 3.753590583801269531e-02
1.902167797088623047e-01 3.469419479370117188e-02
2.309055328369140625e-01 4.151535034179687500e-02
2.120437622070312500e-01 3.473472595214843750e-02
2.117640972137451172e-01 4.655432701110839844e-02
2.150752544403076172e-01 2.565097808837890625e-02
8.127212524414062500e-02 1.197695732116699219e-02
1.675326824188232422e-01 2.573466300964355469e-02
2.217795848846435547e-01 4.412341117858886719e-02
2.150242328643798828e-01 4.007792472839355469e-02
2.482643127441406250e-01 6.718444824218750000e-02
1.787443161010742188e-01 2.485179901123046875e-02
1.866369247436523438e-01 2.391576766967773438e-02
2.503340244293212891e-01 4.625463485717773438e-02
1.671626567840576172e-01 1.847004890441894531e-02
1.534841060638427734e-01 2.754449844360351562e-02
1.464228630065917969e-01 2.773022651672363281e-02
2.129192352294921875e-01 4.167413711547851562e-02
1.305494308471679688e-01 3.092718124389648438e-02
3.225936889648437500e-01 5.336689949035644531e-02
2.032594680786132812e-01 3.151774406433105469e-02
2.329914569854736328e-01 4.048705101013183594e-02
1.729846000671386719e-01 3.387141227722167969e-02
2.756106853485107422e-01 5.288338661193847656e-02
3.364381790161132812e-01 5.589342117309570312e-02
1.826643943786621094e-01 2.121210098266601562e-02
1.416351795196533203e-01 1.432061195373535156e-02
1.207561492919921875e-01 1.404619216918945312e-02
3.046128749847412109e-01 5.443024635314941406e-02
2.805211544036865234e-01 5.754566192626953125e-02
2.825367450714111328e-01 7.663226127624511719e-02
2.640759944915771484e-01 5.529546737670898438e-02
