1.304468941688537598e+01 2.261590957641601562e-02
5.630594491958618164e+00 2.005529403686523438e-02
1.391336560249328613e+01 2.266001701354980469e-02
2.253642082214355469e+00 1.814842224121093750e-02
1.353940629959106445e+01 2.242016792297363281e-02
1.374455332756042480e+01 2.249741554260253906e-02
2.279380083084106445e+00 1.836347579956054688e-02
1.392777538299560547e+01 2.208304405212402344e-02
3.932180643081665039e+00 1.885509490966796875e-02
1.449976253509521484e+01 2.361989021301269531e-02
1.347457146644592285e+01 2.259588241577148438e-02
1.357319355010986328e+01 2.276563644409179688e-02
5.655962944030761719e+00 1.960515975952148438e-02
2.331640958786010742e+00 1.869082450866699219e-02
2.233299732208251953e+00 1.633429527282714844e-02
1.380696392059326172e+01 2.181982994079589844e-02
6.282974243164062500e+00 1.964831352233886719e-02
6.294981479644775391e+00 2.075362205505371094e-02
1.385610604286193848e+01 2.379393577575683594e-02
1.387729287147521973e+01 2.189564704895019531e-02
5.140499114990234375e+00 1.928949356079101562e-02
3.988229990005493164e+00 1.912188529968261719e-02
1.590999364852905273e+00 1.804327964782714844e-02
3.017850637435913086e+00 1.961088180541992188e-02
1.749006271362304688e+00 1.827383041381835938e-02
1.368336582183837891e+01 2.087855339050292969e-02
1.381013870239257812e+01 2.309584617614746094e-02
1.386839222908020020e+01 2.256393432617187500e-02
1.381474637985229492e+01 2.373528480529785156e-02
1.410147666931152344e+01 2.282357215881347656e-02
2.350243330001831055e+00 1.825165748596191406e-02
1.368338084220886230e+01 2.242016792297363281e-02
1.359792137145996094e+01 2.247118949890136719e-02
2.352184295654296875e+00 1.863813400268554688e-02
4.412902832031250000e+00 1.933431625366210938e-02
1.377478671073913574e+01 2.235627174377441406e-02
3.909802436828613281e+00 1.903891563415527344e-02
1.363659524917602539e+01 2.230000495910644531e-02
1.366365027427673340e+01 2.272915840148925781e-02
1.446572208404541016e+01 2.390027046203613281e-02
2.383785963058471680e+00 1.856827735900878906e-02
2.383430480957031250e+00 1.877212524414062500e-02
9.848601102828979492e+00 2.167177200317382812e-02
6.398545265197753906e+00 1.932644844055175781e-02
6.332617282867431641e+00 2.041149139404296875e-02
4.376169443130493164e+00 1.872372627258300781e-02
9.964962244033813477e+00 2.107739448547363281e-02
1.008226275444030762e+01 2.070307731628417969e-02
5.268430233001708984e+00 1.938343048095703125e-02
6.326046228408813477e+00 2.022552490234375000e-02
5.679804801940917969e+00 1.972723007202148438e-02
5.711453914642333984e+00 2.400875091552734375e-02
9.906920671463012695e+00 1.835179328918457031e-02
9.981658458709716797e+00 2.138924598693847656e-02
9.810585021972656250e+00 2.117681503295898438e-02
9.897678852081298828e+00 2.145814895629882812e-02
4.389076709747314453e+00 1.915812492370605469e-02
9.814694404602050781e+00 2.132558822631835938e-02
1.005338430404663086e+01 2.131962776184082031e-02
9.815537691116333008e+00 2.100563049316406250e-02
1.001652598381042480e+01 2.099466323852539062e-02
6.233144044876098633e+00 1.990580558776855469e-02
6.347018480300903320e+00 2.030444145202636719e-02
9.850747108459472656e+00 2.137732505798339844e-02
6.348773241043090820e+00 1.991748809814453125e-02
9.988995552062988281e+00 1.935791969299316406e-02
9.992684841156005859e+00 2.162790298461914062e-02
4.444381713867187500e+00 1.939654350280761719e-02
1.015832138061523438e+01 2.185153961181640625e-02
6.320743083953857422e+00 1.949143409729003906e-02
6.380806922912597656e+00 1.884841918945312500e-02
2.379143714904785156e+00 1.843881607055664062e-02
9.999238729476928711e+00 2.111983299255371094e-02
6.313520193099975586e+00 1.957058906555175781e-02
6.296226501464843750e+00 1.985645294189453125e-02
9.968273878097534180e+00 2.167296409606933594e-02
1.051361894607543945e+01 2.264761924743652344e-02
5.112689018249511719e+00 1.945495605468750000e-02
4.419068813323974609e+00 1.970958709716796875e-02
9.921085834503173828e+00 2.089381217956542969e-02
3.887870788574218750e+00 1.895952224731445312e-02
1.398391294479370117e+01 2.242493629455566406e-02
3.948325157165527344e+00 1.962280273437500000e-02
2.337259531021118164e+00 1.812887191772460938e-02
9.741077423095703125e+00 1.819729804992675781e-02
1.045473098754882812e+01 2.226972579956054688e-02
9.948807001113891602e+00 2.161073684692382812e-02
2.415714740753173828e+00 1.840114593505859375e-02
1.000507259368896484e+01 2.179121971130371094e-02
4.415374517440795898e+00 1.949977874755859375e-02
3.891744852066040039e+00 1.879429817199707031e-02
1.007894039154052734e+01 2.093148231506347656e-02
2.366889715194702148e+00 1.831936836242675781e-02
1.014103984832763672e+01 2.229738235473632812e-02
9.919467926025390625e+00 2.315211296081542969e-02
9.952073812484741211e+00 2.152895927429199219e-02
2.358793735504150391e+00 1.842975616455078125e-02
5.070157051086425781e+00 1.964879035949707031e-02
4.973565816879272461e+00 1.915335655212402344e-02
5.011712551116943359e+00 1.950860023498535156e-02
9.720458984375000000e+00 2.158641815185546875e-02
5.040459156036376953e+00 1.890897750854492188e-02
5.017636537551879883e+00 2.020192146301269531e-02
5.029489040374755859e+00 2.079510688781738281e-02
4.948820829391479492e+00 1.898288726806640625e-02
5.008456707000732422e+00 1.918530464172363281e-02
4.959193706512451172e+00 1.970505714416503906e-02
5.115627050399780273e+00 1.983618736267089844e-02
5.056254148483276367e+00 1.973605155944824219e-02
5.011749029159545898e+00 1.956748962402343750e-02
4.974740743637084961e+00 1.952886581420898438e-02
1.044376707077026367e+01 2.129459381103515625e-02
9.822873830795288086e+00 2.133059501647949219e-02
4.972414493560791016e+00 1.894092559814453125e-02
5.100498199462890625e+00 1.931977272033691406e-02
5.130706548690795898e+00 2.061963081359863281e-02
5.032654285430908203e+00 2.016806602478027344e-02
7.858702898025512695e+00 2.062106132507324219e-02
5.984082221984863281e+00 2.070140838623046875e-02
5.603961229324340820e+00 2.006649971008300781e-02
5.649930477142333984e+00 1.953649520874023438e-02
5.665608167648315430e+00 2.002453804016113281e-02
5.671750068664550781e+00 1.939272880554199219e-02
9.602161407470703125e+00 2.217960357666015625e-02
5.681033849716186523e+00 1.966857910156250000e-02
5.679949522018432617e+00 1.946973800659179688e-02
5.719149112701416016e+00 1.969408988952636719e-02
5.674878120422363281e+00 1.945376396179199219e-02
5.645387172698974609e+00 1.996397972106933594e-02
5.647385358810424805e+00 1.951646804809570312e-02
5.693557739257812500e+00 1.982784271240234375e-02
2.824163436889648438e+00 1.853322982788085938e-02
2.972246885299682617e+00 2.016520500183105469e-02
3.603576660156250000e+00 1.853871345520019531e-02
9.708438634872436523e+00 2.234935760498046875e-02
2.665691852569580078e+00 1.870369911193847656e-02
6.568770647048950195e+00 1.996922492980957031e-02
6.566776037216186523e+00 1.944589614868164062e-02
7.455122232437133789e+00 2.134680747985839844e-02
1.561734271049499512e+01 2.054810523986816406e-02
9.769235134124755859e+00 2.442646026611328125e-02
9.711150884628295898e+00 2.124142646789550781e-02
9.866116285324096680e+00 2.190756797790527344e-02
9.614373922348022461e+00 2.138352394104003906e-02
9.653359889984130859e+00 2.147364616394042969e-02
9.968956232070922852e+00 2.316665649414062500e-02
9.621881723403930664e+00 2.195954322814941406e-02
9.753179073333740234e+00 2.260732650756835938e-02
1.019530510902404785e+01 2.271461486816406250e-02
9.605522394180297852e+00 2.061295509338378906e-02
1.024353718757629395e+01 2.243757247924804688e-02
9.764646530151367188e+00 2.107954025268554688e-02
9.708132982254028320e+00 2.043151855468750000e-02
9.666069746017456055e+00 2.224922180175781250e-02
9.695122718811035156e+00 2.020668983459472656e-02
9.716141223907470703e+00 2.097725868225097656e-02
9.588838100433349609e+00 2.140188217163085938e-02
9.710530996322631836e+00 2.112770080566406250e-02
9.658382654190063477e+00 2.110362052917480469e-02
9.664292097091674805e+00 2.199196815490722656e-02
9.673748493194580078e+00 2.141880989074707031e-02
9.703196763992309570e+00 2.133488655090332031e-02
9.582067728042602539e+00 2.130055427551269531e-02
9.733451366424560547e+00 2.117514610290527344e-02
9.899022579193115234e+00 2.236008644104003906e-02
1.324328875541687012e+01 2.250480651855468750e-02
1.312915015220642090e+01 2.220892906188964844e-02
9.700085401535034180e+00 2.113699913024902344e-02
1.306500172615051270e+01 2.247405052185058594e-02
1.177209115028381348e+01 2.274608612060546875e-02
1.320748734474182129e+01 2.235007286071777344e-02
1.145383048057556152e+01 2.202320098876953125e-02
7.920275688171386719e+00 1.969122886657714844e-02
4.409035205841064453e+00 1.901292800903320312e-02
4.405635356903076172e+00 1.918697357177734375e-02
4.419767141342163086e+00 1.953911781311035156e-02
4.436629056930541992e+00 1.974916458129882812e-02
4.536088228225708008e+00 1.925039291381835938e-02
9.641708612442016602e+00 2.096891403198242188e-02
4.462479114532470703e+00 1.945734024047851562e-02
4.425033092498779297e+00 1.930618286132812500e-02
4.370836734771728516e+00 1.911187171936035156e-02
1.705465555191040039e+00 1.795506477355957031e-02
1.891570329666137695e+00 1.922559738159179688e-02
2.366501569747924805e+00 1.834058761596679688e-02
2.518898725509643555e+00 1.908707618713378906e-02
1.766683816909790039e+00 1.639771461486816406e-02
2.349316358566284180e+00 1.836967468261718750e-02
2.333474159240722656e+00 1.854586601257324219e-02
9.885915279388427734e+00 2.131247520446777344e-02
5.742174863815307617e+00 1.964473724365234375e-02
5.643085479736328125e+00 1.947879791259765625e-02
2.329599142074584961e+00 1.831197738647460938e-02
8.795038938522338867e+00 2.067303657531738281e-02
2.375012636184692383e+00 1.775979995727539062e-02
6.768851518630981445e+00 2.105188369750976562e-02
2.383789539337158203e+00 1.860737800598144531e-02
9.906736373901367188e+00 2.133607864379882812e-02
2.385884046554565430e+00 1.897931098937988281e-02
6.431045055389404297e+00 2.028322219848632812e-02
9.992894887924194336e+00 2.066087722778320312e-02
9.901249647140502930e+00 2.097702026367187500e-02
5.039631605148315430e+00 2.294230461120605469e-02
5.025535345077514648e+00 1.873326301574707031e-02
5.040004014968872070e+00 2.001571655273437500e-02
5.867954730987548828e+00 1.875996589660644531e-02
5.634116888046264648e+00 1.974964141845703125e-02
5.678866624832153320e+00 2.029609680175781250e-02
6.017188549041748047e+00 2.043986320495605469e-02
5.620368719100952148e+00 2.066946029663085938e-02
6.782787322998046875e+00 1.970648765563964844e-02
9.707761526107788086e+00 2.181124687194824219e-02
6.552409887313842773e+00 2.016711235046386719e-02
7.222862720489501953e+00 1.873445510864257812e-02
7.362556457519531250e+00 2.064800262451171875e-02
7.302437782287597656e+00 2.116084098815917969e-02
7.663118839263916016e+00 2.072668075561523438e-02
5.849275588989257812e-01 1.743078231811523438e-02
5.809781551361083984e-01 1.748418807983398438e-02
5.751044750213623047e-01 1.734447479248046875e-02
5.818488597869873047e-01 1.779627799987792969e-02
5.875563621520996094e-01 1.755595207214355469e-02
1.311514687538146973e+01 2.226257324218750000e-02
9.914248704910278320e+00 2.211928367614746094e-02
5.872254371643066406e-01 1.695179939270019531e-02
5.888299942016601562e-01 1.738786697387695312e-02
6.003220081329345703e-01 2.158975601196289062e-02
5.731718540191650391e-01 1.761245727539062500e-02
6.503548622131347656e-01 2.906012535095214844e-02
5.881617069244384766e-01 1.747226715087890625e-02
5.860247611999511719e-01 1.733183860778808594e-02
7.290146350860595703e-01 1.779532432556152344e-02
7.301528453826904297e-01 1.759552955627441406e-02
5.278947353363037109e-01 1.762533187866210938e-02
9.731801986694335938e+00 2.302122116088867188e-02
6.173236370086669922e-01 1.750755310058593750e-02
6.442530155181884766e-01 1.844310760498046875e-02
5.854048728942871094e-01 1.738309860229492188e-02
6.504993438720703125e-01 1.858878135681152344e-02
6.194422245025634766e-01 1.725387573242187500e-02
5.847589969635009766e-01 1.743078231811523438e-02
6.560308933258056641e-01 3.052806854248046875e-02
5.967812538146972656e-01 1.750612258911132812e-02
5.800542831420898438e-01 1.803779602050781250e-02
5.496308803558349609e-01 1.833319664001464844e-02
9.572565078735351562e+00 2.259635925292968750e-02
6.363554000854492188e-01 2.578186988830566406e-02
5.565936565399169922e-01 1.740288734436035156e-02
6.489293575286865234e-01 1.748371124267578125e-02
5.751335620880126953e-01 1.737737655639648438e-02
5.898818969726562500e-01 1.768350601196289062e-02
5.796501636505126953e-01 1.732015609741210938e-02
6.361854076385498047e-01 1.872110366821289062e-02
7.349100112915039062e-01 1.772618293762207031e-02
6.169669628143310547e-01 1.779484748840332031e-02
5.749018192291259766e-01 1.673388481140136719e-02
9.874990463256835938e+00 2.138662338256835938e-02
5.841991901397705078e-01 1.685070991516113281e-02
6.022093296051025391e-01 1.758813858032226562e-02
5.833945274353027344e-01 1.784563064575195312e-02
5.981273651123046875e-01 1.763153076171875000e-02
5.870130062103271484e-01 1.745820045471191406e-02
6.152312755584716797e-01 1.843047142028808594e-02
5.758788585662841797e-01 1.747918128967285156e-02
5.694599151611328125e-01 1.768088340759277344e-02
5.835912227630615234e-01 1.743364334106445312e-02
6.077730655670166016e-01 1.747584342956542969e-02
1.035725021362304688e+01 2.032542228698730469e-02
5.863001346588134766e-01 1.767444610595703125e-02
5.800158977508544922e-01 1.773142814636230469e-02
6.002750396728515625e-01 1.674628257751464844e-02
5.909187793731689453e-01 1.823282241821289062e-02
5.832049846649169922e-01 1.758837699890136719e-02
5.781025886535644531e-01 1.767063140869140625e-02
5.923955440521240234e-01 1.788282394409179688e-02
5.901975631713867188e-01 1.778984069824218750e-02
5.880920886993408203e-01 1.747322082519531250e-02
5.820548534393310547e-01 1.745510101318359375e-02
1.026114344596862793e+01 2.323865890502929688e-02
5.699586868286132812e-01 1.732182502746582031e-02
5.787451267242431641e-01 1.760840415954589844e-02
5.885522365570068359e-01 1.768922805786132812e-02
6.181280612945556641e-01 1.781225204467773438e-02
6.153550148010253906e-01 1.750063896179199219e-02
5.892248153686523438e-01 1.659822463989257812e-02
5.875890254974365234e-01 1.720643043518066406e-02
5.762913227081298828e-01 1.752734184265136719e-02
5.897312164306640625e-01 1.567888259887695312e-02
6.450724601745605469e-01 1.769256591796875000e-02
5.744649410247802734e+00 1.990246772766113281e-02
3.133617401123046875e+00 1.852679252624511719e-02
3.123944997787475586e+00 1.921415328979492188e-02
9.164924144744873047e+00 2.079033851623535156e-02
1.484561324119567871e+01 1.853179931640625000e-02
9.064173936843872070e+00 2.098464965820312500e-02
6.137399911880493164e+00 1.976919174194335938e-02
6.126565217971801758e+00 1.957917213439941406e-02
6.136262178421020508e+00 1.967144012451171875e-02
9.094151258468627930e+00 2.068042755126953125e-02
7.706550836563110352e+00 2.013230323791503906e-02
6.165979146957397461e+00 2.001237869262695312e-02
7.806113481521606445e+00 2.050232887268066406e-02
8.139210939407348633e+00 2.112388610839843750e-02
6.211648225784301758e+00 1.986718177795410156e-02
9.575261354446411133e+00 2.235269546508789062e-02
6.150152921676635742e+00 2.034115791320800781e-02
6.250168323516845703e+00 2.147626876831054688e-02
6.155677080154418945e+00 1.988649368286132812e-02
7.349669933319091797e+00 2.041697502136230469e-02
4.999066352844238281e+00 1.969385147094726562e-02
9.742854356765747070e+00 2.095127105712890625e-02
6.895484924316406250e+00 2.029895782470703125e-02
2.274147510528564453e+00 1.841616630554199219e-02
4.001166343688964844e+00 1.942014694213867188e-02
2.168669939041137695e+00 1.852321624755859375e-02
9.679045200347900391e+00 2.145719528198242188e-02
1.177873277664184570e+01 1.269078254699707031e-02
9.813173532485961914e+00 2.218842506408691406e-02
1.116587495803833008e+01 1.342749595642089844e-02
1.106151986122131348e+01 1.234173774719238281e-02
1.092935371398925781e+01 1.266050338745117188e-02
1.092432403564453125e+01 1.205682754516601562e-02
1.108471870422363281e+01 1.205658912658691406e-02
7.850713729858398438e+00 1.981258392333984375e-02
3.975672721862792969e+00 1.940608024597167969e-02
3.113362550735473633e+00 1.895904541015625000e-02
8.706350088119506836e+00 1.330566406250000000e-02
3.042911291122436523e+00 1.851749420166015625e-02
3.046581268310546875e+00 1.880288124084472656e-02
2.984933137893676758e+00 1.856613159179687500e-02
3.011618614196777344e+00 1.779603958129882812e-02
4.359031915664672852e+00 1.837849617004394531e-02
4.401887416839599609e+00 1.894402503967285156e-02
1.614262819290161133e+00 1.813483238220214844e-02
4.412284851074218750e+00 1.947188377380371094e-02
4.420817852020263672e+00 2.006411552429199219e-02
4.579775571823120117e+00 1.952767372131347656e-02
8.165675163269042969e+00 1.216149330139160156e-02
4.366402387619018555e+00 1.563191413879394531e-02
4.443541288375854492e+00 1.887917518615722656e-02
6.639049530029296875e+00 1.224088668823242188e-02
2.938843965530395508e+00 1.861381530761718750e-02
3.169672727584838867e+00 1.954150199890136719e-02
4.177900552749633789e+00 1.497888565063476562e-02
4.508524656295776367e+00 1.371717453002929688e-02
2.316839933395385742e+00 1.818394660949707031e-02
8.711810350418090820e+00 1.169228553771972656e-02
5.382225751876831055e+00 1.183843612670898438e-02
6.847170829772949219e+00 1.229643821716308594e-02
5.381264925003051758e+00 1.182389259338378906e-02
9.250123023986816406e+00 1.234102249145507812e-02
8.649272203445434570e+00 1.196599006652832031e-02
3.288236618041992188e+00 1.131081581115722656e-02
1.700186252593994141e+00 1.813054084777832031e-02
1.658406734466552734e+00 1.800560951232910156e-02
8.359472513198852539e+00 1.484727859497070312e-02
8.067915678024291992e+00 1.089692115783691406e-02
7.745565652847290039e+00 1.124954223632812500e-02
7.575834512710571289e+00 1.163673400878906250e-02
