4.577564477920532227e+00 4.958224296569824219e-02
4.407624721527099609e+00 4.980897903442382812e-02
4.507335662841796875e+00 5.041217803955078125e-02
4.286972284317016602e+00 4.910850524902343750e-02
4.324371337890625000e+00 4.961228370666503906e-02
4.190138578414916992e+00 4.846954345703125000e-02
4.217543840408325195e+00 4.789161682128906250e-02
4.391080379486083984e+00 4.906821250915527344e-02
4.550683498382568359e+00 4.999899864196777344e-02
4.283098459243774414e+00 4.904556274414062500e-02
4.459750175476074219e+00 4.961991310119628906e-02
4.320739746093750000e+00 4.985737800598144531e-02
4.645300865173339844e+00 5.193877220153808594e-02
4.545139312744140625e+00 5.088829994201660156e-02
4.469887971878051758e+00 4.911661148071289062e-02
4.470604419708251953e+00 4.863452911376953125e-02
4.543774843215942383e+00 7.863330841064453125e-02
4.618254184722900391e+00 5.039834976196289062e-02
4.389449596405029297e+00 4.730629920959472656e-02
4.407415628433227539e+00 5.096840858459472656e-02
4.577049016952514648e+00 5.089592933654785156e-02
4.555077075958251953e+00 4.955077171325683594e-02
4.599283456802368164e+00 5.058026313781738281e-02
4.469321966171264648e+00 4.808759689331054688e-02
4.490217924118041992e+00 4.787850379943847656e-02
4.431631088256835938e+00 4.928135871887207031e-02
4.441753149032592773e+00 4.875755310058593750e-02
4.470625400543212891e+00 4.953765869140625000e-02
4.495175123214721680e+00 5.046081542968750000e-02
4.631556034088134766e+00 5.190300941467285156e-02
4.513733386993408203e+00 5.032300949096679688e-02
4.521319389343261719e+00 5.149269104003906250e-02
4.379281044006347656e+00 4.845905303955078125e-02
4.394793272018432617e+00 4.900574684143066406e-02
4.536185026168823242e+00 5.082511901855468750e-02
4.468501329421997070e+00 5.039119720458984375e-02
4.452102422714233398e+00 4.888033866882324219e-02
4.439502716064453125e+00 5.074977874755859375e-02
4.558457136154174805e+00 4.818749427795410156e-02
4.510382413864135742e+00 4.834508895874023438e-02
4.538721323013305664e+00 4.810738563537597656e-02
4.521629810333251953e+00 4.951524734497070312e-02
4.458439826965332031e+00 4.922819137573242188e-02
4.454902172088623047e+00 5.000758171081542969e-02
4.526198148727416992e+00 4.987668991088867188e-02
4.456079244613647461e+00 5.016469955444335938e-02
4.482762336730957031e+00 4.912781715393066406e-02
4.454948425292968750e+00 4.938530921936035156e-02
4.582315921783447266e+00 5.043077468872070312e-02
4.392129421234130859e+00 4.870796203613281250e-02
4.303123712539672852e+00 4.800581932067871094e-02
4.434616565704345703e+00 4.912209510803222656e-02
4.520041942596435547e+00 5.076885223388671875e-02
4.513170480728149414e+00 4.963493347167968750e-02
4.425757646560668945e+00 4.983735084533691406e-02
4.687014341354370117e+00 4.919528961181640625e-02
4.723469972610473633e+00 4.976534843444824219e-02
4.592451810836791992e+00 5.105543136596679688e-02
4.491108894348144531e+00 4.892873764038085938e-02
4.500190734863281250e+00 5.069422721862792969e-02
4.591297626495361328e+00 5.054521560668945312e-02
4.446636438369750977e+00 4.896593093872070312e-02
4.559043407440185547e+00 5.164194107055664062e-02
4.624843835830688477e+00 5.097937583923339844e-02
4.459941625595092773e+00 4.828739166259765625e-02
4.362294197082519531e+00 4.941654205322265625e-02
4.462291479110717773e+00 5.004143714904785156e-02
4.458256244659423828e+00 4.895663261413574219e-02
4.598064422607421875e+00 4.910254478454589844e-02
4.526014328002929688e+00 4.866170883178710938e-02
4.534419536590576172e+00 4.835653305053710938e-02
4.472252607345581055e+00 4.900693893432617188e-02
4.504538536071777344e+00 4.742312431335449219e-02
4.495342493057250977e+00 4.967570304870605469e-02
4.492564439773559570e+00 4.952383041381835938e-02
4.530917406082153320e+00 5.105829238891601562e-02
4.414432525634765625e+00 4.958057403564453125e-02
4.456910133361816406e+00 5.027580261230468750e-02
4.489972352981567383e+00 4.992127418518066406e-02
5.953562498092651367e+00 4.955077171325683594e-02
6.119427919387817383e+00 4.908370971679687500e-02
6.125197887420654297e+00 5.107378959655761719e-02
5.940556049346923828e+00 4.934525489807128906e-02
6.158355474472045898e+00 5.014944076538085938e-02
6.123916864395141602e+00 5.022335052490234375e-02
6.147526502609252930e+00 5.004525184631347656e-02
6.144724369049072266e+00 4.932737350463867188e-02
6.086088895797729492e+00 4.954981803894042969e-02
6.143179893493652344e+00 5.046296119689941406e-02
4.533266067504882812e+00 4.849505424499511719e-02
6.323233127593994141e+00 4.907107353210449219e-02
6.167148590087890625e+00 5.101084709167480469e-02
6.156432390213012695e+00 5.145764350891113281e-02
6.401381015777587891e+00 5.115795135498046875e-02
6.371077060699462891e+00 5.221486091613769531e-02
6.189082860946655273e+00 4.966235160827636719e-02
5.848503112792968750e+00 4.879188537597656250e-02
5.932605266571044922e+00 4.855608940124511719e-02
6.039182186126708984e+00 4.937434196472167969e-02
6.014781236648559570e+00 5.021142959594726562e-02
4.568156480789184570e+00 5.133128166198730469e-02
6.089912414550781250e+00 4.989027976989746094e-02
5.992036819458007812e+00 4.960203170776367188e-02
6.010028123855590820e+00 4.964017868041992188e-02
6.096465349197387695e+00 5.021739006042480469e-02
6.046934843063354492e+00 4.960298538208007812e-02
6.054871320724487305e+00 4.994225502014160156e-02
6.100051641464233398e+00 5.005526542663574219e-02
6.024846553802490234e+00 4.983282089233398438e-02
6.077061176300048828e+00 5.076026916503906250e-02
6.095791578292846680e+00 4.882383346557617188e-02
4.505964756011962891e+00 5.065608024597167969e-02
4.343563318252563477e+00 4.933023452758789062e-02
5.918510198593139648e+00 4.916334152221679688e-02
6.086567640304565430e+00 4.997754096984863281e-02
6.162831783294677734e+00 4.985904693603515625e-02
6.098186016082763672e+00 4.920411109924316406e-02
6.133552789688110352e+00 5.026865005493164062e-02
6.030105352401733398e+00 5.010533332824707031e-02
6.098230361938476562e+00 5.024456977844238281e-02
6.078983545303344727e+00 4.878091812133789062e-02
6.120466947555541992e+00 5.032849311828613281e-02
6.135355710983276367e+00 5.078315734863281250e-02
4.558340549468994141e+00 4.783010482788085938e-02
6.241439104080200195e+00 4.860258102416992188e-02
6.255886793136596680e+00 4.947996139526367188e-02
6.131336450576782227e+00 4.973268508911132812e-02
6.327482700347900391e+00 5.086016654968261719e-02
6.068114042282104492e+00 4.954886436462402344e-02
5.991455316543579102e+00 4.842829704284667969e-02
5.934274196624755859e+00 4.975748062133789062e-02
6.120402097702026367e+00 4.907679557800292969e-02
6.179026365280151367e+00 4.881596565246582031e-02
6.268696784973144531e+00 5.046105384826660156e-02
4.401168823242187500e+00 4.787373542785644531e-02
5.998644351959228516e+00 4.761409759521484375e-02
6.105716466903686523e+00 5.024218559265136719e-02
6.070451259613037109e+00 5.021071434020996094e-02
6.058972120285034180e+00 5.020356178283691406e-02
6.043957471847534180e+00 4.832577705383300781e-02
5.937808990478515625e+00 4.971265792846679688e-02
6.137971639633178711e+00 5.040073394775390625e-02
6.050781250000000000e+00 5.012679100036621094e-02
6.478203535079956055e+00 4.983830451965332031e-02
6.184668302536010742e+00 4.942965507507324219e-02
4.530399560928344727e+00 5.134129524230957031e-02
5.960504531860351562e+00 4.748320579528808594e-02
6.007547140121459961e+00 4.956984519958496094e-02
6.138362646102905273e+00 4.832005500793457031e-02
6.041985511779785156e+00 5.039954185485839844e-02
6.327609300613403320e+00 5.133461952209472656e-02
6.133419513702392578e+00 5.027055740356445312e-02
6.086269855499267578e+00 4.873371124267578125e-02
6.083626270294189453e+00 5.010652542114257812e-02
6.529174089431762695e+00 5.251812934875488281e-02
6.220182895660400391e+00 5.121707916259765625e-02
4.654741525650024414e+00 5.057978630065917969e-02
6.060607671737670898e+00 5.013251304626464844e-02
6.198729753494262695e+00 5.247855186462402344e-02
6.360676288604736328e+00 5.183076858520507812e-02
5.914218425750732422e+00 4.757595062255859375e-02
6.069329261779785156e+00 4.954242706298828125e-02
5.942819833755493164e+00 5.067992210388183594e-02
6.061215639114379883e+00 5.101943016052246094e-02
5.884089231491088867e+00 4.889798164367675781e-02
5.957102298736572266e+00 4.872941970825195312e-02
6.146261692047119141e+00 5.324172973632812500e-02
4.501070976257324219e+00 4.888200759887695312e-02
6.119332075119018555e+00 5.098867416381835938e-02
6.116024494171142578e+00 5.021309852600097656e-02
6.095406293869018555e+00 5.035352706909179688e-02
6.032864332199096680e+00 5.027770996093750000e-02
5.979432582855224609e+00 5.004715919494628906e-02
6.147862672805786133e+00 5.006742477416992188e-02
6.094828844070434570e+00 5.028104782104492188e-02
6.078062534332275391e+00 5.126118659973144531e-02
6.086159467697143555e+00 4.839706420898437500e-02
5.912647724151611328e+00 5.154967308044433594e-02
4.662067651748657227e+00 5.042219161987304688e-02
5.904456138610839844e+00 4.886269569396972656e-02
5.949856042861938477e+00 4.958963394165039062e-02
6.215932369232177734e+00 5.037021636962890625e-02
6.077142477035522461e+00 4.869151115417480469e-02
6.105965375900268555e+00 5.066299438476562500e-02
6.082220554351806641e+00 5.046892166137695312e-02
6.144442558288574219e+00 5.210041999816894531e-02
6.126520156860351562e+00 5.041074752807617188e-02
6.169787168502807617e+00 5.070614814758300781e-02
6.063136100769042969e+00 5.111002922058105469e-02
4.684563159942626953e+00 5.024957656860351562e-02
6.213809967041015625e+00 5.143308639526367188e-02
5.969804763793945312e+00 4.998612403869628906e-02
5.922635793685913086e+00 4.919147491455078125e-02
6.050419807434082031e+00 4.816722869873046875e-02
6.048512220382690430e+00 4.940462112426757812e-02
6.068912267684936523e+00 5.036783218383789062e-02
5.899402618408203125e+00 4.875278472900390625e-02
6.176960706710815430e+00 5.125331878662109375e-02
5.993786811828613281e+00 4.648900032043457031e-02
6.090006589889526367e+00 4.929685592651367188e-02
4.459009170532226562e+00 4.966902732849121094e-02
6.375449180603027344e+00 5.285239219665527344e-02
6.151714801788330078e+00 5.060124397277832031e-02
6.225417375564575195e+00 5.033564567565917969e-02
6.095568895339965820e+00 4.971003532409667969e-02
6.056056737899780273e+00 4.576706886291503906e-02
6.048266410827636719e+00 4.738092422485351562e-02
6.101329088211059570e+00 4.481649398803710938e-02
6.137623786926269531e+00 5.046105384826660156e-02
6.125638246536254883e+00 4.982709884643554688e-02
6.118345499038696289e+00 5.040788650512695312e-02
4.727785348892211914e+00 5.312180519104003906e-02
5.945465564727783203e+00 4.737710952758789062e-02
5.981091976165771484e+00 4.329442977905273438e-02
6.115817070007324219e+00 4.886507987976074219e-02
6.142680883407592773e+00 5.026006698608398438e-02
6.127862691879272461e+00 5.028390884399414062e-02
6.128402948379516602e+00 5.018711090087890625e-02
6.098717927932739258e+00 5.020189285278320312e-02
6.163925886154174805e+00 5.043840408325195312e-02
6.124659061431884766e+00 5.018043518066406250e-02
6.124318599700927734e+00 5.027127265930175781e-02
4.623896360397338867e+00 4.946660995483398438e-02
4.417216062545776367e+00 4.755163192749023438e-02
5.934537887573242188e+00 4.943037033081054688e-02
6.019845247268676758e+00 8.946013450622558594e-02
6.046069383621215820e+00 5.007529258728027344e-02
6.109818220138549805e+00 4.917526245117187500e-02
6.049703359603881836e+00 5.057215690612792969e-02
5.909571647644042969e+00 4.951262474060058594e-02
6.118973970413208008e+00 5.038690567016601562e-02
5.931522607803344727e+00 4.935193061828613281e-02
6.139116525650024414e+00 4.902791976928710938e-02
6.339797735214233398e+00 8.874392509460449219e-02
4.523486852645874023e+00 4.920530319213867188e-02
5.979553461074829102e+00 4.809832572937011719e-02
6.047145843505859375e+00 5.003428459167480469e-02
6.125460386276245117e+00 5.072331428527832031e-02
6.178853511810302734e+00 5.042910575866699219e-02
6.085767507553100586e+00 5.260467529296875000e-02
6.151684284210205078e+00 5.123376846313476562e-02
6.287791967391967773e+00 5.272579193115234375e-02
6.101977348327636719e+00 5.008244514465332031e-02
6.235923767089843750e+00 5.104017257690429688e-02
5.894637823104858398e+00 4.731011390686035156e-02
4.397626876831054688e+00 4.835534095764160156e-02
6.289125442504882812e+00 5.144166946411132812e-02
5.957671165466308594e+00 4.951906204223632812e-02
6.069387197494506836e+00 4.977798461914062500e-02
6.051939725875854492e+00 4.998111724853515625e-02
6.076378822326660156e+00 5.030560493469238281e-02
6.096756219863891602e+00 4.983735084533691406e-02
6.153769493103027344e+00 4.947686195373535156e-02
6.069256305694580078e+00 5.066967010498046875e-02
6.048274278640747070e+00 5.014824867248535156e-02
6.016806602478027344e+00 5.017018318176269531e-02
4.411379575729370117e+00 4.906392097473144531e-02
5.981161832809448242e+00 4.946255683898925781e-02
5.958853960037231445e+00 5.174255371093750000e-02
6.029847145080566406e+00 5.010938644409179688e-02
6.043035984039306641e+00 4.999089241027832031e-02
6.049918413162231445e+00 4.990506172180175781e-02
5.884543418884277344e+00 4.746007919311523438e-02
5.961902618408203125e+00 5.003619194030761719e-02
6.120719671249389648e+00 5.006575584411621094e-02
5.980943679809570312e+00 5.005550384521484375e-02
6.087288379669189453e+00 5.078625679016113281e-02
4.472327947616577148e+00 4.859066009521484375e-02
6.104895114898681641e+00 5.025458335876464844e-02
6.146508693695068359e+00 5.123853683471679688e-02
6.045751571655273438e+00 5.121016502380371094e-02
6.353103160858154297e+00 5.253052711486816406e-02
6.147301912307739258e+00 5.188989639282226562e-02
6.137604475021362305e+00 5.118942260742187500e-02
6.121487140655517578e+00 4.941558837890625000e-02
6.351322889328002930e+00 5.237960815429687500e-02
6.150505065917968750e+00 5.182337760925292969e-02
5.961472749710083008e+00 4.884409904479980469e-02
4.411234855651855469e+00 4.996252059936523438e-02
6.293164253234863281e+00 5.221629142761230469e-02
6.148123979568481445e+00 5.039429664611816406e-02
6.177937507629394531e+00 4.975962638854980469e-02
6.175600528717041016e+00 5.127263069152832031e-02
6.036364555358886719e+00 5.076408386230468750e-02
6.117377758026123047e+00 4.911589622497558594e-02
6.022705554962158203e+00 5.123543739318847656e-02
6.198234319686889648e+00 5.153012275695800781e-02
6.090538024902343750e+00 5.114436149597167969e-02
6.105004310607910156e+00 5.122137069702148438e-02
4.502759456634521484e+00 4.934549331665039062e-02
5.979851961135864258e+00 4.993200302124023438e-02
6.006920099258422852e+00 4.939484596252441406e-02
6.068841695785522461e+00 4.991888999938964844e-02
6.060605764389038086e+00 5.003166198730468750e-02
5.939607143402099609e+00 5.133271217346191406e-02
6.259381055831909180e+00 4.833030700683593750e-02
6.045718431472778320e+00 4.992341995239257812e-02
6.181816339492797852e+00 5.352926254272460938e-02
6.042260885238647461e+00 5.239629745483398438e-02
6.071972370147705078e+00 5.042529106140136719e-02
4.407598495483398438e+00 4.874849319458007812e-02
6.059797286987304688e+00 4.814910888671875000e-02
6.308015823364257812e+00 5.070948600769042969e-02
6.328656435012817383e+00 5.108928680419921875e-02
6.156343698501586914e+00 5.253601074218750000e-02
6.228022575378417969e+00 5.148744583129882812e-02
6.121557950973510742e+00 5.009174346923828125e-02
6.485187053680419922e+00 5.306625366210937500e-02
6.106773138046264648e+00 5.065631866455078125e-02
6.303098201751708984e+00 5.282688140869140625e-02
5.919240713119506836e+00 4.910302162170410156e-02
4.624451160430908203e+00 5.027318000793457031e-02
6.120776891708374023e+00 4.967617988586425781e-02
6.097461700439453125e+00 4.852533340454101562e-02
6.111603260040283203e+00 5.702543258666992188e-02
6.089345932006835938e+00 5.118465423583984375e-02
5.961434364318847656e+00 4.981684684753417969e-02
6.119348049163818359e+00 4.823732376098632812e-02
6.182104110717773438e+00 4.465818405151367188e-02
6.027974128723144531e+00 5.105757713317871094e-02
6.173809766769409180e+00 5.100035667419433594e-02
6.036734819412231445e+00 5.035519599914550781e-02
4.441367387771606445e+00 4.920125007629394531e-02
5.996515274047851562e+00 4.981255531311035156e-02
6.010551691055297852e+00 5.029034614562988281e-02
6.126148939132690430e+00 4.221343994140625000e-02
5.937531471252441406e+00 4.982686042785644531e-02
6.017436265945434570e+00 5.181717872619628906e-02
6.085231781005859375e+00 5.363225936889648438e-02
5.993260145187377930e+00 4.910326004028320312e-02
6.155095338821411133e+00 5.200743675231933594e-02
6.169909715652465820e+00 5.177474021911621094e-02
6.081435680389404297e+00 5.037713050842285156e-02
4.460912942886352539e+00 4.840731620788574219e-02
4.559760332107543945e+00 5.362415313720703125e-02
6.132771015167236328e+00 5.204510688781738281e-02
6.151281833648681641e+00 4.830288887023925781e-02
6.118191003799438477e+00 5.151867866516113281e-02
6.062340974807739258e+00 4.961919784545898438e-02
6.154631376266479492e+00 5.037426948547363281e-02
5.937908649444580078e+00 4.978704452514648438e-02
6.000717401504516602e+00 5.094909667968750000e-02
6.269287586212158203e+00 5.124831199645996094e-02
6.364640951156616211e+00 5.250096321105957031e-02
5.998933553695678711e+00 4.960131645202636719e-02
4.458609580993652344e+00 4.966521263122558594e-02
6.057869195938110352e+00 5.168843269348144531e-02
6.046403884887695312e+00 5.182409286499023438e-02
6.087197780609130859e+00 4.998111724853515625e-02
6.031838893890380859e+00 5.009293556213378906e-02
5.992200851440429688e+00 5.006647109985351562e-02
4.597594261169433594e+00 5.045342445373535156e-02
4.446111679077148438e+00 4.865550994873046875e-02
4.515434026718139648e+00 4.923844337463378906e-02
4.536729335784912109e+00 4.924440383911132812e-02
4.464011430740356445e+00 4.873609542846679688e-02
4.378849506378173828e+00 4.890155792236328125e-02
4.413868427276611328e+00 4.883718490600585938e-02
4.470526933670043945e+00 5.002617835998535156e-02
4.505211591720581055e+00 4.787063598632812500e-02
4.515018224716186523e+00 4.947590827941894531e-02
4.579369544982910156e+00 4.993414878845214844e-02
4.486945390701293945e+00 5.222392082214355469e-02
4.470743656158447266e+00 4.967570304870605469e-02
4.459744691848754883e+00 5.036282539367675781e-02
4.499958753585815430e+00 4.987549781799316406e-02
4.512996912002563477e+00 4.962754249572753906e-02
4.579002141952514648e+00 4.982018470764160156e-02
4.472269058227539062e+00 4.932975769042968750e-02
4.575778007507324219e+00 4.735207557678222656e-02
4.614630222320556641e+00 4.895853996276855469e-02
4.441414356231689453e+00 5.081558227539062500e-02
4.403107404708862305e+00 4.958176612854003906e-02
4.605774402618408203e+00 4.950308799743652344e-02
4.455838441848754883e+00 4.913401603698730469e-02
4.454170703887939453e+00 4.907608032226562500e-02
4.601609945297241211e+00 5.017304420471191406e-02
4.464093208312988281e+00 5.180692672729492188e-02
4.524493694305419922e+00 5.055570602416992188e-02
4.561908483505249023e+00 5.012440681457519531e-02
4.676221132278442383e+00 5.130624771118164062e-02
4.450365066528320312e+00 4.692316055297851562e-02
4.514590024948120117e+00 4.814815521240234375e-02
4.512946605682373047e+00 5.003929138183593750e-02
4.492400884628295898e+00 5.039048194885253906e-02
4.484834194183349609e+00 4.923391342163085938e-02
4.425144910812377930e+00 4.924654960632324219e-02
4.372941255569458008e+00 2.954912185668945312e-02
4.309062004089355469e+00 3.887653350830078125e-02
4.416079044342041016e+00 4.833841323852539062e-02
4.247249841690063477e+00 4.114699363708496094e-02
4.450902462005615234e+00 3.926444053649902344e-02
4.389661788940429688e+00 4.827356338500976562e-02
4.238892078399658203e+00 4.352402687072753906e-02
4.439818859100341797e+00 5.118155479431152344e-02
4.452507734298706055e+00 2.978706359863281250e-02
3.839074373245239258e+00 2.964019775390625000e-02
3.790701866149902344e+00 3.184294700622558594e-02
3.929097414016723633e+00 3.197312355041503906e-02
3.652978181838989258e+00 3.012084960937500000e-02
3.769560575485229492e+00 2.806758880615234375e-02
3.688718557357788086e+00 2.885746955871582031e-02
3.393615484237670898e+00 2.964234352111816406e-02
3.606351613998413086e+00 2.833271026611328125e-02
3.539356708526611328e+00 2.790856361389160156e-02
3.590244531631469727e+00 3.455758094787597656e-02
3.462312221527099609e+00 2.690458297729492188e-02
3.101052045822143555e+00 2.952718734741210938e-02
3.129134893417358398e+00 2.730536460876464844e-02
3.116898536682128906e+00 2.952289581298828125e-02
3.214685440063476562e+00 2.558064460754394531e-02
3.049283266067504883e+00 2.757477760314941406e-02
3.031049489974975586e+00 2.548599243164062500e-02
2.690226793289184570e+00 2.417802810668945312e-02
