5.557649351197831988e-01
9.439618504252225151e-01
2.111168197305732797e+00
1.171368442986136182e+00
6.673923147705254078e-01
1.114087895350981183e+00
8.985082305944388503e-01
1.129568427626044036e+00
1.159314564316722196e+00
6.429888585288711100e-01
1.320732866340924350e+00
7.754249539436544048e-01
4.365624208264141437e+00
8.186311521577646078e-01
1.052902849368718918e+00
1.284553636487649531e+00
1.535311076894153359e+00
9.428087302171824780e-01
5.188802078101034665e-01
6.520975275383832370e-01
8.924925158125925906e-01
6.564686163967620169e-01
1.466138900702081527e+00
5.406715273725889448e-01
1.747229924897471864e+00
9.193543630146041590e-01
1.425400510637689022e+00
1.596629614726034152e+00
2.859189558951295229e+00
3.814333682746271048e+00
2.868576257331392210e+00
4.733547718117540271e+00
2.627745134484877454e+00
3.024988753821324483e+00
9.515201453542299070e-01
4.913154389328652227e-01
6.080663154448254781e-01
2.274752665079808445e+00
2.269452182653643124e+00
3.749955063255207555e-01
3.611046590348760410e-01
2.798250074580902691e+00
1.923354381775923994e+00
2.164799875257788830e+00
2.898298936267525772e+00
7.958918678424068416e-01
1.904568429826338782e+00
2.279740326956749108e+00
9.626282633233949060e-01
1.177004486848903797e+00
2.604995178971883263e+00
3.866876111971560892e+00
2.150897237892626546e+00
2.420726668944330751e+00
9.871439359760210142e-01
6.614909321067632408e-01
8.334287773909437869e-01
1.120724110489328185e+00
1.442784632077551255e+00
5.041511436664450896e-01
5.972593338865938684e+00
5.175939282212730363e-01
2.202517735389413644e+00
1.137884549401161793e+00
1.251048469653724959e+00
7.050513735243899127e+00
2.465243618992942753e+00
7.905065190417983612e-01
1.788507821918326579e+00
1.290880960428210766e+00
1.975532344467310963e+00
2.136970586738446087e+00
1.758952057744006936e+01
1.650195765485824806e+00
1.043646941837900632e+00
9.214296952804988949e-01
1.490956663526180570e+01
1.741197312206383296e+00
1.031750603851799397e+00
3.716635387629443787e+00
1.308613935685413665e+01
6.334938104458814223e+00
4.100738523114033640e+00
6.141155098463658035e+00
3.732689758276359182e+00
3.153148547040121930e+00
3.497739510726745493e+00
2.930614424934257389e+00
3.874813121890047007e+00
8.234711331994416517e-01
3.877614529170701818e+00
3.249088605748446490e+00
7.123636888821017976e+00
6.016408823946666651e+00
2.348388265178793066e+00
4.225766412643531034e+00
2.491587292904462014e+00
5.690755906139356668e+00
4.539162029184697467e+00
3.785245163233255106e+00
5.852983009511495416e-01
3.971250165444085933e+00
3.410426955350674749e+00
4.296639250509953989e+00
4.797655570726961471e+00
3.699844241887967122e+00
2.242993530920451839e+00
2.721485246178293238e+00
4.317893244272988262e+00
4.103657195931157631e+00
4.365268433329150710e+00
1.049978330846183860e+00
6.600337730549403759e-01
3.043139924477773040e+00
3.252650205808754524e+00
3.849282950367370226e+00
3.242500511577901090e+00
4.624254817342199786e+00
6.526257861333186305e+00
3.881427333853443518e+00
3.647783788217424217e+00
4.924425694444467538e+00
7.979543581331553170e+00
1.193360030337287991e+00
3.696013334743216472e+00
2.535460345868728371e+00
3.524642786240802739e+00
7.259669538992049809e+00
4.756479558083102077e+00
5.683971355742547082e+00
4.289604430231680254e+00
3.810388315849257967e+00
4.133831026725124147e+00
3.146799587510385354e+00
1.000722446732172033e+00
3.306072948970235625e+00
2.367919356959065080e+00
8.551322867769869385e-01
6.313072271582884643e-01
4.692611030251089055e+00
4.532905189979640426e+00
3.859816198727556102e+00
3.273218073809665007e+00
1.706797216757479063e+01
3.905627855284760308e+00
9.281635618357595430e-01
4.671488819252002322e+00
3.316297841784913825e+00
3.793952886428291205e+00
1.672833559416901483e+00
2.681926490867574397e+00
4.110996980510403631e+00
1.572351685640305030e+00
3.779299721669735046e+00
2.465244591640274319e+00
5.009107878944738523e+00
1.170712376000241806e+00
7.184719274514591580e-01
3.533814008838922938e+00
5.555693321313324162e+00
4.920402440810856426e+00
8.679990565443527206e-01
3.492485076737946503e+00
4.942192139506667914e+00
5.634881238258600433e+00
4.303768172384584645e+00
5.367535300009435240e+00
8.219701518393098816e-01
3.145293170006580041e+00
3.803736735125149426e+00
3.928185254638375312e+00
7.995660183564938350e+00
7.194612341239499997e+00
5.014192000465055976e+00
2.465101662695463158e+00
3.465370138816500134e+00
3.264261728281388386e+00
4.425285897457778006e+00
8.648510007774485864e-01
4.797971465598680929e+00
2.246255593028261899e+01
5.772695299954662573e+00
3.737860424481234567e+00
1.275498412996748376e+00
4.881641881097637636e+00
1.085272124888772671e+00
5.911925468557750918e+00
5.116864922930977500e+00
3.744814011804956433e+00
8.768763058187748483e-01
2.794870088376295580e+00
1.594142777012434342e+00
6.317607473031252585e-01
3.236673445240509039e+00
2.250349134447956700e+00
2.230806268946608384e+00
1.341807473465247424e+00
4.139131272602517342e+00
2.907288599211408808e+00
2.730773007247354389e+00
7.362225380214736381e-01
1.846179383407345886e+00
3.576670879449914686e+00
2.563415838416817749e+00
4.782802644656816149e+00
3.400230371541745011e+00
6.057685203707934285e+00
4.838539019515507356e+00
1.583468865539007453e+00
3.629756537944552441e+00
4.051063269164603575e+00
6.194341409841046531e-01
2.655460586973302561e+00
4.891441382612907951e+00
3.392771091160688979e+00
2.552790416354041358e+00
3.276542782016027999e+00
4.193537966460286981e+00
2.771880310659461610e+00
2.737956699192535481e+00
3.991127239118829273e+00
6.121852613113873076e+00
1.047025631455693384e+00
1.260727797549574092e+00
2.978672981429615341e+00
4.665487704344810638e+00
3.488288281358488785e+00
5.096742621852593302e+00
4.452281588737445617e+00
3.241619028529076019e+00
4.298616329592083396e+00
4.195201664663358976e+00
3.291195726720318238e+00
4.176195232130137214e+00
4.093052164163001883e-01
3.484918305580351650e+00
3.012565886557371009e+00
2.474285666739105327e+00
4.506499900874604059e+00
4.210697709624444229e+00
9.254929307537505423e+00
5.989133344373334999e+00
3.100554227509622951e+00
4.948055621250268210e+00
4.861227787733056971e+00
3.915367871017623735e-01
3.107082613558999284e+00
3.511547059365862644e+00
2.428044241644564227e+00
3.791597987800398695e+00
4.425103410093581324e+00
5.833055896320559874e+00
1.531100746599074691e+00
5.670490046669494966e+00
4.268854652257867421e+00
1.087662670219422756e+00
2.005216994601793701e+00
9.517867838335724029e-01
1.610856498618891575e+00
1.846996530507343026e+00
1.404880187123387802e+00
1.735487277481339019e+00
2.178998233075921220e+00
3.862896721589793025e-01
9.091344574743200901e-01
8.861164447247072973e-01
4.762787568616334566e-01
1.008909884652824607e+00
1.075291063353977616e+00
2.145150009681768388e+00
2.032317581034041254e+00
1.926161011401539502e+00
9.378581575875057919e-01
1.306146003759110830e+00
1.434639550525999230e+00
8.689721987217601251e-01
1.542138500151697844e+00
1.144919907453587404e+00
8.067963584417964240e-01
1.888043050069614370e+00
6.076830684923339998e-01
1.272882604935828388e+00
1.082140675874187163e+00
1.521841947483453028e+00
1.515912214554584247e+00
1.841918909670115623e+00
1.375329381183743038e+00
2.397831718227913189e+00
9.251713983442778622e-01
1.467578342191118379e+00
9.882566302052117058e-01
3.644449098169686430e+00
8.982263723407282185e-01
1.249890178885837866e+00
1.059846707281755007e+00
1.470475112661268513e+00
3.347076989938292169e+00
1.412830088855802968e+00
9.501895641772005741e-01
1.500804522437606758e+00
2.210580882524404878e+00
1.387446226341033118e+01
1.119603191470960990e+00
9.079515368803544595e-01
1.754929836502754803e+00
3.298849950287706001e+00
2.304273515266573202e+00
2.668072466665511122e+00
1.798823655793591048e+00
8.390091377934979500e-01
1.446394984431064401e+00
7.397163331456976243e-01
1.567982041570733287e+00
1.152396942577802230e+00
1.130675565241528346e+00
1.023526016402097172e+00
8.346073016705227721e-01
2.339598647588893687e+00
1.733881681410984310e+00
1.322252897078687761e+00
1.170019578786065440e+00
1.841832608003233229e+00
1.260438425718859667e+00
8.419352184254653704e-01
1.240106130428770381e+00
8.161196087156816770e-01
1.100468101875614835e+00
1.474208485109183453e+00
1.594938083701271658e+00
1.433680643938401333e+00
9.414523151306172233e-01
1.896010534816161996e+00
1.673330481995415120e+00
1.478401482939393441e+00
5.915071756714325169e-01
2.051534045450566612e+00
1.111563733583798896e+00
7.566121894065870324e-01
9.856907497004929741e-01
1.740149625400289057e+00
1.514479670940946932e+00
1.320810751873845224e+00
1.314096356991337311e+00
2.110107706373852476e+00
1.214054349219036544e+00
3.949435895353838877e-01
1.450867182201068362e+00
1.394027111573054700e+00
1.162232951281712223e+00
1.743971688653611185e+00
5.495123181271679424e-01
8.010688584173564220e-01
6.874552193401620714e-01
7.792624459359934752e-01
6.579582508825226883e-01
5.544541369238641382e-01
6.506068410495745580e-01
1.308132140398502896e+00
1.450392400632100065e+00
2.372039188921900799e+00
5.744903110039935035e-01
5.063008246043336769e-01
6.694047877097953902e-01
1.153216006712626029e+00
1.165199663077595815e+00
6.996688907349241093e-01
2.095243782141304134e+00
9.799522056920446644e-01
1.457522282066191943e+00
1.265928171801148361e+00
1.077667255384868072e+00
3.772863448639001138e-01
1.079336254646158899e+00
5.507584157440482686e-01
1.356928576037719436e+00
1.593471418533734196e+00
1.348485274795946598e+00
9.381889938829248710e-01
8.215589777643339531e-01
6.107681415120997936e-01
7.221667737902535134e-01
1.230716650227189790e+00
4.648654472251745773e+00
5.906961790893567876e-01
1.409380816673514447e+00
1.582226837089836691e+00
7.617658803924697297e-01
9.453608049131481117e-01
1.767361011647753610e+00
1.118576295311928925e+00
9.525917799399179486e-01
8.178897326365225373e-01
6.830905176047884497e-01
4.863973168139619774e-01
6.138925668318860884e-01
9.275168886072128194e-01
7.729583712668515183e-01
2.702741305866594335e+00
1.452516376807436060e+00
1.074851989329578483e+00
4.339588927269080187e-01
7.055033462499704644e-01
9.368770505514543157e-01
5.764554321609524079e-01
7.985796994106860724e-01
8.359301481166496739e-01
1.126289610064229452e+00
7.048440093945200768e-01
5.270269002217532472e-01
5.362719948380817447e-01
1.934446066448415769e+00
5.381883762932172521e-01
4.478890614730265951e-01
1.174720501663750527e+00
