id,0,1,2,3,4,5,6,7,8,9,10,11,12
W1,35790.68650734307,36446.357273409405,35824.55821737132,35876.82516635201,35814.980267170846,36162.79076592359,35819.80795068819,35685.26102392456,35811.72506963112,36098.91996906721,35818.73294422684,34076.17822299143,35783.68396019439
W10,5131.120870286353,5140.118200383617,5149.131058182586,5158.159470051542,5167.2034624027865,5176.263061692762,5185.338294422084,5194.429187135664,5203.535766422704,5212.658058916848,5221.796091296231,5230.949890283521,5240.119482646023
W100,11514.017283340227,11428.765702831342,11337.981966734673,11539.328686809793,11453.900321802252,11756.343768293298,11258.276342754823,11364.20190916786,11581.63101726476,11495.907245647904,11404.620456210123,11607.082577015313,11521.181100941929
W101,9972.58556087587,9859.449156751472,9879.082840373982,9774.956228504374,9914.45427280981,9938.415359392278,9868.08135622332,9678.066157848485,9853.985949062217,10026.393694081888,9913.195280921154,9932.839771192404,9828.655625268024
W102,16277.223428759422,16055.48003451925,16074.222739396519,16093.850973386589,16423.36123076274,16134.376956502318,15990.724292967203,15929.3021144318,16186.92584031949,16113.381447148256,15999.331203877444,16016.772953460159,16078.291616729734
W103,4097.780818699596,4253.514067967956,3958.1875075107496,4028.5682527762974,4361.563377309996,4243.967586373452,4072.6795378444995,3801.935405376071,4097.407153342151,4113.517269248506,4269.621937522737,3973.586516647366,4044.1379416724117
W104,1026.065418694774,1018.9252398583557,1024.5980099074743,1023.8650926673068,1023.1326996956562,1022.4008306175116,1015.2861527468275,1020.9386626430032,1020.208362997951,1019.4785857490152,1018.7493305225217,1011.6600625420706,1017.292384643491
W105,9190.839712110204,9197.02804225608,9202.658441271717,9207.729879621766,9213.366830238076,9219.007231761736,9224.651086305359,9230.298395982847,9235.949162909417,9241.60338920155,9247.261076977016,9252.92222835492,9258.58684545568
W106,2155.4989436520855,2138.2229440330975,2148.2839436694594,2157.1989438254186,2157.130887384563,2139.8548876873238,2149.9158873693345,2158.8308875655634,2158.7628311244002,2141.48683134897,2151.5478310765925,2160.4628313130606,2160.394774871589
W107,23953.543000935675,23973.678560031218,24012.19264128555,23989.47450515526,24009.633397885606,24013.451969916034,24025.44764466274,24045.62989010829,24057.637983260654,24069.650709721263,24108.283855400983,24085.495492508413,24105.716701571822
W108,16123.592892980494,16044.339693320531,15824.843500722605,15884.806818911593,15894.045782807769,16170.459629862837,16090.999547473633,15870.929834694494,15931.049910861382,16208.041056139959,16128.415123064426,15907.885638198526,15968.131382165147
W109,14361.032788833081,14283.11062172765,14061.808391217002,14120.29558104221,14128.235723395437,14401.373159593357,14323.256891186651,14101.402746880834,14160.035895277157,14433.717762124968,14355.445909199236,14133.149369908546,14191.899513789787
W11,338.35696887781603,343.6902973382072,257.2385455827916,289.6852381565019,320.59287487514666,369.9526729495204,278.43637436140233,297.0602624607105,313.44848573730485,326.9623822522985,329.13224798543155,304.2746069565598,313.32166090459293
W110,7370.806896160695,7367.704436151328,7446.0201194326955,7384.063371244027,7380.955331460395,7459.411865491823,7397.343688097276,7468.353074110814,7406.210499265573,7403.0931375489245,7481.784985985489,7419.5306477271415,7416.407679435694
W111,1054.6871731300046,1073.884280252974,1063.2084363290853,1062.0638946839824,1059.969406491157,1048.5201821647452,1067.6050401969812,1056.9916199360482,1055.8537706409609,1053.771529314183,1042.389250756442,1061.3625160355696,1050.8111544368821
W112,9593.27952062457,9498.738620392774,9472.85189011653,9500.915789397883,9693.632450894029,9537.657189269612,9586.409947622968,9470.318091025607,9574.908019483519,9554.474039300312,9603.312758273314,9487.016209090849,9591.790549991962
W113,675.4541763915429,708.2984544497659,724.6205836795181,703.7707899751334,709.1461916495589,737.1210691313,742.7968814190551,765.776974766437,711.6058892588155,663.0130081087271,695.8572826137569,712.1794101391035,691.3296186189407
W114,10772.00911548384,10619.844338709088,10577.333498847249,10698.795843822722,10656.858092706312,10548.195432455992,10442.376552286485,10644.499932931012,10791.61685716778,10926.87161237957,10722.778165312553,10754.232902817861,10728.759016596794
W115,11511.07971506337,11602.564712450867,11216.889680323748,11340.860717099551,11457.58282477194,11463.361392309453,11615.573015659262,11317.523510176492,11557.509289686011,11649.243223918707,11578.777514675112,11386.825399437179,11471.270006451352
W116,15593.641548573014,15080.279365333889,15199.725282701227,14350.70950095035,14294.810590429823,15693.410165509467,15163.533911548722,13595.373339708516,13893.23176855198,15663.54776123395,15147.884191560335,15267.865581239443,14415.043687735
W117,7114.08798032469,7071.085007829723,7080.100624317889,7130.634634408156,7136.158733714428,7100.555796111076,7098.517310810464,7107.5679032103635,7158.297959021307,7163.843488964149,7128.102430450309,7126.056036885126,7135.141740884302
W118,1740.3934842300023,1722.9174846148255,1732.8604842351378,1741.3264844270843,1741.9619685432106,1724.4859688337185,1734.4289685078077,1742.8949687453012,1743.530452864837,1726.054453061116,1735.9974527889324,1744.4634530719316,1745.0989371948747
W119,1038.57956174598,1010.2380978257572,1052.508486650224,971.3292159792638,993.5592069963046,1032.0717461940785,1003.7302833505789,1046.0006705799026,964.8214030327082,1026.8654939286014,998.5240319514489,1040.7944178973469,959.6151528637727
W12,1028.9814214410023,1028.9364523824788,1028.891484287362,1028.8465171556536,1028.8015509873542,1028.7565857824632,1028.7116215409842,1028.6666582629148,1028.621695948259,1028.5767345970144,1028.5317742091845,1028.486814784769,1028.441856323769
W120,879.8974796120134,879.4183998957266,878.939417283647,878.4605317893044,877.9817434262329,913.9599758549855,920.5689029857987,905.3913980638297,905.4252493755813,904.9410427375974,937.5902850799805,886.3897961387628,914.3477568188204
W121,10553.999516416912,10487.967281254389,10490.301795004192,10377.219492044389,10496.721647468332,10526.183094936147,10487.22620613859,10292.149468559277,10410.900646150805,10609.001106931564,10542.628970987496,10544.975502089748,10431.311048559599
W122,342.534393512802,347.4236758150403,409.5943875520061,389.41160845983444,344.00684527361494,337.5321846983665,375.28988950098005,352.03653355198696,354.49668750240795,360.0641171229056,410.2916018710108,400.52998877623503,367.25017495273676
W123,476.237179164962,489.1342282069872,468.7464973995227,487.9090951452346,492.33647420244085,488.56040554196426,474.0564765022436,487.7898040443604,493.1743954630742,504.32921497622266,491.8478731156182,492.038788625546,460.0018454576962
W124,8435.544404521157,8417.896277336995,8494.131712595607,8409.57667909212,8449.332969978639,8431.658981925353,8508.00608946293,8423.327190521783,8463.141736754642,8445.44185431953,8521.900778798401,8437.09785395384,8476.970731022668
W125,10904.095777586026,11091.492429993506,10970.825201165917,10847.863320401166,10963.27631611658,10949.631556495498,11146.852024857033,10781.782902997707,10851.462339413372,10986.197054898592,11184.07612270614,10817.787886348184,10887.700010802799
W126,9681.163899554229,9590.632851034365,9599.718442939216,9491.896307458817,9643.905997138536,9649.587129063797,9596.049509548624,9400.711159068052,9584.104390439217,9730.23067998804,9639.695717304092,9648.781703675924,9540.954862915316
W127,11054.54211113556,10986.049050804186,11037.47468107044,11118.07658409814,11170.233043609907,11347.667472120425,11331.393782882451,11265.697864789572,11192.21081705792,11369.994351106776,11353.688643083886,11353.855697243145,11462.914237094501
W128,3657.436586859624,3710.146070171183,3460.6831939147223,3534.9721670723193,3844.5321766198567,3740.4107866852332,3444.947363133548,3346.8178181974795,3588.571168508646,3673.824377402471,3726.7056631053283,3476.4236417136253,3550.95817765415
W129,1007.1115867769687,1009.6063519187535,994.7708842846324,998.941948719048,1004.4810745004853,992.8215378616538,996.9844287546586,984.6808166596697,984.1144000935556,997.0149834300765,995.9023233760188,985.8729055870765,996.1412590112808
W13,2467.5393007886078,2518.7084745668494,2531.1003374969805,2507.7130843292316,2459.1744190997956,2621.884366585621,2494.9622720213156,2530.1193405396752,2488.1866199193996,2541.687219441529,2679.670056235314,2653.7463860097423,2663.157179886237
W130,8193.106720405247,8197.633107735319,8202.161995711465,8206.693385715167,8211.227279128685,8215.763677335073,8220.302581718077,8224.843993662262,8229.387914552965,8233.934345776262,8238.483288718995,8243.034744768762,8247.588715313985
W131,2154.4077470756183,2137.1327474535915,2147.2027470915314,2156.1797472507697,2156.0514942310574,2138.7764945301783,2148.8464942141586,2157.8234944142605,2157.695241393966,2140.4202416142934,2150.4902413442824,2159.467241585215,2159.338988564339
W132,22691.91386256575,22710.63346769154,22699.239256340963,22740.137073949354,22751.733818540903,22763.335296122466,22745.587825702136,22786.552456054964,22798.168141306334,22809.788565348605,22792.0121106183,22833.04363560993,22844.67828473186
W133,13975.633829928827,13908.771633061995,13711.821577054227,13839.456289765954,13953.778569054874,14015.186713315445,13948.153392984312,13750.698813731335,13878.660564487465,14046.90186754343,13979.731366617072,13781.872337109031,13910.096257521536
W134,12235.843500668585,12171.428728204639,12154.179374675025,12068.37023085163,12189.71700027278,12248.341279058694,12181.772919970079,11983.04431320897,12109.523699588099,12274.816522734121,12208.119963936297,12009.008181101333,12135.731516751235
W135,6295.859462769447,6244.076183031775,6250.544684937692,6224.000244337609,6212.083099809148,6240.56273033635,6265.41890783743,6233.298113557483,6248.638566236281,6333.551536687028,6281.458242471107,6299.356024044491,6346.165640043974
W136,6689.423165963452,6421.565452786849,6534.0460902366085,6455.870644438372,6483.304479031831,6427.560196462449,6452.347742660305,6586.258089458159,6354.045507872835,6642.599167774997,6242.554727621058,6420.991939182249,6425.77857167316
W137,7043.906817534045,7099.644940977444,7032.197178482123,7088.765919397266,7158.94683635245,7061.392809067166,7117.269297559948,7049.654101852685,7106.363269754302,7075.412850493336,7131.400278288318,7063.650836803108,7120.4725972412925
W138,337.06862074345247,352.7606136480662,357.62462520142,375.5107449040631,291.6747826610181,338.70419462716205,404.8358309890365,342.09300513622844,321.8125792669673,339.0139527353648,347.4750078629333,325.1443654050446,323.517938656765
W139,8078.132299938017,8024.501543068254,7745.611210181124,7759.830160889849,7983.11976742258,8031.502091835172,8199.59736440672,8060.185074532374,8082.125250625974,8029.824967942047,7978.070233521064,7890.905049414141,8002.491277514242
W14,2445.453115139881,2479.737445665062,2585.71756873964,2416.520071661145,2449.0690529120516,2599.2588489702425,2552.137232312253,2610.289166593911,2368.9048298248854,2451.6469637727946,2612.9098237048893,2559.304428048516,2478.949081212302
W140,8095.958181851968,8365.230329767472,8405.59027903213,8566.133644665355,8401.302934557194,8437.30661563283,8425.608619346152,8360.579499171628,8232.405695543397,8359.39826293185,8352.326686811339,8466.04438830551,8253.791992285614
W141,10991.615707308107,11186.481762244322,10757.875117863794,10931.441067796712,11727.72491994053,11583.598601139078,11382.609945331353,10622.560262214016,10299.783344368605,11475.499176040019,10774.695613967386,10711.041421030473,11039.877415027122
W142,5440.993029649078,5417.167217817124,5416.719790452085,5421.541774392982,5460.393283306442,5465.254145319013,5470.119334462867,5440.872673608138,5479.862709555716,5484.740903218994,5489.623439442069,5460.272498129913,5465.133252619712
W143,11353.851756625681,11214.572876735718,11284.457411736013,11328.489106936324,11371.843911210912,11232.53764687279,11302.435959296488,11346.476296815754,11389.839581850076,11250.505965850032,11320.418039157757,11364.46700866693,11407.838764359105
W144,1025.8354481167385,1036.3414271602865,1061.4063539340661,1012.0078831153868,978.2765861658704,1020.2702406434782,991.9329480824184,1033.8706438950037,952.3365283696253,1033.009817279241,1043.5779517147846,1068.790779600345,1019.1002966762803
W145,8765.14622800242,8912.901740782261,9088.027917255919,8613.367334793798,8609.711593159898,9113.458300038641,8916.584920771249,8712.866747221362,8629.607398770151,9261.699930143659,9045.511091367283,8701.382265558723,9215.338883713515
W146,6833.698051872882,6771.647790175733,6790.052170734247,6689.215086619984,6781.78287726318,6812.225085631533,6788.901573707351,6637.184887594614,6727.992060672472,6825.406509667187,6802.037867808847,6650.0276167902575,6741.010497633831
W147,109.84019387361958,119.51726480671336,131.932200046814,135.84586286692183,112.1789326081033,119.31297634314116,127.56707325609949,132.25438284738578,137.407164813114,126.49437466717437,135.39442948083968,136.34460021715063,135.47625057834412
W148,208.14712030024276,222.75465696037148,240.61501616794197,241.17794231253117,217.27759226760065,222.64582301179453,230.76338646670487,234.18659920015966,234.72843919071596,230.54382076626393,238.34782212544647,236.84987536695698,235.56251512371912
W149,4419.492617455665,4325.34762165077,4422.329933296616,4362.634351616066,4392.226529842354,4365.435164646266,4334.075136589351,4429.431194725083,4335.074486429054,4432.274891098104,4337.857606119762,4402.103791361325,4375.252177964393
W15,5770.031220666998,6850.479851803554,6524.851539606617,5606.524302551342,5536.453824816532,6278.615262384254,5860.486011470228,7484.556328366151,4554.063633422685,4904.213332636918,6587.70469695333,5643.983186184389,5454.3414585585
W150,8027.654473923921,8242.953694122376,8118.117222225577,8023.15068202121,8185.282886134469,8116.142258887654,8268.624755132816,7972.361395035695,8037.627846689049,8090.805462089498,8307.798362067726,8181.979847593158,8086.266240509455
W151,6380.963072472588,6330.877921106088,6349.783989615195,6251.591998248239,6346.509222269782,6378.724712303385,6357.974902317445,6197.345149568031,6292.208032680314,6391.507111431045,6370.715720912159,6209.764082260965,6304.817061075381
W152,8535.133519963383,8445.12803038674,8424.992989883174,8535.416267535471,8576.918571361695,8557.708080176095,8586.390509200859,8636.587871487254,9082.247771742877,8472.784281156408,8599.343213268086,8662.082745683809,8917.284416704028
W153,3099.1545695532636,2951.513491979532,2830.8454499153268,2932.705035017857,3016.824606193639,3074.1171388883745,2808.369608456661,2881.9839563554474,3171.0143943855765,3098.821459976542,2810.9177096028384,2712.4112981419676,2947.7007364279098
W154,8531.03582391765,8716.343795605153,8526.209404752264,8563.268334024737,8640.807496513036,8560.689245666556,8746.21836533804,8555.857024858153,8592.960446280576,8592.805278763033,8590.378265603058,8776.12829918042,8585.540249336793
W155,4616.413776425499,4612.694715479846,4601.411431913458,4624.151227577581,4626.731786462039,4629.313049582513,4631.895016930477,4634.477688497407,4630.75151471508,4619.446633521694,4642.2299284269275,4644.8154167846305,4647.401609318775
W156,5470.353975047428,5464.708987476903,5467.920848523471,5480.00518178757,5483.226033058027,5486.448777359705,5489.67341580526,5492.899949507908,5496.128379581612,5479.7240979885855,5502.590933301023,5505.825059177858,5509.061085887947
W157,1430.786296847535,1416.9438380711997,1424.103418492814,1428.6624278533886,1433.322462638284,1419.4797863267759,1426.6394795231301,1431.1985604031074,1431.832599744449,1422.0157745919637,1429.1755803658068,1433.7347326406004,1434.3687818931003
W158,16640.025597344527,16649.402078566472,16658.783581782933,16668.170109543706,16746.143952266928,16660.413286240735,16664.434828955244,16696.61885240261,16715.17820583509,16697.993064014157,16702.023228507303,16734.276247518457,16752.875385182986
W159,9338.516330915294,9290.09233792925,9282.305415254072,9208.90690918338,9302.956767950203,9359.320805639822,9310.288634676615,9147.509500347258,9253.529623332972,9380.04811074522,9330.907352979624,9167.767727435063,9274.022642943968
W16,5850.376195908343,6936.152854919423,6571.112580208766,5641.857529448896,5595.098561141018,6358.891913560268,5918.28888937767,7564.940082453254,4570.7461145763555,4981.8933575048395,6711.012425542734,5705.3665064228935,5521.520106936283
W160,8117.833554711652,8060.876417922018,8055.496531199016,7980.923687076063,8080.557708029274,8136.418473497603,8082.35482908376,7919.088118351554,8028.445868067243,8153.624440793378,8099.446469447045,7935.834502971921,8045.42350859833
W161,12169.083790991335,12078.05603598102,12148.35120064344,12155.176899125605,12163.856495528407,12112.617080027714,12121.270590143815,12191.781458503207,12198.628092476785,12207.334308157115,12155.937708431724,12226.621537314932,12233.484958250656
W162,4473.80635495944,4497.630680604194,4461.576644655668,4453.639127609918,4475.4938174981235,4524.674354906989,4532.481637194308,4571.470276774189,4488.889661078184,4500.8685289985915,4487.354164560713,4461.5536845843435,4482.93484910898
W163,3784.0556045871926,3759.551607499865,3749.249772981657,3738.144446970029,3772.975762875201,3748.5435138874413,3738.271843308057,3727.199033871958,3761.92836311851,3737.567652151966,3727.326057191427,3716.285669122346,3750.9133103270965
W164,25087.34247523355,24588.611429703113,24502.8564196058,24565.68512227833,25420.12343087591,24842.394230522095,24780.43438059896,24275.68206452115,24740.593924781613,25207.173922124664,24706.06066694678,24619.89604443678,24683.024851051072
W165,3656.5429635493742,3585.927902235369,3617.782088008789,3691.881740773696,3688.2407414461945,3698.6694729243923,3781.21052056253,3750.262669269963,3626.544690091235,3744.281390647288,3735.0818725379418,3540.8229503179164,3612.850975558018
W166,2673.484752711495,2654.2125663263546,2750.4020948302887,2725.38455296312,2657.6992922567065,2663.789818841927,2690.116825463451,2740.4364172914297,2673.3175083093856,2661.5939471771057,2704.643672231026,2734.4425721231737,2691.1745307071396
W167,3084.1311470958926,3046.030326575421,3153.4318978552355,3137.4362819789076,3077.4555706985907,3047.5146722849067,3073.765240272818,3125.612281182331,3084.479262282775,3075.226842584997,3098.3413345888303,3134.050433150263,3093.467599540351
W168,3930.412895616505,4006.739673627854,3589.059411324448,3719.890631224978,4083.5255118129007,4171.311960907626,3704.6003936038087,3748.630253312914,3874.276980296531,3961.7066304407567,3693.0223023240546,3495.2267440868677,3382.51360347431
W169,1658.6740341973664,1664.3467761183272,1667.4607024016657,1664.6762748555393,1676.391830356068,1657.487525987207,1658.3207732189398,1667.824885909257,1679.562600376815,1660.6225401393917,1661.4573633867747,1670.9794522904563,1682.7393676365714
W17,11980.476685169213,11998.471387441657,12016.493117635011,12034.54191634485,12052.617824227616,12070.720882000904,12088.851130443374,12107.00861039505,12125.193362757142,12143.40542849242,12161.644848625141,12179.911664241197,12198.205916488125
W170,3626.372378565341,3597.040976650853,3602.5115298948,3607.9931421684846,3616.012376112839,3635.42547761309,3606.03795245662,3611.5189812640633,3617.011086541872,3625.045664329554,3644.4958775258197,3615.0521545981765,3620.5436728909644
W171,6084.611051297858,6067.410928544953,6006.335222253537,6101.214357697103,6109.827544936966,6081.192445549867,6050.480534980202,6097.872952793126,6127.817337825439,6064.933685723267,6029.523815123642,6058.94685985933,6099.884320166457
W172,3681.6966912526086,3662.6189279425366,3624.4987542312606,3672.681586912983,3701.940955615894,3691.1711638034994,3672.0443060991993,3633.8260345714643,3682.132860146657,3698.768293476913,3679.6020693095215,3641.3051378017,3689.711387389408
W173,3301.52499325289,3295.303871829269,3231.1280592117187,3345.898885086767,3148.140589509408,3216.954554864101,3271.4258069680673,3369.041321339812,3200.6140591549965,3057.3493363745642,3199.43227201313,3162.2229785442605,2983.8569306392887
W174,2831.704209966312,2826.485369848969,2812.713047004813,2836.8240234461737,2829.1408971903957,2855.6173066942924,2840.4268410781656,2810.288073676872,2818.971995742667,2843.875639893842,2830.86283571111,2809.622383041151,2870.4480166692288
W175,3308.2902799974036,3299.7927002015936,3283.666265562073,3271.214631972197,3301.543506893627,3299.965755732107,3280.454131650252,3238.6093495189198,3272.895817575531,3309.6554692634995,3290.0911848156543,3292.504510112858,3292.878375787967
W176,2676.0858199727577,2477.6265316470653,2483.019607715308,2456.4938416982086,2567.0205008983226,2681.592204554873,2482.724563520697,2488.128736462945,2461.5483906314294,2572.3024711221838,2687.10991915108,2487.8330851809874,2493.248377830197
W177,6482.38514747832,6750.694402245484,6564.811737584246,6506.036081243412,6728.010500520074,6591.45978590171,6589.115417246139,6549.7037855617355,6773.356663677679,6608.735193031892,6830.994262740836,6693.194308205022,6627.3243557938995
W178,1510.3692976058999,1475.8286479354736,1469.709046678665,1486.2227355541352,1485.6138243059906,1483.9992600299147,1478.7228927544033,1475.1973124452047,1490.9272556398407,1486.4194325166125,1478.9049384395407,1472.59353329712,1458.821044555133
W179,2702.968349909316,2725.3545367665893,2706.9947528692346,2729.408132208114,2711.0260497428017,2733.4666471474097,2715.0622451373415,2737.5300862088707,2719.1033436632424,2741.5984540199624,2723.1493499339804,2745.671755211237,2727.2002685661023
W18,4369.444821081395,4380.384786667304,4391.352142948536,4402.346958503527,4413.369302082402,4424.4192426074305,4435.496849173438,4446.602191048248,4457.735337673086,4468.8963586630625,4480.085323807567,4491.302303070725,4502.547366591862
W180,7301.879931836319,7272.960275556718,7241.241830317179,7288.502028815975,7321.59313090436,7253.703022411947,7219.402670989658,7248.432181482543,7292.865270268159,7288.695649904434,7269.502200070247,7211.089960668855,7305.167702332684
W181,8859.25998776429,8814.480231076708,8831.915755641963,8764.868407222833,8803.763024786222,8882.58987243359,8837.721698562475,8855.191662748359,8788.011785100436,8826.983314576943,8905.965777336354,8861.009070108576,8878.513519183527
W182,1351.3277188381378,1350.6588327542524,1389.1344531036873,1345.3765977711637,1344.7094008878107,1383.0884280543876,1339.440518197336,1338.7750094275582,1377.0575052002164,1333.5194704297114,1332.8556486851928,1371.0416749293793,1327.6134447692623
W183,6056.377022535727,6082.8063737163775,6138.713774834737,6092.775235120878,6102.785073715889,6060.2659491328905,6080.238250617733,6151.939694681112,6105.938984546939,6115.9623846878985,6073.385596899556,6093.385002950446,6125.653196790376
W184,4606.1994530515685,4613.327362375933,4580.789559612296,4614.567221418249,4617.359204984703,4624.501060629023,4591.899561255706,4625.743345130777,4628.540790023063,4631.339601518146,4603.031321795082,4636.941326352017,4639.7442407088
W185,4094.295703946534,4073.742100845065,4040.1293468058393,4072.989075634323,4075.3993949307874,4106.409706125961,4085.8070118099276,4052.113872210901,4085.0521871306646,4087.46826602628,4095.479690049849,4061.722136741022,4094.723423441271
W186,1742.0670578329077,1739.2400578390918,1742.6211156688837,1739.7941156697063,1743.1751735059127,1740.348173501373,1743.7292313439898,1740.9022313340906,1744.2832891831156,1741.4562891678574,1744.837347023292,1742.0103470026768,1745.3914048645163
W187,919.165304391379,905.0544784519076,920.3081400221618,920.8424524330012,906.959708580997,917.3327391651948,899.3077949545376,920.5966156731599,912.0799507096106,914.0647545800499,904.251009141837,888.9616282006207,914.3005087826901
W188,2193.4236850998027,2225.8031361561625,2281.428891129194,2197.428998034979,2084.6755223077002,2285.685026099389,2195.862609702526,2219.1744805321714,2274.654063718524,2190.875066412727,2078.4196566841724,2278.8990317401103,2189.3128064614084
W189,2076.500540037635,1957.1075918821289,2044.5109033193012,1970.7394063460483,1993.117969457885,1970.7867577880063,1927.8874331187028,2092.6416523864777,2057.156744621108,2041.4500494948247,1865.4169523391063,1940.5449109475678,2047.5872672580888
W19,2775.819904716258,2844.924954493455,2263.036605374002,2712.5649609127313,1941.4053131198332,4580.1694640227915,2094.1751002828532,2463.1771614088157,2681.3490426175385,3118.363829721093,5471.432389238332,1487.2686480434102,2592.196774565994
W190,444.3958167599352,434.403527668581,435.793010477185,440.11677424631455,442.79125673421635,432.81998528693845,453.22167319153965,446.19030991066876,432.8004621113901,439.271221701285,433.5358519608186,440.357065448735,437.1053105379879
W191,6477.189832811051,6440.626751859822,6355.598512610329,6158.186694930385,6681.809970220658,6312.385558837411,6499.109180058266,6271.6336398942785,6299.302524933568,6065.897989832992,6435.4773199329,6312.859340315017,6228.535198315359
W192,1150.101885637682,1183.998906596199,1117.6639029510773,1081.8672727212402,1125.2979133106328,1191.130192492273,1118.5691410132613,1121.7809082462336,1100.8071535038437,1163.7220323519282,1009.6119887352511,1228.1272167976085,1195.6557453868413
W193,6133.321650938167,6141.544514805969,6198.4124697284815,6094.160897159848,6059.715123800214,6171.073939828209,6020.952115249882,6112.139760229229,6039.212680602139,6027.025472293592,6118.29136803378,6045.301721559448,6048.753596744934
W194,460.7998783328134,474.83004976489434,429.66697232595266,468.4163175532591,463.82958711618784,478.4607663876604,460.7434038765513,448.8141553249514,442.69721656447837,459.04769113737336,442.0989247510816,434.5888194211594,464.2560145890614
W195,900.5387015313888,900.558240977723,847.8278064606234,848.4305424307504,902.3664495454293,849.6360143786587,850.2387503564369,850.841486336762,851.4442223196331,852.0469583050466,905.9828667455969,853.2524302834971,907.7715359307042
W196,9494.988669773624,9108.77154552448,9319.438273554226,9121.101578822201,9332.053472868743,9527.153374920155,9139.627930281024,9351.008297282207,9546.50447461234,9158.191911366666,9370.00162160604,9170.588841842427,9382.685265270937
W197,3344.8900773000664,3265.501326133573,3272.9036060028484,3291.852726130494,3301.099774265437,3331.1107636349852,3309.3332307492424,3360.3367692029005,3341.0432974969426,3275.6353850188434,3322.8459443901284,3283.320066226896,3249.506056863875
W198,2244.346994485574,2234.995170202671,2571.6496919937604,2395.769220124443,2533.5146570353368,2432.092170779721,2447.244990825643,2413.549725557914,2436.2229592704803,2374.945480146035,2394.854006034077,2337.9197549540363,2474.8151905785153
W199,770.4191841469169,741.2772019823295,703.9570124976038,747.5963917149323,754.0350838713281,779.7149738505877,729.2194802721791,718.5984407327466,753.5982076568044,772.136804067685,711.5378868460076,720.8399305917827,716.8671908178814
W2,3350.6892633794328,3368.840942893138,3377.8397897486484,3359.5220746715877,3362.4715163392416,3365.423547409227,3389.7175133494598,3371.3353868513286,3374.2951997760383,3377.2576112082597,3401.637003133038,3383.1902387223595,3386.1604593728403
W20,3957.5664106191875,4604.127052930689,3861.4108156272496,4389.3231768691685,2732.290647186581,4789.276315290088,4660.032010459596,4304.440343905236,2859.1581307773786,3804.02188887566,7236.17275099966,5020.309504265766,4253.564624024023
W200,1614.0317389437157,1828.8935833066284,1947.7071483311324,1770.3264961442671,1810.9690789480064,1783.3337725851984,1737.6050910878898,1622.2176888040283,1747.6447544136797,1752.5219754619159,1753.6885453027535,1355.2101017340294,1673.4653470334229
W201,1843.8908369031012,1799.3645739883157,1772.7580606458482,1847.286439964909,1802.7601765558127,1776.1536629121058,1850.6820430639211,1806.1557791614355,1779.5492652170578,1854.0776462000706,1809.5513818051077,1782.9448675606318,1857.473249373291
W202,3872.7928684791045,4458.710274496386,4251.679804739922,4041.1166411294835,4110.164882855502,4075.292230638203,4109.444145605188,4117.974160816956,4192.997903328106,3990.94986623556,4116.600657943686,4081.750231740295,4082.4240191244708
W203,5650.926686813545,5171.838782223475,5185.72813644021,5664.092389230203,5184.039753302895,5197.957248576136,5677.284436093972,5196.265445193565,5210.2111291755455,5690.502871462381,5208.515899757078,5222.489820164862,5703.747739452208
W204,7312.373516934332,7356.68467519067,7348.07935280961,7323.876207841375,7327.483798262132,7331.265542215841,7375.674640099061,7367.050304297697,7342.7936653742445,7346.409230929297,7350.199334403164,7394.706551915827,7386.063167761774
W205,12769.697611516309,13301.946482385607,12957.70726780846,12774.631424433841,12830.304186898891,12845.500722001472,13380.909093982136,13034.62642906893,12850.463822701748,12906.467066231997,13444.416537448311,13096.490382027325,12911.453722284761
W206,973.4623348700693,1055.7001367128437,1035.9935537868093,1018.5274151417385,1020.41771220566,1064.8964659221326,1058.482363357457,1034.4314832193447,1063.5602150018,1080.2362557194726,1022.4696972104423,968.8442651934711,1050.8332430167632
W207,11634.89374422622,9493.667233547028,12546.10073450773,12557.614827238094,14849.693916525044,9577.2133721155,10430.623493373316,11938.99733197062,11438.612193163957,10688.14408312644,10790.202261281825,11959.795579439431,11869.849060764438
W208,30376.54839105742,23167.387250174743,25891.528373943453,29890.11050364091,30200.436114242926,27424.795008564277,27531.358415776085,28558.323707414944,30563.87610885924,27655.30106541926,22724.24068909902,26131.91856899556,27648.033756000284
W209,4189.623937033081,4193.802036497053,4197.984302542863,4202.170739325572,4206.361351004397,4210.5561417427,4214.755115707994,4218.958277071944,4223.165630010401,4227.377178703337,4231.592927334925,4235.812880093506,4240.037041171576
W21,2026.0593400792077,1754.0263958860453,1380.960269733163,2375.4834368638685,2432.434115447673,2022.813337144583,1508.264098492301,1604.330344009636,2335.410712431828,2619.989005851323,2174.738382233851,1516.1372510594836,1226.992478079642
W210,8107.620238355317,8632.067786433161,8719.29377289579,8377.676122003688,8232.576834450272,8441.680815266858,8890.933153929036,8634.661814448724,8042.006729568194,8210.817002316106,8328.602807915297,8586.222139213636,8003.096820160496
W211,19202.679601953067,19248.929225617092,19295.29024076152,19341.762915669246,19388.347519269555,19435.04432113923,19481.853591504387,19528.77560124193,19575.810621881235,19622.958925605635,19670.220785253907,19717.596474322087,19765.086266964805
W212,5456.09522840034,5437.478316042296,5442.267663564066,5469.265762689368,5473.662673818944,5454.98860114421,5459.792654476156,5486.873640695625,5491.2840490161225,5472.552649090721,5477.37145118298,5504.53556654587,5508.959511466897
W213,3433.2315369912953,3247.4661895023837,3260.401897676928,3311.8910315756284,3384.8410198110346,3189.929013122171,3633.9633987602333,3450.584870831386,3222.8839963200826,2970.230534465484,3569.9601321249465,3271.6760696346987,3362.6717086659164
W214,1853.1582762970831,1827.30316484504,1828.642101686411,1819.9314216697196,1920.8877941349463,2030.8073851385404,1792.020295677001,1761.056149141047,1869.013890323206,1792.265149932919,1802.4500703887186,1796.2720897639279,1961.8643577145672
W215,2348.0960414055385,2372.063565110157,2374.80602844022,2355.9965759690876,2336.276462293931,2373.61279253112,2446.120447066578,2352.3004317431955,2338.522072277642,2384.1705322992893,2350.9063616212316,2367.8821119515046,2347.0249397081093
W216,3149.848868072964,3161.0416880262633,3037.7712906518623,3132.466350658141,3146.145053030372,3146.169116820404,3170.8804883766993,3170.6588790930546,3159.956334342526,3142.4006824424987,3167.057234179432,3170.0725240402035,3148.8631496459548
W217,9862.48440635236,9452.138151138564,9553.165288869724,9828.326681390288,9133.039012662295,10209.98458427702,9722.761845120196,9254.501696156494,9406.12926720803,10415.822246289541,10270.94636723424,10165.662762479737,10082.96770091417
W218,9927.074261930422,8990.962858234678,9058.793656135782,10041.146493889886,10045.205208843881,10026.854139535319,10016.77510776024,9999.532060945827,9978.780567048798,9970.061969512633,9959.203488153367,9950.747940607062,9939.657265289068
W219,1091.1564384376256,1046.1666930099886,1042.4846459893483,1042.183299915183,1042.158636900458,1042.156618157405,1084.1564508227732,1045.5938007003504,1042.4377593822978,1042.1794626251324,1042.158322849263,1042.1565924548518,1042.1564505597119
W22,3144.206633796975,2665.035346051651,3675.100623811075,3617.815424836674,3224.9754418808393,4271.6125970517705,3780.660839725357,3431.324638297662,3904.205673503914,2351.883587948101,3946.249365028397,4880.7912079755915,3683.7327037549385
W220,1820.5108952430096,1813.096375281066,1805.812469879743,1798.656878120475,1791.6273396179492,1784.721633806059,1819.9375792277633,1812.5331588424356,1805.2591751026694,1798.113330224071,1791.0933669002902,1784.19706758994,1777.4222538161032
W221,7505.865311248293,7744.763612473597,7347.076939863911,7864.826382115084,8090.849145605517,7331.734946096996,7758.328322904104,7438.0723558394875,7869.023881287156,8056.99600239089,7798.99037747098,7873.564270416283,8150.50325572192
W222,8346.295993070431,8068.843605070507,7808.400561827423,8225.871981288175,8424.400473800535,8012.367679552471,7893.111457563951,7851.031656333764,8446.029947485009,8032.939273730994,8282.401221331533,7938.678626686219,8229.984609281568
W223,27690.789442582478,27117.190680727028,30263.11805192459,27218.276694020224,27731.169309560595,27716.152017511988,27712.213967945827,28454.48372997825,28411.031857167305,25442.877819960275,30179.04083238439,28705.253104650445,28413.123961373574
W224,1728.5955249138995,1756.8740750992856,1740.6355761686236,1750.2568321277345,1731.697347014947,1818.5665724148241,1628.9896657410645,2098.094795367042,1681.516282989727,1787.9382780377266,1651.1159642872176,1982.7650339092536,1988.641294837908
W225,1890.0338435857054,1923.2640496422537,1935.9396852562336,1919.4750355681467,1894.548336686582,2089.450535193775,1862.3802884774448,1814.5736248092956,1944.691765455474,2002.8398183724623,2512.841377335528,1825.4214056187184,1679.6873489061775
W226,2843.675073277246,2895.830830408734,2831.690207992524,2925.71607864146,2750.700026243965,3073.3638266704575,2848.234508412632,2960.723996699617,2794.9933181325296,3102.4856169610084,3061.7507975685517,3009.0730164150164,2895.6203385475724
W227,1348.0022722753845,1415.2463907286287,1296.1663077405242,1412.1988844281275,1340.3736631796105,1585.9649609620944,1304.0664861381622,1299.9904322730538,1293.4846529221654,1599.8125045523234,1589.0417435493084,1181.1098170198122,1195.5308869310984
W228,7958.651954230843,7852.053237747969,7872.212684977527,7737.641853025013,8338.402423185404,7974.584698489252,7879.886454121158,7860.693533020951,8077.732567774664,8027.884776179646,7963.224022298634,7917.381314341275,8021.962196972888
W229,475.915699663278,432.7171532164254,535.7595739121027,453.9934627674167,494.6606574866029,428.4642276392868,691.7552957264395,445.2738742545438,463.1964416232814,474.8238916111882,473.8761941717054,473.7022236095694,459.96160043770396
W23,753.1756414400196,726.8396150900354,704.7543841882756,742.592841067156,720.2503294656734,754.634841864105,552.2013505234415,870.6189469757019,778.3007951241987,708.4603127611098,594.6953731585204,1062.9769607520032,1063.4047135072356
W230,3206.7872211943877,3186.5842040486505,3182.0128894574536,3114.8313266735668,3159.815459684199,1897.464433169804,5498.326028154227,3206.772741828397,3180.139805938526,3078.873261864265,4464.759918401926,3800.0480039778226,2840.4037493051537
W231,564.9933176427951,579.3648265295006,539.6435060559087,558.8790965179088,574.6146414386327,563.361929593521,540.596477098726,544.5224455079062,550.3745474752681,553.5261692746734,552.0073771556702,559.2070041352757,560.4379199223314
W232,1908.3740106587597,1879.7906826002034,1933.8200886418756,1909.2785909859679,1880.6817143446374,1934.7367304849454,1991.482407594497,1918.1190512166163,2148.223099515331,2039.6943365592524,2068.5263951712805,1970.2627057273367,2189.4053242510677
W233,1125.146346319456,1018.5452147482965,1016.3103771014287,1051.289610063294,1036.0825850123185,1048.1637061005335,1073.4493870149486,1145.1637526092352,1092.0380385902572,1073.9718618936795,1093.2510684788745,1035.4715542122383,1151.649837396425
W234,1797.6267700323297,1804.7459875281177,1885.639738882868,1705.27382546875,2005.1982384500327,1863.1903750096558,1887.7991133670187,1841.310470284081,1799.7315874597743,2224.5954497204357,2170.2065722762018,1966.023782510208,1832.7801358587492
W235,461.8435280884632,449.9513053337836,445.2401598656392,467.14905058682064,416.13615149617584,485.1061939266663,446.77336366781844,439.2993482425434,403.3645694469349,469.15792310892533,469.97141307778185,431.41389058561424,407.90785748476276
W236,3310.382807928672,3344.0216299383765,3324.7538522921413,3335.006974108583,3223.395358819401,3612.8942486040373,3339.1692564902364,3306.0739851090466,3310.2503092629904,3693.3195576753847,3719.526164733318,3338.5591822511733,3294.649157340787
W237,1022.7929424391008,1067.8152742890695,1034.60429200956,1103.5730317233247,1069.507267510194,1207.3130920552958,1006.770280384773,1090.504771023457,1025.761742633173,1268.1467847863476,1201.8929152556507,915.8999763901802,1029.7874293621946
W238,392.24663126756064,379.6702843351736,391.13617098122006,393.7374452642897,385.592443923441,388.8145617031683,379.42063620647775,383.47190714688463,397.9317678644985,381.04295024309386,396.5748863457471,369.6791610537275,388.26203199971025
W239,3855.4095011227723,3882.5282226400677,3912.392795756469,3952.9315461987167,3889.5885794730457,4244.922748717612,3884.2802559031047,3906.5231771061162,4012.9247654481196,4415.202605554945,4578.48432560711,3701.1252203677886,3816.0887472265294
W24,7582.461616364678,6978.861571739109,7325.395822197342,5927.691697274118,7225.201716896383,5227.045778314117,16089.06611795413,6240.0354439920875,7149.228750389227,5723.06858271391,19271.504833865845,9478.786654516542,5009.754202357603
W240,2697.624823772898,2641.4594354093097,2587.1332742816853,2657.423715625659,2605.721441011096,2907.546825422446,2444.8973347829624,2577.0200244152747,2545.0341144230238,3123.815913179335,2768.9866489324227,2213.6087814504704,2504.2674751005266
W241,1028.4634890442194,1041.3954361894275,1073.4947208257342,1034.8382595236724,1120.1516435911064,1158.1495320919744,1082.4420883512385,967.2097572006278,1131.2651434792135,1301.3086923242977,1043.109426271887,1051.9385679654647,970.6197804097528
W242,1532.966869764791,1542.0001756043935,1540.3939998982244,1611.0894901575539,1609.2024284459105,1488.094394836026,1540.0575407751287,1573.481114993668,1744.6968149462025,1463.6086196069643,1441.176551096601,1480.49592224238,1477.4399014743356
W243,1229.012688432215,1236.6329065040593,1389.453317412464,1199.962878516114,1454.7746756693223,1607.7737922819972,1458.400103484242,1196.0127429870472,1241.1011965627376,1329.396753168057,1277.4331746521984,1183.4619071790546,1163.8935762194794
W244,826.2754139661737,836.8429211347898,835.2158306791728,831.2520394926835,838.5080705925591,865.6618375438618,844.5185527237675,864.9305461220961,827.224712434837,798.759083297481,828.2507785982044,804.4767862159025,795.6119859697168
W245,2379.340878146676,2351.0828968185015,2389.1888676872777,2303.548118916438,2603.900440151318,2407.8025895268956,2414.31799614323,2444.235727493018,2750.200665989902,2661.7717712215194,2483.547337942812,2231.272595512479,2312.67147849351
W246,1111.253697188016,1090.6219294351245,1141.8437105838022,1111.3219766864472,1076.0643902300233,1032.338082554762,1069.206930761492,1211.338213057166,1124.8885558093712,1064.6618137446374,1048.6879223373235,1081.2319189337886,1032.3209759992583
W247,4346.859668009005,4327.347541007701,4378.4973667093245,4239.474604482413,4593.555538674003,4376.709599666935,4198.446952981933,4173.642014703509,4587.048498574192,4514.831174034024,4041.076711724585,4149.454313212381,4184.717985990428
W248,16583.746013455388,17996.512740245787,17658.345340424235,17324.671164997057,17234.78665716522,16351.101696754065,16610.29364519241,17669.715799751048,17453.046256386788,17809.328322809593,17540.919756524825,18722.660879204854,18109.757020653607
W249,21491.949169464526,22105.613977548943,21554.805508961646,21638.304670374546,21539.495819278436,21825.530977183953,21545.667628993317,21422.447554560833,21532.31581363011,21712.361666780198,21541.943215090214,19941.036672997026,21481.066182413197
W25,1871.5398175474538,1615.579877766782,1356.0382688347868,1297.8143357728652,1889.8252049306188,1240.2841222538812,1008.3258045895568,1440.06464320547,2382.2105478376075,1175.9404002884394,1113.8900330494544,864.785821613637,1139.071037477077
W250,3389.4586716200233,3150.6519909373646,3238.471845877163,3368.095427010029,3435.5564436916684,3215.930775971453,3266.7934031225113,3382.122518727725,3490.524742339363,3271.0821254280095,3167.7219578224476,3270.844491996184,3414.429585816837
W251,6734.349613549648,6783.908777904087,6637.286265262169,6661.5943818384985,6728.163294011105,6733.130596403258,6785.168316638347,6726.13413497198,6768.149764932829,6802.731135832748,6655.997581326657,6680.324229944494,6746.943642054755
W252,8756.05714629172,8811.93149031432,8566.901863610721,8426.523650404444,8613.532904979158,8854.039665777398,8596.553269691805,8481.750071156019,8456.810431090838,8882.122026246734,8755.504193969418,8516.741696415675,8381.680841507063
W253,12401.283697624971,12500.602574346403,12359.498171980604,12304.29798131103,12307.100087289926,12536.575316621174,12373.456389550674,12331.578385618443,12293.577744006789,12448.102319267595,12547.781950972727,12406.16498393226,12350.764217466372
W254,5938.163598928634,5927.667645315735,6125.110663288161,6060.194631638201,5948.728238896185,5938.213611949637,6136.007900434656,6070.976376798941,5959.311674396935,5948.778340895262,6146.924524833847,6081.777303742037,5969.9139388698295
W255,1918.1362850143216,1928.5451398512641,1926.545139841705,1921.5451398487492,1922.6814248015717,1923.8177097583985,1934.226564778351,1932.2265647337022,1927.2265646528695,1928.362849625685,1938.771704791656,1939.9079898049117,1937.90798972528
W256,3004.887353545419,2732.160829701683,2741.260502575361,2830.097140960242,2969.1403527742677,1693.3119527083174,2390.0376040799906,2790.322441911529,3069.036823244947,2896.42263461184,2941.0117244318567,2772.5592342330096,2843.7887861119098
W257,4020.958841801019,4023.8847274667464,4026.810613145164,4029.7364988362456,4032.6623845399913,4035.588270256391,4038.514155985442,4041.440041727122,4044.365927481428,4047.2918132483555,4050.217699027888,4053.143584820026,4056.0694706247486
W258,2163.0207064166248,2182.1517934197946,2126.140629487286,2143.6588808169868,2106.508517240982,2152.8509821033763,2137.3140784707066,2154.642007104504,2153.4095695561746,2169.5650095844667,2122.8721897972086,2139.114704372998,2121.658980179312
W259,8802.646160237506,5912.451717234358,7000.93227910421,6713.297947990474,8156.215592223451,6664.4974271336905,6593.410667044331,6669.9246885012,6102.837453480856,8548.250491548226,6029.086747851725,6024.483534939119,7853.028368198556
W26,2987.6862399037136,2857.081219934603,3506.8518338122285,3046.5887064883145,3007.4140017076725,2605.688528166839,3176.4134707335297,2721.1305195999266,2599.8891112258657,3885.2914378756977,6486.509197259316,2658.241508536976,1472.2270242394904
W260,991.9236972398326,607.3843642000684,528.1489138865279,477.54279169935666,560.3108585766691,450.58683427402644,658.5764344946599,384.70283616745087,488.605587020103,614.7378293085835,588.4493437659048,634.3901152650677,273.9215213944225
W261,4883.6512898226065,4571.556785968602,4566.4411697746555,4646.239496402225,4797.0299708096345,4706.6412022770755,4699.8741437179815,4638.223138581848,4643.515449954949,4791.075907774281,4920.360642371301,4608.266124122464,4603.150507684497
W262,4389.3067157957,4396.69180427692,4404.089318229817,4411.499278560192,4418.921706209082,4426.356622152712,4433.804047402621,4441.2640030056855,4448.7365100442075,4456.221589635944,4463.719262934198,4471.229551127841,4478.752475441439
W263,1975.7073483763486,2025.7297628242175,2328.452120241667,2146.5192940996712,2245.9830627841534,2203.8059983080534,2409.21040243409,2386.89870449246,2224.840712185352,2160.7445459105174,2284.090438587276,2534.8696519185055,2395.5645032529455
W264,3281.673469667279,3853.9480906317767,4261.043463160861,3972.3676122394604,3811.6854505489828,3704.5710247764937,3923.208549494074,3746.9955700105847,4109.011008120611,3776.189793515539,3772.8944992467746,3546.1230556807227,3936.2442003005654
W265,2209.8876600217022,2170.7333243157905,2168.5451974423054,2113.159891489373,2196.8407562293305,2109.703195817423,2158.225401229949,2181.1116159918824,2198.9497175252823,2159.967334616127,2157.7888276115837,2102.6473880564304,2185.9600726226513
W266,2051.020456129256,2260.112410891372,2045.9319897127136,2021.0278545700205,2154.8133319113144,2107.5286032742765,2123.5104008438093,2176.262175629741,2198.545149467804,2135.6159801818535,2105.554828709354,2023.8437395369924,2056.580582009484
W267,3123.920486709812,3131.1169474890817,2964.448403058739,3407.7232478381707,3060.3722926545474,3641.84955675056,3213.6730215147563,3127.156235541759,3679.0327335429174,3089.4579455283465,3114.1157013552197,3085.0997392180884,3092.2067705989184
W268,1353.081901396008,1352.3474419408053,1474.5240954279077,1407.0871619450234,1493.5002609888347,1428.480216050466,1419.4960885755102,1322.414133461417,1250.9719275113962,1330.678696000413,1367.21639699164,1417.6393061048855,1337.1062624625836
W269,1407.2629787871106,1287.2399421763932,1231.6062669070127,1317.1158605727433,1270.2847256233667,1310.8739967991824,1364.3322000185328,1378.7559169569925,1338.0372777060854,1312.180518925349,1239.8247324635947,1238.1091252651793,1559.7794544958263
W27,1763.6717437189136,1954.0771649075311,1884.9473353493236,1516.4183755050115,1693.081125014741,1755.945003306806,3417.3175058536985,1988.6267401126463,1484.511090075447,1440.3743574597593,2152.4424282163736,1580.3259470764137,1753.3310236233035
W270,8242.036210581378,8111.198269773575,8326.680949388387,8250.895562388616,8520.494861310568,8073.678382513652,8237.175507708012,8115.356857955584,8157.049355641196,8272.85651996886,8119.968067800383,8073.095449711044,8306.642879832352
W271,7523.649793623707,8050.425842493162,7819.021272638289,8063.703100590418,7530.4847541309455,8004.039771469441,8006.369333520298,8013.597169396359,7922.625693407099,8223.610755371277,7825.766642647209,8000.75060783163,7990.258522444791
W272,981.6908816081068,970.5591570838913,969.1491767651687,979.0103861258979,979.420338294336,980.3847101934537,967.4092659116686,975.9183153949913,977.697044442994,970.7442629870156,952.8694902580305,977.3442256943324,980.2826091006434
W273,6444.910098281408,6234.590700417319,6414.359678868363,6379.653793558713,6367.292270913798,6686.031391826713,6360.428099861782,6401.624603016267,6550.39401474105,6673.445566859697,6402.420856094169,6407.682890894317,6413.084717356674
W274,822.4110351317491,836.0047089390434,820.6902245161352,811.9261255444802,828.006413641264,795.9132260224809,815.0095756209553,838.299006518934,837.6411449460493,820.6745949711745,803.2579493674792,887.6346250655753,840.2208015849485
W275,8411.902866806004,9145.345569363028,9158.913455205658,9031.582234994508,8877.398378497714,9164.226017756391,9354.877099381098,8680.248035144976,8751.824056988657,7844.145370198157,9186.613543654148,9053.84159363284,8339.950626095786
W276,10983.251077143112,10900.726576680732,11523.288471492193,11899.240492767629,11276.408742176449,10827.543819435044,11643.698790704917,12364.597223587054,11162.537852490148,11635.436350806998,11345.129113617288,11481.904345431416,11679.740583582452
W277,3080.6524017923384,3199.8685372773925,3109.5884740767897,3115.2982811722436,3088.887317907868,3166.4048136118777,3082.9866659282843,3115.569482779703,3182.0307260287414,3146.452154908883,3153.423890967332,3066.7836725496763,3064.975326529812
W278,1305.7324763869397,1305.0347540116227,1426.7391889306673,1363.574773019051,1447.7211470774841,1375.720451618103,1367.2158971100334,1276.7046007447698,1208.7983578824771,1289.0177274800612,1322.684365296258,1372.0120297107944,1293.3588994055028
W279,1300.0354405284995,1383.8686323724507,1345.8271990999997,1208.5237973603548,1488.247319834515,1362.2899795188978,1224.589578987979,1173.6589057790568,1281.4948279153632,1292.0994227588901,1327.0465711575246,1236.9644083773621,1235.01787527321
W28,3846.186519834767,4534.877902004959,3597.0329836185942,3750.014165410774,4006.8486062886022,4093.4982194770955,5506.597270458357,3645.005544229427,5005.856016990152,4308.523166770681,4823.248906654278,6733.833250320898,4000.097949413914
W280,5450.910292328816,5430.079719671607,5425.569871403202,5401.020404775209,5464.464676488275,5443.599281436279,5439.081888304309,5414.4913148901305,5478.041696022453,5457.141448784415,5452.616504329177,5427.984788903307,5491.641370276368
W281,1750.0636260637066,1743.0939150404304,1675.6195314394797,1658.4762710956927,1760.5410906907268,1886.6520688801231,1677.5831589596817,1682.032036487103,1762.2281360690554,1855.919323518476,1835.9856500726105,1666.8123441504408,1856.3739830190668
W282,2105.3383907470725,2106.419007873134,2159.2605774470276,2138.5405812059175,2111.4305084915027,2091.387665519581,2092.464392056372,2145.1168143328027,2124.470730594889,2097.4578614871334,2077.4872498971204,2078.5600880496236,2131.0234696066427
W283,333.0715328420356,334.6268338949423,367.45535314087647,336.6038272730838,333.9034940557698,344.510583838045,350.2038358996627,345.4611192667401,339.1665321272205,344.5816307268178,339.5968626480168,341.93288244531055,330.53905293713126
W284,589.1777064485543,564.8047952599476,566.973639478321,565.9732871896435,588.5624814570057,564.2135907406888,566.3802951046565,565.3809297386712,587.9478620835395,563.622969605251,565.7875360977428,564.789156739955,587.3338477682314
W285,697.7993861974503,715.6465727034346,710.143120887761,699.5064423106012,679.3046196022154,737.1037022740948,723.2830648393091,667.0961198232462,731.2806338899112,690.8869149795689,711.1115872675484,704.0790357942781,722.0868320689137
W286,11112.663334930487,11108.231536326466,11061.73114875652,10932.129093585007,10994.080647585546,10989.450874787472,11002.164729677446,11229.100498193025,11124.702368481187,11319.93740196052,11114.490416115776,10915.246060699968,11545.202023088237
W287,2246.5326296143944,2238.708808345224,2244.5393406962794,2263.9639572373635,2322.0274332571485,2241.3888644169883,2235.363854386856,2248.39162115446,2229.8884916166967,2235.0965570832786,2240.5818804773794,2262.7276435853923,2246.5594878650904
W288,7896.514102380036,7826.911758989762,7842.329436002047,7849.112491262935,7918.7961621047325,7849.049917460835,7864.499499646082,7871.2965863603895,7941.124217530193,7871.233883132751,7886.71541232295,7893.52654888086,7963.498328813257
W289,9687.777540595416,10192.945783086969,10011.489841116618,9880.503320127451,9704.26372812682,10210.291636045857,10028.526903118993,9897.31747701892,9720.777970880921,10227.667007146503,10045.592957784102,9914.16024724866,9737.320316600157
W29,805.8918029899964,878.420013490068,919.8821429677959,584.4169240911796,635.7012761076106,903.6440207602736,750.8289735157075,646.030966175863,667.5473156204555,493.9023976381238,1212.2271923474964,843.6517438191684,567.9870080979223
W290,15657.702907606705,15246.51532856222,15258.699836965036,15993.974660435008,15962.548549267569,16178.047963597435,15855.031917632941,16269.142564825386,16538.75061989324,16751.42675729421,15173.223438509543,15972.79548348822,15777.270375916723
W291,8390.750370435855,8667.550263315534,9342.155419205044,7916.815010235511,8207.585600267612,9118.898912679146,8953.614856011327,8617.030168020212,8641.522751360686,8880.775403916463,8526.305342432279,8098.290200256129,7703.506286477192
W292,19274.547091811357,19673.919527123893,18607.737848113662,17008.405049790563,19515.599647612897,19782.312331750014,19225.634787314208,18526.449135121682,19806.33925390944,18267.458185036005,18986.942638172768,18444.964609926974,18814.00272604782
W293,1832.0635229687884,1513.0617851158202,1827.9421064373937,1713.1955303802974,1755.4768460092932,1555.2726273096052,1854.524547075601,1755.7448659121662,1788.6887330192903,1516.8893591919812,1753.560897990233,1583.2902368712728,1722.1584149214136
W294,1597.262494991521,1443.1222883439957,1394.841377110649,1566.4245205194527,1662.0977336759793,1606.9508658437737,1680.8194261181375,1420.1233488510484,1726.7110131013562,1372.8873503431923,1655.06521294139,1308.2019971103205,1505.9381508127758
W295,3068.710185659643,3056.51922666623,3044.374939139098,3032.277151139329,3020.2256913365827,3008.2203890070564,2996.261074031435,2984.347576892818,2972.479728674692,2960.657361058865,2948.8803063234686,2937.148397340909,2925.4614675758353
W296,2988.290207486907,3024.299839561748,2638.2069629093116,2951.932368595881,3928.534348691654,2964.439669637005,3015.101757633683,2630.0199256059127,2942.92226728606,3917.0381978828314,2955.3970314181915,3005.9275313830117,2621.8545539014476
W297,5077.025929308601,6304.729321944425,7696.392211401779,5318.105457413156,5583.087677837579,4997.954194515702,5790.61953749545,5288.465975665275,3880.9047100590624,3429.9976370170025,4424.653364528011,4729.934532140134,4752.538940103638
W298,3576.8027534222433,2598.89406846259,3497.269375385626,3124.8603853177224,2704.741707208631,2183.2257309259026,4806.502014914948,4608.942721965679,3016.0922795765114,3156.4312118765024,3183.141467783501,4078.4924433772794,3487.2237050642952
W299,2956.9142693699623,3394.4751748529598,3732.0155654762675,3719.5846880698773,3323.6082967353254,3359.3449073852303,2652.680597922786,3218.185702548406,3434.6737321423134,2757.629977787553,2204.315269571879,4182.263806220148,5028.232422634582
W3,9772.151351844106,9833.061476577834,9586.267642402507,9451.775971195644,9632.133527544102,9875.699809274685,9605.024281199236,9493.29406511123,9475.305003776288,9899.20774424036,9779.3448842293,9535.312501049324,9402.948530141848
W30,3676.275885771099,4035.71760011508,3302.5043135924498,4498.474027680118,3346.4816746178367,4310.939591687744,3550.435106814454,3951.4679520690624,6191.269730158657,3117.961308294495,4808.684396507322,2842.9458171075835,2572.4012059000065
W300,2119.107730370664,1772.8143641401487,1922.8179120777577,1452.605813118446,1672.2098914668793,1770.8037474828816,1600.2032634099749,1196.8158378223097,2450.7525517891936,2392.9045441664425,1743.3514223725458,1796.0279375040334,1734.7574669522944
W301,2713.034483775143,2215.2326143594087,2469.5822848906582,2409.184063490708,2357.788133081032,1826.9461605497609,2444.5376343178586,2781.0230262879254,2231.5491074467704,2387.702934616651,2134.0807065195145,2563.194753198359,2369.0446243626534
W302,2813.3813111613763,3001.1913249828403,2569.228959758068,2977.5645769310513,3483.242190540991,2808.4916436669437,2996.289481473828,2564.3563471147772,2972.6642241996788,3478.31216793924,2803.602303519378,2991.387946325862,2559.484090484152
W303,5333.4370659870965,4594.676047401774,5923.300475561199,6592.700995287299,5030.892507251559,4583.216611404346,4799.942417239421,6642.14415730073,5013.789425100445,5415.066156439142,4643.782288725392,5890.112816866678,6555.762776103568
W304,3081.073587887953,2162.764746267478,2366.7293195454617,3024.817006738824,2389.8927140735523,2565.340154250061,3200.955064958826,2433.0805499594144,2257.84715049149,2996.448778485857,3000.3245422383766,2450.082196164697,2412.4531053364303
W305,3287.5411790951475,3144.774586386394,3213.593555535724,2785.651446681329,2108.011447014742,2537.733295422026,2656.821450385538,3678.455684693173,2690.8566600428967,2846.882495009045,3385.1892481468076,2806.589370920405,3335.532022974291
W306,2757.7162850270115,2794.0745354430214,3020.0336586426097,2289.412929582988,2460.3522622258206,2448.0834392638494,3087.3915303768113,2526.3831644360025,1677.5836156656346,2028.0829793155076,2623.368944711896,2103.5647237274657,2065.9561478474416
W307,3020.8597623570445,2617.9453485795616,2928.3497020283767,4204.7062407205085,3262.360750559369,2959.641462830182,3159.3793435715706,4435.491532072576,3130.2458716313117,3207.5443980555124,2737.0952854630063,3379.9508820977007,4312.9169439756615
W308,2170.642403105781,2139.905600403168,2067.3176203350567,2252.9682676064863,2601.073388303525,2172.80913988966,2142.0416558704987,2069.381218847828,2255.2171816273312,2603.6697788004726,2174.978039498825,2144.1798435373657,2071.4468772344076
W309,6011.720370849443,6884.2124599273975,8148.5710666679415,5660.760213286169,5407.32897464038,5694.4882464707125,7328.753269438962,6810.828224473513,4207.131610286518,5117.320921342498,6556.7051221238535,4908.897964948034,4746.081086159877
W31,891.5527792040297,1032.3396713503348,1232.5683455779617,1098.0087007323511,882.2311948278091,919.126655860629,875.192739985833,670.6201347064795,869.904800897023,812.5759993734521,723.1875904645476,749.0486074730552,969.6260513813802
W310,3790.219134283756,3762.361871096418,3864.6157817664284,5433.130575053438,4052.8947372694465,4249.212188785076,5386.262684171073,4125.576296219602,3858.072908686748,4442.09266650916,4039.1579455372575,5370.507977712694,3544.357974121061
W311,4370.875267389095,4439.567491086346,4875.233278881841,4407.023400742437,4944.490214744693,4142.799950368508,4366.383362170238,3888.9560162205253,5734.8865358825005,4760.4742762312635,5209.701746489085,5805.713956689261,4702.670347216353
W312,4498.185259278706,5576.992700599463,3119.3671658256135,3629.5306881893575,3969.1975170094656,4903.879032217249,3893.789266063624,3404.8127302982934,2916.6764665259284,4243.305148718154,3744.525440568508,4366.960286112748,4375.210892502255
W313,2103.8465760986946,2070.5725020512305,2093.8396046675084,2060.716678978974,2083.8780786937386,2050.9056473078317,2073.961801573324,2041.1392131231407,2064.0905775104043,2031.4171833079515,2054.264211514176,2021.739365539943,2044.4825093957577
W314,7794.302925548172,8183.322064777369,6269.317960116668,9190.413523106276,10069.38020994213,7817.864800513064,7451.0157391740695,7732.706992836642,9719.684232825675,8315.949956675446,9955.391832731155,7713.0626004868955,7942.826877317523
W315,5716.696664027858,3298.4839789820953,4106.671708603661,4419.766019513723,5927.451611444008,5317.6360343359975,5459.229834139433,4496.634453625746,4610.870694441068,4701.985895576925,4644.6953069214605,5513.128347892235,5268.30298262452
W316,2866.914164840941,2499.83010945343,2656.6070108470776,2923.8932448137125,2831.360817203387,2148.201904488252,3157.0054928187064,3965.4792669062354,2584.7716201620874,2939.7141289681294,2725.5267363098033,3004.3687176307203,2914.736801852212
W317,5874.136385060859,3731.377217991505,5832.818224089442,3692.9292426162037,5791.546281087272,3654.5444441561885,5750.320781030312,3616.223275638792,5709.141951352682,3577.9661974041123,5668.010021988573,3539.7736772898306,5626.92522541519
W318,3756.690849351075,3599.8914611550576,3737.8163203345366,3581.804725836895,3601.1292112095734,3592.071342693978,3583.0362571693336,3574.0238973305923,3565.03420601683,3672.499131623712,3519.2137759112848,3538.2005737707896,3526.140742351075
W319,2433.587404679028,2031.6079689568544,2329.045032039934,2540.518996807575,2534.3887973757483,1714.346545973943,2475.233710994514,2620.7014428984985,2080.302677298431,1960.4254846296699,1909.4141135463528,2148.6761478852945,2196.3851651085315
W32,4237.794455544396,5242.050662136383,3847.751922561646,5541.74313359056,2925.254161077925,7141.054828478667,3820.8057429268406,4191.914874284093,4415.523413364832,4991.628637586196,4372.685948322054,4326.180985059353,2859.9336035681436
W320,2491.9378164765753,2255.305066808819,2842.8986101245696,2020.3556041469462,1905.1990388416707,2074.2521059137,1920.5548988929786,2008.800862496859,1988.2793172974289,2806.9015030679225,2994.315237082218,1539.547462245937,1670.8855706734723
W321,6670.177321212443,6696.357150021455,6305.0926969912125,6050.119935054327,6716.175636150649,7621.135182838876,6701.009753569947,3939.7365134777797,4369.611434306211,6188.282438046307,7158.357848560083,6229.856491984337,7301.780850336727
W322,3023.3916777068303,2162.763569046572,2396.2008741970913,2128.0999409035876,2258.538101129383,2477.755953645203,2300.5768440195984,2320.2099551032575,2064.7985912354393,3026.4466747904194,2296.1198389564015,3039.1637013774366,2174.046006167938
W323,3471.174641640973,3385.3414183684818,3754.837499066646,4753.52257587996,4409.970209029004,4654.9814934599035,6023.953619445431,3270.684290867249,3342.169061791461,3731.3095584456387,4155.428734936093,4415.201953082479,3028.644890014071
W324,2681.2547324787224,2119.5815879729153,2687.017418555597,3355.4468840618674,2444.2062978312683,2236.5580140015963,2221.203190700353,2516.8766488702986,2339.1684847022184,1949.2575739917743,2034.0335149061073,1896.187896034113,2983.7588715354523
W325,3611.3676897072246,3458.7792222189555,3779.825622593483,3365.281859513289,3943.9271006553304,4868.296766199066,3695.130231060471,2460.755932416782,2244.3216953032406,3315.8173358477356,3657.9634048801054,2825.0943892712244,2933.892007058617
W326,3951.185505816711,3247.842576643928,3199.1203305274107,4296.953088869439,3875.8043322075328,3954.547817678022,3250.606373071238,3670.0545676247907,3880.3374688247204,3638.4824408021914,2675.8136937923805,4202.88795432393,4358.153141735305
W327,10315.199843325965,7234.016066663184,7948.75865726382,8222.485749117332,7714.6782305964825,6241.271045715708,10410.394567558258,10926.443849461506,7951.356683451785,8218.397239223801,7311.720357079141,10095.419080310643,8843.594113777306
W328,2001.3048577550383,2329.516487082468,1992.7831847934567,2231.6935232974165,2287.3778221269436,2035.7609645735042,1591.1940471498492,2284.0077744538667,1783.1676815628634,1854.9130024996107,2305.404740327283,1794.0481918174182,1733.0820704014448
W329,8648.437796670765,10072.299406983388,7472.517023804426,8822.311340917873,8894.043933942638,8617.617360773796,6416.027481118318,9500.915121108228,11276.83427073205,8684.730857345054,8319.790178841147,8165.306215542532,9729.225013070669
W33,1636.4677104529662,1257.8968099211925,2141.7956626819337,1488.933453178393,2285.0902883007907,1215.346774666561,1176.1152244469556,1802.5655614453392,2509.773704421288,1293.0258311944872,1599.8730000413714,1039.9528822620828,1330.836326387003
W330,3474.5428853823014,3280.5376919866517,3330.112870497275,3208.3641477524334,2978.6150199082263,2486.8383917797505,4258.527933048773,4705.372498328614,3460.7104922311178,3267.47764233123,2875.4381029212022,3717.4337865128246,3410.7847839571637
W331,5659.008579296377,5013.880338253565,5313.8499733315175,5715.4272500239285,5294.954889048149,3830.3348729375207,6264.871055239411,7123.183076513144,5188.773314906704,4975.75894068065,4842.30841018155,5956.738490703079,5765.871011066221
W332,2888.4920495926676,3125.1212201467647,2958.711965404101,3501.080604238322,3913.2138866119803,4217.680572685007,2709.203510722235,2519.8301663376756,2641.8509841463992,3758.170522309192,3166.9502702855493,3544.7653309696175,3211.2743254397215
W333,2312.6260826075054,2059.2711849080533,2851.5538911654658,2403.9925929392275,2617.5616925815048,2280.5704670149257,2330.2456192691393,2678.1504316814307,2103.478758002541,2500.844744448637,2156.7497261791314,2874.119987114072,3205.6207510845657
W334,3345.525981463884,3626.9067581302947,2756.5542035005174,3917.086149953529,3739.528850091341,2831.569659660318,2633.237160966247,2919.776944903728,4156.1324708702095,3196.374737997985,4016.864594173112,3876.8554250690177,3540.9893238038417
W335,3310.9349261060775,3556.12731285267,3063.0999177741746,4322.3650426338045,3608.9372142424118,4209.648800398609,3568.9070714329696,4273.26006289959,4705.827299590873,3910.187142560359,4397.126748533138,3555.6154437154387,3805.566808208522
W336,1725.8875834052428,1063.003093594567,1508.5785945726886,2039.917850617149,1297.153217977647,1178.0825287919172,1179.9315910875068,1566.8568192504295,1473.0766946119982,1271.8773730032078,1399.0340746352242,1446.2646950624894,1794.9901289575002
W337,1812.6566820443732,1512.033502703243,1807.050932148685,1715.2169549719897,1669.9828176326532,1816.6064204430943,1515.328193478083,1810.988455816443,1818.9574932304922,1673.621674649617,1227.300902195053,1630.9423722629263,1762.799565964889
W338,2446.466839802777,1910.9795606718071,1919.0779736063794,2186.405415653587,2068.5308382356197,1505.6347215885528,2055.1328753490425,2384.380318001711,1899.9311156887886,1877.3621126865946,1717.488446069748,1940.341723844604,2158.0269068397947
W339,5115.656951870903,4745.860285120849,3364.500777059644,3696.6730587412217,4038.5063533020066,4527.77126470218,3697.247151070401,2806.7717860144717,3206.2282160202208,3947.5789233194796,3200.2839942877777,3455.412753613164,3676.9191963865464
W34,1654.39148057827,1618.0600095638233,1411.0342794541075,2053.9609108026725,1182.3972238613796,918.4203736799491,1606.3247696158319,1237.6161473996822,1345.3883318411,1308.6399872696252,1371.3472388605928,1458.8248329897488,1216.454724534854
W340,5742.6048347490405,7147.728634710573,8504.760985961242,5275.086312747362,6149.723425817697,6188.358740306307,6304.830103042919,6701.148435773641,5124.587203563328,5207.6146536068545,7790.295231353756,5079.784507689451,5184.432141370742
W341,5179.784113739132,5966.810493035015,6702.108812421407,4743.358069281431,4905.020710374917,5527.54525726098,5728.766271234317,5802.215276862995,3756.4381603328607,3987.302380002926,5159.422480662878,4919.178389764995,4687.368161830363
W342,1546.5865689430186,1604.3827949333906,1212.3123651049066,1356.6888434879866,862.1963509182592,1090.5138844976518,1201.3441061406636,1438.8618197681162,1284.623624448905,1253.3744669745915,1198.5004874346319,1159.11308473307,1247.615293582641
W343,3256.882590694588,3181.6979548484915,2953.2900362338005,3438.079989423301,3542.9126319417087,3190.977330772262,2765.186020515837,3324.253606985509,4348.52662113533,3883.6492641264012,3558.9022709478627,3897.7159212135434,3774.6043091194224
W344,3740.1567092835344,3894.7255130269905,4492.03849218347,3367.8426677779307,3216.3598460755893,3400.1119348356924,3913.1477062919516,3448.77498589428,2669.2195857494576,2706.3112328345696,3997.030376972594,3084.7967055797267,3304.510807600723
W345,2234.9195574590517,3123.9844504639073,2260.0135677722205,2512.432247522165,3223.6615518270755,2917.09420665132,2208.138947985159,3091.9013094279544,2233.0711427821116,2483.9060499784864,2951.4491848401995,2561.5378423445272,2503.494560262061
W346,5272.321829234428,5215.772552009699,5025.987004842295,7678.496548347965,5956.523004777095,6779.7804054519775,7861.978910354747,5359.234903997011,5467.207477254769,5541.898185018725,6368.583065742742,6060.717479030782,4525.171178370433
W347,3397.7808108519534,3335.8921240881973,3282.5933234458635,4155.570720627245,3886.777154391944,3445.7799539603425,3408.970543229319,3338.22202356525,4432.878376933427,3725.587777005158,4189.859642760495,4816.493219131079,3765.982227496476
W348,4996.561957559323,5800.406637147894,3880.0021396374514,4277.783957922159,4175.2112629965495,4290.30380498127,4081.565760347396,2898.221068993645,3471.4394175456737,3532.08338209632,3715.508687964186,4184.350069520093,4598.1186755832
W349,3421.176909803907,3402.263618489197,3383.4548848975473,3364.750131009386,3346.1487820005336,3327.6502662245716,3309.2540151952517,3290.9594635690337,3272.7660491277097,3254.6732127611285,3236.680398450006,3218.7870532488646,3200.9926272690027
W35,1174.5397957209832,984.3302923178131,1237.884915352891,672.9129753128483,2102.4778083145475,1456.7643976997495,775.7159071019635,775.2842792826119,860.0803760098954,2489.3610609064954,1266.4975131746019,738.4646507629112,1054.2345963989198
W350,4574.41322266604,4549.877235676796,6918.112732539385,6321.016994796534,4866.685944830271,5014.527433810484,5092.903266260934,6082.516248389121,4763.108404566643,5503.913337195113,4881.479210145304,6591.22674358011,6022.344068161371
W351,1947.6352022499443,1597.4539330887292,1856.1884232153018,1942.2690816122738,1940.4803747526764,1615.4429605550083,1588.5104093351435,1847.2448914380918,1933.3255474126634,1931.5368406022997,1581.3555905483008,1840.0900662021022,1926.170720230485
W352,1328.1268612159854,1318.7345269075338,1309.4086135293499,1300.1486513671246,1290.9541740282389,1281.824718418284,1272.7598247177339,1263.7590363587892,1254.8219000023762,1245.947965515318,1237.1367859476666,1228.3879175101858,1219.7009195520045
W353,1816.560094060458,1951.5517158738385,1776.7356319487985,1717.3757079218453,1945.2311729815335,2242.208505513778,1725.1522367793889,1433.1489640714801,1503.8192608633924,1435.1766985585027,1159.6235199326225,2133.797177941577,2446.93657743755
W354,3022.8025456610408,3058.92891839973,3356.6732011567733,3771.5568316978115,3046.7006776029034,3200.561451061873,2548.6722732584235,2939.6903391895066,3039.8707126971008,2357.4708450351586,2232.131127878799,5083.090870030957,4683.414056108065
W355,2757.3945454141485,2742.841660444669,2728.3655817507097,2713.9659039714766,2699.6422238855434,2685.3941403995436,2671.221254536964,2657.123169426945,2643.0994902931934,2629.1498244429154,2615.2737812558075,2601.4709721731565,2587.7410106869097
W356,4226.610298095239,3546.223282957057,4354.204357739757,3461.9945580593144,3597.0171357327827,3723.274777917053,3057.1343907046535,2664.9644016976017,4734.70606650405,5183.417589866762,3944.0971700898926,3741.783712325694,3616.164168575586
W357,3480.3999809407096,3602.2390833093464,3358.6464334809634,3641.428702131556,4001.0974712219527,2502.4745408959184,3055.764597818184,3476.7830189934048,2829.7431293119694,2945.4890728125833,3590.153122459225,2975.4244989894914,3092.248888668836
W358,4402.493357483044,4538.935853948355,6090.489042324403,5747.458867159896,5747.061800025767,5178.104244743463,5145.114932538391,6134.763775999613,5211.062808071284,5699.523739139788,4643.3690944356695,6188.614489638533,7483.246737966338
W359,3772.0417335821103,3803.4381250803617,4857.613534054451,3566.627248073743,3553.6932606801065,4091.69470275719,4776.988171120811,3516.56304126593,3137.4912834936954,2902.5901276075515,4336.094941886117,3594.4673411173985,3672.4168357386466
W36,23024.439359345506,20428.83437502068,18970.399183252106,18213.24107557743,21633.75180063582,19225.65523529269,18148.882120866045,17018.29976091308,19629.12668013362,22303.733238765908,15395.750892246435,16129.275436596934,22332.3103834727
W37,2871.5509855321716,2913.5327581781935,2905.4385492160563,2935.747610168569,2895.9001068981493,2945.5457953146815,2919.9877234869646,2957.872229783889,2914.4674349677757,2889.5040286580165,2911.8811982816137,2882.815900502912,2924.962364027308
W38,3109.067350302828,3092.3484634128563,3052.392336840617,3065.1436448720406,3107.6924866100003,3097.7853077235145,3067.626668574667,3113.5775235170718,3094.167740472889,3169.8362133503942,3049.7094314212836,3054.6794416852026,3086.249495697688
W39,5883.738797644009,5850.692557032315,5886.33276381972,5885.227263504123,5871.634766573659,5861.821290518981,5878.591445180701,5848.020991441887,5878.0388653148,5899.857497084996,5925.077381049088,5923.114205788497,5873.255041361864
W4,2152.4970453677543,2421.015130940461,2301.481868402666,2533.756290268753,2135.583066376969,2782.845865245207,2039.49953378819,3229.5792177325143,2040.4938651352334,2199.0052746710107,2727.10824938831,2604.450635369827,2847.857919845613
W40,5824.308502869949,5847.6224871009035,5891.468109639005,5859.913515085611,5859.992157204021,5860.572004041492,5871.723899189695,5843.4779479710905,5878.499955424417,5891.72315020439,5917.551611906266,5920.956234001157,5870.172358474126
W41,6522.332559279392,6306.0024938988945,6286.2424924219185,6228.582497751,6275.542492861924,6132.392509585904,6364.532494196774,6329.49248585435,6219.412501161962,6296.672487492918,6339.142476561908,6232.992500110708,6172.092516944939
W42,6531.139094021897,6318.109028927787,6284.669028313831,6233.219033790467,6278.759028685671,6197.159038372117,6316.229026803432,6335.219020871144,6225.459037107849,6295.55902398996,6350.5290108495155,6245.8090338447155,6168.429056594187
W43,6526.735826598738,6312.05576137099,6285.455760284938,6230.900765712652,6277.150760713474,6164.775773980421,6340.380759628597,6332.355753306432,6222.435769079741,6296.115755669224,6344.835743653623,6239.400766935666,6170.2607866792905
W44,5865.042964869695,5871.573253368423,5898.0043132487135,5906.773017449684,5855.074278855322,5853.619557057208,5847.45757551004,5897.028288950377,5863.316730004198,5864.271140655196,5836.62043452494,5881.574374848013,5888.1063736181
W45,3071.0598800558555,2928.644439040234,2878.965135277159,2921.3771960648687,2842.853824632029,2949.44647923401,2923.3327377224905,2862.6352718475378,2920.5572700243724,2913.212171612077,3036.9687780023114,2844.7769403217185,2876.377117031422
W46,3319.0597581336906,3310.5691254903436,3307.5289273078492,3286.1114884947624,3352.4706859906128,3381.5478279614267,3329.568343010358,3413.999578881446,3254.789251918234,3314.3801423340033,3312.4400241788944,3335.188213874468,3326.899805902668
W47,3068.9089028438857,2928.4755179929775,2956.524974531574,2985.1888012298496,2774.0796163382515,2999.130301780699,2959.724705161282,2821.2626361717103,2956.81609587583,3013.7264405949254,2880.7170064711454,2946.1732911218073,3105.1376906754545
W48,2911.301985436791,3013.680785967857,2985.793217643176,2925.111656905877,2984.1366661972265,2977.2006988356793,3100.797111872063,2906.6520290379312,2940.35767574192,2969.9853303606383,3080.079174151443,3046.607674464612,3086.868680361664
W49,3329.5415685459966,3277.363714680954,3361.7768568339343,3202.495303913765,3262.4229934971936,3277.408438163566,3241.5283521814495,3275.157997615956,3234.8773938752197,3281.7183684548872,3332.9145070071704,3298.275807948929,3291.619125687959
W5,1491.5710780282222,1625.3047648948386,1049.5606665912821,1732.5208449906647,1357.6294919560496,1836.1442455048468,1190.6374586754384,1511.4226604833307,1395.3047627018454,1229.3877159596655,1714.352198717521,1193.752198034101,945.245054717709
W50,3330.7444636617693,3279.073668420687,3363.363469926918,3204.485237366037,3263.244423815187,3278.2214663011364,3242.5788694094335,3275.7829556130655,3236.432346610355,3283.0533630866457,3335.511782198512,3298.793127519174,3293.3433130367607
W51,6547.331892486458,6543.285859434335,6569.525170719585,6548.000389812546,6646.58276585052,6544.850091041871,6624.149670361061,6605.55150962404,6543.840315123787,6611.569756389201,6658.502999438672,6520.040213802024,6531.256265756263
W52,6865.3483609339555,7187.478479847546,6979.963372324845,7090.679842054569,7069.877755902752,7026.8593639652845,7085.021314989391,7049.372753776279,6946.24123709597,6871.49838188842,7193.628502482226,6986.113393886017,7096.829864192405
W53,1924.998080261312,2149.2949592716664,2023.5439330637194,2259.547612633789,1889.4733355460671,1873.5039953666735,2057.229129002807,1684.3514059319552,2147.9802948639917,2053.988738606098,1949.8831651161993,1955.9547048787206,1919.9518401887665
W54,2453.221627301682,2510.107954739467,2486.0111167352316,2460.2309183327525,2457.7636573926757,2500.102144497407,2476.0765996875357,2450.372873252256,2447.9129418111133,2431.1290229874257,2487.6364742958563,2440.5441249023024,2438.0915087859366
W55,4842.294352818239,5145.7083340056,4872.5202893745345,5079.018098224026,5272.543576544768,5368.4383662369055,5133.220529529659,4863.036500195403,5167.750158417429,4893.391909895653,5100.774254337583,5295.128700937733,5391.434256831766
W56,3042.5066862610934,2947.850095845433,2937.0822407585647,2927.148894386045,2962.9496829772984,3100.5754203592774,3021.641454657018,3020.317427111376,3009.6815835722905,3094.125976453476,3128.249751303577,3125.1455357128334,3145.8357382406853
W57,2041.4809039936429,2041.7150696279014,2119.5623640696012,2129.6772383185007,2097.786389219965,2139.5902247961376,2182.06612179501,2160.7414949409645,2192.747003929131,2192.735186440914,2192.723462292152,2171.4171841181474,2203.3775366491386
W58,3250.246373110575,3544.246261213949,3645.4747531415846,3434.4747663327666,3649.4746558320185,3178.474993801253,3347.474812155331,3614.4746929210914,3342.4748300577257,3460.47474665777,3541.4746865960537,3314.474867648884,3666.47458999951
W59,2042.8967134114114,2133.591503272032,1976.8637576700564,2621.7392353043115,2499.14979762853,2071.1542242376177,2611.4917750351397,2489.1399243174333,2062.0243756903174,2108.932234288531,1621.2451320873627,3228.6156768625515,3493.879523255937
W6,810.6726315427359,344.9584330604732,367.8255490790438,488.9406567803173,412.01186140028886,1107.8740661368458,339.3807061214356,630.334208325349,564.9125282443908,638.7032423454049,589.5573475805112,344.85115634358885,365.1669583585268
W60,8943.37811245455,8962.160764649174,8827.909965562121,8972.133547123998,9055.121138019911,9037.649854906946,8918.112915849555,8956.541954298535,8883.032742005274,9066.923040877771,8899.477989291772,8960.400546878025,8994.283787800217
W61,10386.964268907726,11459.31937315179,11096.403144159774,10614.252935916362,10697.604133000485,9734.14303364967,10264.213405413242,11324.186764012153,11033.689544500026,11423.47534102129,11079.806115392594,11905.309984815476,11300.687037735523
W62,7288.5421534152,7110.753145069665,7288.091105776376,7315.653206123784,7300.895978459638,7308.469073473005,7300.483469601666,7202.744671386685,7294.405106899553,7374.814396190951,7304.290464107973,7322.469220581361,7301.28728881786
W63,6212.49688527382,6298.818850696889,6222.172171281183,6399.942128841887,6280.466062680344,6064.576400718922,6085.950380198626,6566.475378292254,6376.616950615099,5742.380272472225,5897.878442976735,6034.39831627117,6068.38609920884
W64,15746.158727996113,13608.094630806982,12720.347468377126,13658.543691250157,14718.832867870271,15142.83658512931,12202.672076856383,12856.772183171995,13888.449918248547,14911.614240484896,12463.587720349395,12597.824346638115,13798.459106916596
W65,20334.96288233622,17978.027193555343,18617.824167796898,20012.011658837306,21561.637944134756,19153.627710618362,18137.480137476614,19247.270235106935,20455.76755849578,20986.31751624846,17564.039869914144,18295.521610698448,19483.92264506762
W66,7521.143834461101,7585.84786047794,7345.340885550566,7208.985834437281,7386.58133479895,7617.954637459536,7373.75709715208,7264.429826042174,7238.830726818952,7643.012802228936,7531.0602695986,7297.186446529263,7165.747209788312
W67,13533.78350454209,13651.26750219996,13378.617323648492,13413.91611719577,13451.626446612261,13438.347759499613,13545.66680220213,13363.315666222215,13435.284616581283,13482.455951678023,13469.146831597951,13576.711835127606,13393.942774836676
W68,6919.773134731931,6929.543504587676,6939.321342268562,6949.106648652499,6958.899424616863,6968.699671038627,6978.507388794286,6988.322578759875,6998.1452418109475,7007.975378822612,7017.81299066953,7027.658078225891,7037.510642365414
W69,6912.766006747524,6941.396006928497,6927.172013445669,6955.802013981196,6941.578020322403,6970.208021211731,6955.98402737735,6984.614028619757,6970.3900346101345,6999.02003620489,6984.796042020399,7013.426043966783,6999.202049607777
W7,2815.2528259219175,2646.003466468084,2796.362922909034,1772.9587727176533,5223.487205432631,3296.40349129642,2601.4823926627078,2861.3780409087053,3521.605313113829,6318.160852713147,2428.4386330879856,3732.8729833260422,2902.7629833716296
W70,2595.231544297996,2596.223121104102,2608.7069826092165,2605.2130922209826,2601.7238812380897,2598.2393433933944,2594.7594724281444,2591.284262091977,2587.8137061428974,2584.347798347279,2580.88653247982,2577.4299023235885,2573.9779016699554
W71,1916.422845445677,1909.0064982069002,1901.5997686015694,1894.2026690325347,1886.81521195088,1879.4374098562494,1872.069275297155,1864.7108208712993,1857.362059225891,1850.0230030579903,1842.693665114811,1835.3740581940665,1828.0641951443083
W72,1915.3885959986014,1907.7168300836888,1900.053882189733,1892.3997675096737,1884.7545013065123,1877.1180989138509,1869.4905757364108,1861.871947250584,1854.2622290049733,1846.6614366209321,1839.0695857931264,1831.4866922901015,1823.9127719548333
W73,1915.3382083985416,1907.6659731267805,1900.0025547401253,1892.3479684365536,1884.7022294841584,1877.0653532216634,1869.437355058973,1861.8182504776946,1854.2080550316991,1846.60678434765,1839.0144541255797,1831.4310801394345,1823.8566782376554
W74,4843.172533471317,6140.391858917687,7363.463821665269,5995.776117146584,5816.72602077729,7055.683762861298,7830.141794723506,7318.95258415573,9137.865973216407,3647.635453061831,5923.937013302906,6045.927751809967,6947.921117202662
W75,24404.200058398794,24196.2560226349,24519.77917833245,24268.67207667789,25471.015496930446,23664.999441916014,25383.842485417324,24715.548005755274,23531.859777433365,23809.52765994264,24823.237269934027,24611.722710772912,24940.800952367743
W76,384.1701738126266,384.1701738126266,349.64301284544814,363.41818726418046,363.4181872641801,363.41818726418046,95.6763958227755,363.41818726418046,363.41818726418046,363.41818726418046,211.9511237077436,308.6203660495158,308.6203660495155
W77,4275.395300456974,4048.236370470014,4154.418193809033,3568.5659485820047,3586.8296436200076,5092.328511173587,3253.6713242969336,4218.799421613721,3550.570253836708,4338.803849132108,5232.1761471004465,4401.2397674796575,3804.1243288698474
W78,4157.367549110473,3886.4567112040745,3833.2617603792164,3123.985407300371,3974.372840442047,4523.2753268935185,3919.26935915564,3996.9695824259943,3341.2115546048135,4656.550821461585,4788.084775256107,3847.5800969684515,3962.0495464721603
W79,1481.2093022518359,1397.5083212875916,1364.6044238133084,1415.694519556097,1367.4716994339983,1224.3753249552208,1524.6941768474153,1692.919958647689,1603.8979011129375,1116.1319325219354,1669.1468004181645,1472.1519702738378,1393.2096837617812
W8,4640.739313472362,4446.1053070669905,3186.6963599885376,1980.4618640850701,3467.6722176022686,2407.750099300575,2941.2515594502993,4417.122753752545,3023.657313043688,4122.073997200351,2020.1886600064443,1421.6767241419416,2535.870826193071
W80,1575.9549076024737,1417.6531520886604,1525.5208900406576,1495.6629900281966,1272.9032989828254,1597.0764312120903,1800.447034037419,1811.7783800898824,1116.620923543021,1803.810410751619,1591.1368210043368,1466.4326510032724,1606.6579067658463
W81,25336.504750422147,25045.61371353612,23824.52906145049,25010.548664454203,25509.204658268147,25216.330847632635,23986.92302731678,25181.02678788105,25683.081724505522,25388.211625203818,24150.42390454379,25352.66692564584,25858.14397284182
W82,4416.850126712618,4421.623589491126,4426.402211106863,4431.185997135134,4435.974953157255,4440.769084760575,4445.56839753848,4450.372897090392,4455.182589021803,4459.997478944253,4464.817572475339,4469.64287523876,4474.47339286424
W83,6139.390533630403,6097.090475237507,6103.890480985004,6042.9904120409665,6059.39043000474,6058.140004959544,6165.440145497325,6123.140086033135,6129.940091953347,6069.040021455604,6085.4400398393145,6089.9400449014565,6604.640595103069
W84,6134.997381710087,6129.097369933424,6062.897282188466,6078.542202358459,6622.242747671014,6116.742194338713,6142.74219747,6075.542171723293,6081.5421719140295,6105.142174347493,6075.642167540484,6071.042166201996,6064.442165172362
W85,17270.415021544675,17295.84848450006,17321.312515597652,17346.807143304275,17372.332396105652,17397.8883025062,17423.47489102928,17449.092190217034,17474.74022863044,17500.419034849354,17526.128637472415,17551.869065117186,17577.640346420103
W86,17311.445232393206,17336.913013270794,17362.411359989015,17387.940300954117,17413.499864591064,17439.09007934363,17464.71097367425,17490.36257606408,17516.044915013026,17541.75801903975,17567.501916681653,17593.27663649493,17619.08220705448
W87,1068.918871163281,1088.1233285436517,1077.3694885309103,1076.1793532382883,1074.0460754988399,1062.680070719232,1081.7724409599653,1071.0813659145003,1069.8981768666683,1067.777350038984,1056.4776831418394,1075.458620437539,1064.829944032744
W88,12040.573703236987,12100.383427919827,11968.046873391631,12082.330295795757,12221.623954171682,12071.368292318572,12131.330983539377,11998.655971259333,12113.23167957442,12096.060660253517,12156.14600633345,12023.199604712752,12138.009679888159
W89,1168.613365760752,1151.9019353848273,1216.4072653541587,1190.538328265192,1156.6793613269538,1198.743368498201,1181.815384584825,1172.7829497048513,1118.3427977577032,1169.88151065903,1211.926257077455,1218.12118134105,1177.4083376839296
W9,8238.929877996225,6213.650440728091,8537.346141170276,6931.866760144461,7887.013451285268,6324.638415465165,7942.300886157994,8946.983341707817,6490.282466782383,8205.402910537341,7256.261413452214,5728.064872257979,5924.255547265672
W90,2018.985435547531,1886.3470656901181,1912.2621822245135,1874.4199147023612,1864.7581761052159,1888.963878821964,1867.2443817358899,1876.725415812626,1851.1316213354235,1885.2680092691764,1854.6494403284844,1894.9464735838492,1821.7437511911344
W91,21630.324355420293,20674.37753580123,20832.955380223335,20408.141781862472,20302.308378989794,20423.87280258611,20235.708057502517,20343.161104649455,20039.780156853947,20355.138334961455,20086.79752331425,20460.093427303455,19698.235665675504
W92,23675.32501933917,23516.562728023026,23311.934982125775,23658.602477162025,24154.200486533442,23645.606089934274,23594.75931499366,23117.108831905385,22482.07331570394,24193.37212847641,23450.66294109617,21771.76354246988,21612.709995798385
W93,1741.0969530184425,1723.6199534070684,1733.5549530253443,1741.958953213477,1742.6559061209523,1725.1789064158706,1735.1139060875316,1743.5179063205856,1744.2148592317772,1726.7378594330696,1736.67285915807,1745.0768594360027,1745.7738123509064
W94,1843.1526631947338,1786.06647489384,1852.517485517589,1795.6371157124292,1773.1048638517932,1834.3390682993522,1777.2528816553825,1843.7038903553162,1786.8235221925142,1840.17845236066,1783.2980848570355,1836.6530144062651,1779.7726475631027
W95,1719.5200942633614,1637.2017980171197,1691.8380638175693,1679.7455520144424,1634.5571889938135,1689.193454276361,1677.100942586402,1713.349338107547,1631.0310436690859,1685.6673082598159,1673.5747967210248,1628.3864347053548,1683.0226987762533
W96,11510.82659603483,11419.864225704496,11436.565357795604,11323.522748522862,11428.874550457473,11452.031360123523,11403.056117619944,11222.646132646692,11342.973578185987,11573.646978973076,11482.195251305071,11498.986235939044,11385.335417602486
W97,515.1388077837213,507.6034714031539,499.7454100479008,495.97726203377596,478.068339250455,486.16425973313943,531.0427558165021,531.7431674750767,481.6934545583742,476.083739883717,477.481225567598,462.1260530784411,442.0893228287513
W98,661.7421185259315,643.7932879738776,638.1429334982873,628.2290598720434,610.4976703397132,622.2443065865923,671.3860550286399,668.3035448913765,613.764126663391,611.0335880675977,612.914798346351,599.6250277330672,590.2194842843452
W99,14799.962950543586,14940.214485767989,15122.311996865225,15066.528846368854,15075.647029262813,15084.770466855702,15093.899162023721,14862.823107679498,15003.641713820407,15186.475109805142,15130.466576026862,15139.62160226814,15040.000885054642
