3.700123994615178019e-02
2.221811866894502288e-02
2.630806104137119461e-01
1.134821291320020215e-01
7.017935526620534825e-02
5.796400351115380684e-02
7.767200119966254090e-02
1.027656088118279881e-01
5.850446318239582028e-02
2.674191610363061897e-02
2.293657477081569585e-01
3.056141316847421630e-02
2.292881548091881827e-01
3.168410327794238257e-02
9.462003450138722904e-02
9.571873922559415160e-02
5.697349624216927616e-02
4.975865309139854836e-02
4.535236582352148577e-02
4.126854403258501530e-02
6.847696452225844610e-02
6.677074973494905030e-02
2.535434137951225186e-01
3.120988235686594434e-02
8.274911456413426569e-02
3.079660037356841615e-02
6.545457970935257552e-02
2.525430787913775510e-01
9.191064330337175292e-01
9.545528003801573291e-01
6.680169935346889076e-01
1.392539245199287068e+00
8.656318691333986237e-01
8.574685278506620767e-01
5.855993803616077464e-02
6.860216059948706091e-01
2.134637384982004671e-01
8.438747486488589189e-01
9.531530132188645865e-01
5.047069997903418370e-01
3.332424906460412228e-01
1.271307476537184344e+00
5.125002727715767259e-01
5.434405926999040792e-01
8.211681139925236517e-01
3.786653789091325162e-02
5.742866345603109268e-01
7.566126918019504544e-01
2.364634138695035082e-01
4.468697284179111162e-01
6.698766017572417297e-01
8.297134337814490168e-01
7.399463117128529666e-01
6.875513106882918946e-01
4.389246081346331319e-01
3.661096565784070500e-01
4.703789541854676987e-02
3.777447481720450639e-01
4.479290709757652311e-01
3.930346932835891427e-01
9.875376975180994998e-01
3.898481791987091771e-01
6.101017916527033957e-01
3.196874245188822683e-01
3.712951628218075784e-01
8.755958882098013873e-01
9.435033004501899301e-01
4.414392718447626013e-02
5.561457478394311593e-01
3.416661465342992199e-01
7.383597846130193210e-01
6.306133318480126038e-01
1.299698890449004551e+00
5.975008681398379373e-01
3.524867604292294954e-01
2.336772980504457087e-01
1.260455247168682513e+00
4.454665282266120907e-01
2.463497588597141075e-02
2.827096250749475473e-02
2.512981349585496904e-01
3.743549902574876825e-02
2.696758530230109266e-02
2.254347684685568398e-01
2.323547207271152437e-02
2.261488894632709967e-02
2.714852777268754805e-02
1.865140890128403131e-02
2.775932143618296821e-02
3.567230409899373872e-02
2.736146774457544686e-02
1.783408612814452524e-02
4.979322884702809711e-03
3.915143679226988638e-02
1.457439412764195696e-02
2.942699418714516887e-02
2.081876258094012347e-02
3.206203806957009812e-03
3.521596119899118166e-02
2.571820647435006310e-02
2.638768005976850628e-02
2.253069846018058986e-02
2.340245797128092872e-02
2.595092927171347222e-02
3.300038090660934592e-02
2.553273070358441643e-02
1.860000281717083190e-02
1.655178659956877199e-02
2.917467375840438956e-02
2.825265192703022010e-02
3.212039173413688831e-02
7.127590885548613919e-02
3.853456442918415381e-02
2.049919424001134249e-02
2.403049872875566081e-02
1.294011322306130585e-01
2.228023251370330263e-02
2.979873847649686103e-02
3.921681689055936393e-02
2.999043760962081737e-02
2.715404571856235363e-02
3.203155863112910895e-02
3.873109582039323262e-02
5.520480822667258453e-02
2.576636428401711185e-02
1.888849000174475448e-02
2.659770873757370466e-02
3.347055474260179214e-02
3.038148919200552370e-02
3.618723260630630351e-02
3.135708805642171970e-02
2.575051467406579489e-02
2.850557454038369840e-02
1.836155292170282838e-02
2.460640120133485501e-02
2.084713183639379241e-02
1.652287883145231104e-02
1.265654774253827108e-01
1.338828527902660159e-01
2.564148140420254851e-01
3.020793497420414322e-02
2.477609034762276105e-02
2.347585377382828409e-02
1.911790169971148423e-01
2.459437707112165430e-02
8.407420555417645380e-02
1.881321747479787199e-01
2.429206598461811431e-02
2.527184172009068475e-02
8.407147139170430619e-03
1.621401519046913181e-02
2.367892061905705822e-02
8.680232486077382736e-03
1.601332616792013747e-02
1.361818589142529783e-02
3.324715917080373756e-02
7.744764173184794098e-02
6.965074577558953706e-02
3.662797583973561536e-03
1.237257641707734113e-02
3.655097396215523098e-02
1.277332167040180488e-01
2.541050049807209651e-02
3.658516492992665986e-02
3.735419753695410350e-01
1.636102271071467607e-01
2.931050035690143107e-01
4.437904184468735580e-02
2.046571433876863064e-02
2.928490410166771293e-02
2.977791189902145516e-02
5.224236722998932408e-02
7.058481303422155240e-02
2.128264981809403489e-01
1.353455729800181161e-02
2.520334461352239167e-02
2.441126588231826502e-02
3.317684861578405059e-02
6.270958460221133512e-02
3.570208336287932632e-02
3.676440775654430948e-01
1.675154836710098308e-02
2.561748025604547452e-02
4.047434657383841734e-03
2.895233445357889290e-02
2.691012622671255707e-03
2.461656472527264106e-01
2.547130414710999102e-01
3.833916249150255695e-03
5.500629457170817110e-02
2.115852749788010856e-02
1.322494219213211641e-01
1.213532571629624274e-01
2.558622686019411049e-02
8.210541409113269323e-03
9.725822127434368899e-03
6.611614487726504182e-03
2.496344198152566918e-02
1.573555047029650059e-02
1.502975827211478800e-02
3.804372090276798152e-02
9.427579152555485772e-03
2.934006731939620138e-02
1.260787470475668338e-02
3.412148204085032471e-02
1.923999075940009337e-02
4.312076335958025392e-02
2.683293047040187160e-02
8.140719084430949465e-03
2.043959036842091584e-02
2.719878681309439994e-01
4.053258817876601028e-02
2.052557733634698470e-02
2.836938217267331863e-02
2.393922382953068972e-02
1.624500074068068248e-02
2.303952523981209199e-02
2.497350047907452922e-02
1.839954930654802770e-02
2.029269388706692392e-02
2.879717870101899946e-02
3.903175954649816537e-02
5.637171143282323355e-02
6.258039230473885772e-02
2.259872913831643612e-02
3.282223969832332583e-02
2.404444299676116933e-02
2.753638985523852376e-02
3.320564344576374533e-02
2.228645128982647064e-02
3.334357687314534052e-02
3.137340625411344508e-02
2.487634461129166474e-02
3.124449351314059764e-02
1.905505106223916514e-02
2.526875808718612171e-02
2.429127764094144923e-02
1.742503111909932123e-02
2.608583081617964552e-02
2.207903373352942955e-02
2.156285062109748740e-02
2.778165992074200022e-02
2.244535498095727097e-02
2.972264529800539012e-02
3.168196082205670255e-02
1.824400272184228261e-02
1.653580931664641943e-02
4.321178639463445041e-03
1.587750377474160188e-02
2.715259319338789168e-02
2.669338333500362315e-02
2.715843994680863793e-01
7.857944244981819940e-03
4.103566443123845414e-02
3.393644963616292837e-02
3.304904103740394228e-01
9.086339876191769360e-02
2.756769423780367489e-01
2.833232583821223560e-01
5.012230832234646494e-01
4.334018991188654524e-01
3.302798296223716235e-01
5.598375539410568313e-01
2.074980527660568175e-01
2.852193482305684369e-01
2.249335720795939686e-01
2.727761291379834363e-01
2.867075164178024479e-02
3.371144479798204863e-01
6.164085870087774310e-01
4.028691009464429595e-01
4.252881079248688745e-01
2.348414988995529418e-01
4.625108696498745342e-01
5.528971056977813880e-01
2.670532045150214029e-01
4.287607943251552922e-01
6.105876506736995779e-01
3.348300749629507661e-02
4.293540618395422226e-01
2.627417557962360983e-01
3.111656045623759081e-01
2.410164791376431526e-01
3.511179989140693070e-01
2.671613722766787435e-01
4.933734766345740930e-01
3.148337590975336386e-01
6.751818180931842273e-01
1.978842647423765533e-01
8.877872896546706860e-02
5.235440497936950655e-01
6.132957370401600494e-01
2.498794898040805068e-01
3.381977671279064457e-01
2.076457996660695804e-01
2.095610010727351202e-01
8.119716597463092489e-01
3.077944593419515429e-01
1.911470948670466463e-01
4.397296811935203498e-01
1.666515966768758183e-01
1.288847497021186062e+00
2.821660502102230628e-01
1.963139528549756319e-01
5.374328973585980052e-01
8.801164036274515823e-01
4.616871184992003552e-01
4.857397955618927288e-01
4.081322807094071581e-01
1.982501165536964260e-01
3.575075140167084942e-01
4.292236407055966679e-02
2.592835368064374535e-01
2.603048381316939719e-01
2.986750691768220167e-01
2.768576488029044769e-01
2.813837184441366213e-01
6.609221233198473433e-01
3.806817301822004729e-01
3.478068012305232659e-01
3.371013513598914990e-01
5.610343025789245042e-01
6.258231439963794773e-02
1.830779388290121046e-01
2.876387179864003385e-01
1.589849344253717323e-01
2.265830963718810931e-01
4.774777920469228110e-01
3.778422446653293965e-01
2.192386512247579133e-01
4.973072371034119032e-01
3.654771322930976396e-01
3.842689193570680839e-01
7.899714378604405507e-02
2.749436901970264691e-02
6.710754891694633573e-01
2.116919097964785612e-01
2.276679754569782277e-01
2.136826813258117241e-01
3.715315950117289989e-01
4.596628348904106542e-01
3.335046818270878677e-01
4.206282377067933620e-01
5.544527100325402635e-01
2.908871745417399568e-01
2.287264246735002879e-02
3.287080646577100751e-01
2.965969276059619575e-01
2.730614155002631382e-01
3.606486171152293863e-01
3.717422513246930182e-01
3.621318398488976992e-02
3.199557282471410247e-02
3.554384533188162387e-02
2.683111078593814966e-02
5.033257075137805708e-02
2.670035591817919787e-02
7.713663306120475960e-02
6.406955565647239059e-02
1.666228821162041573e-01
2.993615049252834961e-02
4.069749049754684683e-02
4.081981374322456863e-02
7.022560414364080461e-02
7.854537944885763012e-02
2.912295518649224077e-02
1.056845407665276126e-01
3.279648647779603160e-02
6.762013178801538904e-02
5.772099647779155296e-02
3.600961594838608670e-02
3.592396581866659500e-02
1.006946797837561386e-01
8.848510449577895454e-02
4.354205800152715494e-02
1.256870744830980158e-01
1.091889436751032200e-01
7.015946779391298016e-02
3.664500132987903031e-02
3.062564709493742487e-02
1.116317078316029221e-01
6.134752860352413184e-02
3.236801315820077019e-01
3.102606870651490947e-02
3.470692059361642490e-01
2.043614839555858431e-01
1.205096857534404542e-01
5.412819218661791415e-02
2.455711412875486721e-01
1.478827367101974710e-01
2.267935374813605590e-02
3.528036503471552315e-02
3.250517518993462779e-02
2.356269605214327337e-02
4.084713053720478299e-02
4.476602873114827325e-02
2.020433708841762321e-01
1.879911250981084192e-01
2.323829887089241819e-01
1.205697891131927851e-01
3.882867272743950604e-02
3.532278219456447960e-02
1.016631108567117164e-01
2.995164472110827328e-02
5.395722827661928594e-02
5.556399403642775514e-02
1.078800158255912994e-01
4.259535270073146890e-02
2.505207405099996176e-02
2.524898202961782176e-02
1.189424123395601135e-01
1.950490910758466076e-02
3.153690198483928564e-02
6.831568968010026666e-02
