6.689943115920795158e+00
4.304182650549666533e+00
4.037027598628839975e+00
1.947221835307639592e+00
4.838043398975727882e+00
2.073072496119662933e+00
2.251216215211969018e+00
6.919411379230020032e+00
9.113241586212940115e-01
5.609520023616395790e+00
2.904162002853363234e+00
2.982641119962912146e+00
2.427374308704492722e-01
1.697504776211856026e+00
2.408587548924515431e+00
1.967732264849139101e+00
4.986765490651851040e-01
3.145114329129829578e+00
4.832323277726764843e+00
3.561313470052071661e+00
3.097266570878330239e+00
1.172395609325068699e+00
3.493707204577601644e+00
3.370561954373713309e+00
2.298408655150073532e+00
2.773983397108908289e+00
3.862901712589586478e-01
4.547201895703343877e-01
1.642916258543132502e+00
2.821864937712969201e+00
2.133447052994720927e+00
5.531756503805373981e+00
2.540972456253917766e+00
1.673391746694120830e+00
5.888995973262381334e+00
6.216980191472146977e+00
9.123484251594312644e-01
5.632837229894342990e+00
2.880786448582159931e+00
3.009997910934075094e+00
2.030952087735190315e+00
5.214762428788775495e+00
2.095146204904894116e+00
5.798429053607575545e-01
3.268597988149771982e+00
3.351183481287066890e+00
4.117607588457787848e+00
2.911168066274094635e+00
2.810608200207926899e+00
1.233483906982756784e+00
2.723655301226016512e+00
2.025959792913861524e+00
3.409926669593457138e+00
2.335036910504988128e-01
3.569812623109905880e-01
1.741436674081665803e+00
1.497584845670200338e+01
2.591174708859813158e+00
3.458904967970281241e+00
3.644380355588323184e+00
3.204486462509279043e+00
2.570421643980601356e+00
4.029178818722597200e+00
6.202812801846610213e+00
1.365659254025253899e+00
2.862498442180707592e+00
2.090291298535819742e+00
1.596530123987180971e+01
2.505122072689914603e+00
1.790215568821102554e+00
3.563649054919546089e+00
2.364514341197670788e+00
1.815160708109360366e+00
2.919112345335291292e-01
2.048332657473475038e+00
2.100893894220620339e+00
3.197725925034405670e+00
3.136234964002285519e+00
5.149006812262781452e+00
4.342291741862276844e+00
1.665710634376047272e+00
3.335265534435397417e+00
1.590799422322424661e+00
1.619969202617170145e+00
2.820312596943509220e+00
3.441507471096084902e+00
1.103104106315848876e+00
5.079495083526340160e+00
1.285963502467198705e+00
1.033613483857018878e+01
1.633527591067692963e+00
4.146168815415989251e+00
4.964896266288263860e+00
5.162709633991649838e+00
3.739946920651116002e+00
2.847373798201615624e+00
2.612288513570929283e+00
2.360400939587908642e+00
9.073279250712565913e-01
3.413499328174293357e+00
5.779175865172778703e-01
1.336839305381854581e+00
3.341752482738904018e+00
1.123822947998029731e+00
2.131330812270104236e+00
1.106145063257231831e+00
3.634571133806657972e+00
3.800503010411611982e+00
1.373901529961697676e+00
2.911658792055645595e+00
1.070756010007288150e+00
1.719799426509736051e+01
1.028611967369754909e+00
4.856985223336527935e-01
4.443915802515978619e+00
1.309355997129640681e+00
3.773201947260695466e+00
6.544391685997942298e-01
4.319922369896677772e+00
1.366611400284363675e+00
1.119947314606030808e+01
2.535624204985976515e+00
1.202668417477419460e+01
9.292190289896110622e-01
4.215233379795347624e+00
2.120368737278060678e+01
1.998872128118760916e+00
1.512814188986091990e+00
1.260889114604111239e+00
4.633424385311805338e+00
4.442067915311986859e+00
1.300587366736909223e+00
1.122074820934348738e+00
1.761156527935588079e+00
4.790103504334473628e-01
3.645880378270163757e-02
2.796247446121841396e+00
3.018211020305823666e+00
2.610326788456154734e+00
1.668997239377316477e+00
8.298725088646324854e-01
2.770560460000592418e+00
1.423790449403912861e+00
1.395614611642046254e+00
9.393985669964048935e-01
9.271045372258597261e-01
1.866672665851578206e+00
4.594446512509923863e+00
2.135113032182310633e+00
1.915158420892424163e+00
8.201933720690949281e-01
2.967142597078683774e+00
1.350452832787329305e+00
1.061426245768297250e+00
5.651514528541248694e+00
1.518245945576519373e+00
1.103235613837930229e+00
3.092197741776118391e+00
2.232968779312947571e+00
8.991825919905166442e-01
6.839651112516127895e+00
5.916601583473437564e+00
1.044306783399334027e+00
2.545908033377861202e+00
4.541040532369823524e+00
4.021948393255103227e+00
7.427581094385282690e+00
2.595929650844614134e+00
1.822479526223138135e+00
9.860118999027299935e+00
6.453965535410936205e+00
4.665792824174939568e+00
6.056780231873622355e+00
3.595196623336129438e+00
2.375732814357208067e+00
2.482601896959849841e-01
6.336150552816294912e+00
1.761852456321375771e+00
1.131268970285199904e+00
4.110458388836234489e-01
1.261501252540656148e+00
3.865902468130948844e+00
4.052808577847327065e+00
1.335092279636703516e+00
2.212386082514822494e+00
1.250036354589482368e+00
2.482075245739971958e+00
1.848092457534883604e+00
1.391884678527653518e+00
1.512058866613460895e+00
1.198397466131941203e+00
9.058451010665156122e-01
3.489849187958144583e+00
8.978854794638090553e+00
5.538912678056499672e+00
3.469748149939186899e+00
2.180718693456321411e+00
2.917582068830582465e+00
1.813677573166604162e+00
1.942822804275202708e+00
1.269761207255146074e+00
9.442387071899438489e-01
1.939058405271717467e+00
5.855261996964034044e-01
4.295157920730952594e-01
1.441192502025029354e+00
1.046559617497229366e+00
6.318864395339280016e+00
3.597728272746672395e+00
2.551780725135313954e+00
2.447568445069416843e+00
1.660940750057645410e+00
3.086569345174753121e+00
4.393621748192201970e+00
6.394856297442681914e+00
8.017667012801064086e-01
2.083277687071978690e+00
4.011500417387970363e-01
1.328324110669869551e+00
1.411154050223020873e+00
6.317576708729651935e-01
1.391974422154084179e+00
7.633560490397331755e+00
1.366254143382366060e+00
1.302097482520002458e+00
1.067615205598364536e+00
1.123638987183454674e+00
8.589844819721293989e-01
1.221539583555561581e+00
8.628077786291242779e-01
1.596719589324621769e+00
1.135696174753185295e+00
8.455513688562475982e-01
1.749330443609604435e+00
2.320649982929408051e+00
1.364161678561994773e+00
1.110312627448409195e+00
1.991408219803503910e+00
4.116586249513306539e-01
1.103661210020255412e+00
1.176414522392082107e+00
7.791635928825499935e-01
1.677748019336789964e+00
4.083386137224246371e-01
1.020804836840868424e+00
2.435521016082446533e+00
2.331958558258375280e+00
1.654823091929692902e+00
1.434578627855004340e+00
2.314565273287120917e+00
2.079448973614448359e+00
1.212693014142121939e+00
1.163262392293595404e+00
1.061450244017890565e+00
1.563929630241559066e+00
1.424062710879449245e+00
2.101561751243229637e+00
8.625109860846503773e-01
1.065847434380743808e+00
1.594710015791791946e+00
1.549162312059525926e+00
1.299844301099395638e+00
1.902577234699459829e+00
1.523042054939845791e+00
1.930311690615474918e+00
2.240723778599493343e+00
1.287530421928460456e+00
2.176396599361641648e+00
1.923524131432148288e+00
1.496691412970514667e+00
8.842422874542821276e-01
1.265217180323549684e+00
1.546462799853995262e+00
1.939449800150549574e+00
1.522277728483728554e+00
9.676327752443126817e-01
1.458048428993133694e+00
5.409627068480706846e-01
1.393216910256036556e+00
5.418423722508659557e-01
8.385654163344770096e-01
8.285226695629083205e-01
2.131646948328391744e+00
1.682268117586788181e+00
6.163452355025843543e-01
1.327144549810622243e+00
1.220467960139609787e+00
1.161546559302095938e+00
1.759860422313161754e+00
3.594359492777813081e+00
3.314438593548340251e+00
1.693452784283756340e+00
4.529086784194167770e+00
1.351190186177173125e+00
4.447538412720209777e+00
2.615021411705142462e+00
2.534274838172974054e+00
2.594804589725805855e+00
4.595214670818489111e+00
7.953753564665877462e+00
5.571235464334882259e+00
6.716792058834289314e+00
4.227622739043884081e+00
2.838067311341450516e+00
5.669872982208519208e-01
2.841819930996044796e+00
2.064900798266371851e+00
1.418805228273725350e+00
9.449542258975268672e-01
4.309132858831579704e-01
2.415307911716739309e+00
6.168950257208805077e+00
1.362513123620825972e+01
3.583053343458189044e+00
1.243257880852978836e+00
1.540090197727161936e+00
7.762032017565931419e+00
4.076340925250577563e+00
2.989255410344770603e+00
4.451373243424500359e+00
4.112076108914973105e+00
2.326525209066567790e+00
6.279759644451065270e+00
1.306765461254277838e+01
1.333038395823781253e+00
1.183925844427202723e+00
3.847474113624521075e-01
9.986987311942204792e-01
2.773435099763260081e-01
3.586019109479872680e-01
3.590799882379738794e-01
2.752828976563988661e+01
2.391349932704140979e+00
1.656317250370427097e+00
3.616790078388887331e+00
2.569953674621425765e+00
3.161182620044390656e+00
2.443763102094758999e+00
2.638046639343794020e+00
4.197440177419036189e+00
3.550999145023271186e+00
4.201663565906257780e+00
4.092916596344183588e+00
2.234164780148709450e+00
1.833654215471849591e+00
2.400837870629687565e+00
2.091650191711732720e+00
7.264328740879851809e-01
1.245294868574558622e+00
2.136861816012136206e+00
6.014359301858481999e+00
5.226557490445069121e+00
1.172468458680987258e+00
3.088144974813819221e+00
2.445630644968558975e+00
2.853556791333517140e+00
3.032466506810053142e-01
3.345398132112275547e-01
3.551980775520959366e+00
