1.194727474830958869e-02
4.755061621095930946e-02
1.925485159298629192e-02
9.548997720687797675e-03
1.873756804946884180e-02
2.259247909725291964e-02
2.286337295788228030e-02
1.554862345581010594e-02
4.663529406283422295e-03
1.036342943249615386e-02
5.570710798371845615e-03
6.491658750678178449e-03
9.441421925448087449e-02
1.061781405096352653e-02
2.155688782253083191e-02
6.015849211512069340e-03
4.818475898184401002e-02
3.911463942532770327e-02
4.163328051646368599e-02
4.099099485245664976e-02
1.470463086524540289e-02
7.393978368639655963e-03
1.609073224599968377e-01
4.068373306697096320e-02
1.103622580374635509e-01
7.675561796342585640e-03
6.895194217618004495e-02
6.617742457457680139e-02
5.648239097498431414e-03
1.308514312506742910e-02
1.071426670521419613e-02
2.568096370676783285e-02
2.719996297753092887e-02
1.688608926815298589e-02
5.351896468933856066e-02
1.292516778088288916e-02
4.672193207054324907e-03
1.008934663904852841e-02
6.046574703208339521e-03
7.369312335902470160e-03
1.278808232230294051e-02
2.720369264700028475e-02
7.395886672003084208e-03
7.693824952773462011e-02
4.211115535109802299e-02
3.832779554132123567e-02
4.391517202588617746e-02
4.199535273698291188e-02
1.362015108064241510e-02
7.024442199623721732e-03
1.268310949952048405e-01
1.007702042339470999e-01
1.233530426275336427e-02
1.000341564700181485e-01
9.237222732891883781e-02
1.062230610421752847e-02
2.989061133729586928e-01
1.708580236016562365e-02
1.276260164334743277e-02
2.104184113436434120e-02
4.028560434263488838e-02
2.964001545803091053e-02
1.786846608102560241e-02
1.870505801572339491e-02
6.261229039336570559e-03
6.601566096926777052e-03
6.098612136807747205e-03
3.080046024882294731e-01
7.926346739401650063e-03
6.766326580633554716e-03
1.727352203105459588e-02
1.802725204885539945e-02
9.126486910961881943e-03
2.633523543344945192e-02
3.094610329602968599e-02
3.654440053452610859e-02
4.525047515936252152e-02
2.191419750188707688e-02
1.512185453944310184e-02
1.152182097961911532e-02
9.027642216322694785e-03
9.972827112795136159e-03
1.404340118300501927e-01
9.196829302226426292e-03
9.538374529010741967e-03
2.696873259643364079e-02
2.705012038843230063e-02
4.584287378985840017e-02
3.792923952053395883e-03
7.569220439123297561e-02
7.620807793025156235e-03
1.243851545908234227e-02
6.216010897051221090e-02
1.989344784915423811e-02
8.743847196636057167e-03
8.648828706436682487e-03
1.394743608915789343e-02
2.987103825413175637e-02
2.878099243511468910e-02
7.902787386603321584e-02
2.654797559054063449e-01
3.169884568014479792e-02
1.288768104079013876e-01
4.803329964351758796e-02
3.538238985645793255e-02
8.890928687136491482e-02
1.160084531308302747e-01
7.312733712650788809e-02
3.070824280510603757e-02
5.015019056231418554e-02
6.891306621549876665e-02
5.942320230955226018e-02
1.246641808103965271e-01
6.964855475291412135e-02
8.732216382413410249e-02
2.847146875627015739e-02
7.726992075864787257e-02
2.828375067410175692e-03
5.083904328868187744e-02
1.113302057429572667e-01
2.149717255679357841e-01
1.130198951299632160e-01
4.349780968771149031e-02
3.216956623703035034e-01
8.835984533782871575e-02
2.821628924326786275e-02
5.015825038540600023e-02
7.039377156608590813e-02
3.625376635791772301e-02
3.023288861678698897e-02
2.393090006943365128e-02
4.177622289412464412e-02
3.299078179118075660e-02
2.115150380265634622e-02
1.548285489555200067e-01
2.668031105782808256e-04
5.694427365426416726e-02
6.715402853695270902e-02
3.270962979318379343e-02
8.113929423672559815e-02
7.865621866903056703e-02
1.134708852220400604e-01
1.477891630396660771e-01
7.428843067787685439e-02
1.160206256407412262e-01
1.768683920698794765e-01
1.753020555099027433e-01
5.109297897316058545e-01
1.922671945473103938e-01
1.487961474057014066e-01
1.302746317416397237e-01
3.979861432506323071e-01
8.674864438142003420e-02
1.013584692722579728e-01
4.131035455567703130e-01
1.365741913692361531e-01
2.807502049575868464e-01
1.893670046263910001e-01
1.728730023433020790e-01
1.134982851430708789e-01
5.992095148918266112e-01
3.010483561093552085e-01
8.768148006480876167e-02
2.508406916739700510e-01
2.577443979184375067e-01
3.330874210368076072e-02
2.055517173668996306e-02
4.905023489012150240e-01
1.475206418324581312e-02
4.119518132912586977e-02
2.432142076672241457e-02
1.577370763840478182e-02
1.629907401442077380e-02
3.078738164802880678e-02
1.183238044038066872e-01
1.667651693546528613e-03
6.005816178522427329e-02
1.662034232063560601e-01
3.922086043383065657e-01
3.113821134892406084e-01
2.065463499020598129e-02
1.071465396409230358e-02
2.056160695093140756e-01
9.038246163879828932e-02
7.397176568551240561e-02
4.463204027714429145e-02
1.540019457338941689e-01
7.616629943432590144e-02
6.182485219764204121e-02
4.311422922514185907e-01
3.185767689621996773e-02
2.467393162188348532e-02
2.548387523936612373e-02
4.184247291626346649e-02
1.501616593972766589e-01
1.213817300852348402e-01
3.861739873886930324e-02
4.650765776333380674e-02
7.579461490121605638e-02
9.014090987104862729e-02
3.470072628653563807e-01
6.397411181655894737e-03
5.643034972121843684e-02
1.427015374765868046e-02
3.674454426342603497e-02
4.585307293651422200e-02
3.033602623832501802e-02
5.497047671326756729e-02
3.641946695124317901e-02
9.921154598151214060e-03
1.998305455772849543e-02
4.953593829122575065e-01
5.218389739846239495e-02
8.814180820653334802e-02
9.804421975103189135e-02
1.793503897745866715e-01
1.836564640762771150e-01
6.173590757163000681e-02
1.900036039519180098e-01
2.294332038863346468e-01
9.988673401915025563e-02
1.871288228756515515e-01
2.615464241359283931e-02
2.311325629627641043e-01
1.880679272061231422e-01
1.394052966410916639e-01
1.418678142920482554e-01
1.363178190626323505e-01
1.969835379200956249e-01
1.336963859228729457e-01
2.477751593275658026e-01
1.660095004461022428e-01
1.328711237420827085e-01
2.194122267919990932e-01
4.914584650176913594e-01
2.013076911037103567e-01
1.432935601865891750e-01
2.075010467417814086e-01
5.681148258128690398e-02
1.231598534782164939e-01
1.504702454952489832e-01
9.939820494706289034e-02
2.574166052793879222e-01
5.405719719156051872e-02
1.189983153307876962e-01
4.392652103008221620e-01
2.838144974177685409e-01
1.990693270639310730e-01
1.571629625696641941e-01
3.262923714865093583e-01
2.428863343888817139e-01
1.829823373339803105e-01
1.371827967028560746e-01
1.324782231613728378e-01
2.807930184555896269e-01
1.811497684922277474e-01
3.354601575723049067e-01
1.098061492445265713e-01
1.465243259197287484e-01
1.853981508867905970e-01
1.870648148670763788e-01
1.881562319411159978e-01
2.258810443633792464e-01
2.550523862294165611e-01
1.838933965520654079e-01
2.555617223218989986e-01
1.674049059595503486e-01
2.966691542028119244e-01
2.002959013258393539e-01
1.681189873570935189e-01
1.064154170917929049e-01
1.714459042744641837e-01
2.045005563171628793e-01
2.781478404253770464e-01
2.026257074144710846e-01
1.304465909162219051e-01
1.838986508066455805e-01
7.245239645817891372e-02
3.652376207235197847e-01
1.444810023883216221e-01
1.500122130850276292e-01
8.191125025134951554e-02
2.372224766461556167e-01
2.477533044362632553e-01
6.976476534865981571e-02
2.013432463787083182e-01
1.481344913739592595e-01
1.393919945320449549e-01
1.995550949663182638e-01
2.485477512316268123e-01
2.055676041460874001e-02
1.999825405816866783e-02
2.107561113319757901e-02
1.687390575995671160e-01
2.016014317220720525e-02
3.124473364904451281e-02
3.066563393549983155e-02
3.095662316400883685e-02
2.079593720046003097e-02
5.492283829744643714e-02
6.779132783549736418e-02
4.625631447373797916e-02
2.974455284174381403e-02
3.397797608932650454e-02
2.520245068161321433e-01
3.403076621971237725e-02
1.816551960007092847e-02
1.725577372373500104e-02
8.788737811737822037e-02
8.126112580813958999e-03
6.287673552330780291e-02
1.466943735534737003e-01
3.021811755127047361e-01
8.288982515504420001e-02
2.546327867316512950e-01
5.197154234879058921e-01
4.768201921378074221e-02
4.688398541985046297e-02
2.579828493986195681e-02
4.755066572978140782e-02
6.159916447451157379e-02
3.178824036618905363e-02
2.481922205609550514e-02
2.916536285590190861e-02
5.909521831557193808e-03
6.660671641795735433e-03
1.844569319834256094e-01
1.262748864918649544e-02
1.809200625000309537e-02
1.948120427539869540e-02
1.950969357256711334e-02
4.063983617949531446e-01
2.849483904717906371e-02
3.069620216777725896e-01
1.557291831658740577e-01
1.380125809123807501e-01
1.848478972309748058e-01
5.155845412931321370e-01
1.654481214716906345e-01
4.156358912847035736e-02
6.464719886404937145e-03
2.424779396818384225e-02
2.528726771419096894e-02
7.323340701469727154e-03
6.247995631800720359e-03
2.121890759669506007e-02
5.889078994794207794e-03
5.488184465840872245e-02
1.728137163155605838e-01
1.865879781842088442e-02
3.676963769382850244e-02
4.282389052042098049e-02
7.393863016445159121e-03
1.025965203963662142e-01
8.324047038458889936e-02
7.188414227655202590e-03
4.272119101480935377e-02
3.798118679282652677e-02
1.153765602013680398e-02
