2.642419731616973877e+02 3.948606014251708984e+00
2.564140934944152832e+02 3.844947814941406250e+00
2.682051947116851807e+02 3.611433506011962891e+00
2.642865331172943115e+02 3.366546154022216797e+00
2.609955418109893799e+02 3.515699625015258789e+00
2.632266731262207031e+02 3.406607389450073242e+00
2.691193449497222900e+02 3.908492803573608398e+00
2.513519377708435059e+02 3.983591556549072266e+00
2.578800499439239502e+02 3.795145273208618164e+00
2.625980627536773682e+02 3.578855514526367188e+00
2.506379995346069336e+02 3.907386779785156250e+00
2.689068262577056885e+02 3.723588228225708008e+00
2.627687337398529053e+02 3.306840419769287109e+00
2.649880836009979248e+02 3.613223314285278320e+00
2.658465225696563721e+02 3.333647966384887695e+00
2.597693634033203125e+02 3.657664775848388672e+00
2.625946891307830811e+02 3.359677553176879883e+00
2.622082936763763428e+02 3.506856918334960938e+00
2.690397655963897705e+02 3.822661161422729492e+00
2.637982189655303955e+02 3.508176088333129883e+00
2.657484347820281982e+02 3.312044620513916016e+00
2.592199766635894775e+02 3.642612934112548828e+00
2.632403733730316162e+02 3.539661645889282227e+00
2.572347154617309570e+02 3.944660186767578125e+00
2.635405657291412354e+02 3.947465419769287109e+00
2.649249081611633301e+02 3.988550424575805664e+00
2.565695521831512451e+02 3.052774667739868164e+00
2.636641578674316406e+02 3.509716272354125977e+00
2.688780977725982666e+02 4.230547189712524414e+00
2.612018258571624756e+02 3.680904150009155273e+00
2.622029151916503906e+02 4.023461103439331055e+00
2.572826454639434814e+02 3.439810037612915039e+00
2.580141165256500244e+02 4.031522274017333984e+00
2.709105205535888672e+02 3.410946607589721680e+00
2.578706812858581543e+02 3.649132013320922852e+00
2.661495833396911621e+02 3.959182500839233398e+00
2.716505146026611328e+02 3.380223989486694336e+00
2.613473103046417236e+02 3.731671810150146484e+00
2.750034017562866211e+02 3.706745624542236328e+00
2.564212694168090820e+02 3.803836584091186523e+00
2.592323324680328369e+02 3.773046255111694336e+00
2.652285511493682861e+02 3.612799882888793945e+00
2.604688043594360352e+02 3.609176874160766602e+00
2.647624063491821289e+02 3.421909570693969727e+00
2.561057629585266113e+02 3.758738279342651367e+00
2.658892173767089844e+02 3.976585865020751953e+00
2.663944437503814697e+02 3.519464015960693359e+00
2.706945700645446777e+02 3.768186092376708984e+00
2.647343561649322510e+02 3.230246067047119141e+00
2.598458325862884521e+02 3.761145353317260742e+00
2.573561277389526367e+02 3.880103111267089844e+00
2.801303267478942871e+02 4.065926313400268555e+00
2.643289163112640381e+02 3.570780277252197266e+00
2.629567494392395020e+02 3.567612171173095703e+00
2.682671678066253662e+02 3.705234050750732422e+00
2.605439362525939941e+02 3.415640830993652344e+00
2.569763915538787842e+02 3.656339883804321289e+00
2.700989854335784912e+02 4.022113084793090820e+00
2.596831517219543457e+02 3.526283025741577148e+00
2.640008537769317627e+02 3.485549449920654297e+00
2.574845333099365234e+02 3.498712301254272461e+00
2.630307157039642334e+02 3.755150079727172852e+00
2.612415907382965088e+02 3.683078050613403320e+00
2.623237135410308838e+02 3.307161331176757812e+00
2.613759739398956299e+02 3.908737659454345703e+00
2.518154406547546387e+02 4.545426368713378906e+00
2.554185073375701904e+02 4.059442281723022461e+00
2.640272426605224609e+02 3.713725328445434570e+00
2.589654774665832520e+02 3.791167497634887695e+00
2.574427344799041748e+02 3.566360712051391602e+00
2.607379388809204102e+02 3.781880855560302734e+00
2.565244753360748291e+02 3.850195884704589844e+00
2.590364308357238770e+02 3.689588546752929688e+00
2.628375601768493652e+02 3.938702821731567383e+00
2.583261947631835938e+02 3.689614772796630859e+00
2.600283768177032471e+02 4.244233846664428711e+00
2.621326885223388672e+02 4.022281646728515625e+00
2.670652854442596436e+02 4.216605186462402344e+00
2.634082515239715576e+02 4.251007556915283203e+00
3.548001365661621094e+02 3.644910335540771484e+00
3.490419344902038574e+02 3.960064888000488281e+00
3.751037802696228027e+02 4.048656463623046875e+00
3.561751821041107178e+02 3.853891849517822266e+00
3.534673538208007812e+02 3.964042663574218750e+00
3.612471888065338135e+02 3.599494695663452148e+00
3.611284697055816650e+02 3.711832523345947266e+00
3.452410948276519775e+02 3.636355400085449219e+00
3.641834156513214111e+02 4.013913869857788086e+00
3.609926726818084717e+02 4.083630800247192383e+00
2.691857967376708984e+02 4.135854005813598633e+00
3.580347588062286377e+02 3.959341526031494141e+00
3.613152604103088379e+02 3.781836271286010742e+00
3.711431579589843750e+02 3.983309984207153320e+00
3.805487289428710938e+02 4.246560573577880859e+00
3.600804793834686279e+02 4.012708187103271484e+00
3.808078377246856689e+02 4.028366088867187500e+00
3.504238362312316895e+02 4.053860425949096680e+00
3.542670187950134277e+02 4.204876661300659180e+00
3.470614755153656006e+02 4.109843969345092773e+00
3.534346315860748291e+02 3.896244525909423828e+00
2.574022822380065918e+02 4.129323959350585938e+00
3.565248854160308838e+02 3.775695323944091797e+00
3.667462058067321777e+02 4.142401456832885742e+00
3.572951474189758301e+02 3.768660783767700195e+00
3.575244231224060059e+02 3.663065910339355469e+00
3.520133073329925537e+02 3.463031053543090820e+00
3.544756877422332764e+02 3.687360048294067383e+00
3.563089847564697266e+02 4.106564998626708984e+00
3.637796177864074707e+02 4.297557830810546875e+00
3.507063250541687012e+02 3.469946384429931641e+00
3.699785130023956299e+02 4.177624225616455078e+00
2.725763454437255859e+02 3.788462638854980469e+00
2.720455207824707031e+02 3.653198957443237305e+00
3.628286652565002441e+02 4.397795915603637695e+00
3.650941653251647949e+02 4.169207811355590820e+00
3.529190540313720703e+02 4.371536731719970703e+00
3.511692798137664795e+02 3.881797552108764648e+00
3.746002111434936523e+02 4.079272508621215820e+00
3.631152653694152832e+02 3.690723896026611328e+00
3.484636242389678955e+02 4.384091615676879883e+00
3.666664822101593018e+02 3.900847911834716797e+00
3.576270101070404053e+02 4.668730258941650391e+00
3.718809688091278076e+02 3.575975179672241211e+00
2.688436954021453857e+02 3.923446655273437500e+00
3.973048729896545410e+02 3.965474843978881836e+00
3.600573792457580566e+02 3.769828081130981445e+00
3.663359696865081787e+02 3.908521652221679688e+00
3.805397231578826904e+02 4.093474626541137695e+00
3.608725709915161133e+02 3.957307815551757812e+00
3.655798642635345459e+02 3.871201276779174805e+00
3.537407209873199463e+02 4.227377414703369141e+00
3.578238675594329834e+02 4.128237247467041016e+00
3.415407598018646240e+02 3.813927173614501953e+00
3.529883985519409180e+02 3.881209850311279297e+00
2.664769592285156250e+02 3.814639568328857422e+00
3.577313272953033447e+02 4.119434595108032227e+00
3.578058340549468994e+02 3.924630165100097656e+00
3.721272735595703125e+02 4.527893781661987305e+00
3.518103032112121582e+02 3.939702987670898438e+00
3.541916491985321045e+02 3.668715715408325195e+00
3.540704023838043213e+02 4.092913627624511719e+00
3.574257507324218750e+02 3.911018610000610352e+00
3.646508755683898926e+02 4.377650260925292969e+00
3.733961527347564697e+02 4.072453022003173828e+00
3.632880506515502930e+02 3.845799684524536133e+00
2.708529226779937744e+02 4.032908678054809570e+00
3.568065421581268311e+02 4.048675537109375000e+00
3.755878455638885498e+02 3.802616119384765625e+00
3.501570296287536621e+02 3.920448780059814453e+00
3.643980312347412109e+02 4.014657497406005859e+00
3.562819676399230957e+02 3.923960685729980469e+00
3.652516222000122070e+02 4.496138334274291992e+00
3.632633459568023682e+02 3.985312938690185547e+00
3.676470451354980469e+02 3.866441488265991211e+00
3.592502822875976562e+02 3.915461778640747070e+00
3.603981413841247559e+02 3.524511098861694336e+00
2.698982357978820801e+02 4.149872303009033203e+00
3.691729555130004883e+02 4.525110006332397461e+00
3.646210641860961914e+02 4.059789896011352539e+00
3.766141993999481201e+02 3.945572853088378906e+00
3.545981755256652832e+02 3.937827825546264648e+00
3.619414029121398926e+02 4.084500074386596680e+00
3.760842080116271973e+02 4.053744077682495117e+00
3.548917107582092285e+02 3.910254716873168945e+00
3.358673563003540039e+02 4.324493646621704102e+00
3.468389017581939697e+02 4.036729812622070312e+00
3.651753294467926025e+02 3.947443246841430664e+00
2.586916530132293701e+02 3.703472852706909180e+00
3.622072174549102783e+02 3.919556856155395508e+00
3.581477038860321045e+02 3.994280099868774414e+00
3.465652153491973877e+02 4.046705722808837891e+00
3.685938622951507568e+02 4.112060785293579102e+00
3.754392614364624023e+02 4.075918912887573242e+00
3.550367875099182129e+02 3.774887561798095703e+00
3.527850279808044434e+02 3.943684339523315430e+00
3.633358688354492188e+02 3.895404100418090820e+00
3.727616031169891357e+02 3.910632133483886719e+00
3.747158727645874023e+02 3.987545728683471680e+00
2.665655686855316162e+02 4.141769409179687500e+00
3.484055457115173340e+02 3.700397253036499023e+00
3.538117606639862061e+02 4.305849075317382812e+00
3.583996205329895020e+02 3.792858123779296875e+00
3.578738963603973389e+02 3.677709341049194336e+00
3.549618792533874512e+02 3.851398944854736328e+00
3.675793125629425049e+02 3.870784282684326172e+00
3.724784114360809326e+02 3.943000793457031250e+00
3.637554078102111816e+02 3.895344018936157227e+00
3.544589741230010986e+02 4.029741287231445312e+00
3.631039161682128906e+02 4.053076505661010742e+00
2.621664788722991943e+02 3.979468584060668945e+00
3.865226402282714844e+02 4.019437551498413086e+00
3.658213441371917725e+02 4.119967222213745117e+00
3.599762537479400635e+02 3.832283973693847656e+00
3.556874895095825195e+02 3.882405996322631836e+00
3.684047713279724121e+02 4.334401369094848633e+00
3.561101968288421631e+02 3.976271152496337891e+00
3.398250191211700439e+02 4.078502178192138672e+00
3.566763019561767578e+02 4.079855203628540039e+00
3.607684795856475830e+02 3.910993337631225586e+00
3.506165847778320312e+02 3.671938896179199219e+00
2.663400425910949707e+02 3.867921113967895508e+00
3.560418133735656738e+02 3.706384658813476562e+00
3.521979119777679443e+02 3.943559646606445312e+00
3.667720694541931152e+02 3.864767074584960938e+00
3.668046600818634033e+02 3.984139919281005859e+00
3.541632773876190186e+02 4.030110597610473633e+00
3.625844850540161133e+02 3.886652469635009766e+00
3.516255185604095459e+02 3.886265516281127930e+00
3.768799262046813965e+02 4.164269447326660156e+00
3.561487135887145996e+02 4.289052963256835938e+00
3.635641531944274902e+02 3.916324853897094727e+00
2.565095551013946533e+02 3.942471981048583984e+00
3.614719908237457275e+02 3.763282299041748047e+00
3.517355804443359375e+02 3.693908929824829102e+00
3.635601248741149902e+02 3.663349151611328125e+00
3.559292354583740234e+02 3.920730113983154297e+00
3.645709300041198730e+02 4.043279886245727539e+00
3.631139163970947266e+02 3.890319347381591797e+00
3.606257195472717285e+02 3.806784391403198242e+00
3.668560461997985840e+02 4.055583477020263672e+00
3.750876429080963135e+02 3.635123968124389648e+00
3.751472289562225342e+02 4.024782180786132812e+00
2.676878333091735840e+02 4.258938550949096680e+00
2.720934536457061768e+02 3.907629489898681641e+00
3.641520216464996338e+02 3.923155069351196289e+00
3.709207355976104736e+02 3.919352769851684570e+00
3.544891915321350098e+02 3.748219966888427734e+00
3.605783390998840332e+02 4.249417304992675781e+00
3.457616469860076904e+02 4.206886768341064453e+00
3.552679913043975830e+02 4.089644670486450195e+00
3.601644015312194824e+02 4.032114505767822266e+00
3.546231865882873535e+02 3.932817697525024414e+00
3.685448679924011230e+02 4.390207290649414062e+00
3.458780210018157959e+02 4.074177980422973633e+00
2.645013537406921387e+02 3.966657876968383789e+00
3.663948121070861816e+02 3.776567220687866211e+00
3.563621020317077637e+02 4.261821508407592773e+00
3.585058305263519287e+02 3.825326442718505859e+00
3.573988182544708252e+02 3.766314029693603516e+00
3.630989658832550049e+02 3.911199092864990234e+00
3.682263059616088867e+02 4.130804300308227539e+00
3.708005180358886719e+02 3.871727943420410156e+00
3.737932219505310059e+02 3.793919324874877930e+00
3.717579674720764160e+02 3.889338970184326172e+00
3.545375995635986328e+02 3.674454450607299805e+00
2.744852752685546875e+02 4.084207534790039062e+00
3.680277895927429199e+02 4.044461250305175781e+00
3.731578762531280518e+02 4.015389204025268555e+00
3.659748251438140869e+02 4.512040615081787109e+00
3.545989375114440918e+02 4.136534690856933594e+00
3.610217649936676025e+02 3.980424404144287109e+00
3.534357154369354248e+02 3.534039735794067383e+00
3.523930811882019043e+02 4.052371263504028320e+00
3.638327846527099609e+02 4.634495735168457031e+00
3.676688857078552246e+02 3.810075283050537109e+00
3.687682209014892578e+02 4.031552314758300781e+00
2.645297873020172119e+02 4.407249689102172852e+00
3.537253482341766357e+02 4.272314548492431641e+00
3.580579664707183838e+02 4.546703100204467773e+00
3.590660717487335205e+02 4.031824350357055664e+00
3.533137278556823730e+02 3.969613075256347656e+00
3.616569321155548096e+02 4.128484249114990234e+00
3.730225896835327148e+02 4.011636734008789062e+00
3.521028971672058105e+02 4.280634403228759766e+00
3.556244015693664551e+02 3.922002315521240234e+00
3.477562429904937744e+02 3.930098056793212891e+00
3.721256680488586426e+02 4.505451679229736328e+00
2.660723183155059814e+02 4.747298002243041992e+00
3.605158967971801758e+02 3.581292629241943359e+00
3.572338783740997314e+02 3.979769945144653320e+00
3.556544768810272217e+02 3.994103193283081055e+00
3.584039638042449951e+02 3.978413820266723633e+00
3.659083988666534424e+02 4.155167579650878906e+00
3.623589632511138916e+02 4.348172903060913086e+00
3.689153537750244141e+02 3.976962089538574219e+00
3.680664486885070801e+02 3.889108896255493164e+00
3.723362786769866943e+02 3.941792249679565430e+00
3.634547736644744873e+02 3.929532766342163086e+00
2.560398821830749512e+02 3.750656604766845703e+00
3.648639247417449951e+02 3.777660131454467773e+00
3.705617117881774902e+02 3.961082458496093750e+00
3.599523420333862305e+02 3.858515739440917969e+00
3.554534132480621338e+02 3.808131456375122070e+00
3.442686319351196289e+02 4.128420114517211914e+00
3.700892333984375000e+02 3.898655891418457031e+00
3.670489344596862793e+02 3.984074592590332031e+00
3.587888262271881104e+02 4.332430601119995117e+00
3.522905054092407227e+02 4.140137195587158203e+00
3.641188595294952393e+02 3.784198522567749023e+00
2.659476296901702881e+02 4.153954982757568359e+00
3.694891433715820312e+02 4.281896829605102539e+00
3.601770286560058594e+02 3.763885498046875000e+00
3.727813017368316650e+02 3.889098167419433594e+00
3.593414478302001953e+02 4.567229509353637695e+00
3.604978148937225342e+02 3.936753273010253906e+00
3.672462749481201172e+02 4.034552812576293945e+00
3.578311605453491211e+02 3.865492343902587891e+00
3.598700449466705322e+02 3.666741371154785156e+00
3.526088232994079590e+02 4.053912639617919922e+00
3.727490622997283936e+02 4.127798795700073242e+00
2.624496021270751953e+02 3.890261888504028320e+00
3.504544692039489746e+02 4.019371032714843750e+00
3.571564903259277344e+02 3.522223234176635742e+00
3.588693184852600098e+02 3.859487771987915039e+00
3.674473702907562256e+02 4.213764905929565430e+00
3.634487540721893311e+02 4.173208951950073242e+00
3.649484748840332031e+02 4.654079198837280273e+00
3.739440271854400635e+02 4.465813159942626953e+00
3.752969083786010742e+02 3.726531505584716797e+00
3.590104448795318604e+02 4.039480686187744141e+00
3.643173902034759521e+02 3.895777940750122070e+00
2.733258349895477295e+02 3.859471797943115234e+00
3.715503513813018799e+02 4.438549280166625977e+00
3.618534963130950928e+02 4.254140377044677734e+00
3.652852172851562500e+02 4.421293735504150391e+00
3.778983952999114990e+02 3.930585861206054688e+00
3.744711949825286865e+02 4.302377462387084961e+00
3.590632877349853516e+02 4.688768386840820312e+00
3.733043887615203857e+02 4.016912221908569336e+00
3.732600982189178467e+02 3.827481746673583984e+00
3.651514370441436768e+02 4.095821142196655273e+00
3.671678910255432129e+02 3.942940950393676758e+00
2.609659335613250732e+02 4.095565557479858398e+00
3.648815171718597412e+02 4.161754369735717773e+00
3.635627112388610840e+02 4.022156715393066406e+00
3.611198308467864990e+02 3.775267839431762695e+00
3.587940614223480225e+02 3.832675457000732422e+00
3.644708118438720703e+02 3.808428287506103516e+00
3.499483842849731445e+02 4.082218647003173828e+00
3.528826160430908203e+02 3.930475950241088867e+00
3.596791541576385498e+02 4.207377672195434570e+00
3.548371446132659912e+02 4.064727067947387695e+00
3.617877576351165771e+02 3.820589542388916016e+00
2.794085886478424072e+02 3.985417127609252930e+00
2.721237127780914307e+02 3.787747621536254883e+00
3.791426246166229248e+02 3.946149349212646484e+00
3.631704065799713135e+02 4.000719547271728516e+00
3.561948387622833252e+02 3.625127077102661133e+00
3.569759283065795898e+02 3.945113182067871094e+00
3.635077059268951416e+02 4.072525739669799805e+00
3.663396615982055664e+02 3.954483032226562500e+00
3.764644336700439453e+02 4.234394073486328125e+00
3.750468413829803467e+02 4.131457805633544922e+00
3.715528848171234131e+02 3.903608083724975586e+00
3.513145570755004883e+02 4.345046043395996094e+00
2.761646022796630859e+02 3.973048448562622070e+00
3.696783740520477295e+02 4.270895004272460938e+00
3.753604333400726318e+02 3.850718498229980469e+00
3.724983160495758057e+02 4.249412059783935547e+00
3.640481312274932861e+02 4.044919252395629883e+00
3.713841402530670166e+02 3.888076543807983398e+00
2.672477886676788330e+02 4.267190456390380859e+00
2.695602114200592041e+02 3.872555255889892578e+00
2.635565073490142822e+02 4.079697370529174805e+00
2.668775765895843506e+02 4.024362802505493164e+00
2.710473544597625732e+02 3.836616754531860352e+00
2.651619663238525391e+02 3.882767438888549805e+00
2.684122543334960938e+02 4.201037645339965820e+00
2.713392884731292725e+02 3.696878671646118164e+00
2.677751049995422363e+02 4.283365726470947266e+00
2.500690093040466309e+02 3.855746507644653320e+00
2.598269734382629395e+02 4.080377578735351562e+00
2.688839201927185059e+02 3.980344533920288086e+00
2.599879009723663330e+02 4.441809177398681641e+00
2.726098699569702148e+02 3.865326881408691406e+00
2.729410920143127441e+02 3.897471666336059570e+00
2.643557782173156738e+02 4.355857133865356445e+00
2.663208067417144775e+02 4.299941301345825195e+00
2.607984287738800049e+02 3.768493413925170898e+00
2.671824867725372314e+02 3.788719654083251953e+00
2.600553979873657227e+02 4.121569395065307617e+00
2.632727944850921631e+02 3.868124723434448242e+00
2.674248361587524414e+02 3.819026947021484375e+00
2.670912959575653076e+02 4.286869287490844727e+00
2.701222801208496094e+02 3.896403074264526367e+00
2.717071311473846436e+02 3.839392900466918945e+00
2.685766923427581787e+02 4.263987541198730469e+00
2.665253806114196777e+02 3.592406988143920898e+00
2.696297256946563721e+02 3.757302522659301758e+00
2.738226127624511719e+02 4.098469257354736328e+00
2.639071590900421143e+02 4.016932487487792969e+00
2.593522868156433105e+02 4.052454710006713867e+00
2.758747980594635010e+02 4.634225606918334961e+00
2.726113297939300537e+02 4.594023704528808594e+00
2.756650640964508057e+02 3.377286195755004883e+00
2.706603422164916992e+02 3.690781354904174805e+00
2.643014869689941406e+02 3.066077709197998047e+00
2.599637503623962402e+02 3.421856880187988281e+00
2.657355470657348633e+02 2.581729888916015625e+00
2.597696182727813721e+02 3.054236173629760742e+00
2.600742626190185547e+02 2.308456420898437500e+00
2.599430975914001465e+02 2.315937280654907227e+00
2.583936026096343994e+02 2.575552940368652344e+00
2.629781703948974609e+02 1.957369327545166016e+00
2.596714770793914795e+02 1.892928361892700195e+00
2.580073955059051514e+02 1.832369804382324219e+00
2.475289027690887451e+02 1.723004579544067383e+00
2.462919943332672119e+02 1.878968238830566406e+00
2.308334748744964600e+02 1.551172494888305664e+00
2.187241561412811279e+02 1.479792118072509766e+00
2.206518719196319580e+02 1.597776412963867188e+00
2.121430008411407471e+02 1.470897912979125977e+00
2.196597530841827393e+02 1.561200857162475586e+00
2.136256949901580811e+02 1.371225357055664062e+00
2.039096982479095459e+02 1.465699672698974609e+00
1.878365995883941650e+02 1.348260879516601562e+00
1.880106651782989502e+02 1.614705324172973633e+00
1.885523228645324707e+02 1.294051408767700195e+00
1.841904504299163818e+02 1.337997913360595703e+00
1.843123781681060791e+02 1.356794357299804688e+00
1.758847813606262207e+02 1.292047739028930664e+00
1.783696725368499756e+02 1.345052480697631836e+00
1.753372714519500732e+02 1.513488054275512695e+00
1.672286612987518311e+02 1.246482610702514648e+00
