5.521652606126399299e-01
2.070627972194337474e+00
1.656062633846688170e+00
5.229849458581677935e-01
1.828078314560894757e+00
1.587799694696255148e+00
6.068913391758561371e-01
6.281537501357342679e-01
8.970320772199366077e-01
5.973807645098202501e-01
1.066864055447000803e+00
7.229619329420390317e-01
2.866895811568184183e+00
7.505404203077243874e-01
8.799864747509742458e-01
1.324193319370094546e+00
1.611933167966546065e+00
1.317824629285394566e+00
3.335584121114765765e-01
5.410735163638676903e-01
1.303755708963513671e+00
6.377607442954852379e-01
2.785580888949164002e+00
5.147286494508908072e-01
8.349174236010226124e-01
8.009463017123308326e-01
1.283094454459400069e+00
1.138552108585236144e+00
9.744595942667523270e-01
1.184896381828258072e+00
5.345048276864012848e-01
6.178712979818984374e-01
6.000610921914754092e-01
7.839462640033967311e-01
8.428085152906003019e-01
3.900870952739847741e-01
6.161526496437109701e-01
1.753112483776371189e+00
1.171713448016849624e+00
4.183730330925188867e-01
4.893610284676694344e-01
1.733784676703073568e+00
5.367211756073227980e-01
4.493451402688071750e-01
6.401595582546432128e-01
1.745498726576596216e+00
1.190685800227938129e+00
1.368588709204965115e+00
4.861610589686579664e-01
1.121055762737557915e+00
9.674664715608033427e-01
5.878351726892523388e-01
8.418136463381491463e-01
1.119166325935392559e+00
4.794361485456732908e-01
8.869896918373145756e-01
8.650639558543524732e-01
9.053016123133429405e-01
1.437535719349896990e+00
5.037752280450641384e-01
1.338575679698120968e+00
4.572215756185807334e-01
9.784983450651002501e-01
8.164486414590655938e-01
7.694466215775634943e-01
1.515923794760793308e+00
1.281492172619450143e+00
1.034137711582970409e+00
1.017901542662705605e+00
1.022093289127662397e+00
1.286908918963304060e+00
1.024601197727514013e+00
1.616987582618488517e+00
8.959950472212628858e-01
1.079064371484740548e+00
1.093930059178988889e+00
1.038492418825059715e+00
1.236747072184509078e+00
9.240233191531117551e-01
3.362891386290055351e+00
7.152313795240153205e+00
5.163777073073022805e+00
4.673127095711574697e+00
4.483884508743131825e+00
3.371731591679237194e+00
5.063309617139193364e+00
2.894589223381064169e+00
5.200818929704563942e+00
4.586687283383184877e+00
8.122673097687939103e-01
3.506800677959605483e+00
2.994618543047053993e+00
7.805452905561274690e+00
4.432130289084078356e+00
2.154027150911957733e+00
3.831767074903763781e+00
2.845140984812910556e+00
5.022389460893757374e+00
3.765635221433102586e+00
5.221712162613838970e+00
5.341939287446398898e-01
7.128781611027553033e+00
3.309231079546763876e+00
4.048279228888163495e+00
4.056119911864632499e+00
3.869191975103089653e+00
2.594760433290110857e+00
2.660150100789772765e+00
4.937821021271877164e+00
4.230279963978970770e+00
3.475630238308233810e+00
2.048747748705213478e+00
5.127894205314312837e-01
5.744013768490744631e+00
3.196549398449336277e+00
1.280135415800344623e+00
6.923620376596004711e+00
3.912577889264997832e+00
5.203656172060764362e+00
3.480518434426198571e+00
2.769005197656049688e+00
4.746060776408892679e+00
1.143895339479749929e+01
1.071152876222790207e+00
7.833794909593146727e+00
5.334410592238101323e+00
5.155064410778255279e+00
4.701191193709126637e+00
5.465433594770651382e+00
5.162503841586530307e+00
3.903839487796791907e+00
4.018725184578271659e+00
4.529629311749908460e+00
6.159981674826328302e+00
1.608716839903588491e+00
3.188665072790463295e+00
4.886103488789069083e+00
9.533959716918530836e-01
5.133909268547758309e-01
3.464088367568592286e+00
4.657493250131707896e+00
3.243221052866757770e+00
3.637557298864195765e+00
1.878975025627003603e+01
8.085382749960459137e+00
5.221105156226917288e-01
3.827795434246015649e+00
3.635352717057787064e+00
5.163644337559068376e+00
2.785832528550363563e+00
2.777658974835351291e+00
3.786103705909522166e+00
1.635838887148252097e+00
9.095990495185334979e+00
2.044366040977566801e+00
8.217318348042045528e+00
1.293537008899396712e+00
9.993070186599568583e-01
6.571593949595665229e+00
6.187323897487859270e+00
4.250941955318012333e+00
3.978192270665082964e-01
6.767293883553811007e+00
4.602400201317277784e+00
2.985577555934034066e+00
2.155702149986788108e+00
2.800953283381586001e+00
2.104907126485190183e+00
4.950490530702824188e+00
3.317457240379755312e+00
2.592145603830365630e+00
7.412363690098637825e+00
4.613730844491184868e+00
3.577133761343883389e+00
2.646492129574331553e+00
3.272280888081987360e+00
3.837305468154768029e+00
3.510489215336329405e+00
7.309390229683965234e-01
4.051647838798563939e+00
2.117730114869761948e+01
5.732755717256281081e+00
7.384113655840344848e+00
1.467132169356369253e+00
5.456821543981647871e+00
1.434898611771322052e+00
3.719147587052582971e+00
3.214498970541896039e+00
9.687609542856366218e+00
5.118120906126201186e-01
2.975347730876457764e+00
1.386363610090156406e+00
5.839371728611060242e-01
3.081725133120364113e+00
1.692799216379690108e+00
3.889013636529161655e+00
2.596309708501764124e+00
4.181489215626940315e+00
2.632171873548727614e+00
5.094411511438307727e+00
1.177449283837226135e+00
1.223737630230851803e+00
4.312454377848153442e+00
8.055791910269437750e+00
3.503040054209063836e+00
2.048737914531683302e+00
5.412374467906530207e+00
4.035487421686381637e+00
2.328859919375012577e+00
4.552504568283981534e+00
3.177849579929587165e+00
9.609719270311353867e+00
3.195534293979907847e+00
7.716993309477730989e+00
3.479450477697199950e+00
3.015091290889989839e+00
5.554174312957098181e+00
6.808832507759841945e+00
5.080047821450163426e+00
2.370384993724065303e+00
4.382020254243493618e+00
5.318401622629226111e+00
1.873036033388470134e+00
6.853876222229087212e-01
3.618723350414655648e+00
4.829174281426600324e+00
3.390795385074386825e+00
9.440961420829454553e+00
3.763082772111984386e+00
3.824887830478712392e+00
3.310340839693580506e+00
2.897004524888708854e+00
3.024650354127545349e+00
3.115266852644421380e+00
6.675709220350779516e-01
3.361682391549595028e+00
2.700658184005833462e+00
2.773726380943378533e+00
7.131792673066298605e+00
7.892863474517150202e+00
8.446158856517287816e+00
1.025499792954157918e+01
2.614023708977387450e+00
5.128601665826599820e+00
4.795890667802171770e+00
1.160967152816602121e+00
3.418900901786020796e+00
5.791817618148665581e+00
2.084896627455779861e+00
3.869604163845796307e+00
5.575355541385365044e+00
2.313277839743973718e+00
2.415230932542956843e+00
3.738222181882069339e+00
3.700988067344752608e+00
8.081208712570387975e-01
6.228926262438606587e-01
7.708484556544781263e-01
1.181895357896608267e+00
6.549332841143715722e-01
9.742925868763909758e-01
9.922601490798400592e-01
8.122002006901045679e-01
2.827653473375446036e-01
1.156397765343172512e+00
6.467536533069920823e-01
3.077748921232699164e-01
1.839263668230114668e+00
6.809538883580618096e-01
1.678259646586363507e+00
1.766570889609614836e+00
1.553255490341634681e+00
8.170740684633497342e-01
9.049379116922201538e-01
1.046535876020020739e+00
1.243547631857977676e+00
8.657234056042930614e-01
2.540681983993005488e+00
1.590828507221526245e+00
1.369027305045451781e+00
8.508154551698783319e-01
9.074894168634296543e-01
6.141067329969552846e-01
1.614394678286558360e+00
8.420501308909763560e-01
9.494093374245236028e-01
6.687572228934077767e-01
8.335416912310974480e-01
8.800916686874319383e-01
5.694298229183728521e-01
4.064841393119316137e-01
1.153746925699455916e+00
4.853174483787344728e-01
8.355868806826640682e-01
6.447931428156927769e-01
7.747132294105980588e-01
9.098545547106581255e-01
9.020681421910464737e-01
1.060776292344701721e+00
9.955167917644885955e-01
3.046327279904556207e+00
1.050550154949764892e+00
8.050192552008165192e-01
7.368802257427594649e-01
7.242407058039315171e-01
8.190643620856592477e-01
9.749341942102398573e-01
1.604718841892155190e+00
1.298934178148355434e+00
6.495184740511684707e-01
9.550730873864194947e-01
1.378417303013669715e+00
8.666203716646583288e-01
1.262350950011524198e+00
1.036123416461026236e+00
6.776317367343709375e-01
7.111778846264302789e-01
9.138852209098224932e-01
1.157056848919161718e+00
9.630708115565586036e-01
1.182046046987947241e+00
8.157460853924420885e-01
1.924318413829109176e+00
9.327887590621467551e-01
9.972187895423466619e-01
7.531290340170784248e-01
8.091848011690738751e-01
1.165142437970459133e+00
1.193276565613471840e+00
1.722612624677604787e+00
8.983648913869555219e-01
1.437540400023303411e+00
1.468349566568082354e+00
1.279461480042286547e+00
1.277064221160847834e+00
8.536536587335682436e-01
1.033344824142584217e+00
6.879303877934176414e-01
8.384978231175315155e-01
6.669704573675204751e-01
9.115260218231149292e-01
5.069926245608640247e-01
9.501244350584421294e-01
1.626035963074580426e+00
9.229161177238875968e-01
7.377851707918368085e-01
1.174857012555156066e+00
7.874787173994722833e-01
9.002761024398503453e-01
1.113808645050390123e+00
5.462075080317281284e-01
7.488833682755656751e-01
6.992602202235937980e-01
1.921082706693160391e+00
6.859828553615133773e-01
6.461320381100050803e-01
6.376259144064553297e-01
1.219911573020410867e+00
1.080221933681307478e+00
6.938889246899785368e-01
1.298666876283600002e+00
3.934945908676463766e-01
6.548491704233962984e-01
8.434417215875739116e-01
8.295403798559307651e-01
2.021549003154897495e+00
1.647607292684939884e+00
5.217126145278850879e-01
1.022722925168668029e+00
1.024472589100452691e+00
1.434421918071918212e+00
3.223412378856927996e-01
1.446168932725099276e+00
1.847578264278683102e+00
8.860542059764937584e-01
6.384940120172906131e-01
8.008161136199993813e-01
1.003463599730996414e+00
8.283890981862258585e-01
1.462535526584253676e+00
7.732295894223674138e-01
1.305956991387227317e+00
3.391005563074793283e+00
3.377387789167768384e-01
7.950159916447401276e-01
1.249597249626845485e+00
6.069962199555558602e-01
9.956324682854592600e-01
9.605875464796622687e-01
1.128925371187148308e+00
8.727333098621007368e-01
7.534814034562123952e-01
7.746275946510368104e-01
4.507985752020501335e-01
5.451425789972764724e-01
1.006994780298364756e+00
9.007470368805867711e-01
2.677372974306817976e+00
1.725694253689110669e+00
7.942377020190350967e-01
1.347865946372335477e+00
5.852822779457329538e-01
9.573771549598870667e-01
3.352257615210145758e-01
2.081995089773310781e+01
5.687828834359170971e-01
1.007364706233034868e+00
8.144398340086774768e-01
8.397803140354852536e-01
1.249037399973382367e+00
3.107221639389047052e+00
9.123747150429963870e-01
4.770503244571475121e-01
8.110964681418615374e-01
