2.378449484412274370e-02
6.281251376789018237e-02
2.007680013510427380e-02
5.227254015525136487e-03
4.415146759803830617e-02
2.977957669329833745e-02
1.037445378109044976e-02
1.909699436190014782e-02
4.042449659636371609e-03
6.232611880851992789e-03
1.330775709947693702e-02
4.157405400534456598e-03
1.923297297064129052e-01
2.326910414020334078e-02
8.603967153876368457e-02
1.125741592441743648e-02
1.233222043216622571e-01
4.054004194004553335e-02
3.528831491511871116e-02
4.029111697139605569e-02
1.480068768286168200e-02
5.883831261058579225e-03
1.417831815474856760e-01
4.230883606914295769e-02
1.269857222035872257e-01
3.651107005582037227e-03
4.164884583342866042e-01
1.594292692112947996e-01
8.168441768744415590e-03
1.538620070893545293e-02
8.337880265963158385e-03
3.266179141204932773e-02
3.111389590076948236e-02
1.798047298982116682e-02
4.334363051415471985e-02
4.009424552713474962e-03
5.468492659188996068e-03
2.750081102325500557e-02
8.141129987744981714e-03
8.058325555778615701e-03
1.713114216886658936e-02
3.552194740122378847e-02
5.131264600239655686e-03
6.397945314279523954e-02
6.886916830470852548e-03
2.895512952294989131e-02
6.451221512061976193e-02
3.006317174419665533e-02
1.407717050047065273e-02
9.098171185023496907e-03
4.112640639475007021e-02
1.246890647901899435e-01
1.836721467757756326e-02
5.507638811111967847e-01
1.024009194044962268e+00
1.650461169488144642e-02
1.900082860145616559e-01
1.914039776339463220e-02
2.085597351806915342e-02
2.279190285669336138e-02
3.661937686602847325e-02
5.555533939636403407e-02
1.522323297174595774e-02
1.502581293984363991e-02
1.255977157905733069e-02
1.224584606718042562e-02
7.086741274473022136e-03
1.984070470813439901e-01
8.785455195934536998e-03
8.818399876247481894e-03
1.904410953778523999e-02
2.426264923588213746e-02
2.516408445863086915e-02
2.302363451474182671e-02
1.848789399263902136e-02
1.906810189010275589e-02
3.157570392439939394e-02
1.242870684899223879e-02
2.225348877217109625e-02
3.917936635261952752e-03
4.495631677570294943e-03
2.511967610761276989e-03
1.206878037745471310e-01
6.236082286064945600e-03
2.332040588011884824e-02
1.678262053149530419e-02
1.057781435780969226e-01
8.967475560765753029e-02
5.841119429520738073e-03
4.366649701529460442e-02
1.403005171036242164e-02
1.502785142262728565e-02
7.492732670537795292e-02
2.221421907522699510e-02
1.484431120591182644e-02
1.332393070262305468e-02
2.119516588419586775e-02
1.831675218068577402e-02
2.739164517899341650e-02
7.854357221330825201e-02
2.787688999119339872e-01
3.195840055250169509e-02
8.589608396583101046e-02
1.160410245092604736e-01
3.515927734066252863e-02
9.511140153288683008e-02
2.483230571603054215e-01
3.326676984410675136e-02
2.990202164806223320e-02
5.813275430350079570e-02
2.533037091527574058e-01
2.815861768039712443e-02
2.102965544652326269e-01
8.253553301978014956e-01
1.264343746551678527e-01
1.181413942277274691e-02
1.026282393459991282e-01
2.822159883440447832e-03
1.292640847440446883e-01
1.314394848161981044e-01
2.036365920793407336e-01
1.745555072285678022e-01
4.194893666327224879e-02
2.147833955063305211e-01
1.165751136664444076e-01
3.827309205601132913e-02
5.023276070993612508e-02
1.101496980731231090e-01
2.228519465886701079e-02
3.002815367324163792e-02
1.690860016769898944e-02
2.657464972179738802e-02
3.369509021512772512e-02
2.619810860922578560e-02
1.396025789258167615e-01
6.129204160488474148e-03
4.207738528837539488e-02
5.577524796989925121e-02
5.241132032608615543e-02
2.245796163493597453e-01
5.383924058230479121e-02
2.010126201687019443e-01
1.472629898840110141e-01
6.106797669718961458e-02
8.898677232482485322e-02
2.706402923452425058e-01
1.497918369182748843e-01
1.757252192448915951e-01
2.545652325790795367e-01
8.738260140320332214e-02
8.456761729717419962e-02
1.623959547347732790e-01
7.875411622519044863e-02
1.386876711262109985e-01
1.405719173567842595e-01
4.125736003828104348e-01
3.897940772457268443e-01
5.377650918748360515e-02
7.735469666522720722e-01
9.209897311406697873e-02
4.007848292501353660e-01
6.322972945486037000e-02
8.289715656125817844e-02
5.456609195252680733e-01
8.271887483267237329e-02
3.220654314675126806e-02
3.724358803238687204e-02
3.312280951201518331e-01
6.414338266814326173e-02
4.413384345461172226e-02
1.169677938931894430e-02
1.498640157744786199e-02
1.225230795041478381e-02
5.235402529793261456e-02
1.442863339234331244e-01
8.367011577420184736e-04
6.430798466022775994e-02
1.167030688506737468e-01
2.162676687638162565e-01
1.580970664026668082e+00
5.935607264640992836e-02
7.329116108846965398e-03
1.951721358914411675e-01
9.261450462583588339e-02
7.129938472520505610e-02
5.325239610941809310e-02
1.408231834555450090e-01
4.091253914352847854e-02
4.877193685181630683e-02
1.684589811747259358e-01
1.137689304817259134e-01
3.803969765711402024e-02
1.797098846505434944e-02
5.590072046086959345e-02
1.566205853163147865e-01
1.272094180323652124e-01
8.260383693608727707e-02
3.176802012546338372e-02
3.944451076264925138e-02
8.132231861901188796e-02
4.372641089942026493e-01
1.531374224705271334e-02
5.571180055574615625e-02
1.637586847004705165e-02
2.564604012926802179e-01
4.888560205375525047e-02
2.000716416705183298e-01
9.209706486310315077e-02
7.218737423264712239e-02
7.438462656879665097e-03
1.215726365132076443e-02
3.098172334247956683e-01
5.724801204147264566e-02
5.524535410933976987e-02
1.080722772944504584e-01
1.295384056809625317e-01
2.266410822388184865e-01
1.938023747354180037e-01
1.145003190715049718e-01
1.174922473842582582e-01
1.265380834380846198e-01
8.814883398743010579e-02
1.912854391735268819e-02
1.686135677166019642e-01
1.034445508017838161e-01
1.077560194621232786e-01
1.192577053484673716e-01
1.176640703023121154e-01
1.181665125362231505e-01
1.502546069039480403e-01
1.484087662152996367e-01
9.534223318445617101e-02
1.208536758743034983e-01
1.586660687167725792e-01
2.773672311033643090e-01
2.160525899198472155e-01
1.035675778004422065e-01
1.192282101143089801e-01
6.640822321228093128e-02
1.124497465021314507e-01
7.040983134927690512e-02
9.970327013218846512e-02
1.002495152228261993e-01
1.029634122815317882e-01
1.362840802613744517e-01
1.447933798383948534e-01
2.728324071022167896e-01
9.177141187690830704e-02
1.057391146257517095e-01
2.489759905019665598e-01
2.153935134442123422e-01
9.514267180728593065e-02
1.235518232344313960e-01
1.503252015973475519e-01
1.629823596051893919e-01
1.550133764948345705e-01
1.379929485512029763e-01
1.339577899424959084e-01
1.501494900282443756e-01
8.152535351328314694e-02
2.058014184126947255e-01
1.499100896944493833e-01
1.921532747654988438e-01
2.028622829236386982e-01
1.757908347046977793e-01
2.232806128070263796e-01
9.332344377796301937e-02
1.861849419446119647e-01
1.398943235766413051e-01
1.164565231383725141e-01
1.107809490575525219e-01
1.433462165646998410e-01
1.122702568732723283e-01
2.360618915487398273e-01
1.054494993579632584e-01
1.028645307454900820e-01
1.295150361482375612e-01
4.017551039936418378e-01
2.136697381647157390e-01
4.748243449940688921e-01
1.379126318274656871e-01
6.804884004879624415e-01
1.137400620073265034e-01
1.717954825871757518e-01
2.716118634400224163e-01
1.247625422662214517e-01
1.029673638946721898e-01
1.134850323633773000e-01
1.590792456200917360e-01
1.519129493620579863e-01
5.625621135808054826e-03
1.841971406342192072e-02
1.611322176499081771e-02
1.325034648635196044e-01
1.208121165717729664e-02
2.224616746126963779e-02
2.192830381522686833e-02
2.327555961109373239e-02
1.919608456201012114e-02
4.616084054160995293e-02
6.915756919385153412e-02
4.205202848595084031e-02
3.142556244395281612e-02
3.086241749062422143e-02
2.325830070183813048e-01
3.090028086275008884e-02
1.508562586833739512e-02
6.649594699274837678e-03
6.934032894454893181e-02
4.227398843374859105e-02
1.147297614485778411e-01
1.062383734959984338e-01
1.200802163141398426e-01
7.395354916003371581e-02
2.046569648661979712e-01
2.394691451945270555e-01
4.772598206344429161e-02
1.064457804292026633e-01
2.244761804526936369e-02
5.409829829880376251e-02
5.121478166550929439e-02
5.541483684142018556e-02
7.964092256229045666e-03
2.918541353327206919e-02
1.973143041053243910e-02
6.608097116340433397e-02
4.034495451021576362e-01
4.412994208750282282e-02
1.985101273750394246e-01
1.121033292492256278e-01
1.036931533400990285e-01
2.447768340832245926e-01
6.387285129920262927e-02
1.007281587734486061e+00
1.577887931849347170e-01
2.517323499571029188e-01
1.199210496100210771e-01
3.305126135980579472e-01
1.337052342741247568e-01
5.255834738682012980e-02
5.607433043899764241e-03
3.191998044388610206e-02
4.142065137672638897e-02
2.810049548840361233e-02
1.698174351170381180e-02
2.072204055738115572e-02
2.609105480238195843e-02
1.044273492279206295e-01
1.088649687795464061e-01
1.213859475704271232e-02
8.310016825314044467e-03
2.502237911476071913e-02
5.665897539349909820e-03
1.214308066435706018e-01
8.332202530495956549e-02
4.314909871919104210e-03
2.203371631548093901e-01
1.228257783229650402e+00
2.466679616545731230e-02
