1.324304616464639217e+01
5.629814882899609962e+00
4.212164288829111314e+00
1.069900719982320281e+00
1.159333467368886517e+01
2.751505973173407060e+00
1.015324334542758278e+00
8.520821742328800852e+00
7.927608603193911918e-01
3.388321980917446741e+00
6.904540694329184269e+00
1.916681736039975270e+00
5.849137359817170312e-01
3.694456966850660606e+00
9.252220756483946928e+00
3.704034434887148564e+00
1.205010881774375431e+00
3.259224616547538922e+00
4.077266797274353927e+00
3.401393897327759319e+00
3.118557934624754058e+00
9.347858625119982445e-01
3.118541724748522093e+00
3.501348492825750114e+00
2.620507757612512201e+00
1.320216458657800906e+00
2.957139685486733338e+00
9.903008886842713521e-01
2.378111769705459011e+00
3.321529685118623565e+00
1.666614154655085223e+00
6.837054217973030923e+00
2.938273579711690342e+00
1.783506202080457514e+00
4.723175430333738767e+00
1.917269669250276642e+00
1.073087113730460729e+00
1.519898815347435672e+01
3.907139460821166033e+00
3.292424703058470570e+00
2.717624185277661031e+00
6.785854911822474023e+00
1.455020870900149976e+00
4.924211075011604155e-01
5.251979716242983764e-01
2.492498612714057593e+00
6.129207154929722456e+00
2.056204633758276223e+00
2.905851513019605203e+00
1.607642570791907755e+00
9.152057593185851658e-01
2.473568872038364397e+00
5.070969877083004285e+00
1.753734515168399621e+00
2.367480549185056127e+00
2.716849596756534257e+00
8.461417169584885656e+00
2.906646583887074975e+00
5.642367780656460496e+00
3.919166102926799677e+00
2.911904699759459092e+00
4.557352613258649932e+00
3.426668716188636665e+00
4.969313956190956283e+00
2.757887341785061786e+00
5.376514467880043391e+00
2.425653141231692622e+00
9.137972717362725206e+00
2.776354345931492329e+00
2.329537905579731838e+00
3.928636975921731000e+00
3.171295594814629304e+00
4.900517531057531961e+00
2.564618236452234634e-01
1.211839381236553770e+00
1.068641865792345325e+00
2.155520364467925720e+00
1.783021442857917860e+00
7.541868002955250283e+00
1.483144258383509273e+00
8.321008156940075118e-01
8.438113957798613063e-01
1.390044060947930316e+00
1.094057753859759341e+00
6.836341153695349782e+00
2.100054920381150048e+00
4.105801931642721669e+00
1.020218675336055902e+01
1.979943877022138254e+00
5.815155398145911647e+00
3.050249570022852019e+00
5.003760585709175146e+00
5.941869025718456321e+00
5.759917104519013620e+00
6.328930642810102647e+00
4.376131838692901788e+00
3.948876348790174351e+00
1.459778969545423744e+00
8.761522318089339789e-01
3.413694020390130479e+00
7.059839624027139937e-01
1.347111215190513800e+00
2.286344410978497166e+00
2.882978964657555654e+00
2.075139899539849342e+00
1.178307645868302833e+00
7.155514352343545603e+00
1.804392938884338715e+00
1.339932107382932669e+00
3.388281869598922302e+00
3.475270430516773867e+00
8.285563874202393819e+00
1.591859753242939490e+00
3.837700774133407489e+00
7.344490509182794113e+00
5.477901240855820308e-01
5.082893072095378884e+00
6.529245881732738122e-01
1.048073223546468746e+01
1.592479333703252564e+00
1.084756270452623284e+01
3.585801704784010724e+00
1.158424089603801477e+01
7.668988389629656233e-01
5.488485138670545993e+00
3.017399208131448773e+01
2.001930895764696405e+00
2.548965776506129544e+00
7.655091952888365414e-01
4.612405352986066021e+00
3.160369285877526746e+00
8.335121396331999222e-01
1.148843714932624938e+00
2.185668021135930505e+00
4.345877873456761575e-01
8.392266221564660400e-01
2.017886819943376153e+00
2.480678960023807278e+00
4.217942211899062599e+00
4.219787628928648893e+00
6.145567578327965075e-01
5.173276233232956933e+00
1.652311197466200587e+00
1.156901905025737642e+00
6.097786276776039349e-01
1.578336016022572563e+00
1.591874510758186867e+00
1.986061156373196690e+00
2.708499643373492916e+00
1.132423050823496924e+00
5.580695635371755170e-01
1.432260101517986106e+00
1.220219683207569572e+00
1.610736917302990623e+00
2.215479722576545463e+00
5.883305751610390821e+00
1.717565483237887491e+00
9.576634803228943893e-01
7.293561215178724133e+00
7.497402791283986900e-01
5.062096746135037684e+00
1.457485287209220548e+00
9.969777586729248187e-01
4.703156264360716321e+00
1.639306932591056531e+00
3.807614404520638818e+00
1.363615570170328795e+01
1.954941861189186891e+00
8.201338853985859600e+00
1.055105543765667164e+01
3.149058305403787728e+00
4.440507095054448961e+00
4.536532445329375385e+00
5.759508928416162910e+00
2.921377924393636416e+00
1.243485450880695981e-01
6.802315917814176771e+00
1.147764253904978826e+00
7.670679854235021855e-01
1.390269452574967701e+00
3.443368431981445710e+00
2.638413525279229344e+00
3.821462278974138815e+00
1.381734808684759175e+00
2.126731056244271834e+00
1.489814572452713870e+00
2.300753427887689107e+00
9.642437900437574871e-01
1.054555390954598826e+00
7.093773165968996208e-01
4.588597588001580796e+00
1.436375506035675764e+00
2.448285405409908133e+00
1.193994524681425418e+01
5.782698558271751388e+00
3.616005304585726776e+00
4.501080789246885594e+00
2.012861332131511194e+00
9.162031325220592048e-01
1.581820045407462239e+00
1.553864796763918532e+00
2.248960807154306352e+00
1.947073451506561304e+00
6.679052305933170786e-01
3.565370210119362060e+00
1.532989746921644469e+00
6.140112636286882974e+00
9.716397930929714377e+00
6.972788539650376372e+00
1.908022182353306340e+00
1.483467723349314316e+00
1.205792437651319604e+00
3.403155939960613274e+00
2.656678494727824802e+00
7.064030691687162467e+00
6.189602740794133418e-01
2.591544918645993789e+00
1.160634443098897295e+00
7.580275741393408540e-01
6.821083985686002826e-01
7.504911489626994170e-01
6.170417642316079476e-01
5.633445046517000954e+00
1.111588600665373017e+00
7.135643194282240698e-01
8.662721615763320226e-01
9.482492853453405868e-01
7.016157671896893211e-01
7.426649349292424596e-01
9.800141408698809231e-01
9.207922002494108860e-01
6.160426692777541957e-01
7.580719482815123644e-01
1.335496399214303187e+00
1.427856147144430876e+00
1.505757474737200230e+00
7.936309606960131324e-01
1.185348198730783453e+00
4.775590167621628912e-01
1.005264959745082898e+00
5.565563082435616149e-01
7.782405796226037342e-01
5.514618587347559497e-01
7.489352657826469084e-01
1.207485436726507766e+00
8.806799577432397053e-01
2.227203089768817534e+00
7.334840593630962413e-01
9.564947922390036883e-01
1.872346479221248083e+00
1.886564619948061461e+00
6.488336442786732938e-01
1.073639585705364219e+00
1.225663813882198028e+00
9.783456420856940783e-01
1.271090287317238054e+00
1.067823583422085720e+00
1.040180651766958952e+00
1.132120494620984852e+00
7.027675968731766920e-01
1.725488169255484650e+00
1.096983565388065518e+00
1.679785770877238793e+00
1.303757353817156961e+00
1.888322553645476853e+00
2.050365502179021693e+00
6.887102469067418742e-01
1.469618395502471087e+00
1.379840095235316477e+00
1.057758000641022766e+00
9.554482473686576327e-01
1.087896853199866731e+00
8.096524898244491508e-01
1.705687145945800509e+00
7.404164782143871637e-01
7.375542434864298391e-01
1.039631562561281308e+00
2.496409045087203182e+00
1.009031889810927396e+00
1.498343315195874714e+00
7.600241980765031213e-01
4.990823399455527998e+00
9.333378733375744529e-01
1.192430631046059286e+00
2.136605796613459507e+00
8.190081025799653691e-01
8.396233512401860555e-01
9.396792498010868577e-01
1.394494165983827028e+00
1.986417676221792883e+00
9.010957874592674388e-01
1.554414259918828867e+00
3.451994081263964897e+00
1.100264617039708570e+00
2.651200385290374939e+00
1.845788871112961305e+00
1.797600655318691176e+00
1.936263912166962475e+00
4.237850427048491575e+00
6.707842625886627275e+00
5.685372983155104087e+00
6.126354139721541081e+00
4.457316280707654954e+00
2.578513522901497268e+00
6.507237566175592125e-01
2.579816349682338750e+00
1.711955364900829668e+00
5.421180421956376394e-01
7.560589013458560714e-01
2.293810482301391396e+00
4.653412835615108101e+00
4.603301900735178975e+00
4.747327352721546490e+00
3.222390203857471214e+00
8.386404826316878891e-01
8.750836791829038619e-01
7.771555066759948893e+00
9.770905203126128313e+00
2.605342336212964849e+00
4.980033698750337301e+00
3.409489867749450287e+00
4.026985512675701706e+00
2.038387413266419035e+00
1.308210737245237532e+01
4.403787502229860706e+00
1.128838951291165493e+01
8.984970523359282479e-01
3.408293061416164171e+00
2.742839109350414972e+00
1.950860423839402280e+00
1.812962745763235572e+00
1.408480948824070289e+01
5.240221456135170541e+00
1.447386520712900371e+01
3.638176336749985307e+00
4.397761619068702110e+00
2.166152835122219233e+00
1.792806535892290221e+00
2.178607225798183222e+00
5.153629733425153070e+00
3.077879712243843269e+00
5.315944916858214242e+00
6.740821019726481289e+00
8.451324621060850362e+00
4.945141583801913931e+00
2.346253884979082383e+00
9.133391274569957474e+00
1.423341162415771688e+00
8.593001964547991589e-01
1.360326060939499371e+00
1.326645563330015820e+00
2.961903911498144026e+00
9.003247279474226872e-01
3.617373877934063842e+00
2.449720154839233555e+00
1.717337708816720765e+00
1.795474623878333453e+00
6.865219637649374818e+00
7.638431287930126601e+00
