id,0,1,2,3,4,5,6,7,8,9,10,11,12
W1,35359.04530732231,35341.019648002126,35299.60141055694,35258.100165299256,35217.32743566657,35176.79396384639,35136.4831482762,35096.40475458102,35056.55780619834,35016.941326565655,34977.55336255797,34938.393914175285,34899.4610282926
W10,5117.166942842982,5112.162445264604,5107.158435967474,5102.114631748471,5097.03091053728,5091.907028193275,5086.743228857084,5081.539390458393,5076.2952688565765,5071.0106199110105,5065.6854436216945,5060.319617918315,5054.913264871187
W100,11421.358845001316,11409.82586626367,11404.807383375635,11413.566640966113,11417.360352902297,11419.861126606058,11423.664085368413,11427.365451113188,11430.847731164606,11434.41127952657,11437.997471931503,11441.564590850108,11445.135219290196
W101,9850.757077207792,9842.64221676375,9840.667686157503,9862.371553683583,9878.826291914313,9887.998680558554,9899.752128658669,9913.48231759588,9926.005357027476,9937.943437428921,9950.27714580583,9962.678119693297,9974.869450216815
W102,16007.999017438873,16089.45927334886,16172.6514628526,16256.315332043838,16341.275099672575,16427.41064855131,16514.7283263363,16603.25596505879,16693.009678000028,16784.007531566265,16876.267592163753,16969.808414479994,17064.64952976498
W103,4078.8331502322253,4075.230680890558,4085.4378428965465,4091.6172339064415,4097.629541176102,4104.085879207481,4110.351329787689,4116.580281344459,4122.789060782088,4128.955512338858,4135.086044706175,4141.181359788336,4147.240999821668
W104,1027.7174002392073,1024.5091164067153,1021.1139181302538,1017.8387454885578,1014.5676297774039,1011.2493758521387,1007.9011670165951,1004.5307585503142,1001.1348392960692,997.7114504068147,994.2603973329898,990.7812719019872,987.27337220951
W105,9177.541278535486,9190.460154338361,9203.447328481077,9216.560540221453,9229.806198250892,9243.186988116267,9256.705046048046,9270.36238620639,9284.16108378661,9298.103152948861,9312.19085199392,9326.426439222578,9340.811989830141
W106,2154.3930744663962,2154.443992719572,2154.8690641099556,2157.582457949069,2160.187476238866,2161.617888205421,2163.0334762584016,2165.0209713548393,2167.022504537215,2168.719060302598,2170.3777132359496,2172.170689289419,2173.9713176256028
W107,23929.653009182075,23979.438240284293,24031.896322949007,24084.752843113725,24137.652332028443,24190.85455531816,24244.39271610788,24298.240447210097,24352.396283781065,24406.866573477033,24461.65375770425,24516.75881302522,24572.184669127437
W108,15923.030778653925,15902.764760043718,15884.141075417885,15866.648982588928,15849.05972179122,15831.678224665387,15814.508153320803,15797.528755804346,15780.741741100388,15764.14662092768,15747.740953879973,15731.52351925414,15715.492363925183
W109,14210.939019134106,14221.39739044525,14232.95805667827,14247.234543223789,14260.782514144308,14274.323404986704,14287.957801688473,14301.602208155868,14315.269319701387,14328.962798434406,14342.68093537055,14356.423974650445,14370.192160414716
W11,340.828528307396,352.16761234381966,363.62534872399306,375.08027748697896,386.2605480468401,397.236961184826,408.0246536196869,418.61831529282904,429.0214252081589,439.23776754536357,449.2703940622557,459.12205134086685,468.7956690686965
W110,7316.490952253756,7314.316785591396,7311.083048616536,7307.832099727613,7304.715611287908,7301.766359176329,7298.987639291313,7296.377742648483,7293.93392266581,7291.653188620638,7289.532671860621,7287.569503733417,7285.760754551526
W111,1057.3452110267076,1045.0006226385017,1033.4643991184596,1022.2487932741988,1011.3248897004457,1000.7038273132162,990.3740094328227,980.3223287594603,970.5373717189104,961.0083045709387,951.7246292686702,942.6763207876907,933.8537508321017
W112,9518.142114717186,9545.102806422514,9567.21120320597,9590.867939833173,9614.219256538505,9637.802995118835,9661.46412627729,9685.248304310744,9709.143078047324,9733.152597877654,9757.276375520483,9781.516364100813,9805.871587056143
W113,723.3145018378336,713.4570676110998,701.1175166851472,688.7345697631004,676.3576042863665,663.7097037510389,650.8401235282113,637.7618335885868,624.4604296352904,610.9314255843378,597.1708541505727,583.1735273457139,568.93425718148
W114,10548.471117645619,10600.647406549317,10621.452601703013,10637.605331036399,10658.983158026032,10680.498069976606,10700.958782708429,10721.282654619938,10741.591878093946,10761.731057622645,10781.694944182593,10801.511247734728,10821.180822771237
W115,11296.162288112977,11335.007478274309,11345.35364499814,11357.783063675097,11373.321369070805,11388.088434232137,11402.548858768469,11417.104254007927,11431.637920731759,11446.118120658715,11460.564873320049,11474.97891113763,11489.357548564587
W116,14236.922029886215,14114.792244070733,14078.546247317752,14032.783649002271,13982.34868740554,13935.774077371309,13888.746830618327,13842.207376834096,13796.217239456115,13750.638723171884,13705.518214700152,13660.843995290921,13616.61069385044
W117,7075.43381105762,7075.500018351498,7078.14296209557,7082.227312089642,7086.174348240941,7089.921128044583,7093.642479076254,7097.367049712416,7101.078078173286,7104.770063665404,7108.444173486137,7112.101056134018,7115.7405590211565
W118,1737.050422572907,1734.9723733103358,1734.230940563878,1736.6795989505376,1738.501920285806,1738.3818740673632,1738.5309881196113,1739.856627287826,1741.0851270975206,1741.6045233229256,1742.143491806326,1743.1076855476,1744.0832404110056
W119,1028.0398639174819,1026.7014654569375,1027.6758492839906,1028.24688991036,1028.6982711129017,1029.0256593955214,1029.2306264134927,1029.3193519763859,1029.2964442384975,1029.1665800186756,1028.934176736354,1028.6034763348916,1028.178575799152
W12,1034.6836522573658,1033.277060079368,1031.7803256513096,1030.3755387787928,1029.0517283924821,1027.7986548912422,1026.6125979915648,1025.489847900359,1024.4267310641583,1023.4197913672399,1022.4657863169277,1021.5616527113177,1020.7045028245798
W120,882.29709665465,882.1268866149252,882.6855812993215,883.0622157420185,883.4420850479969,883.7889190756548,884.1105608425706,884.4060643038224,884.6762458046248,884.9215631086502,885.1425044971479,885.3395735101575,885.5132279113507
W121,10407.822218310463,10413.802128978936,10436.083065038036,10461.832506956509,10483.311929343734,10505.640961105957,10528.762229196307,10551.645704317905,10574.635868892628,10597.833797139228,10621.137682417077,10644.561196601177,10668.12216195715
W122,412.34374583223644,435.5416041644039,457.7331148403214,482.9237710240509,506.34489595778086,529.3525687430733,552.1115843018028,574.3687688058453,596.2153087786378,617.6636553920548,638.7075830601598,659.3600312360772,679.6279579276193
W123,465.2220624203719,455.7921526327236,444.79925456382534,434.12117583086456,423.4584779572788,412.6577185602555,401.80703240542016,390.8981187115219,379.92121185356154,368.88034015185076,357.7748932548275,346.6037725296792,335.3672221170309
W124,8476.574993218683,8483.00016870175,8484.355382636966,8485.440882216713,8486.831496542554,8488.226856351794,8489.593346532127,8490.949674358944,8492.297777698457,8493.63642058875,8494.965450441934,8496.284974069533,8497.594884660022
W125,10886.993111679085,10879.741610235653,10872.410091702377,10885.098348559726,10892.435409128013,10896.218026336926,10902.291659170838,10908.639095715687,10914.344137241005,10920.155563043667,10926.101022049454,10931.986361426334,10937.856686154777
W126,9577.617606901398,9556.846221476702,9553.697211540286,9578.940901799182,9592.32101707639,9597.413365896995,9608.457781139106,9621.4536028601,9631.877923802896,9642.062666498623,9653.244981139538,9664.328571415219,9675.06120000572
W127,10954.881530291166,10920.338307511187,10857.466715590583,10794.266998669978,10734.6446743275,10675.386851938145,10617.36145142379,10560.435660284436,10504.573833988832,10449.769624880728,10396.000572022624,10343.24909728952,10291.49640185329
W128,3576.548185278119,3565.7335958746767,3569.092498902876,3571.250016433027,3571.8125632600545,3572.973834452316,3574.18664983403,3575.3032432919167,3576.438238849412,3577.580345002611,3578.717049544482,3579.8533573578366,3580.9896041360357
W129,1009.9277125327214,1007.9518873958025,1005.6176428405485,1003.4552065280924,1001.3595770088491,999.2396497753725,997.1134931412612,994.9966119435511,992.8857503381263,990.7781331327258,988.6742066469299,986.5743313696299,984.4783203806602
W13,2503.8859127403703,2476.5426699181853,2474.5538582483446,2483.678999215222,2488.770326705537,2490.447835836477,2492.4642121549177,2495.364133395233,2498.347123483204,2501.1343738250816,2503.8665704560217,2506.6367309541492,2509.428192721808
W130,8163.067279601573,8158.622777298979,8154.551199801072,8150.558601795351,8146.602746953694,8142.686687033911,8138.810788246941,8134.974928522471,8131.178863719876,8127.4223496985305,8123.705142317811,8120.027119507403,8116.387915056371
W131,2154.45284278111,2155.5968362008657,2156.450714264176,2159.5769617122523,2162.934921501637,2165.1023829389705,2167.030571305015,2169.499576931802,2172.0746158837846,2174.334598988599,2176.475857270415,2178.7248921940773,2180.9966627134418
W132,22567.123480799324,22525.555075926204,22494.71909292808,22463.56914508621,22431.854744119337,22400.484581433717,22369.440590623093,22338.646599812473,22308.105538689353,22277.82131350373,22247.79197113061,22218.016535007486,22188.492075446866
W133,13844.886608689054,13872.308521833165,13903.186001383528,13933.59863718389,13964.286175328001,13995.238850190864,14026.418087553726,14057.841709682214,14089.508740013825,14121.421131673562,14153.581814348925,14185.992985305536,14218.656841809023
W134,12063.399859682248,12063.216999078668,12070.62154081884,12076.142781777762,12081.51094656481,12087.138632836231,12092.691123795154,12098.242882332199,12103.803429931746,12109.361536125043,12114.919886458965,12120.478969214762,12126.038296111185
W135,6202.27296060283,6206.8426440218645,6209.47516313426,6211.728013057202,6213.930234318033,6216.164407483164,6218.449422933449,6220.789247954047,6223.184218238317,6225.633784469852,6228.137305779513,6230.694049745423,6233.303283945709
W136,6370.413021610429,6373.134992981523,6374.077667477618,6374.960771661213,6375.768680532308,6376.575368700278,6377.383521711998,6378.19716788778,6379.016063087,6379.840573520594,6380.670699188564,6381.506684231534,6382.348284508879
W137,7051.091994560451,7063.1130302951915,7075.928743764309,7088.103099811549,7100.46300273379,7112.865141984155,7125.296822250146,7137.771227125511,7150.285426922752,7162.839665782492,7175.434187845358,7188.069237251973,7200.744814002339
W138,361.83854714103336,362.8577531491983,361.5694030050199,360.31944397412235,359.4092066229123,358.4352180509991,357.4186879751801,356.41695892475127,355.4173966223693,354.413348236003,353.4078960410434,352.40152831873957,351.39372627026387
W139,7852.373143070359,7846.279296822642,7819.290431043675,7791.095022295955,7765.0553752669875,7738.0557673005205,7709.999518709052,7681.30545273477,7651.915830119866,7621.7615590674595,7590.838733327553,7559.137221064211,7526.63797930868
W14,2435.816136945373,2437.250096316382,2440.8037151112194,2443.4336278513697,2445.9998809235512,2448.655886192998,2451.307435896039,2453.953431399861,2456.601898827511,2459.2520752395358,2461.90341131953,2464.556029137805,2467.2100202470956
W140,8287.012918688006,8364.90284679109,8404.7480971598,8440.98250768476,8482.887816647219,8524.202305297178,8563.874215822138,8603.012801151785,8641.723163825181,8679.830010873578,8717.3413989376,8754.297855360997,8790.707436784394
W141,10769.815693509474,10719.201399390804,10736.971138475259,10756.534822872214,10767.755245550421,10782.176351822378,10796.278122156833,10810.187509678788,10824.247287825743,10838.305601128948,10852.38515466653,10866.49351679786,10880.625804710442
W142,5414.179314535,5415.22130458417,5416.827690537881,5419.036195937391,5421.334835003895,5423.634961802332,5425.959220375671,5428.3176128601435,5430.7097883036,5433.134625185045,5435.591650482017,5438.0805285011575,5440.600931178501
W143,11327.496359543353,11348.136369761482,11357.907971776483,11378.537239807112,11405.417728540866,11426.7096552629,11444.029597121653,11463.773489175719,11485.536241093065,11505.901471037756,11524.84836602151,11544.190890888074,11564.070891340578
W144,1020.1318303987414,1032.9604223487936,1053.2852301191583,1070.9921790028045,1089.1263739802005,1106.629343371659,1123.851917255305,1140.6869789319198,1157.1805489093158,1173.327988515618,1189.141321676608,1204.626835013379,1219.7924630962436
W145,8623.26306297636,8617.514303542737,8622.284098796614,8624.069519050492,8626.686970554369,8629.057351745745,8631.486814968372,8633.88746959725,8636.284706257376,8638.671200730003,8641.04890614013,8643.417334206506,8645.776484929134
W146,6714.316633779125,6704.081216206175,6704.500827930098,6705.413847857148,6704.387780870134,6703.828144547183,6703.482009200794,6703.010019362218,6702.549137922079,6702.119140271004,6701.69121781524,6701.270009226664,6700.859054544338
W147,148.45876088308114,160.02130829511657,169.79216869543336,180.4971721621564,191.01717807028558,201.1032850526335,211.06878656623155,220.88127294311084,230.48898637077127,239.91853817733795,249.1781070737485,258.2643971615653,267.1814367611007
W148,206.0803063264318,184.44176105150336,165.42650679219992,144.39867929070874,122.9132101876553,101.30347350647685,79.25745752842317,56.78492787849473,33.91982010356628,10.643091234887606,-13.05624505566584,-37.18343779153179,-61.74629947271046
W149,4404.331791159322,4412.871029104892,4418.176777060228,4422.848186636657,4427.59051906465,4432.329189383267,4437.028736166728,4441.690868399407,4446.31778334693,4450.909938772969,4455.467731406039,4459.991619009813,4464.482059347961
W15,5019.568479320171,5014.446793669562,5104.173496690828,5062.465141118343,5023.284617577109,5025.327238567125,5016.560777525891,4997.5545703909065,4984.667503880923,4973.680339714689,4960.44537281408,4947.323931304096,4935.047460497237
W150,8080.030399391622,8069.702609429551,8062.472231576852,8077.762849817906,8085.768067668334,8089.447113643762,8096.422607373095,8103.686797391492,8109.930357527077,8116.379850279849,8123.058163833401,8129.61056185961,8136.131343674882
W151,6271.4367960681075,6259.2149809456105,6260.895021291863,6261.785632927178,6260.356908624994,6259.834922604059,6259.464669981562,6258.889217163753,6258.364057314692,6257.87344336407,6257.374528632198,6256.884280892514,6256.405141551267
W152,8561.288772253964,8589.260089809899,8602.156700334584,8613.727871406147,8626.651093258955,8639.253270189893,8651.933083839576,8664.655377958014,8677.408677935822,8690.199575569884,8703.026117735195,8715.88903685363,8728.78882120644
W153,2912.666824821685,2891.7822439320585,2891.2650336479,2887.766317016086,2881.712973919428,2876.7921991821445,2871.8704478823615,2866.671963184141,2861.4605390327956,2856.2041930064497,2850.8682571363543,2845.46719675454,2840.0016832477254
W154,8522.633682826285,8429.999196030489,8336.092736578443,8240.733152126397,8143.874055955601,8045.496893378555,7945.581156582759,7844.106337755713,7741.049487678667,7636.388633695371,7530.099850024575,7422.161652291279,7312.551579557983
W155,4594.068024948105,4597.635945483873,4600.616276457703,4603.6077945081015,4606.578441872923,4609.545882388646,4612.509226634761,4615.468981012331,4618.425105943871,4621.377601190963,4624.326448633795,4627.271634444089,4630.213142409381
W156,5454.340989320641,5456.163087178014,5457.601823218981,5459.027543512877,5460.45543055482,5461.897676117272,5463.355401721226,5464.828920171861,5466.318147545836,5467.822969402232,5469.343233153159,5470.878809098911,5472.429552280992
W157,1428.4686309869637,1431.346538694774,1433.0333453283652,1435.4281597744564,1438.3925848162507,1441.077163666639,1443.4764031615584,1445.9650896779622,1448.575144602569,1451.1437261385042,1453.643917781861,1456.1456658217023,1458.6663957951373
W158,16591.880014234528,16648.53389148929,16708.42507343155,16768.772310061308,16829.566324034815,16890.998521602072,16953.069879325583,17015.775514392844,17079.1237275851,17143.12233140236,17207.77913834462,17273.101960911878,17339.09763504164
W159,9218.887103831565,9211.693116468114,9213.036360549973,9214.230678850583,9214.276864826976,9214.691886252585,9215.189549279758,9215.634783107713,9216.106262052854,9216.600995392526,9217.108485079856,9217.631965978122,9218.172048438888
W16,5078.5616793886165,5085.421746525377,5179.809889834012,5168.871861267648,5154.187983091908,5171.430862728668,5183.0838986154295,5186.481807549065,5193.273271170201,5201.800086353836,5208.967282396847,5215.914263596107,5223.317787764117
W160,8005.248516928035,7999.4953421610635,8001.907633702685,8004.385782177901,8005.711159657023,8007.356422390051,8009.080908755892,8010.745763774076,8012.4234972102295,8014.11331560732,8015.805209199722,8017.501985604626,8019.204255173591
W161,12083.370930446521,12087.299715954836,12093.54295458815,12098.93817076053,12104.275159393845,12109.701991777161,12115.130411074539,12120.56090556723,12126.000799473983,12131.448994161987,12136.90500134999,12142.369187248929,12147.841429788496
W162,4457.615883823322,4459.54385587332,4462.379542767068,4465.406513840503,4468.427625538939,4471.443854424874,4474.460815732685,4477.478631532683,4480.4973018248675,4483.5168266092405,4486.536961745176,4489.557951373299,4492.579673423297
W163,3763.5136123216903,3757.3132090406903,3750.6452459452375,3743.9377015509563,3737.244225760191,3730.5524284362227,3723.859959725535,3717.1673079093794,3710.474656093223,3703.781699101286,3697.088650556614,3690.395449424052,3683.702126221177
W164,24466.00331289886,24396.03287246132,24310.086357805034,24228.620800179997,24147.740691773706,24068.14769274242,23989.696783554882,23912.39431186734,23836.222211273554,23761.166321617267,23687.213459304727,23614.34702277344,23542.554804992153
W165,3743.5130259718953,3741.621745693218,3734.3741421723544,3729.131543534302,3723.75369099,3718.288558172261,3712.8488159795215,3707.4071206617828,3701.962739797168,3696.517748580991,3691.071414591377,3685.62398196895,3680.175206573086
W166,2649.13508395026,2651.607687973746,2653.3737948048492,2653.091836450405,2653.1095454543597,2653.4360770901503,2653.6754047464483,2653.8624252738405,2654.060508423303,2654.25785915089,2654.444833901915,2654.624194517198,2654.7972685113864
W167,3023.9986640631773,3010.3901388239747,2998.233212705866,2985.3052904940073,2972.342944454024,2959.09690700779,2945.6456083310877,2931.9585308457913,2918.0412897862766,2903.8872933556677,2889.493794971934,2874.8573766663253,2859.9742542591543
W168,3582.521203666603,3579.170182146038,3591.2127153129727,3601.102782659595,3609.795096099968,3619.4296702825277,3628.904942707275,3638.4037747023353,3648.005634041145,3657.648997286205,3667.3502218593903,3677.11174916695,3686.9307715916975
W169,1664.5002660233502,1669.381275718009,1675.1286489380584,1681.0734556297875,1687.0788091965164,1693.2122297798473,1699.489021945209,1705.9067748039306,1712.4682807144095,1719.1779647254748,1726.0398856750162,1733.0580413657688,1740.2366279647244
W17,12016.842311558199,12000.836606169054,11995.238005272098,11989.952270586078,11986.894563243808,11984.272646917165,11982.233128051457,11980.431280084187,11978.850257312231,11977.416817548086,11976.117410987066,11974.935191926046,11973.86393477909
W170,3602.5240336559673,3610.303069407311,3618.3683600414674,3626.534724894374,3634.7595003918113,3643.051902842374,3651.415167109343,3659.849781473968,3668.356295252656,3676.9355019024374,3685.5881948803435,3694.31510660825,3703.117030543188
W171,6069.843976061181,6066.975589964265,6071.209987070475,6083.4444452118405,6092.837411653988,6098.748383467228,6105.861137507032,6114.562148382773,6122.83109138742,6130.453855192848,6138.301228373277,6146.486553213861,6154.635379031009
W172,3662.1039776948355,3666.03874804851,3672.346260101404,3678.2760866074223,3684.070781277503,3689.9730198928964,3695.88795382079,3701.8148506393086,3707.764696676577,3713.734684315408,3719.724325274551,3725.7342299055695,3731.7643982084633
W173,3319.1976044469184,3309.440170003999,3304.1595116841254,3299.7471852734325,3294.554936377387,3289.259553326069,3283.7676828479925,3278.0776922527284,3272.2037416965277,3266.1501646754823,3259.9229578936956,3253.527927320404,3246.970604266645
W174,2813.3522177266204,2810.6100103490953,2807.944898003308,2807.195709729787,2805.805118258023,2804.42607768958,2803.2697315181094,2802.130940583455,2801.0473178006564,2800.038543192906,2799.086889862012,2798.1925638016255,2797.355744302518
W175,3241.9003236323183,3235.909319109737,3233.8428751340307,3230.366335943481,3226.8461566162123,3223.6195563905057,3220.367138293706,3217.145726056281,3213.98333481495,3210.8614709173685,3207.781477136975,3204.7452455636126,3201.7514334238435
W176,2519.8187773763952,2521.021455175135,2522.764111001218,2523.48058274527,2524.434542282291,2525.382520374,2526.3192069618017,2527.259189448041,2528.198927793656,2529.1386051041145,2530.0782824145726,2531.0178986898745,2531.957637035489
W177,6510.348366900242,6451.939539677076,6395.95454057891,6337.651304176057,6276.1396937497675,6211.682404612539,6144.060564694061,6073.129154463084,5998.733999114918,5920.71079200894,5838.888268496712,5753.087107289171,5663.119198034756
W178,1502.7156808508628,1505.723053690101,1513.021777847699,1520.8609988314688,1528.6359497957073,1536.7198607208832,1545.1690975737934,1553.9598261259225,1563.100011465161,1572.604546169634,1582.4854541651223,1592.7548204125637,1603.4254012596148
W179,2712.79255141376,2713.2992382895145,2713.2899949894872,2713.355550273445,2713.4026424226367,2713.466992262258,2713.5435949094967,2713.634464524509,2713.739265413935,2713.857997577775,2713.990554204506,2714.136813223815,2714.2966525653896
W18,4327.00188725421,4323.642875922531,4314.364186856477,4305.726855212299,4295.892502083745,4286.070844267693,4275.92643254539,4265.682167307461,4255.275792694532,4244.748568472229,4234.0882876093,4223.301786043248,4212.38662236782
W180,7285.059002260661,7302.129555861119,7319.274206141265,7345.23916892141,7372.0220027953055,7395.73324243092,7419.834618785284,7446.081380881836,7473.004595615106,7499.841079391345,7527.242931819928,7555.571358955543,7584.5672055247505
W181,8792.883430545193,8796.816711981255,8800.697503182942,8804.598619091661,8808.501199844131,8812.405001299725,8816.310389669381,8820.2173649531,8824.125866115724,8828.035893157255,8831.947446077693,8835.860524877036,8839.775129555286
W182,1350.1553006079184,1347.8484056932762,1345.2994491636437,1342.6610513345731,1339.937496111093,1337.131789951486,1334.2463480359593,1331.2835125886327,1328.2455531159617,1325.1346728440349,1321.9530106259258,1318.7026438027146,1315.3855846272081
W183,6077.45765905249,6078.730246667483,6079.713985405521,6080.798661033209,6081.905065176522,6083.025721028818,6084.163619312756,6085.318698993178,6086.490685411881,6087.67950227492,6088.884981735616,6090.106971206076,6091.34536387478
W184,4595.090915842502,4594.893118562034,4593.219216545237,4591.977626540159,4590.664076085862,4589.411225094455,4588.183825763205,4586.990789224924,4585.829429932736,4584.700083580002,4583.6022924030485,4582.535873296408,4581.500612637033
W185,4057.535923315637,4057.3779063943107,4057.2353313675153,4056.8303356864235,4056.5398419584562,4056.2499890996296,4055.974906748616,4055.7173109698674,4055.4750960504944,4055.2487197541677,4055.0379989754197,4054.842842161515,4054.6630967245637
W186,1739.1333445910539,1737.6909805453001,1736.2226765581404,1734.6939172487148,1733.116169597004,1731.4868624970513,1729.8056831436804,1728.071403204372,1726.282824864185,1724.4386969024156,1722.5377070632048,1720.5784591673537,1718.5596104414242
W187,922.8681937356597,922.9073821714962,923.1189338885827,923.3532440895559,923.5807565000017,923.7959703264632,923.997947153413,924.1866564632729,924.3622355851446,924.5248523657076,924.6746746516418,924.8118779190212,924.9366376439202
W188,2245.6177248896784,2248.5452481155367,2253.0856558628793,2257.399012828972,2261.4849833204553,2265.401611770923,2269.14963060225,2272.7314812206864,2276.151191946545,2279.4124554067785,2282.5189337107618,2285.4741974151357,2288.2816950062283
W189,2001.2124701605703,1998.3801517117984,2000.5783813587295,2002.138976728317,2003.3634820100137,2004.6892140983512,2006.0346910597355,2007.3736830357682,2008.7164134151212,2010.0638740190836,2011.4150425087882,2012.7699341430239,2014.12873202726
W19,3257.399449200906,3743.1094914555015,3920.731154803847,4077.1045881717237,4230.642602838428,4338.149214917242,4411.911716888633,4469.116174426432,4512.946669561887,4544.984531640701,4568.4693923157065,4585.838827880849,4598.5115471373965
W190,447.46272059427497,447.2761587664528,447.1433231349197,447.0278520053397,446.90813893240033,446.7809185352422,446.64493959316223,446.50000374190256,446.3461109814632,446.18331471760587,446.0116988736704,445.831309226024,445.64223732740106
W191,6527.159401188367,6554.4611896262595,6569.767555700871,6586.391548728607,6602.986183846186,6618.477120233297,6633.114907206345,6647.028328945018,6660.23050800791,6672.751809385256,6684.629617110258,6695.897286895805,6706.585794083698
W192,1165.099333128804,1184.2601491525168,1199.465764980917,1215.1191347155673,1229.8938423408426,1244.2028212063524,1257.9494221421744,1271.1881800604185,1283.9281586817876,1296.1908118637036,1307.9931989323381,1319.3526843896448,1330.2857782453889
W193,5969.0282730282015,5886.968517651443,5847.941965399685,5828.3600542612085,5804.072332575857,5777.28827299988,5752.761140914137,5730.425720254176,5709.288145053199,5689.197536404957,5670.262292746949,5652.456413102613,5635.695119639917
W194,480.33334095957935,476.0805735865606,471.18388531510436,466.60687248920476,462.14150917654933,457.6538108114041,453.1612735027775,448.6816556201152,444.2137469507097,439.75511467137994,435.30562717506973,430.86545278529684,426.43449184309475
W195,917.6057447660473,890.2698351461286,869.7178610730846,846.2925349492593,822.8736175168406,798.3628421742656,773.0832069684091,746.8827953953651,719.7732651699775,691.709206135996,662.6638848949833,632.6023283024083,601.4913332332708
W196,9621.477384827722,9659.955968886323,9741.514631069922,9833.415822550398,9928.564084343374,10022.509831487912,10113.994274921513,10202.468464448863,10287.828274093401,10370.101780027002,10449.379802562165,10525.772204980141,10599.39385544499
W197,3323.698179192489,3313.474407154364,3305.1102275539833,3302.1243018903706,3300.334127416943,3299.7255859391207,3299.50553323083,3299.543300651934,3299.6686153752835,3299.8301849814457,3299.9885578712992,3300.1287117670126,3300.241785126837
W198,2379.22145160443,2377.226962581535,2374.2039701406716,2371.3119591451205,2368.3905902394126,2365.487959126674,2362.596741588154,2359.7188907488526,2356.854040397833,2354.0022515702503,2351.163463230949,2348.337614344773,2345.524582841409
W199,740.1201613172329,714.1365538801451,691.0137862868078,669.64883119347,649.0128800063826,628.6998047958573,608.4328721634574,588.0802461716821,567.5619707658448,546.8353213365695,525.8749072588571,504.6659580248943,483.1984638690569
W2,3475.023963967243,3502.9572155377186,3512.757532537882,3515.41844524117,3519.971325717896,3526.064184221965,3532.1154167494724,3537.9214100191666,3543.715074187299,3549.5697735116805,3555.4583473477815,3561.3641330979444,3567.289022852014
W20,4365.229967222838,4413.502588939605,4450.984439171996,4547.874004248138,4623.640461414123,4681.8134737558885,4742.834203382812,4800.96388076364,4852.90441019525,4901.448089040923,4947.131599429565,4989.478439896331,5028.831811124815
W200,1577.9657615466458,1479.8798543047424,1367.862306437839,1249.9516921646846,1127.5225232040311,1001.3453073683777,871.6265876264733,738.4024967908199,601.6320192364165,461.2448424632621,317.15649381510957,169.27419985445522,17.504210581301777
W201,1941.8468143379582,1987.9801165180133,2051.6021271941627,2111.2927413859366,2168.8170958120854,2221.8268018007348,2270.781789771806,2315.7076944909236,2356.9500359776193,2394.7880805893155,2429.5169027889024,2461.4030736213012,2490.69500617245
W202,4132.620211231857,4135.458627678883,4140.6017316259085,4145.76705236981,4150.983032293398,4156.159095224799,4161.300612257763,4166.4040433532255,4171.470120933064,4176.498600856653,4181.489971405241,4186.4444767194545,4191.362238869606
W203,5435.77784186993,5461.316743557974,5489.304863996018,5515.579513975078,5540.403114149451,5563.979552458589,5586.406637740383,5607.759351684286,5628.106618240495,5647.513058380688,5666.039173203498,5683.741618592714,5700.673357805172
W204,7311.0899153318605,7314.514840027149,7317.199896558375,7319.622562952883,7322.1644920427025,7324.836059804397,7327.530759890311,7330.203975601225,7332.869256741826,7335.54457816563,7338.23314421834,7340.93083502691,7343.6352091850895
W205,12488.795778176362,12389.763252343513,12295.746351510661,12201.905720209063,12110.128077188712,12020.300629480862,11932.301306773012,11846.114484065161,11761.706958232311,11679.04406130571,11598.092590160362,11518.81982995251,11441.194530682162
W206,1015.2472625775918,1007.6671284318761,996.8976021963167,989.3528684412261,981.813627850198,974.2121313997949,966.8595210577902,959.7024215800433,952.7138249099137,945.897118498573,939.2481824729746,932.7614168575324,926.4323813446293
W207,11013.226725308847,11152.650225377149,11190.165552838027,11241.282625904376,11280.54740404885,11322.325793033166,11363.739069712796,11406.626345415863,11450.715220240023,11496.292498384497,11543.388209146158,11592.100985337505,11642.500590142135
W208,25054.09225244369,23828.082395653953,23547.35281230171,22975.950377386973,22250.787200284733,21717.032226307492,21271.996978892756,20821.15313772801,20404.814667657025,20040.049439773535,19707.20926071817,19399.886659787804,19121.07284791994
W209,4188.745082268224,4192.025258648335,4195.279586639774,4198.530984943712,4201.77945356015,4205.024748348464,4208.266899826231,4211.505907993451,4214.741742332545,4217.974372325936,4221.203797973625,4224.429958240455,4227.652944679158
W21,2425.254888589805,2647.613946363251,2807.1643493515417,2968.5345765585816,3103.2664370664033,3212.165778042975,3304.4486639414217,3382.3926216172117,3447.561921089877,3502.196552593792,3548.063453384817,3586.521235523498,3618.7519211045615
W210,8044.610649673572,8057.225719147824,8073.616667528324,8090.328904971324,8105.925419758076,8122.010215794826,8138.243449331576,8154.340452399578,8170.526322655078,8186.775669473078,8203.03868816608,8219.34369904658,8235.69363180208
W211,19177.614396147546,19413.542959626484,19663.715663730418,19925.706727209355,20198.72904068829,20481.832408854723,20774.465073896157,21076.193442062595,21386.74407585403,21705.944123707966,22033.7086246869,22370.017070978334,22714.900712582268
W212,5452.2545767496495,5454.992533773735,5458.3374243915705,5461.643740790656,5464.9149009397415,5468.192408745077,5471.471381394163,5474.749377480748,5478.026885286084,5481.303904810169,5484.5809243342555,5487.857455577091,5491.133986819927
W213,3270.6488712608207,3354.5990527819276,3444.5936678967855,3540.0216326210175,3632.172375665563,3719.9561753507323,3802.11631780934,3878.6171585101356,3949.5626403242113,4015.258854560163,4076.0436308078324,4132.272559887534,4184.289391799266
W214,1825.6746578538177,1838.873460628642,1842.314572973779,1847.6533903970408,1852.1835530351468,1856.877900243565,1861.4891175691705,1866.100090754151,1870.688419896163,1875.261429213956,1879.8174097231554,1884.356849705011,1888.879810194679
W215,2363.519928414824,2363.765680961592,2364.0514725708595,2364.3263388871587,2364.6011441683017,2364.8764987658506,2365.1520364688686,2365.4278183125116,2365.7037832616234,2365.9800533865164,2366.2563845465656,2366.53295984724,2366.809779288539
W216,3148.5536258467855,3151.5598432824877,3154.56996696819,3157.5854007124863,3160.6110273278764,3163.6464806034223,3166.6916384688125,3169.7466229943584,3172.8115562503735,3175.886255131388,3178.9710248131846,3182.0658042606055,3185.170654508808
W217,9941.413962778593,9966.942913652285,9995.635400597754,10013.972762115976,10029.598743629316,10041.234933272539,10050.673705656543,10058.170087598655,10064.339362111263,10069.4725658002,10073.852431152194,10077.663681067634,10081.054154377467
W218,9972.947259967304,9979.500504487462,9983.105179709828,9988.978901238803,9991.677660724017,9993.524252602878,9995.418072341236,9996.896622227909,9998.197931266039,9999.462733174501,10000.66397698131,10001.830957654116,10002.985626391497
W219,1050.9716225100256,1050.637517323296,1048.7757765622257,1047.494998935921,1046.4896481742403,1045.3394609867782,1044.1826419481201,1043.089164050209,1042.0157705334013,1040.953470156242,1039.912820093414,1038.8934579486768,1037.8924979035487
W22,3898.4542116202356,3827.9625474709364,3897.553585958356,3881.815095637183,3871.664618011321,3881.0279953659283,3879.243789712724,3877.8488052509247,3879.1484008672505,3878.9855941398273,3878.8155852639657,3879.0050734584165,3878.992291145056
W220,1793.6056375528915,1800.1445607994858,1799.9362024947188,1794.3650069945556,1791.4953159633103,1792.1037425172472,1794.2572323284014,1795.2793415815415,1794.8250231603884,1793.90261503949,1793.4955691813175,1793.682209546175,1794.0040653126819
W221,7550.874188771992,7552.2938598788705,7536.247405497468,7523.526329534035,7510.56080776982,7498.080637568105,7485.940433186702,7474.159359664674,7462.724477548897,7451.62943918312,7440.866554137655,7430.428803369534,7420.3088626600065
W222,7998.378903644633,8011.844813509273,8061.635674545788,8121.204855894802,8176.670765759442,8231.72261312408,8288.34184330122,8346.03578050961,8404.540508733624,8463.941477192013,8524.294594087904,8585.605718796292,8647.884372801556
W223,27833.35184757074,28005.386422851778,28174.42685750782,28346.323737476363,28519.936437757402,28695.18683335094,28872.149143006984,29050.839968288026,29231.269074819065,29413.459900100104,29597.428069131147,29783.19701941219,29970.77846969323
W224,1689.904055431055,1664.047368593201,1641.1294024584718,1616.6341658159304,1592.6325815171385,1568.0837560074096,1543.4741394820558,1518.5606899488894,1493.4562003766605,1468.1025652966186,1442.5244429118893,1416.7068185740354,1390.653964743994
W225,1939.334692333678,1969.9880590046814,1986.2838817303723,2001.5351487920007,2018.7311180020665,2035.5913938527574,2051.8700046643858,2067.9395090307016,2083.80942843608,2099.4266622945834,2114.7990231062117,2129.938595831903,2144.8473335966564
W226,2953.7564685957395,2991.7565134663955,3035.9477204464274,3077.816539731146,3120.5127515939903,3161.6994419724588,3202.5239497337407,3242.29608933096,3281.409171310991,3319.659216181648,3357.1847737476164,3393.9323772120233,3429.9568361451793
W227,1431.9825785851544,1513.7469845724713,1591.8500136066627,1667.4994293596046,1739.218669331296,1807.4869815686125,1872.5233602121793,1934.4491431526208,1993.4176507024376,2049.572193408504,2103.0472927551955,2153.9718549925124,2202.4683166438913
W228,7987.258950409245,8024.206772722642,8005.698280949124,8024.397232412912,8017.747139076893,8028.05743392447,8026.727088513257,8033.100020689933,8034.10237791544,8038.579039340164,8040.554586873288,8044.0741865304335,8046.407293267659
W229,469.5410779872891,449.68260167810126,447.8670330837572,435.1336788448816,428.80639150053776,418.5172511288497,410.47005411653686,400.950689135474,392.18083587316096,382.8296227475671,373.6926430204103,364.2922355588787,354.9134345426596
W23,802.9772399675185,850.7689659542577,869.9303818824033,896.1245736894548,926.0804842465066,950.8277766394958,974.2592120988911,997.7628216305525,1019.8755925391665,1040.7534086137964,1060.8389883603013,1080.020301749384,1098.2780921892484
W230,3066.245453622003,3032.7510790548567,3022.1121732377096,2997.5103767955625,2973.0926623846653,2950.592916723768,2927.406159344121,2903.974773058224,2880.5712188035777,2857.0553598614297,2833.4228017005325,2809.6955169771363,2785.867158034989
W231,593.7095470606564,624.0301531978303,661.6996362881291,697.8454377378032,737.0589882109145,774.5300460082449,812.8056692352625,849.2960751771238,885.4309513338292,919.8323680178783,953.3175249363021,985.168648651601,1015.865719632525
W232,1901.2793950095584,1895.9264108721973,1886.4611220473362,1877.503645722476,1868.0754662726158,1858.6897672915038,1849.2479159666436,1839.8075294855335,1830.3583539419224,1820.9072252733113,1811.452678635951,1801.99617887359,1792.537725986229
W233,1056.0187098443816,1086.55868572106,1119.566435035239,1151.0955466541045,1182.0815674526584,1212.2010111027744,1241.5666705732028,1270.1678036764438,1298.0330969359347,1325.1790298438632,1351.6250115799166,1377.38935269097,1402.489753372336
W234,1865.8593531098713,1885.4792361334921,1917.8676738446125,1944.2159504229207,1972.2710141106036,1998.8629430326619,2025.3102186344076,2051.0862295877155,2076.4216887832113,2101.234809111519,2125.573686275765,2149.4325829712607,2172.8284669714435
W235,433.2958787551156,458.45498611260655,482.8042790169725,507.8719557104009,531.9312095522666,555.4794160308513,578.0456278805298,599.8091053552082,620.6602903494179,640.6790778826901,659.8585099472123,678.2461939648592,695.8628818887564
W236,3374.9650092543898,3466.7258907771648,3603.895219565564,3701.9809301899013,3819.2474269470504,3911.222297727638,4010.968286672287,4094.376140851312,4179.940489170961,4254.529617764048,4328.4899621774475,4394.696888622097,4458.971991336278
W237,1125.0573545103143,1170.8272979374206,1216.9025392160893,1261.2353488541335,1303.8138860312397,1344.6263099270964,1383.73890472139,1421.2190532266218,1457.1344434310718,1491.5503219167722,1524.5294328243472,1556.1314685366096,1586.4142293465288
W238,397.29665451408823,425.3657325235181,457.0628622907607,489.02573912831554,520.8435353994644,551.7649083307692,581.5869160276993,610.1512332949417,637.423009058278,663.4012667552079,688.116584999013,711.6116273639116,733.9365342307635
W239,4378.5399250810515,4893.920282818606,5483.223492118661,5995.874845949966,6480.978592359395,6909.27301259695,7297.142628147005,7641.66556400956,7950.100609247114,8224.723154484667,8469.853756362847,8688.343244959777,8883.26315347858
W24,8296.036964388062,8888.828998838151,9334.581726647613,9757.35667125395,10108.058251602477,10392.435124919753,10631.599107612026,10832.22585885899,10999.268625730954,11138.78087502479,11255.531832814722,11353.224379960124,11435.03985191021
W240,2628.313371590263,2711.7155176088463,2791.9670288618036,2870.7068213647617,2947.132404883345,3021.522588011302,3093.8383082486353,3164.1647706734684,3232.5471413014257,3299.042549038759,3363.703728260467,3426.581704357174,3487.7270144382574
W241,955.1121427578673,904.3085801022039,849.956067251228,792.2722555721266,731.9306069789632,668.6117855342372,602.4587355738859,533.1935029963474,460.796434481309,385.0443854975201,305.8434839746692,222.99512151431827,136.3617248742794
W242,1525.6987506263922,1575.6913216646162,1610.5374083278393,1646.9679676473124,1684.7354410292864,1721.2846526925096,1757.1324483401077,1792.5937693783308,1827.5411744009298,1861.9590384079029,1895.880564524252,1929.312100406225,1962.257308163198
W243,1232.2021162175033,1295.7718437407648,1370.6865419671508,1447.6847362872868,1526.3654257246103,1603.2088348884963,1678.0061014742573,1749.5094227475188,1817.7095213645298,1882.2542244737283,1943.2525408641768,2000.6978787390003,2054.751615051324
W244,809.9966521777972,849.2194317721824,892.4278070696928,939.9190192812657,987.8086689928386,1036.4381868684738,1083.7069869706716,1129.9460019166195,1174.05769752663,1216.3410239960153,1256.2572240005568,1294.067894219942,1329.541314683468
W245,2348.7595901678196,2366.251712011801,2381.680845574532,2398.2950377310135,2414.538624418745,2430.573959153351,2446.5204267004574,2462.3221188569387,2477.986359841545,2493.5187648886513,2508.9183574357576,2524.186602326614,2539.325208545595
W246,1073.1669879809056,1041.149782903419,1001.3112887634325,962.4759684515709,919.3590319287719,875.074187691129,827.5179811487988,777.7593820283435,724.9060563453882,669.2542687483704,610.3576691396338,548.2084450191785,482.5156417971607
W247,4381.681549288101,4542.875429210547,4688.401340382992,4833.235357024188,4968.669959602883,5099.207833665952,5222.707621791523,5340.653943120218,5452.666426558289,5559.353958824484,5660.797594606304,5757.34206046625,5849.177175740258
W248,16230.455197373538,17395.05964006723,17381.24806713592,16511.95797857961,16557.4579290858,17253.644403029488,17239.863103535678,16731.345475916867,16773.800992829307,17192.379556616746,17183.500600872936,16888.807192004126,16925.751478447815
W249,21380.73715406158,21522.529064730974,21640.41179571287,21759.590425132264,21880.66065611416,22003.17131678356,22127.132172765454,22252.57056780985,22379.507009729245,22507.95907664864,22637.94434669304,22769.483327674934,22902.59848053183
W25,1414.1551659297056,1421.825047903932,1467.1787067336268,1505.5095994500402,1537.462501443798,1569.2789288281801,1599.9609567984999,1628.8989051789763,1656.4253545360148,1682.661093443835,1707.6255921172797,1731.380251923537,1753.9896480579196
W250,3363.7012939060146,3334.5036704505123,3385.735124143447,3452.822290727007,3472.363680943379,3486.9031180347515,3531.6375014151863,3579.0191015924966,3609.821233996369,3641.7306662049286,3685.153892358801,3728.934052106423,3767.6113065806085
W251,6732.894773795082,6729.51731660246,6725.222623081714,6720.712353389094,6716.085384477721,6711.402995644476,6706.683009154978,6701.933237509233,6697.15587797286,6692.35166296774,6687.520836634492,6682.663154832497,6677.778617561749
W252,8579.807719953566,8762.989191404871,8749.895760512427,8626.559409698108,8638.282629196288,8743.428456116344,8757.22516194265,8693.93617440958,8691.215302110886,8750.804244265317,8771.253782122873,8742.236523105428,8737.712184009859
W253,12327.577239202878,12384.813132132123,12396.468946936366,12372.437017599983,12371.762510138604,12399.227773185034,12416.62528720803,12413.449559043522,12413.001369941514,12426.716510917635,12441.350353065627,12446.781802635498,12449.84435572099
W254,5920.527441374008,5879.297033867426,5931.439184954594,5970.9348516667615,5943.479956855492,5918.379554231722,5940.628394772015,5965.850135702933,5958.0391617901005,5944.90653260383,5954.50144248006,5970.064492004727,5970.216042505957
W255,1908.7662862536972,1890.7651699367034,1871.0021517642408,1850.650968308575,1829.780284120487,1808.1455008113057,1785.5462399630615,1761.8817935679426,1737.1059580126675,1711.184858785517,1684.079189245867,1655.7420743937164,1626.1217564165663
W256,2680.944752641836,2695.5149638106514,2710.697685660619,2725.120779214688,2738.9545401881905,2752.2395035542713,2765.002284455753,2777.270333454158,2789.069704931811,2800.425036111002,2811.359646236116,2821.895662458642,2832.054040818009
W257,4020.00951209348,4022.1977061719426,4024.45694517228,4026.6964087819924,4028.933430985455,4031.1636172514154,4033.388188283003,4035.60641165834,4037.8187756586776,4040.02454786214,4042.2244606906024,4044.418025862813,4046.6057316600254
W258,2129.2715630327525,2131.876540050566,2136.214122048848,2140.4796825627545,2144.802219395021,2149.0795291765057,2153.317288176741,2157.510186337132,2161.6589560795546,2165.7638110270555,2169.825269978462,2173.8438517326035,2177.820075088307
W259,6461.156547619037,6470.697925852566,6517.506882211095,6572.798260444626,6619.473427740655,6667.423497380434,6715.938508426463,6763.786039003744,6811.477319581023,6859.029928283302,6906.363298704331,6953.502821469112,7000.454844233891
W26,3456.0426465937153,3965.7668049469794,4364.608394940868,4734.369662669132,5057.560617897396,5337.738145391284,5582.611229525798,5796.512756043125,5983.221289396388,6146.2409799762145,6288.596241845104,6412.914211233523,6521.492373493037
W260,381.66188279715243,340.26383057446037,220.0241035470808,127.48860015251375,45.638887773571696,-40.20319521083911,-117.48131335149992,-191.18209994919198,-261.60151447657154,-327.8690735352011,-390.90262380477,-450.7436081563683,-507.5415016876541
W261,4606.534254372182,4566.746235103314,4532.697473646946,4495.7920227374525,4457.971532765459,4419.8837088090895,4381.056382899596,4341.519096052603,4301.31579358061,4260.415957905492,4218.807381995999,4176.483229914631,4133.432271192638
W262,4385.997682663001,4391.008092706328,4396.328027285789,4401.749951611343,4407.210022909553,4412.693241790771,4418.195198464958,4423.714580676255,4429.25081622007,4434.803538885468,4440.372435867272,4445.957232507279,4451.557631259103
W263,2364.646938030565,2355.716120488354,2345.8029421062997,2336.069161307253,2326.7487868802764,2317.683569924003,2308.8721371474176,2300.3173877204413,2292.008030139168,2283.935580516879,2276.0924857529885,2268.4711927469107,2261.064346762317
W264,3970.4836373933363,3926.823323298283,3883.9413905508864,3841.7622165925522,3800.8942608959364,3761.2061147696336,3722.6523680573932,3685.1880378490587,3648.7690567618183,3613.3533715730155,3578.9006380443684,3545.3719157461906,3512.7301563386372
W265,2188.320578519646,2183.449030336038,2177.884595799891,2172.5538038418686,2167.177082928768,2161.8405994424256,2156.51768101956,2151.216323265639,2145.9338406337883,2140.67085873436,2135.426935062471,2130.201993324175,2124.995835155215
W266,2176.7904790278053,2172.0675037478363,2166.5719378306603,2161.383394008211,2156.2529251369333,2151.233692837922,2146.3094846477966,2141.4801174610893,2136.7418452450856,2132.0918756413857,2127.527313294767,2123.04539254971,2118.643446932827
W267,3234.33949701199,3247.763593843722,3264.264533937173,3281.0625321360926,3298.641902405325,3316.9455768737753,3336.0069417719137,3355.845101103646,3376.482027525222,3397.9401209389853,3420.2422084933737,3443.4123380399496,3467.474435359963
W268,1363.0980296560665,1358.3522657872604,1354.1318391376926,1349.8788120852928,1345.6778785387523,1341.5178232881103,1337.3987912918628,1333.3201645690528,1329.2812106978054,1325.2812888089798,1321.3197580334354,1317.3959698726371,1313.5092987162334
W269,1313.8220151773094,1313.5071462353546,1312.2860349227944,1311.2083133120775,1310.1102030981501,1309.0134928781192,1307.9158318447949,1306.8173773544395,1305.7181360827726,1304.618098493052,1303.5172674462997,1302.4156372204707,1301.3132087692386
W27,2031.0776555489197,2099.940784693022,2207.0580031925933,2302.0663349734145,2377.7159021057982,2450.9862578124007,2516.5811374447844,2574.5481484248244,2627.3039777642393,2674.7198107657637,2717.2775810231474,2755.646874718031,2790.172998246899
W270,8205.635007729647,8383.570665232726,8556.787328595181,8722.62923609826,8880.29194438259,9030.216615557545,9172.849538685625,9308.570352438703,9437.734769707407,9560.681413538612,9677.731450924504,9789.189325224459,9895.344343079101
W271,7823.83970637405,7883.189684573055,7956.47130339706,8030.794670267938,8103.079462920068,8173.892331744073,8243.457153693076,8311.781008845206,8378.877569075461,8444.772957430714,8509.491832114094,8573.058607188099,8635.496720152727
W272,977.5051775580616,975.7142335727335,973.926814367679,972.1616119594994,970.4024520317885,968.6499601948979,966.9031827745113,965.1621197706286,963.4266643717262,961.6967936896208,959.9724543185506,958.2536081115429,956.540232180414
W273,6462.769825607862,6445.093253885517,6425.986018100671,6406.812376065825,6387.710023093479,6368.723881058633,6349.860297617537,6331.119761051441,6312.502515500971,6294.0070961223755,6275.633258775029,6257.380026896433,6239.246668064712
W274,829.7131341907287,830.3860711894032,830.6681390474527,831.0232736169278,831.4060418533952,831.8320306098822,832.3006600524043,832.8133568777389,833.3710976483859,833.9749733677635,834.6260368923168,835.3254021136476,836.0741752939625
W275,8706.433065663381,8740.231484884851,8770.110226371944,8800.444778405912,8830.74319762738,8860.77696841135,8890.586862242195,8920.186306854288,8949.574081544506,8978.7516511566,9007.720968815569,9036.483743505787,9065.042172492882
W276,11124.484909185045,11028.801840499993,10934.635129236814,10843.687900395511,10756.519236007332,10672.818833337906,10592.425071293477,10515.224180342799,10441.095066735872,10369.919200199256,10301.583909834515,10235.980553063524,10173.004759769097
W277,3159.169307334958,3163.0665373623615,3163.54848418664,3164.5325672413874,3165.653002835197,3166.716797804007,3167.761305663442,3168.794155808033,3169.8129678666864,3170.8172535581525,3171.80750116368,3172.783649648115,3173.7457600466123
W278,1317.4888605519145,1312.1688830052476,1307.7320765401237,1303.1852084294917,1298.741657579602,1294.3542514440678,1290.0311916220103,1285.7689991095228,1281.5667278616838,1277.4229130347435,1273.3362728904203,1269.3054875434602,1265.3292981437658
W279,1248.7020247588816,1230.942811677609,1212.193059045555,1192.6335529955322,1172.4556997775408,1151.5847923603305,1130.0028253728076,1107.6873989126286,1084.614220987606,1060.7585113243017,1036.0948182625602,1010.5968356500375,984.237097666421
W28,4695.627887348537,4941.155310588596,5127.597101504436,5260.34660116051,5355.203888902522,5422.959400521487,5471.362037384592,5505.943583549455,5530.65474549801,5548.316949621858,5560.945103757913,5569.978157491136,5576.443759747307
W280,5392.392899846558,5391.409586009842,5388.9560573293775,5387.0146746450055,5385.186695280947,5383.3383301747,5381.545384990329,5379.8048690051755,5378.108298332523,5376.457381956745,5374.852119877843,5373.291718638783,5371.775842546209
W281,1772.610757707764,1766.3643269241772,1765.405295432583,1764.6801811773166,1763.4307978180466,1762.2168262934933,1761.073972170063,1759.9431457871112,1758.8244959178314,1757.7234699499186,1756.6392133911856,1755.5708107142887,1754.5179720022352
W282,2136.0343015968865,2126.4884336246314,2118.415832253939,2110.93399016059,2103.8374630086473,2096.9473567551413,2090.1750483531987,2083.4675592871936,2076.7952875063447,2070.141326272371,2063.496154100897,2056.8542778278606,2050.212767765761
W283,350.1913650945771,359.54245044801587,371.55991763739235,385.2796553345811,400.29809908645734,416.1516258461462,432.53335084802256,449.17954118193006,465.8939688205252,482.5212382559953,498.9436737070903,515.0717365995915,530.8388680956086
W284,566.4600930341408,565.1448093510753,563.8245818203536,562.4994104419757,561.169234180785,559.8341140719383,558.4939280451226,557.1487371354947,555.7984192727417,554.4429744568636,553.0824026878606,551.7166429305762,550.3456951850108
W285,681.6596815247585,665.6064397294563,649.279272152904,632.7951221544763,616.145688952924,599.3312166888718,582.3495080966945,565.1990983326423,547.87827841234,530.3860717732878,512.721013571735,494.8811506826828,476.86526240300554
W286,10510.818235791303,10339.552350546108,10177.716152800913,10018.405345680718,9864.748347154273,9715.746622065328,9571.576928226383,9431.99512501244,9296.895743673495,9166.1288818658,9039.566609901854,8917.07758012541,8798.538745661464
W287,2201.5010345712353,2193.1902079261545,2184.7870350896674,2176.242687936774,2167.5542978151298,2158.720277810674,2149.738796868718,2140.607901864262,2131.325578637149,2121.889874062381,2112.2988350149562,2102.5502642292504,2092.6424527208874
W288,7827.248705419321,7833.360460937405,7839.499071924241,7845.661150928656,7851.843615675256,7858.04606943553,7864.268359621583,7870.51015054006,7876.771289603066,7883.0515021524025,7889.350696635331,7895.668598393651,7902.00490225158
W289,9911.734463594461,9919.962518408338,9921.004827982955,9923.983004867145,9927.254104724965,9930.360028191186,9933.480584836116,9936.62615063632,9939.782122930665,9942.949524058018,9946.129254286932,9949.32100844163,9952.524756004528
W29,789.5009374565539,813.8410616818396,842.8658477723598,866.3648465093643,887.7429040842596,907.3223471572016,925.0194049762374,941.0451065941013,955.5600965420433,968.6952647126416,980.5753974828492,991.3139897257131,1001.0138551619364
W290,15754.09372889054,15789.426964260567,15886.729682052466,15985.832204531866,16082.538730917517,16181.561663553166,16282.97644189194,16386.487899918215,16492.163420444493,16600.076245658267,16710.27618024704,16822.813028898316,16937.74099083084
W291,8370.830269678943,8365.230877217997,8340.462600479705,8320.223071300006,8301.585287725778,8283.280389893738,8265.501065792167,8248.297364249187,8231.64114805777,8215.51544944448,8199.907695167127,8184.805128878053,8170.194811124138
W292,18533.86851287404,18689.559750016197,18761.911143408346,18850.016443050503,18947.816566911402,19045.446280616055,19144.06671697696,19244.67348146286,19347.137179542515,19451.402635434668,19557.52746632682,19665.556594093974,19775.526151548627
W293,1863.3779539453817,1897.7023245689588,1900.307781160554,1906.8799011127448,1910.3358234788761,1911.7866722976437,1913.0700711652398,1914.179334824706,1915.1656012002363,1916.122633643272,1917.0664729558143,1918.002316662888,1918.9354118805813
W294,1539.6542401311387,1548.0003151378291,1563.4092258378791,1576.0947631248432,1587.6407587858305,1598.6193105991615,1608.7678910990162,1618.2005826218199,1626.984554357026,1635.1582355648884,1642.7690505618134,1649.8593730050272,1656.4676779311512
W295,2889.0380235502985,2811.551859433316,2779.783300907154,2742.4211754864605,2697.328245622408,2656.3791451040584,2618.562200957779,2581.09242478025,2544.3680480778185,2508.8531287728474,2474.282316523541,2440.467447572574,2407.3897002036388
W296,3089.8206271014633,2677.427418945856,2899.238907445522,2941.7283515726294,2780.1955693661184,2760.8433453344564,2803.8629360901823,2778.174165190434,2747.9905229127407,2751.7439510047684,2751.467218908121,2739.421014212444,2733.185663683513
W297,4982.141844930528,5008.765563832501,5258.2271886182625,5159.896355823458,5031.362014651579,5059.641794726036,5086.779723375324,5055.210634126051,5035.771794377053,5041.476617080753,5040.811959174559,5032.106097769525,5028.084568854459
W298,3488.459307436398,3436.1361519120956,3572.2257046702634,3537.6458066685436,3489.206503149246,3502.0255662147265,3502.35316943371,3486.0791481638626,3478.944838512439,3474.962990866631,3467.222150072019,3459.663702351442,3453.451001386466
W299,3493.3786860598802,3105.4330275977777,3306.9797473705385,3343.050083934071,3214.509187740035,3197.1931336175326,3222.5034985624125,3202.9139916811205,3183.226027463403,3183.989813047321,3182.861865461684,3176.9029547412806,3174.5586728126864
W3,9608.293850263575,9777.772275905103,9769.783172249756,9636.705811758471,9621.45523349375,9716.282047807154,9736.481420714306,9663.687751629272,9635.163613794237,9682.79902185764,9706.981060780417,9670.52955478132,9643.89433296191
W30,3881.2343840810227,3971.0279542465814,4088.9800937480777,4189.4438299292615,4280.879612008883,4366.174524947879,4444.297562886875,4516.14167016181,4582.267759858619,4643.08586615699,4699.038371869424,4750.520052386545,4797.890648919291
W300,1889.356379371353,1815.184453208626,1892.0808787915046,1878.0672625653012,1845.11635233275,1851.1633573681434,1851.746996848727,1841.9640305706437,1838.4897419659,1837.1997213588984,1833.6778625255781,1830.727859237302,1828.8201728626304
W301,2544.0750176055526,2568.0434774498062,2549.8609744644705,2550.768202695565,2548.3405443757565,2544.5019020166415,2541.442825468683,2537.941581638621,2534.2830492572275,2530.527843864055,2526.6322833607137,2522.6280421322745,2518.524783760586
W302,2917.1758271615713,2767.8850993564633,2883.46165060409,2870.070737404695,2809.07220778074,2811.6190539807594,2816.439038227043,2801.664386509887,2794.003322172187,2792.807007170729,2788.6029712220056,2784.0093330889868,2781.3104515115247
W303,5479.221422123002,5366.514120168993,5516.768854347796,5467.405817377918,5411.104321011677,5416.284903197682,5407.5651195542205,5388.465388248404,5378.3670979444805,5369.939481964592,5359.731516253259,5350.590972455073,5342.4021050256
W304,3130.725008730344,2746.9754495104758,2949.575575959553,3044.4787038124387,2887.0553317263593,2832.8654105298674,2886.964851287111,2877.328012556745,2830.9429667340933,2824.5593437935217,2831.1503359499966,2818.306908474513,2804.2778950233824
W305,3224.8218662503386,3194.4733384226715,3189.524281877963,3175.177382926028,3161.7185378681356,3150.4164368135393,3139.9373929336257,3130.1655710385758,3121.0683096904004,3112.5207767357797,3104.427356787751,3096.7154523426516,3089.3225562479247
W306,2481.097001097473,2393.8460976222837,2510.803443239196,2516.0536279064013,2470.621203969176,2480.4231206996747,2495.29803857649,2487.3401341304602,2482.919645427304,2486.1193654643826,2485.8198513019374,2483.2994699825094,2482.5303093662064
W307,3474.7926690210265,3065.5856055794884,3349.2694570549424,3464.3259281593027,3272.7931372251937,3234.0935830450253,3322.699622325655,3311.848199295494,3259.7688662235237,3268.0016630961163,3286.1463300310606,3273.076456931472,3262.2370287400254
W308,2325.575690634039,2244.619462650547,2337.728515581362,2351.026060333466,2316.7435288679185,2328.050475895108,2343.5338987154205,2338.4712995378045,2337.4026962949133,2342.9193038521935,2344.4048290177343,2344.162597206194,2345.8455093517914
W309,6111.606746161735,5915.388857630187,6070.883401959966,6015.287431153027,5908.655571674213,5892.455459631922,5874.886725763459,5833.130453748025,5802.875616058761,5781.428128528189,5757.201847662656,5733.735404901371,5713.497760052684
W31,1048.3435995122386,1079.9732583337072,1146.5735287274417,1173.7832656739104,1205.0451571613949,1236.7561453285666,1263.5178231930042,1288.2978116043166,1311.1988937656292,1331.9928287101447,1351.0198874339571,1368.4385782378479,1384.3604428698636
W310,4372.305385734461,4380.171012489973,4432.856600793337,4267.843977426778,4222.564386286782,4195.337750774228,4141.894470974564,4107.98650001279,4080.336703947258,4051.2842169942733,4026.620508727812,4004.341615677416,3982.9583887494564
W311,4851.764951527268,4472.9021527990935,4698.880670294064,4763.788364119601,4642.6032349165735,4617.488269440353,4648.406278207296,4638.383758104611,4617.812665461642,4616.303626499093,4617.269488735885,4612.365623837973,4608.763917295772
W312,4070.615363244164,4046.7007150498894,4051.800318564599,4009.1302077238392,3979.194654988549,3958.9479297679063,3938.0699637025377,3919.307323564903,3903.3150844282454,3889.064079117271,3876.375520400535,3865.181567701866,3855.2714589973366
W313,2047.9315866011602,2052.500302187691,2055.3231872383326,2056.032157799228,2054.96571484694,2052.446671415526,2048.7318004999815,2044.0318469580939,2038.5205282886427,2032.3409347397362,2025.610919476047,2018.4275503305216,2010.870777635802
W314,7912.90138202136,7937.018046793733,8028.649848284857,7851.607577510355,7774.577086521011,7741.587641674243,7677.795309864586,7624.842882840084,7584.911268803864,7545.438181378971,7509.742834432595,7478.973680723523,7451.117200964647
W315,5321.9120360555535,5280.02153395283,5216.049031117685,5167.196401329416,5126.520926082162,5092.996390776315,5065.598015138436,5043.342614354073,5025.4403477249825,5011.215434001167,5000.0978658584045,4991.60608354328,4985.333058857549
W316,2783.7382145265974,2854.101349481437,2873.0217621157203,2817.893575506839,2810.6814426699307,2808.3936949038234,2792.425889612081,2782.5378305666763,2775.9317615725417,2767.7427419863657,2760.5543060488712,2754.5740686587405,2748.8155681765684
W317,3874.0968082089976,3979.5679635608144,3897.759019043857,3858.5345214339427,3830.8223605549856,3792.6314589838894,3754.9763430878425,3717.748945354332,3679.6102355175503,3641.0899605867744,3602.3102671684496,3563.2431153303246,3523.9479504535648
W318,3488.094789616065,3477.772081215773,3464.8785491460476,3450.8732273729534,3436.2485666106013,3420.9961497294744,3405.2055381919754,3388.9464474979827,3372.279029701329,3355.255963863903,3337.9231016931644,3320.3203868841815,3302.482608522342
W319,2181.7586650075796,2253.6501932930178,2259.1583731134906,2218.718181046756,2218.903690884318,2217.2302987443413,2205.659190082148,2200.0105858450033,2195.916619516794,2190.4013961695423,2185.903693726831,2182.1930510680554,2178.5607146074
W32,4495.311643969107,4678.748321973791,4887.7579980253495,5078.062351811283,5252.143805206592,5416.767983211277,5570.396799887836,5713.693585314395,5847.674941053454,5972.850266519075,6089.791705265947,6199.062855926881,6301.166037837816
W320,2182.2872005414356,2019.95285714208,2010.463896433154,1973.7299253482518,1929.250257241865,1900.931630395244,1879.4171569910056,1860.6149753042966,1845.4154585650974,1833.2807153854687,1823.3054894940478,1815.0571102975732,1808.2234726172119
W321,5946.184645988367,5946.755347138953,5954.310301219226,5935.739004078796,5924.017636747936,5918.568913460045,5914.450020341832,5911.892349300035,5911.114825810728,5911.709693068491,5913.408980034506,5916.057565859165,5919.506139476792
W322,2226.7746413991426,2295.0034516124847,2305.372278381613,2293.937607836288,2302.887277577218,2309.196020957064,2311.558536309566,2315.636484782796,2319.7384124430373,2323.209553207527,2326.6797879814158,2330.0895331007637,2333.3333732213323
W323,4241.672063822685,4237.692867099853,4231.508973721747,4214.058841177381,4202.107470763752,4191.855868416529,4182.154783151522,4173.292406764077,4165.039378673751,4157.218071317069,4149.736725489164,4142.515082224545,4135.49026768288
W324,2419.6519840095616,2352.7019492301147,2391.5622453184346,2380.750694301729,2362.6490307896,2360.638299169867,2358.7849848474966,2354.9867394948533,2352.825276073133,2351.57897640683,2350.3741897066825,2349.403395344716,2348.6896598416206
W325,3666.0475831623316,3747.206722992415,3666.3803586721083,3627.4743358435003,3612.7108987692873,3586.0590034431207,3563.19363765797,3545.166070945085,3527.8423845422585,3511.9981025888947,3497.7841230647305,3484.6392772991107,3472.4366312405227
W326,3699.8795912344244,3533.569122778727,3538.910235133576,3540.626332229636,3516.287642643567,3499.463174248904,3491.4083896921325,3484.689071520248,3478.7822171087396,3474.594938579189,3471.7411227647876,3469.7267139175497,3468.386229516417
W327,8536.390356285961,8588.027652026181,8622.23095156584,8560.437127387235,8542.846618943495,8531.944800685302,8509.93733057164,8492.322835311494,8476.9090198304,8460.823588748719,8445.56858292949,8431.090430671664,8416.953924608295
W328,2341.379524443421,2316.132925967124,2420.373170599957,2334.9657959853544,2295.6580879662106,2313.818737033248,2292.689112433904,2271.3744998127095,2267.95658709691,2258.509254482124,2246.643883499113,2239.4500975991095,2231.987415119364
W329,9253.651605301866,8925.783403678279,9293.593699369147,9138.527453922317,8958.514431131738,8969.778050186862,8932.257398001751,8859.67348287719,8823.717177005556,8793.340110025523,8755.361907791585,8723.700111807648,8696.957055142557
W33,1638.9526263523535,1771.89303770793,1869.6253191806945,1953.7114214542398,2024.418007126223,2082.7944536380496,2131.2977922397204,2171.6634202701016,2205.223536825874,2233.1299973757864,2256.3439377840978,2275.65885322903,2291.7342514620477
W330,3445.463823767552,3355.235054462144,3398.3061051030245,3374.5538029301842,3345.5665573674514,3337.3435883092357,3328.8900093572206,3318.8921751485527,3311.4773363546187,3305.3629369184428,3299.5783023252534,3294.3390771730583,3289.573675329808
W331,5763.350521309767,5590.479292148208,5725.766746763505,5663.844114556291,5578.674659991901,5569.135614668232,5554.3911784143875,5525.004135425314,5505.885385816978,5491.932747201074,5476.278582896997,5461.620859480372,5448.758111344509
W332,3175.933761847773,3083.41133902577,3180.2129365895084,3204.6857225077392,3194.061897403021,3209.806678865685,3228.7096558239555,3239.503715545897,3250.8254547111983,3263.815658537144,3275.9529036838903,3287.5012892725313,3299.0920332596097
W333,2524.6888325365285,2434.7993830205573,2497.565542635446,2458.6119909466233,2416.3092342407112,2407.268039882211,2394.324246188994,2377.699403148853,2366.264265003732,2356.831345105071,2347.5278960316045,2339.3305050788663,2332.1317389277633
W334,3707.806461981279,3550.7679502641886,3665.5659863986607,3638.505654613211,3595.6820743841577,3592.921385161574,3584.26844015591,3570.2603697229993,3560.817811947254,3552.5479178601686,3543.9545593794674,3536.054092973351,3528.7195826829575
W335,4004.577197806442,3939.288926591618,3964.500670635582,3919.9109849310116,3887.8525721146248,3870.8091281703078,3851.9362278966455,3834.988830400083,3821.1085219843303,3808.643731375585,3797.386504167108,3787.2888590966927,3778.069090308016
W336,1625.71485356198,1465.2201704796962,1608.4670378429691,1603.4144610076337,1512.9528494432943,1509.7428362371093,1525.4660963463539,1503.543081888948,1485.3710554381341,1484.2174005693514,1479.2276651494212,1469.498698619872,1463.6851144755765
W337,1588.5108156614663,1618.0482668390641,1642.886468749084,1642.4483568773655,1650.8035570784011,1662.280736039202,1668.9280466833527,1675.2965716219371,1682.243316927953,1688.2161967249356,1693.5835505514594,1698.7474856462936,1703.5251826429835
W338,2014.7736250479006,2047.7896742483172,2073.9391839704317,2051.4769049428514,2054.1358832204164,2063.4725396061967,2059.1772351231416,2058.2548306492417,2060.7119093983033,2059.8734921604264,2058.952158662784,2059.098755386699,2058.5303805682556
W339,3928.5573147930672,3703.0055835543244,3873.6677195030816,3820.9068589308426,3716.5050605534275,3711.0285932917354,3700.621347526625,3665.444082230265,3644.575883706366,3631.8237168291953,3615.371034204954,3600.183686663721,3588.143245021535
W34,1313.0037176546034,1360.2891655467658,1402.085294591272,1431.9420315459347,1463.0446486275503,1492.443927086119,1518.8088732692972,1543.4312047063815,1566.3642050887784,1587.5484261743004,1607.1927607852126,1625.421476499641,1642.3210296164127
W340,6110.76266220672,5873.275506247346,6266.925473395881,6129.98306765013,6001.315419289632,6080.39653496722,6066.075482370882,6019.318104701302,6027.729222209945,6026.774350033529,6011.850479901791,6009.592823759311,6009.131939620004
W341,5228.834917363034,4891.416142664255,5081.947380172507,5021.905421269627,4910.815473475145,4897.454499069335,4879.12567493208,4844.8680406751955,4824.580651779639,4810.745533391896,4796.414077113527,4784.882597184035,4776.288556219388
W342,1292.8524202061908,1279.1060056300282,1264.0887208451254,1250.9421140082209,1240.0624100949,1230.7747529192502,1222.7875622810761,1215.8840508421206,1209.8680172779211,1204.5796248193733,1199.888594879136,1195.687820771571,1191.8893780162398
W343,3527.8468802729735,3405.207401634928,3560.668108391169,3527.25741431428,3459.1997018047746,3466.7139993355518,3466.298616995724,3445.125414526501,3434.3793818570834,3429.068232305341,3420.058565907896,3411.4685200243666,3404.9870881087327
W344,3637.146644070782,3289.244545070185,3465.710785608162,3523.9865888292443,3428.1314487519867,3418.9175116013653,3448.3732712586047,3440.2260665145996,3430.1880517577765,3436.493340681374,3441.2032183043116,3441.814403033268,3445.1755305417646
W345,3006.819768282732,2754.4883809665075,2883.042690061415,2797.9092855332765,2685.643869591563,2676.6628622191856,2657.307930591437,2617.889797059392,2597.2504377888213,2583.1633112605605,2564.960820657592,2549.2329709008764,2536.4696663941
W346,5844.110278725923,5674.470656803521,5913.893592101576,5909.638821634861,5825.060499990169,5854.791071549211,5879.29473370922,5862.027786490416,5858.727289247578,5866.3171785861605,5864.9798142016,5861.89458223281,5862.347581160016
W347,3654.5834471111057,3507.2945180557617,3768.6346440236107,3800.795172613683,3687.6092418150224,3712.0863955233503,3772.581855963856,3758.232223630924,3741.743747761615,3759.6415099904507,3769.7443865839105,3764.285844644045,3765.037645111406
W348,4287.952485251124,4333.21251323251,4341.885806442167,4332.179914928924,4332.4348579188545,4330.229042699557,4326.425411012973,4322.54802215476,4318.074748973426,4313.110802726906,4307.792487316873,4302.14554527415,4296.218398458477
W349,3157.647750197784,3006.4211586710317,2846.4141106013108,2701.3013496409644,2567.49992901265,2445.4095679546476,2333.3492667110986,2230.126734022237,2134.539851968141,2045.5683263593573,1962.315703338465,1884.0080876417906,1809.9754963591786
W35,1199.78049386481,1314.5603394862555,1372.6784419436383,1413.4127400797322,1443.8288848344782,1464.8153039422518,1479.196406887916,1489.187212897545,1496.1055167709435,1500.86129546734,1504.1113750060217,1506.3132405859633,1507.783824885387
W350,4615.073005154763,3850.67683114196,3661.2875617312066,3558.803535240375,3443.6258976045237,3342.120630879317,3255.888062079678,3174.662705442057,3094.2375182723617,3014.3010531290147,2934.801840358171,2855.501992756137,2776.261705482825
W351,1687.9634962033617,1676.8315754617256,1715.2230111577726,1693.5065796129138,1679.2431239670364,1681.760082604434,1676.9399599585013,1670.1863329695354,1666.7936969816988,1663.146467621517,1658.8140426961118,1654.9843937974324,1651.3249258155388
W352,1210.298458205597,1140.0637756776873,1044.6312171732152,956.2501113054618,865.7236807306772,780.3673551363613,697.6865666514204,619.1578777758546,543.9498676112262,472.1987666262853,403.5100435710315,337.7357492267156,274.61630107380597
W353,1834.8709286460394,1664.5790653405813,1731.6470805751624,1719.1680682218528,1665.236159750379,1653.0112672701164,1646.4449975315529,1629.9356468908898,1618.0314178627755,1610.70594325971,1603.1092017193887,1596.2191442916162,1590.877840602247
W354,3341.5469405934787,3201.140307859362,3251.3064399987506,3255.3914356730666,3218.2781510129093,3203.0494030959167,3199.1057542084645,3189.9358556261886,3180.141781018522,3173.237354848355,3167.1870289055446,3161.062507100917,3155.360311384242
W355,2527.1781648660003,2434.0471726501146,2415.1932190084476,2355.8853774273275,2284.0292265200355,2232.8095502221186,2182.1418148421703,2125.8438914739404,2072.924874355711,2022.8510720812315,1972.4189934395645,1922.6821967803194,1874.403560521465
W356,4193.633012795751,4077.476289952847,4096.655237581134,4052.401064481883,4012.5782802376125,3992.848021475519,3973.9728824186263,3956.094436019204,3941.3605447116397,3928.199841232139,3915.9032429772483,3904.427856537238,3893.543742451353
W357,3485.6331662528123,3396.9378996736837,3540.2423584363523,3509.8262971794893,3446.2705874851263,3471.541721052482,3476.828426214076,3451.395992276549,3446.8311673630697,3447.6919978145806,3437.5123867530306,3429.431709865064,3425.494694476121
W358,5671.816945831685,5280.388949951945,5499.178864838806,5459.033774537678,5314.371548616434,5286.938662294799,5274.2357411831235,5232.072187747231,5200.313968783994,5181.2890948524955,5161.282062260108,5141.963704594479,5126.299220372453
W359,3898.6917576270766,3466.755581045531,3709.159065108516,3668.6578250504076,3477.0164482735495,3472.8481549927847,3467.2273775811605,3394.6352256578175,3357.193677982522,3340.5044801607414,3307.5402731836875,3278.039399336517,3258.7230652842677
W36,15399.675785707286,14895.136890114638,15122.174166396991,15040.415544241843,14770.63665841482,14653.340682744047,14579.885039104523,14451.866407183752,14326.151242059854,14225.899944123455,14126.463587593307,14024.27967246941,13928.441216329888
W37,2890.5472175002487,2884.4581873655125,2878.0358289837054,2871.9630799768984,2866.186687171263,2860.7402199027374,2855.610578500911,2850.787287807092,2846.2571413393475,2842.007382750021,2838.0255227202647,2834.2996365064264,2830.8182876461037
W38,3087.6187858309004,3087.6449488610406,3087.4106558059757,3087.194604633235,3086.9739872678674,3086.752126311191,3086.528701328636,3086.3037504671747,3086.0772660974126,3085.849248219349,3085.6196853888937,3085.388581420743,3085.1559363148967
W39,5838.57572172598,5840.055159912699,5842.602698075004,5845.054502594731,5847.597035874223,5850.136929383208,5852.685322037701,5855.234492890435,5857.78496074024,5860.336069459186,5862.8878495648505,5865.440209504499,5867.993164536921
W4,2567.8778110034077,2748.9125542923243,2896.474946507022,3024.103439795939,3132.8087153114175,3225.808729596428,3305.2822241060476,3373.222912219183,3431.302943594037,3480.9584144220157,3523.414971675776,3559.720070189302,3590.7686989762656
W40,5831.959920357686,5830.395153639652,5829.546710774157,5828.488291712372,5827.442552704299,5826.3322690184905,5825.173416607097,5823.958839098047,5822.688994255012,5821.362508786978,5819.978680789647,5818.536686288409,5817.035701308656
W41,6203.414071262689,6207.614964015587,6211.805297686456,6215.904811044823,6219.987600770378,6224.063127312339,6228.129498580864,6232.186256812278,6236.233524076895,6240.271300374716,6244.299585705739,6248.318502140279,6252.3280496783345
W42,6213.377993940894,6217.05635840392,6220.77045895093,6224.477540454973,6228.175008921905,6231.862620211103,6235.540465875301,6239.208515396921,6242.866829811119,6246.515439635474,6250.154436422718,6253.7837896552755,6257.403651921037
W43,6210.563452035382,6215.277067459751,6220.110983177089,6224.933180144426,6229.739111242623,6234.526670758789,6239.295675587455,6244.046217281355,6248.778356875645,6253.492246958217,6258.187948564227,6262.8656142815635,6267.525305145386
W44,5832.045214570452,5836.457406888094,5841.552246910814,5846.689796284119,5851.851088333207,5856.994451305146,5862.113842719467,5867.206256594726,5872.27125042604,5877.308808954619,5882.319206838667,5887.302764512754,5892.25980241145
W45,2930.8430360030393,2928.3326469210747,2925.5302656516105,2922.6779881419116,2919.856106140025,2917.076429948686,2914.3424385718,2911.6541625269447,2909.0112661207613,2906.4132000368436,2903.8594149587857,2901.349361570181,2898.8824905546226
W46,3282.006914959573,3294.6053153776224,3300.5818285886403,3307.5195539578617,3314.9487344052077,3322.452225155288,3330.0969512569313,3337.9067164210746,3345.8795980402956,3354.018556319673,3362.3277416498318,3370.8110602807715,3379.472448980071
W47,2931.680297088139,2930.863976199449,2929.7376272345878,2928.4775502423827,2927.2110340411928,2925.952177752112,2924.708702322407,2923.481553796999,2922.2710983868246,2921.077305574307,2919.9000838067113,2918.7392804961464,2917.5947735723003
W48,2988.3875937950224,2989.2212959761346,2993.857213733418,2998.6957071742954,3003.7586268847044,3008.872938196675,3014.0372983367715,3019.243742217102,3024.4924834607136,3029.783491550029,3035.1170716608276,3040.4937425919397,3045.913962107036
W49,3218.621508494896,3213.7655287434627,3208.472750896326,3203.384761257197,3198.4738346063496,3193.72260644183,3189.1276435361,3184.6845513579087,3180.388935376007,3176.236477353089,3172.2230421573195,3168.344586209597,3164.597203259921
W5,1764.3362185257402,1917.5301462694042,2043.556288368537,2148.7694421864203,2228.049002254303,2289.7544351249207,2337.7805467064754,2374.930880089788,2403.658300875444,2425.8195824399095,2442.8570465605267,2455.9009346313396,2465.831266793949
W50,3229.0770130500587,3231.2932027210795,3233.3907400483504,3235.5136222242545,3237.644362676526,3239.7831750282107,3241.930211867201,3244.085503711073,3246.249081077407,3248.421020260147,3250.601336518082,3252.790090886369,3254.987298623796
W51,6556.839293073279,6550.584520871692,6549.613623181824,6548.655603909924,6547.852003583336,6547.052004330968,6546.2573151371935,6545.463541470763,6544.670683331676,6543.878618649619,6543.087408459751,6542.296930691758,6541.507185345639
W52,7043.877349323551,7032.684968281393,7019.379122883765,7005.71893788653,6991.662756795542,6977.169930196744,6962.229288656538,6946.828747213989,6930.955183310503,6914.595474387485,6897.735704429311,6880.3618963851995,6862.459584923119
W53,1948.083634975368,1955.9012232240166,1966.225647410165,1981.1330794088135,1995.755599298086,2009.6354434061095,2023.489408607883,2037.4080710752805,2051.285962058304,2065.1074565569525,2078.887447149351,2092.6295959448744,2106.331217396648
W54,2493.5577237254183,2499.912038784425,2508.333507774095,2518.0563988829063,2529.0245750258973,2541.2718039032625,2554.8725331468395,2569.9142413943227,2586.492570735556,2604.7101212681946,2624.6765121328654,2646.508839276833,2670.331919594628
W55,5102.510557902357,5182.913617061095,5263.9555922354575,5343.3811123316955,5420.955802349808,5496.763402524173,5570.869830823536,5643.319764982274,5714.152999922262,5783.408354002875,5851.123424880365,5917.335321929728,5982.079933822841
W56,3027.08834663951,3071.834553555596,3109.426829807619,3140.423708110424,3164.9941032589313,3183.4571986027518,3196.1633359387597,3203.5067413411734,3205.9121889799153,3203.827493796392,3197.715546415603,3188.0468668570793,3175.2928601501185
W57,2071.7434486390302,1990.4349628946786,1925.0959748309906,1871.3144895138846,1826.7903741918958,1789.2692591293064,1757.0769824151057,1728.8126479769062,1703.350552003062,1679.7588402455262,1657.2624272550804,1635.203849957994,1613.0149473435247
W58,3438.49707180606,3456.65062999426,3472.4903072620496,3484.6129282554252,3494.7816841975314,3503.225964279042,3510.4217397218804,3516.5878253759006,3521.9215021248915,3526.556627695904,3530.6016749130345,3534.141501716957,3537.2460734702204
W59,2183.2705751600224,1958.8222576122444,1881.9238515634893,1798.1816649971565,1736.4578347540655,1694.7682452336312,1663.3716359072882,1639.3408789369028,1620.6740402709606,1605.6257433225474,1593.0645250408215,1582.2292856104136,1572.5839136764966
W6,629.9797371225238,722.7334064019133,791.5955046363811,854.9649881247551,907.2670277654727,950.211050438417,986.0996379306971,1015.988362752079,1040.8413972658436,1061.5331158616393,1078.765789047279,1093.1205859511801,1105.0837431456089
W60,9031.209617831777,9020.496193813107,9008.213067646,8995.71680671327,8983.273646366477,8970.933147152495,8958.703609852577,8946.585644818282,8934.578275487114,8922.680525296571,8910.89129561384,8899.209365735796,8887.63375909994
W61,10358.454327692927,11635.678510074167,11719.261579174157,11036.152753742897,11228.692365811638,11991.740766942878,12121.764754011618,11836.908858267858,12019.317610961598,12513.339156624088,12672.623885880328,12608.368087792818,12794.360336580308
W62,7202.263531334464,7147.544843545048,7161.550215814227,7184.891372995515,7187.728623926803,7189.2889278366065,7196.913257625317,7204.5344441034795,7210.437704556252,7216.496970868399,7223.082390745,7229.626245680194,7236.059993193514
W63,6021.342262198758,6022.270316980079,6009.414436214524,5971.661155546626,5944.047767456854,5933.271110324112,5917.1401441093385,5891.56850406644,5870.551124277449,5856.521842632988,5840.600837355715,5821.290488816723,5804.173072406638
W64,13773.460942357575,13255.375198519227,13560.646388274628,13851.828222561278,13706.490525597932,13626.922359884582,13771.401069171234,13851.302141739136,13820.671964307036,13839.38016578119,13910.65867975534,13948.91131482324,13963.794809266143
W65,19305.274930072403,18793.53341617766,19242.773835876666,19689.99618916942,19593.625769024675,19566.86472387993,19844.634928735184,20049.73130546544,20093.654342351947,20201.81956673845,20397.661548937453,20550.09679285521,20661.546685210466
W66,7362.658245467822,7582.843653449614,7593.646981353282,7455.001090506949,7462.509008254367,7611.284504126784,7663.828066405451,7589.410691184119,7573.797026900286,7668.701917303953,7732.866573332621,7704.262430533163,7686.994957655581
W67,13416.705042454007,13418.667824326163,13421.976797604568,13428.705204476722,13436.184099630129,13443.542877596034,13450.802046186938,13458.047054621595,13465.29694586875,13472.548790240904,13479.80112289431,13487.052967266465,13494.30481163862
W68,6905.494513269119,6897.471759147036,6888.6958311968265,6879.534405199742,6870.116143265159,6860.486699689949,6850.661455333491,6840.644316445781,6830.4357713080735,6820.035087498489,6809.441288454531,6798.652909332446,6787.668973569738
W69,6882.725357587855,6836.72019979136,6785.841995119865,6732.345382245245,6676.859755698748,6619.572615480378,6560.515699871383,6499.671674887388,6437.004407715893,6372.473615153773,6306.034863607278,6237.642254638908,6167.248913248663
W7,3691.607787511528,4236.046751896325,4341.196653781123,4509.446531251858,4701.476438019468,4820.757321349578,4910.2801175214845,4990.965450314486,5054.280849025455,5102.6575270333,5141.799936852667,5173.169092277503,5197.78400575898
W70,2598.3950784007075,2584.941860027593,2569.7369326701028,2554.1064682032384,2538.3066922129356,2522.4657785273203,2506.621202732331,2490.7873691248406,2474.968672236101,2459.166821050486,2443.382181778934,2427.615120632381,2411.8653934702043
W71,1854.9849474063212,1788.342558580931,1745.1538745895232,1700.5104481664766,1650.8156301418658,1603.9439932696005,1560.4970390145209,1517.854985882488,1475.853740855926,1435.2213312785807,1395.874749337956,1357.4981991356108,1320.0479794996736
W72,1886.0613863230883,1845.4649021439727,1821.8985693320428,1797.1524879849585,1764.960056540218,1733.5443279763367,1705.7652266097211,1677.9009506825587,1648.6382372553962,1619.6532643067494,1591.5410635748995,1563.5389702649245,1535.369762697137
W73,1888.9889613493997,1851.1233489304232,1829.282699890353,1806.2870215534094,1775.9950175328704,1746.3442488638957,1720.256437958591,1694.0607474146145,1666.3637446147804,1638.8586363461945,1612.2053347182336,1585.6189886566808,1558.7834055345793
W74,5588.7339816263575,5126.594337410635,5225.916363116787,5333.476425932313,5269.74303171659,5212.422967578992,5207.281614378893,5197.834108835046,5172.974005634947,5150.4801133723495,5132.838760172252,5114.502094472153,5094.98891510018
W75,23758.38558419475,23624.949694013478,23509.687143675954,23393.02127302593,23280.137140657156,23169.358965319632,23061.12082904461,22955.235720113335,22851.70217368206,22750.465502250787,22651.488108163263,22554.72848751324,22460.145624675715
W76,569.1498695088021,692.7288924819068,820.4431693612605,940.5214599124902,1053.407611791844,1159.016786132136,1257.7443686755523,1349.957180711157,1436.0222876686357,1516.2857588839279,1591.07510900547,1660.6994200645113,1725.4504401079284
W77,3835.832851887117,3854.5540238057324,3856.0676761930977,3838.594512174213,3822.5428569443907,3809.9116118708184,3797.5522173831837,3784.8731207471114,3772.333184267289,3760.0648542327795,3748.0018464638943,3736.114742015322,3724.4092781917498
W78,3741.7726236762446,3669.5830298903184,3602.1020542684546,3538.3753511075283,3478.6282622044146,3422.5686122661446,3369.98137443725,3320.6654378778862,3274.4298846193037,3231.0950881966587,3190.492042262295,3152.4613840232437,3116.853272170911
W79,1498.010759262811,1524.5718148353124,1532.6077773292004,1532.7824498450611,1529.6280284278162,1525.096791214673,1520.0269034888345,1514.7774503333083,1509.5014087378408,1504.2630944983305,1499.08874510257,1493.9882253576884,1488.9644115454241
W8,2978.7310649975475,3080.3881073277284,3168.8080280758777,3235.647565523246,3298.944439396396,3354.8565171269674,3404.277902718867,3448.2665795705325,3487.317085035479,3521.990667893004,3552.7836355161535,3580.1272012838344,3604.407565147218
W80,1562.524811122574,1567.7389599865817,1559.3297110234412,1546.249197411863,1531.8441446157146,1517.662236350816,1504.289356711406,1491.9175070402575,1480.5616867270194,1470.1659494215935,1460.648862781451,1451.9237568847166,1443.9071547111266
W81,24232.77601595006,24123.102928657805,23931.40054449055,23770.745035323293,23604.246752718536,23445.63714198878,23290.116398446524,23139.291943966768,22992.47041917452,22849.765105319762,22711.005103965006,22576.12205573525,22445.014398130494
W82,4419.843758307777,4423.741396004928,4427.650813487236,4431.379933117981,4435.062299819038,4438.747291031815,4442.437470232872,4446.129541523774,4449.822589377175,4453.51655275792,4457.211553736322,4460.907531277223,4464.604607450937
W83,5949.282282723865,5919.440485501568,5888.966974412084,5859.9029176683025,5832.9849180534275,5808.417138165115,5786.181450561959,5766.172661152162,5748.255180336115,5732.2873149985835,5718.130667922771,5705.654105075474,5694.734915275052
W84,6000.351652458318,6034.28633523409,6069.918527775488,6106.726928812978,6144.66942408875,6183.772502860616,6224.078889737951,6265.6356428262225,6308.491895426214,6352.698978104329,6398.310357657445,6445.381454007436,6493.970006412114
W85,17231.85226566562,17200.921018381567,17168.766138285013,17136.993826547834,17106.43660270128,17077.656600534414,17050.983531961298,17026.597145517087,17004.57385721741,16984.921235421636,16967.601621438364,16952.54812073634,16939.676138589006
W86,17265.478907683457,17266.152315754,17264.616861519855,17264.611924863835,17264.76641203594,17265.55822830961,17266.798164700467,17268.538711442885,17270.745871954834,17273.417326900377,17276.540075791232,17280.105146459435,17284.102468104196
W87,1082.65536581669,1081.0054854383764,1079.25213521143,1077.5068111075304,1075.7772340739434,1074.0580635344968,1072.349055348566,1070.650499433143,1068.9625025997514,1067.285110624758,1065.6183235081633,1063.9622938378573,1062.3170216138406
W88,11957.597047452164,11932.348298542973,11899.251160961907,11868.390107365216,11837.375733456025,11806.76980681246,11776.435852825143,11746.403412509702,11716.662231959888,11687.211822894447,11658.049011485256,11629.171356326066,11600.57617187
W89,1211.3846732598695,1224.3639266874366,1224.5759987185197,1231.0851898902274,1237.2388512767789,1242.4699052414553,1247.7782297139443,1252.9641786981524,1257.9608576628289,1262.8159655825834,1267.5289226234318,1272.0978672131082,1276.5272854355976
W9,7514.74175034043,7640.462668700642,7751.796624170229,7827.35433452263,7912.017147414092,7992.355863625866,8067.901122806392,8140.725068510354,8210.349063042442,8276.895909137029,8340.579473981616,8401.496437263704,8459.76642788954
W90,1838.5287745931719,1845.3342124732098,1841.6865558708264,1840.3327606576026,1839.6012417505312,1838.4567971232455,1837.2535298641233,1836.035728608419,1834.7573194425586,1833.420324156093,1832.0276800659162,1830.5771517594308,1829.067243875309
W91,19662.23067689121,19700.911316203852,19684.292013499893,19693.57178916508,19701.101961558776,19707.089928141926,19713.535658396955,19719.97391184534,19726.361185679467,19732.741638834887,19739.10845063288,19745.45985105392,19751.796618296252
W92,22434.092615555473,22271.985101972576,22238.315088389678,22168.63677402553,22109.876428411382,22048.798699984734,21989.116967651837,21929.781915006442,21871.081139704795,21812.930169090647,21755.34218675775,21698.31084504985,21641.830284591953
W93,1737.7781726453184,1735.8471760613838,1735.1936476819478,1737.602424752951,1739.419693435435,1739.402838506469,1739.638353458179,1740.967377130287,1742.205326812527,1742.7947684228675,1743.404049320012,1744.3964698274472,1745.3975048749826
W94,1808.4176639475418,1802.1177918057917,1795.967898301737,1789.7856866824477,1783.5809225729242,1777.3536975259008,1771.1036758480177,1764.8306439162286,1758.5344949190098,1752.214938939369,1745.8718386482049,1739.5049651636814,1733.1141353803296
W95,1649.4465960107555,1652.0521596644826,1652.5990685330532,1653.6582607268192,1654.4974516998823,1655.3403658174764,1656.1215581333126,1656.8617348241492,1657.5557079017042,1658.206147654064,1658.8132677042754,1659.377983579682,1659.901042960948
W96,11343.367342482738,11352.840809891857,11375.020331988477,11400.54238338197,11422.84251094734,11445.741515465832,11469.230119593702,11492.609104580946,11516.104544646314,11539.774301117934,11563.559291964551,11587.469038670546,11611.51306272029
W97,499.5965384615006,511.67015502334425,528.5943575226884,547.9307914673445,565.5412732635632,583.2865206847819,600.8545220122505,618.1857069334696,635.3379367765633,652.297783807157,669.0679335721256,685.6519261105323,702.0514704067509
W98,522.3539116022939,462.91305392118966,400.9160438963354,337.89217840273113,272.9737816591273,206.26558999364806,137.7424569219188,67.33138439706454,-5.012305315289723,-79.34110244951898,-155.70920622437325,-234.1722807023525,-314.78696650845677
W99,15116.192792651993,15140.622787597418,15162.570116527218,15183.884144675772,15205.154227511823,15226.362542769748,15247.486873652677,15268.526243598102,15289.481873309152,15310.354739348331,15331.145085856257,15351.853401114182,15372.48017340336
