8.086959214210510254e+02 1.274036884307861328e+00
3.537109096050262451e+02 1.550594568252563477e+00
8.247029418945312500e+02 1.172603845596313477e+00
1.470336260795593262e+02 1.225393056869506836e+00
8.488575887680053711e+02 1.189879417419433594e+00
8.501418433189392090e+02 1.397347927093505859e+00
1.473245909214019775e+02 1.467354297637939453e+00
8.418583920001983643e+02 1.289621353149414062e+00
2.548806903362274170e+02 1.384496212005615234e+00
8.573058438301086426e+02 1.176758289337158203e+00
8.450763676166534424e+02 1.372707128524780273e+00
8.488920419216156006e+02 1.170479536056518555e+00
3.577867839336395264e+02 1.173390865325927734e+00
1.459499716758728027e+02 1.076747179031372070e+00
1.465375304222106934e+02 1.257300376892089844e+00
8.409670867919921875e+02 1.353788852691650391e+00
3.919960861206054688e+02 1.273272275924682617e+00
3.904911463260650635e+02 1.184793710708618164e+00
8.760163776874542236e+02 1.321405172348022461e+00
8.423800094127655029e+02 1.290901184082031250e+00
3.228446543216705322e+02 1.418436765670776367e+00
2.471194419860839844e+02 1.922555208206176758e+00
1.093638634681701660e+02 1.220777273178100586e+00
1.715731966495513916e+02 1.371339797973632812e+00
1.092313857078552246e+02 1.227490186691284180e+00
8.287190341949462891e+02 1.251637697219848633e+00
8.499266443252563477e+02 1.078046083450317383e+00
8.668131105899810791e+02 1.372810602188110352e+00
8.671085543632507324e+02 1.239738941192626953e+00
8.223140971660614014e+02 1.300232172012329102e+00
1.469623656272888184e+02 1.370584011077880859e+00
8.454769496917724609e+02 1.075738191604614258e+00
8.503051035404205322e+02 1.244237661361694336e+00
1.531434020996093750e+02 1.133280038833618164e+00
2.806795010566711426e+02 1.164311408996582031e+00
8.618112056255340576e+02 1.320074319839477539e+00
2.478241517543792725e+02 1.351148366928100586e+00
8.506368274688720703e+02 1.263345241546630859e+00
8.562537550926208496e+02 1.381118774414062500e+00
8.658365447521209717e+02 1.248715877532958984e+00
1.503964226245880127e+02 1.362946748733520508e+00
1.425205826759338379e+02 1.212257146835327148e+00
6.316350960731506348e+02 1.285985231399536133e+00
3.771567242145538330e+02 1.259037971496582031e+00
3.880908966064453125e+02 1.229473114013671875e+00
2.648557331562042236e+02 1.667165994644165039e+00
6.217988085746765137e+02 1.147843837738037109e+00
5.952576341629028320e+02 1.231392145156860352e+00
3.146045696735382080e+02 1.196160793304443359e+00
3.922114818096160889e+02 1.338222026824951172e+00
3.544304928779602051e+02 1.365074634552001953e+00
3.513180844783782959e+02 1.309402227401733398e+00
6.282167551517486572e+02 1.156141996383666992e+00
6.213511211872100830e+02 1.239568471908569336e+00
6.215587899684906006e+02 1.270858287811279297e+00
6.145475702285766602e+02 1.235210418701171875e+00
2.640123591423034668e+02 1.413643121719360352e+00
6.355223805904388428e+02 1.328319549560546875e+00
6.298063125610351562e+02 1.438363790512084961e+00
6.370272052288055420e+02 1.214001178741455078e+00
5.984132809638977051e+02 1.524789810180664062e+00
3.861495137214660645e+02 1.232533216476440430e+00
3.815155224800109863e+02 1.273464441299438477e+00
6.181657426357269287e+02 1.301966905593872070e+00
3.961057181358337402e+02 1.298945426940917969e+00
6.157428803443908691e+02 1.273330211639404297e+00
6.120077338218688965e+02 1.227118015289306641e+00
2.793198945522308350e+02 1.244836568832397461e+00
6.301554918289184570e+02 1.295911788940429688e+00
3.914314422607421875e+02 1.473080635070800781e+00
3.983820176124572754e+02 1.157037019729614258e+00
1.438313739299774170e+02 1.198066949844360352e+00
6.160495343208312988e+02 1.177651405334472656e+00
3.933330230712890625e+02 1.274173021316528320e+00
3.963110423088073730e+02 1.281427860260009766e+00
6.294332330226898193e+02 1.176014184951782227e+00
6.387697482109069824e+02 1.199710130691528320e+00
3.207880027294158936e+02 1.081710338592529297e+00
2.653382337093353271e+02 1.297689914703369141e+00
6.051178183555603027e+02 1.219586849212646484e+00
2.379142596721649170e+02 1.297107696533203125e+00
8.416612093448638916e+02 1.404683589935302734e+00
2.523089749813079834e+02 1.289924144744873047e+00
1.484161710739135742e+02 1.361178398132324219e+00
5.991212315559387207e+02 1.344337701797485352e+00
6.467612879276275635e+02 1.155096054077148438e+00
6.075320868492126465e+02 1.178419828414916992e+00
1.497377648353576660e+02 1.717247962951660156e+00
6.313861522674560547e+02 1.355386495590209961e+00
2.626280009746551514e+02 1.338108777999877930e+00
2.399060781002044678e+02 1.154684543609619141e+00
6.229400293827056885e+02 1.265640497207641602e+00
1.433187870979309082e+02 1.397078990936279297e+00
6.188353099822998047e+02 1.432208299636840820e+00
6.126848657131195068e+02 1.198035717010498047e+00
6.149799475669860840e+02 1.364603996276855469e+00
1.432023398876190186e+02 1.266600847244262695e+00
3.050168757438659668e+02 1.298746109008789062e+00
3.109898011684417725e+02 2.035226583480834961e+00
3.249782402515411377e+02 1.332857847213745117e+00
6.162442703247070312e+02 1.109788417816162109e+00
3.190687181949615479e+02 1.198454141616821289e+00
3.108107361793518066e+02 1.257254838943481445e+00
3.007189056873321533e+02 1.345103263854980469e+00
3.249442083835601807e+02 1.895464420318603516e+00
3.087848098278045654e+02 1.185474634170532227e+00
3.130209174156188965e+02 1.234366655349731445e+00
3.079328589439392090e+02 1.217716217041015625e+00
3.059806532859802246e+02 1.319184780120849609e+00
3.178548543453216553e+02 1.199212789535522461e+00
3.126325514316558838e+02 1.488841056823730469e+00
6.423862233161926270e+02 1.197310209274291992e+00
5.970762856006622314e+02 1.295002937316894531e+00
3.179556980133056641e+02 1.244803667068481445e+00
2.972535440921783447e+02 1.168971538543701172e+00
3.110975623130798340e+02 1.248344659805297852e+00
3.181135587692260742e+02 1.209560632705688477e+00
4.903966860771179199e+02 1.322922706604003906e+00
3.549090173244476318e+02 1.249570846557617188e+00
3.631050481796264648e+02 1.196865081787109375e+00
3.562991726398468018e+02 1.103845357894897461e+00
3.570415606498718262e+02 1.333775281906127930e+00
3.518436758518218994e+02 1.323605537414550781e+00
6.053783750534057617e+02 1.215658187866210938e+00
3.413425698280334473e+02 1.263304471969604492e+00
3.560989310741424561e+02 1.111362695693969727e+00
3.673676328659057617e+02 1.227209329605102539e+00
3.563608460426330566e+02 1.256096124649047852e+00
3.625479471683502197e+02 1.398418903350830078e+00
3.555456693172454834e+02 1.287956714630126953e+00
3.593939180374145508e+02 1.383838415145874023e+00
1.698571391105651855e+02 1.253206014633178711e+00
1.712553641796112061e+02 1.271722078323364258e+00
2.097775480747222900e+02 1.049623250961303711e+00
6.030062563419342041e+02 1.285845041275024414e+00
1.710662209987640381e+02 1.248231172561645508e+00
4.098959748744964600e+02 1.325633764266967773e+00
4.208268723487854004e+02 1.334183931350708008e+00
4.506310379505157471e+02 1.346170663833618164e+00
9.628160679340362549e+02 1.229621648788452148e+00
5.961290926933288574e+02 1.238602876663208008e+00
5.962746224403381348e+02 1.406158447265625000e+00
6.085397863388061523e+02 1.183402299880981445e+00
6.165104558467864990e+02 1.267532587051391602e+00
6.168738677501678467e+02 1.343981266021728516e+00
5.893335797786712646e+02 1.234997034072875977e+00
6.202352981567382812e+02 1.203801393508911133e+00
5.968179068565368652e+02 1.318393707275390625e+00
5.788079099655151367e+02 1.714750289916992188e+00
6.168578841686248779e+02 1.372755527496337891e+00
6.188591496944427490e+02 1.186309576034545898e+00
6.049140725135803223e+02 1.332635402679443359e+00
5.881428434848785400e+02 1.342334747314453125e+00
5.816331019401550293e+02 1.169581174850463867e+00
6.051016566753387451e+02 1.380373239517211914e+00
5.964768991470336914e+02 1.131237030029296875e+00
5.794789280891418457e+02 1.373377084732055664e+00
5.969064803123474121e+02 1.372078895568847656e+00
6.055946259498596191e+02 1.284544706344604492e+00
5.950622653961181641e+02 1.332117557525634766e+00
5.996306290626525879e+02 1.241653203964233398e+00
6.009156999588012695e+02 1.158696174621582031e+00
6.175626466274261475e+02 1.621524095535278320e+00
6.263320746421813965e+02 1.393109560012817383e+00
5.980923023223876953e+02 1.326429843902587891e+00
7.867405736446380615e+02 1.612429141998291016e+00
7.949149861335754395e+02 1.214541673660278320e+00
6.124631645679473877e+02 1.293333292007446289e+00
7.991429774761199951e+02 1.218753814697265625e+00
7.141241919994354248e+02 1.682034492492675781e+00
8.639247877597808838e+02 1.252175092697143555e+00
6.938344752788543701e+02 2.016184568405151367e+00
4.881883738040924072e+02 1.277107715606689453e+00
2.680236291885375977e+02 1.315626382827758789e+00
2.650821294784545898e+02 1.268694162368774414e+00
2.656284718513488770e+02 1.280593395233154297e+00
2.808847494125366211e+02 1.230502843856811523e+00
2.778545734882354736e+02 1.381691932678222656e+00
6.063735563755035400e+02 1.192462682723999023e+00
2.773274948596954346e+02 1.359518766403198242e+00
2.826850900650024414e+02 1.156463861465454102e+00
2.764197020530700684e+02 1.268772602081298828e+00
1.140143234729766846e+02 1.198788166046142578e+00
1.059637641906738281e+02 1.128931283950805664e+00
1.548029904365539551e+02 1.857454061508178711e+00
1.516148891448974609e+02 1.349422693252563477e+00
1.062944099903106689e+02 1.316257238388061523e+00
1.460640347003936768e+02 1.299869537353515625e+00
1.422676613330841064e+02 1.270933151245117188e+00
6.067999789714813232e+02 1.106280565261840820e+00
3.603116888999938965e+02 1.428344011306762695e+00
3.422856159210205078e+02 1.138148069381713867e+00
1.453779494762420654e+02 1.363781452178955078e+00
5.687002446651458740e+02 1.234258174896240234e+00
1.433543028831481934e+02 1.131385564804077148e+00
3.945491473674774170e+02 9.702491760253906250e-01
1.420173087120056152e+02 1.170896768569946289e+00
6.007350180149078369e+02 1.315450906753540039e+00
1.499366834163665771e+02 1.534807443618774414e+00
4.028139333724975586e+02 1.189960718154907227e+00
5.908549625873565674e+02 1.194207668304443359e+00
6.282858467102050781e+02 1.270635366439819336e+00
3.012835779190063477e+02 1.749287843704223633e+00
3.078863036632537842e+02 1.255640268325805664e+00
3.113128414154052734e+02 1.267843246459960938e+00
3.503243765830993652e+02 1.352045536041259766e+00
3.608594396114349365e+02 1.323751688003540039e+00
3.514440221786499023e+02 1.263738155364990234e+00
3.518417880535125732e+02 1.227910280227661133e+00
3.473896393775939941e+02 1.947679281234741211e+00
4.066315290927886963e+02 1.458370685577392578e+00
6.255276360511779785e+02 1.168827533721923828e+00
4.130843405723571777e+02 1.308523654937744141e+00
4.518903791904449463e+02 1.932120561599731445e+00
4.615508997440338135e+02 1.320793390274047852e+00
4.726398437023162842e+02 1.330159902572631836e+00
4.583190622329711914e+02 1.399572849273681641e+00
3.379490256309509277e+01 1.430596351623535156e+00
3.105015301704406738e+01 1.361629009246826172e+00
3.361729979515075684e+01 1.436552762985229492e+00
3.137458872795104980e+01 1.173263311386108398e+00
3.216937732696533203e+01 1.260721206665039062e+00
8.206758728027343750e+02 1.192299127578735352e+00
5.944861268997192383e+02 1.221648454666137695e+00
3.064368939399719238e+01 1.106841802597045898e+00
3.041542935371398926e+01 1.652351140975952148e+00
3.029585647583007812e+01 1.300221920013427734e+00
3.230060172080993652e+01 1.407937288284301758e+00
3.198211050033569336e+01 1.358153820037841797e+00
3.133938407897949219e+01 1.054815292358398438e+00
3.133978080749511719e+01 1.880341291427612305e+00
3.311747145652770996e+01 1.327072620391845703e+00
3.043227362632751465e+01 1.161662578582763672e+00
3.167788314819335938e+01 1.395351171493530273e+00
6.115441305637359619e+02 1.194630622863769531e+00
3.330379176139831543e+01 1.170479536056518555e+00
3.061173915863037109e+01 1.256284236907958984e+00
3.257155823707580566e+01 1.136890649795532227e+00
3.330371785163879395e+01 1.214400291442871094e+00
3.075601315498352051e+01 1.209395170211791992e+00
3.137698721885681152e+01 1.272496938705444336e+00
3.330632972717285156e+01 1.394730329513549805e+00
3.105362629890441895e+01 1.160255670547485352e+00
3.368096685409545898e+01 1.310084342956542969e+00
3.139901590347290039e+01 1.345389366149902344e+00
6.055273523330688477e+02 1.227871894836425781e+00
3.280677056312561035e+01 1.256451845169067383e+00
3.083041906356811523e+01 1.274831533432006836e+00
3.086461091041564941e+01 1.231672525405883789e+00
3.208463525772094727e+01 1.279632568359375000e+00
3.190395712852478027e+01 1.384817361831665039e+00
3.249449086189270020e+01 1.274709463119506836e+00
3.376311373710632324e+01 1.242033004760742188e+00
3.091280031204223633e+01 1.233907461166381836e+00
3.299478960037231445e+01 1.265845060348510742e+00
3.176872730255126953e+01 1.207804203033447266e+00
6.148159608840942383e+02 1.495320081710815430e+00
3.162384152412414551e+01 1.813373088836669922e+00
3.131289029121398926e+01 1.477962017059326172e+00
3.396673631668090820e+01 1.570355892181396484e+00
3.004581260681152344e+01 1.804976701736450195e+00
3.120494771003723145e+01 1.750679016113281250e+00
3.090135979652404785e+01 1.406404495239257812e+00
3.163771605491638184e+01 1.041695356369018555e+00
3.107288908958435059e+01 1.637120008468627930e+00
3.100706505775451660e+01 1.336419105529785156e+00
3.239315795898437500e+01 1.286072015762329102e+00
6.052649679183959961e+02 1.368244171142578125e+00
3.206574130058288574e+01 1.772082328796386719e+00
3.414241743087768555e+01 1.270874977111816406e+00
3.222030401229858398e+01 1.311333417892456055e+00
3.318262791633605957e+01 1.190583229064941406e+00
3.310505318641662598e+01 1.471032142639160156e+00
3.196264648437500000e+01 1.124231338500976562e+00
3.339686822891235352e+01 1.357474803924560547e+00
3.365220999717712402e+01 1.368468999862670898e+00
3.188060593605041504e+01 1.231427431106567383e+00
3.098091626167297363e+01 1.556798219680786133e+00
6.012736420631408691e+02 1.301670551300048828e+00
3.391054725646972656e+01 1.242422103881835938e+00
3.171650290489196777e+01 1.087761640548706055e+00
3.401199030876159668e+01 1.250596284866333008e+00
3.330164670944213867e+01 1.293354272842407227e+00
3.066287517547607422e+01 1.107497930526733398e+00
3.324627709388732910e+01 1.341155529022216797e+00
3.221174573898315430e+01 1.127115249633789062e+00
3.372776889801025391e+01 1.144929409027099609e+00
3.296456623077392578e+01 1.299150943756103516e+00
3.068880391120910645e+01 1.256352901458740234e+00
3.552328085899353027e+02 1.145030498504638672e+00
1.891968541145324707e+02 1.351431131362915039e+00
1.991066510677337646e+02 1.126099586486816406e+00
5.819491391181945801e+02 1.256341218948364258e+00
9.323961296081542969e+02 6.128017902374267578e-01
5.688948781490325928e+02 1.352648258209228516e+00
3.868114461898803711e+02 1.380274057388305664e+00
3.765075120925903320e+02 1.372639656066894531e+00
3.855709295272827148e+02 1.340896129608154297e+00
5.743144283294677734e+02 1.118056535720825195e+00
4.788982636928558350e+02 1.407340526580810547e+00
3.854925539493560791e+02 1.127809286117553711e+00
5.056860444545745850e+02 1.409216403961181641e+00
4.931612753868103027e+02 1.379874467849731445e+00
3.832069721221923828e+02 1.332672357559204102e+00
5.856101775169372559e+02 1.137969732284545898e+00
3.858197093009948730e+02 1.275090932846069336e+00
3.982884321212768555e+02 1.423152446746826172e+00
3.971507878303527832e+02 1.188749313354492188e+00
4.582608313560485840e+02 1.278163671493530273e+00
3.044338073730468750e+02 1.174913883209228516e+00
6.263876125812530518e+02 1.146455764770507812e+00
4.361882886886596680e+02 1.340197324752807617e+00
1.417722594738006592e+02 1.304919481277465820e+00
2.452172217369079590e+02 1.353543043136596680e+00
1.377595927715301514e+02 1.434090375900268555e+00
5.922701029777526855e+02 1.208986520767211914e+00
7.420594933032989502e+02 5.462477207183837891e-01
6.096436576843261719e+02 9.376564025878906250e-01
6.930442178249359131e+02 5.394876003265380859e-01
6.687082579135894775e+02 4.878900051116943359e-01
6.791660442352294922e+02 4.693548679351806641e-01
6.684230861663818359e+02 4.745650291442871094e-01
6.658968577384948730e+02 4.969785213470458984e-01
4.731747574806213379e+02 9.701368808746337891e-01
2.403324334621429443e+02 1.286977529525756836e+00
1.940028781890869141e+02 1.248494148254394531e+00
5.509023208618164062e+02 6.227889060974121094e-01
1.826989173889160156e+02 1.254631996154785156e+00
1.797859950065612793e+02 1.665559053421020508e+00
1.935612840652465820e+02 1.406865119934082031e+00
1.896048629283905029e+02 1.280174970626831055e+00
2.723294963836669922e+02 1.281477689743041992e+00
2.798504884243011475e+02 1.440295934677124023e+00
9.653464841842651367e+01 1.236761808395385742e+00
2.755058712959289551e+02 1.166972160339355469e+00
2.893502583503723145e+02 1.217120170593261719e+00
2.703182389736175537e+02 1.096617937088012695e+00
4.901332111358642578e+02 5.094308853149414062e-01
2.846168093681335449e+02 1.225852012634277344e+00
2.683673641681671143e+02 1.083234786987304688e+00
4.314080770015716553e+02 5.668971538543701172e-01
1.898695793151855469e+02 1.379319429397583008e+00
1.807328279018402100e+02 1.225548028945922852e+00
2.646516628265380859e+02 8.745751380920410156e-01
2.619662628173828125e+02 1.129121065139770508e+00
1.404204213619232178e+02 1.529589891433715820e+00
5.621894278526306152e+02 4.632308483123779297e-01
3.287039749622344971e+02 8.241117000579833984e-01
4.371042585372924805e+02 4.491107463836669922e-01
3.240285458564758301e+02 5.640702247619628906e-01
5.329912567138671875e+02 4.618780612945556641e-01
5.289409327507019043e+02 4.383723735809326172e-01
2.033432955741882324e+02 6.538097858428955078e-01
9.754420876502990723e+01 9.438247680664062500e-01
9.552603816986083984e+01 1.170533657073974609e+00
4.603250603675842285e+02 6.657927036285400391e-01
4.607953236103057861e+02 5.087544918060302734e-01
4.518464965820312500e+02 6.570923328399658203e-01
4.425126352310180664e+02 8.947675228118896484e-01
