3.506218143919893199e-02
4.861996869745719568e-02
2.210270696775845367e-01
4.686612170865311899e-02
2.084787076594937505e-01
8.089789278667859629e-02
5.362061934856388046e-02
6.318432517169626783e-02
4.684233448561634511e-02
2.458243216938131928e-02
1.985205330895941922e-01
2.813484857474201836e-02
1.464578965304879077e-01
2.865875034822269740e-02
7.915264639722062456e-02
9.777334464147129089e-02
5.999886598303705298e-02
6.697722579678405674e-02
2.887003560731145682e-02
3.450256225365273821e-02
1.022644635719135858e-01
6.321201566913693670e-02
4.953222409592638598e-01
2.921961388421044983e-02
4.181990328438700555e-02
2.666116282993094208e-02
5.900291800889836263e-02
1.668244607264698087e-01
4.413430975068420303e-01
3.181103038426704721e-01
2.275649681182803918e-01
2.836464594711728959e-01
2.758509996925255781e-01
2.761288537582285429e-01
4.945684355661956327e-02
6.051328035937976191e-01
2.133786514395519252e-01
5.545547059300880433e-01
4.234281810282019554e-01
4.614105423689191521e-01
3.349707559078576313e-01
7.190141397738663009e-01
1.961243764584486848e-01
2.133909096527967508e-01
2.880107363562193212e-01
8.024734511075515275e-02
4.082096643374984457e-01
4.550895869898357593e-01
1.906991469102627124e-01
3.981195531062008963e-01
4.107938757760951076e-01
2.598001201440254815e-01
3.371526088175837987e-01
3.490077622447547157e-01
3.407935415180764482e-01
2.635282114372675122e-01
4.885477932443711008e-02
3.560632076674765112e-01
4.430938797193919032e-01
3.822349488710709564e-01
4.688499960279687850e-01
2.814817067747832913e-01
4.817743817193910760e-01
2.151108574535788021e-01
2.495808225021684812e-01
4.845539712270608423e-01
4.847537536342070297e-01
5.699667630674540991e-02
3.449868315900961324e-01
2.684827703190574844e-01
5.870245020769881972e-01
2.862252192722913313e-01
4.682435208603252796e-01
2.690231923951017512e-01
2.814108033128064346e-01
2.394177090545976105e-01
4.042239044984001772e-01
2.766807211743264605e-01
2.154169825120630030e-02
2.642067790674395775e-02
1.587018693351035237e-01
3.336636546051447577e-02
3.091639659801184714e-02
1.761508644147493918e-01
2.430293069220759716e-02
3.675636454292811189e-02
2.502579036305092527e-02
3.216105130980984744e-02
3.185523789820136203e-02
3.559673057615127950e-02
2.525853062795104312e-02
1.547043451942450680e-02
5.435656596223754911e-03
3.077065484806866535e-02
1.384775299785427106e-02
2.799405158532002405e-02
2.331744484563458633e-02
2.796594047551017714e-03
2.826947544791900968e-02
3.472818150726611486e-02
2.408154854835588624e-02
4.031894642786380129e-02
2.333154721948477173e-02
2.763582423960075571e-02
2.820737584399378786e-02
2.639376603250519551e-02
2.131668651792069380e-02
1.673711858413038864e-02
3.241787248175815456e-02
2.863887530382520918e-02
2.942348569858056415e-02
1.263940857023884146e-01
2.930026029075821770e-02
3.836682611838920093e-02
2.471217068349626511e-02
4.224937741797684526e-02
4.598217840736647938e-02
2.775691588832800497e-02
3.428477515654097113e-02
2.939108833899891846e-02
2.382730995505019655e-02
3.503699651532388160e-02
5.346491091754110303e-02
5.212507284242861444e-02
5.335973574130723623e-02
3.670825480081008063e-02
3.611111091911358567e-02
2.210387012176665347e-02
3.436478135328437100e-02
3.497980353837121942e-02
2.955932321384409367e-02
2.655024250202489208e-02
2.965914973319272452e-02
3.073597934965962078e-02
4.034885898389192066e-02
1.909969761306648875e-02
3.171803947792187911e-02
1.457820511658788065e-01
1.075045669720590263e-01
1.844284152469675420e-01
3.101775314128070796e-02
2.296524207058521852e-02
2.579213786550596521e-02
1.990529887686991461e-01
5.167226478992437144e-02
4.075866327741872741e-02
1.559003638575250927e-01
2.722684850620563091e-02
3.346049969938020424e-02
1.273406931187757822e-02
1.683067741928287106e-02
2.134161955442222605e-02
9.251753176351743685e-03
3.681026715990352166e-02
1.166285881095076825e-02
4.918303233437176097e-02
8.947491166122727158e-02
9.770148495534669575e-02
6.350202588880052464e-03
1.342233790730304986e-02
3.304644996400276508e-02
5.715126113513860351e-02
4.721595149879834891e-02
3.465135631728067517e-02
1.841159384566607715e-01
7.995652071329020782e-02
1.675261778706164384e-01
1.162814130878071506e-01
3.284719024014415983e-02
2.601743910609127797e-02
2.252342600585457988e-02
4.502193914121158796e-02
4.632799081945326858e-02
1.587488953820635762e-01
1.572054043391692482e-02
2.415105849113753991e-02
2.806240755501540618e-02
2.887269765357670936e-02
5.361212348819426737e-02
3.121005163633390478e-02
3.139689145241602586e-01
1.786047886617387129e-02
4.760660209797094172e-02
4.761457465199383544e-03
3.199229259258915686e-02
3.554619908098044859e-03
1.647880444869095073e-01
1.557897678906738081e-01
9.825209652047001141e-03
3.349794273874241030e-02
2.589836041684735399e-02
1.199314842634624512e-01
1.123810801430560197e-01
2.625250630456735235e-02
6.113227126873211313e-03
1.663041859643338283e-02
1.363585071121368140e-02
2.637305584561270774e-02
1.413339822223827480e-02
2.592284272165846018e-02
5.908209932149959681e-02
6.285562898954692550e-03
3.310440278008487669e-02
3.510670771652400074e-02
2.884982768986625243e-02
1.209366064343458079e-02
3.827533761090970432e-02
2.523920949194581251e-02
1.227435292491432274e-02
2.593127332920404024e-02
2.155024109780550035e-01
7.468901935220206845e-01
3.064135507997163901e-02
4.454412146314828957e-02
2.797695595340403754e-02
1.825661040232949561e-02
3.718088755383975458e-02
3.951295994438384224e-02
3.176053593840277162e-02
2.008112054250359158e-02
3.299908413067876439e-02
3.817205853691935102e-02
1.045793940995726756e-01
3.552358709853184471e-02
2.689823729975605870e-02
3.366536658161570911e-02
2.612540802480986524e-02
5.265944307291354348e-02
2.879272713727399832e-02
2.615051356427769425e-02
2.971467742248390387e-02
2.417966198783598822e-02
2.588142617291554551e-02
2.514143580378959061e-02
2.795751781673302960e-02
2.440548053649633717e-02
2.229551282591250502e-02
1.945286679817409548e-02
4.037042541575083104e-02
3.666467332806183643e-02
2.111646590174738949e-02
4.816288115941330661e-02
2.137613936935492398e-02
3.044297023212798672e-02
3.159872802273180903e-02
5.124771100648473077e-02
1.786639982740713048e-02
7.102112711048794332e-03
1.445496484588416897e-02
2.715125925440868213e-02
3.203453737730529299e-02
1.043803056013383329e-01
1.180550752365346068e-02
2.973432104884923474e-02
3.020631536340375248e-02
2.429156694885223899e-01
2.690210323798042369e-02
2.267194730051382834e-01
1.936825489156421554e-01
1.608369910751367982e-01
2.768512432815146140e-01
1.817877141860729517e-01
2.768632692950433460e-01
1.391979534078569836e-01
2.801655990624380976e-01
1.636771776611133100e-01
1.656420001367349681e-01
5.046130478868199321e-02
2.584331772256157067e-01
4.427837523644397311e-01
3.282104478406566717e-01
2.876937542154404670e-01
2.126475412101922480e-01
2.936295422891052609e-01
3.843701326325406620e-01
3.707057507998051116e-01
2.273077983496697152e-01
9.389331397305061833e-01
6.698605711459494627e-02
2.628183090723449911e-01
3.286655631104609676e-01
2.033010259395195973e-01
1.413106925955794624e-01
3.514347110797621521e-01
1.690854203493562247e-01
2.051225410335847654e-01
1.416045464077752003e-01
3.217282578494246592e-01
1.843178256921062241e-01
3.671217619907696239e-02
1.898936073291913884e-01
3.324647671430406848e-01
1.150988734839593491e-01
1.961166039679734518e-01
1.342634986014807630e-01
1.318957028409034893e-01
3.465323279600568962e-01
2.283943094658145156e-01
1.995802343616658037e-01
2.656219828961873808e-01
2.370095734163330248e-01
4.079527016262207151e-01
1.942956863099495612e-01
1.550302131291053931e-01
1.867678099820479221e-01
1.512020476006270819e-01
2.429283830139239431e-01
2.692592730325127914e-01
3.300617748381794447e-01
1.759763336953236446e-01
2.560979991797884270e-01
7.820474407430701158e-02
1.827031834467412741e-01
2.673152828228902989e-01
2.476404316990736543e-01
1.621360239446721641e-01
2.540665876388970013e-01
2.352581704000541174e-01
2.556657546784709134e-01
2.285235445159757572e-01
3.333932039535312808e-01
1.877752987684297714e-01
9.232152208759795975e-02
1.998367239009478380e-01
2.147558315501214565e-01
1.376619175140067208e-01
1.870808832550487633e-01
2.840678861457096027e-01
2.306566850505999966e-01
2.781976367108418557e-01
3.739597246789081453e-01
2.538802841151248102e-01
3.252906186127371702e-01
6.723736108598193928e-02
5.159143116025738385e-02
1.846201511334017165e-01
2.019489226797336057e-01
2.030291761741795098e-01
2.038600170939863787e-01
1.784539138995382135e-01
2.364870032712759473e-01
1.201503150704055223e-01
2.426597517246903146e-01
3.961083493954158929e-01
2.039078722310688485e-01
4.152015555919547768e-02
2.758715800300031162e-01
1.517274525031979682e-01
2.043997225268053830e-01
2.106570912147740504e-01
2.749343731720095274e-01
3.370135929325249191e-02
3.228018053551711536e-02
8.790213342126153295e-02
2.744157746653480556e-02
5.114926070052960849e-02
2.636080112306444026e-02
7.041456484039936015e-02
4.695459924041232164e-02
5.506942262937913196e-02
6.590631167662530654e-02
3.203911167113965286e-02
4.122663425844352164e-02
4.992108859578888586e-02
5.755605720346378823e-02
8.024740912211843213e-02
8.380459155163248741e-02
1.745206542437945096e-02
4.745327160842827130e-02
4.634476904229686139e-02
4.638681268462625101e-02
2.915668465445423949e-02
1.271725391851782627e-01
3.408020912603229036e-01
2.815550578457740039e-02
5.894210415515716006e-02
6.696572197797187598e-02
6.450471847468537689e-02
3.688250452456921097e-02
7.110184238034240878e-02
1.235985982520843157e-01
5.980897679966547947e-02
2.264249629186270429e-01
1.979024564604217606e-02
1.908288914213957244e-01
1.613453545223508812e-01
1.026389575174296298e-01
5.467736723237659469e-02
1.697741561654923237e-01
1.441057481760543713e-01
2.039823247722474461e-02
3.349126335588268472e-02
3.778829101290986231e-02
2.182658681838673884e-02
3.517581577049824770e-02
4.913982613284417766e-02
2.254996814476984690e-01
1.844524835875540891e-01
2.816042218653659890e-01
8.135646725566302029e-02
1.192001507425837631e-01
2.862556865477218840e-02
9.876062233711596638e-02
1.798148988599764658e-02
6.207715982188412029e-01
3.819045325221333970e-02
8.812238400872167421e-02
5.035487835457902461e-02
3.882288045822621797e-02
5.628971261143881494e-02
1.956606180761950586e-01
3.055245666968165949e-02
3.446031858447728274e-02
4.866880375988649060e-02
