id,0,1,2,3,4,5,6,7,8,9,10,11,12
W1,35790.68650734307,36446.357273409405,35824.55821737132,35876.82516635201,35814.980267170846,36162.79076592359,35819.80795068819,35685.26102392456,35811.72506963112,36098.91996906721,35818.73294422684,34076.17822299143,35783.68396019439
W10,5131.120870286353,5140.118200383617,5149.131058182586,5158.159470051542,5167.2034624027865,5176.263061692762,5185.338294422084,5194.429187135664,5203.535766422704,5212.658058916848,5221.796091296231,5230.949890283521,5240.119482646023
W100,11339.562596084033,11599.639076967127,11486.378224011853,11346.291648325201,11547.777477009493,11462.2901073199,11764.942337847755,11266.530917779832,11372.529713779244,11414.566681363516,11676.264279189334,11562.297702531678,11421.337703852014
W101,9908.545048479036,9838.232558537293,9648.276178032665,9824.141479360185,9932.440568683582,9862.110864018116,9672.10741775699,9848.016321617344,9956.341914303095,9885.99502801565,9695.94460758588,9871.897029076099,9980.249074183736
W102,16277.223428759422,16055.48003451925,16074.222739396519,16093.850973386589,16423.36123076274,16134.376956502318,15990.724292967203,15929.3021144318,16186.92584031949,16113.381447148256,15999.331203877444,16016.772953460159,16078.291616729734
W103,4097.780818699596,4253.514067967956,3958.1875075107496,4028.5682527762974,4361.563377309996,4243.967586373452,4072.6795378444995,3801.935405376071,4097.407153342151,4113.517269248506,4269.621937522737,3973.586516647366,4044.1379416724117
W104,1015.1571764707377,1018.9252398583557,1024.5980099074743,1012.98024227257,1016.7402253576437,1022.4008306175116,1010.8079763311243,1014.559896441097,1020.208362997951,1008.6403686357706,1012.3842430609266,1018.0205969450608,1006.477409197339
W105,9209.997309039223,9220.982948777119,9157.129531296396,9245.973831839732,9232.571382927865,9243.583948749869,9225.214527407565,9185.193738677031,9235.949162909417,9260.866798469353,9271.913114722498,9207.707018379297,9297.042028861673
W106,2155.4989436520855,2165.5077475944145,2171.5366642857,2166.3856632236293,2149.034661195437,2163.7436629290114,2165.9956631659497,2167.955663263451,2152.631661754449,2156.873662065975,2173.030663862813,2167.37066293433,2165.043662641577
W107,24111.316596948407,23960.04167056151,24012.19264128555,23989.47450515526,24009.633397885606,24171.5301709841,24019.96319516795,24072.21489511988,24049.45288519411,24069.650709721263,24231.859876529656,24080.000453510584,24132.353019948703
W108,15857.11885498108,16132.956470539746,16053.66193257095,16062.989035362054,16263.006715595038,16167.822885334626,16084.023880562538,16175.975360106853,16232.594763181147,16177.670613479138,16138.136893092495,16088.587704231875,16153.992382982324
W109,14096.498887934049,14369.092838283455,14291.131884604276,14299.157141254012,14489.456854290027,14391.55724622825,14307.832890248968,14397.75394143994,14459.990412138095,14400.163911231626,14361.192164522265,14307.165257638233,14378.731023184313
W11,260.6658282018458,286.3733197264825,300.4379762484811,307.9133093817257,312.5518827775889,306.7910472140018,304.67891341301913,308.27611574121596,315.82726757472216,296.05684356006833,297.0906965106283,281.17557304822975,316.297434705089
W110,7345.181171112961,7376.941530835662,7343.611004695775,7361.406078649661,7345.646781891067,7347.339476205235,7463.881130941441,7401.775765961769,7398.660270865774,7384.883652138469,7416.815683259998,7383.304998642692,7401.1962587004455
W111,1064.9539443365818,1059.9612929840705,1058.718817633816,1057.4777986912777,1049.7506888243972,1068.8579440445671,1058.2320683196144,1057.092883692364,1055.0081987345636,1053.771529314183,1048.8313023594799,1047.6018733885041,1046.3738855325994
W112,9593.27952062457,9498.738620392774,9472.85189011653,9500.915789397883,9693.632450894029,9537.657189269612,9586.409947622968,9470.318091025607,9574.908019483519,9631.380044072079,9536.463668866305,9510.474127851845,9538.64948463163
W113,689.6781866283286,708.2984544497659,724.6205836795181,703.7707899751334,709.1461916495589,737.1210691313,742.7968814190551,765.776974766437,711.6058892588155,677.237016785774,695.8572826137569,712.1794101391035,691.3296186189407
W114,10772.00911548384,10619.844338709088,10577.333498847249,10698.795843822722,10656.858092706312,10548.195432455992,10442.376552286485,10644.499932931012,10791.61685716778,10926.87161237957,10722.778165312553,10754.232902817861,10728.759016596794
W115,11538.666942510516,11428.074718185646,11391.875981444875,11501.87707036423,11507.496445084658,11413.820527274309,11233.138662108931,11422.155820394444,11628.722491776098,11789.286247288828,11606.73494445833,11591.89760436453,11612.75579899725
W116,15169.648925657055,14524.621414810612,14363.140679294092,14608.883188122827,15624.672376308703,15110.288625403338,15229.972234794763,14379.26694942897,14323.256802544118,15724.639528284235,15193.708844436307,13622.42770234675,13920.87885646094
W117,7114.08798032469,7140.1179242261205,7149.736731871449,7089.566972472163,7087.531641913594,7096.568227695701,7147.219774117103,7152.756721846623,7178.9281510864785,7188.599241604189,7128.102430450309,7126.056036885126,7135.141740884302
W118,1740.3934842300023,1749.856180708877,1756.2889088991985,1750.23590713639,1733.4579041144927,1747.8059067126142,1750.1469070827357,1752.2089072578403,1736.3169048568018,1741.259905469094,1757.3029081021753,1751.7749067802001,1749.4689063321025
W119,1016.1293281230384,982.9229659308554,997.412448325982,921.8196440423421,998.9702299902989,1009.5677626585764,986.1602054633997,958.6182529321484,1010.3327294469115,998.7858936883656,1020.6230205474765,952.5937531931093,1011.7103440993919
W12,1028.9814214410023,1028.9364523824788,1028.891484287362,1028.8465171556536,1028.8015509873542,1028.7565857824632,1028.7116215409842,1028.6666582629148,1028.621695948259,1028.5767345970144,1028.5317742091845,1028.486814784769,1028.441856323769
W120,920.1869782708541,879.4183998957266,892.5052474033687,785.1951177496279,867.6878385960066,875.3412683146199,871.1311720987808,836.9754342502803,870.1180641827458,880.9711820719078,897.1583464230504,822.364190696428,910.5606926096686
W121,10553.999516416912,10487.967281254389,10444.168953325414,10460.76160561268,10631.292617364032,10583.207120987452,10560.493836984311,10428.273325292439,10545.502881253078,10592.47904293092,10504.676431334148,10438.64633044259,10497.90381965892
W122,414.6968879437102,419.526521484482,402.53558663765887,533.5478271252983,408.1233033960361,405.857126931025,210.91668072573722,298.8547291738704,357.5218416475032,406.2425933422839,399.98852795067944,301.444197775362,365.617550825527
W123,482.3635493368382,507.56403224238824,486.98444047928484,503.67985210714016,469.3643744378644,472.17018004627164,529.555176023805,476.9642080031088,477.2363291293585,489.7239495047052,478.5340412545313,466.8359781110596,485.12017963636225
W124,8435.544404521157,8417.896277336995,8494.131712595607,8409.57667909212,8449.332969978639,8431.658981925353,8508.00608946293,8423.327190521783,8463.141736754642,8445.44185431953,8521.900778798401,8437.09785395384,8476.970731022668
W125,10824.74638567704,11091.492429993506,10970.825201165917,10847.863320401166,10963.27631611658,10949.631556495498,11146.852024857033,10781.782902997707,10851.462339413372,10906.250213395811,11175.004682777902,11053.428907853848,10929.541203687879
W126,9622.329479713984,9568.79315290785,9599.718442939216,9742.850904107769,9663.510769597091,9644.3722590762,9520.740171418658,9673.575033334133,9703.881926362017,9607.818298793198,9556.005588533042,9638.753818126052,9746.586742054784
W127,11325.87911956076,11391.024979328153,11113.590029884213,11126.329789710819,11090.378590161565,11235.201105034419,11217.540618820072,11066.675977700552,11145.881893781594,11304.872717996366,11381.671379388912,11135.713564468013,11206.109874048889
W128,3743.17127872701,3723.0875694988636,3801.621807928795,3716.3662719953545,3782.889690559453,3870.419617726912,3777.576378548707,3751.4640928838403,3881.390252627668,3909.8308007729047,3857.6321844445843,3689.217681791553,3750.138491441255
W129,992.9890853288164,1003.3315568353795,995.9991604393999,1008.2869756247386,993.4708951988433,997.6365088244767,1003.168395994509,988.4546875006151,998.7499312977546,991.451017448286,1003.6827217368317,988.9342972410899,993.080889069772
W13,2813.402108742567,2719.0774841884377,2380.770650760267,2727.1420268382976,2784.739801790447,2717.418425504032,2523.448776872495,2568.96283701195,2647.4864837864334,2650.6881640822094,2670.6605692046383,2704.7134257798766,2701.947660933007
W130,8197.97852266272,8212.327130225094,8161.340330526243,8206.693385715167,8216.109856206374,8230.4901981573,8179.390632468649,8224.843993662262,8234.281290281077,8248.693436806123,8197.480855727987,8243.034744768762,8252.492913575432
W131,2154.4077470756183,2164.434863003489,2170.496484831221,2165.3294837634935,2147.9914817215167,2162.691483467439,2164.9494837082166,2166.9004838076576,2151.398482265966,2155.8324825973914,2172.31248446074,2166.3464834800398,2164.014483184678
W132,22840.458499841505,22703.490920602242,22722.218168776075,22710.819305420388,22751.733818540903,22898.694334340984,22761.447144132,22780.212642686878,22768.790497917307,22809.788565348605,22957.048952185683,22819.521722772184,22838.325530320428
W133,13998.286520405376,13937.444389650655,13919.32673031154,13837.64178161447,13953.778569054874,14015.186713315445,13948.153392984312,13750.698813731335,13878.660564487465,14069.658978282194,14008.536351723624,13990.335143246684,13908.273376613206
W134,12235.843500668585,12171.428728204639,12154.179374675025,12068.37023085163,12189.71700027278,12248.341279058694,12181.772919970079,11983.04431320897,12109.523699588099,12295.430281084295,12230.73606770985,12213.411856471626,12127.230150165946
W135,6229.970341757856,6217.96411301892,6252.67547025481,6266.445128845129,6302.400925582796,6347.193272925763,6249.853056551189,6271.306431323778,6244.673821502014,6232.71709334119,6261.291320960207,6286.2300599974515,6254.002574247049
W136,6689.423165963452,6421.565452786849,6534.0460902366085,6455.870644438372,6483.304479031831,6427.560196462449,6452.347742660305,6586.258089458159,6354.045507872835,6642.599167774997,6242.554727621058,6420.991939182249,6425.77857167316
W137,7050.629763430529,7027.34626824678,7048.8719787194395,7155.397807023011,7057.892141607536,7113.7409296395235,7046.159253792546,7102.8403084368565,7078.654901058504,7055.2788582175735,7076.890129473035,7183.8393785402595,7085.946145867056
W138,354.6553292868998,312.1191569234352,287.34084822844,352.27036939941524,325.7521236356394,358.77357537184344,299.89632934711676,302.1700490484626,320.47274682996266,321.5327318638819,307.2034399000725,314.83170579982976,333.55408205518756
W139,8130.448444246552,8000.681623738009,7924.09955656671,8026.877321831217,7972.709319009265,7866.678115405757,7769.827849084167,7993.211705102061,8041.6142183322945,8209.779007206822,8070.309131381585,8092.258414078221,8039.936395977616
W14,2445.453115139881,2479.737445665062,2585.71756873964,2416.520071661145,2449.0690529120516,2599.2588489702425,2552.137232312253,2610.289166593911,2368.9048298248854,2451.6469637727946,2612.9098237048893,2559.304428048516,2478.949081212302
W140,8504.946210147174,8365.711557101984,8296.460975287951,8416.518230569705,8365.643169806573,8270.585490757405,8118.044466937977,8387.725499054468,8428.146232966634,8588.93012826988,8423.852437571357,8459.910246511114,8448.194674622171
W141,11417.664729539298,10720.393070699973,10657.059681635264,10984.238410844571,11607.101255408734,11157.757948613855,11361.606557618496,10622.560262214016,10628.548446210882,11792.058229795586,11455.83533861996,10082.169430442862,10354.326770569107
W142,5440.993029649078,5468.041967758595,5472.9096386173405,5434.535645897455,5431.647246989194,5431.198623662795,5470.119334462867,5474.988854589954,5502.206795939832,5507.104880271009,5468.4911247517675,5465.584678969184,5465.133252619712
W143,11353.851756625681,11358.349465412697,11219.063736332342,11288.951717241427,11332.985573991278,11376.342499404287,11380.841307285522,11241.521363023456,11311.426557953902,11355.471212757595,11398.838734381936,11403.338639722466,11263.984531440918
W144,1025.8354481167385,1036.3414271602865,1061.4063539340661,1012.0078831153868,978.2765861658704,1020.2702406434782,991.9329480824184,1033.8706438950037,952.3365283696253,1033.009817279241,1043.5779517147846,1068.790779600345,1019.1002966762803
W145,8588.595100700764,9091.146625040348,8894.740088520599,8691.505333529158,8608.443660489607,9239.03694380364,9023.360501969079,8680.048114890478,9192.785747059539,8205.910448038461,8877.181083319725,8543.072453102332,8831.223818714308
W146,6833.698051872882,6771.647790175733,6790.052170734247,6689.215086619984,6781.78287726318,6812.225085631533,6788.901573707351,6637.184887594614,6727.992060672472,6863.4857275811955,6801.1649941617225,6819.64959782434,6718.37297356017
W147,102.71385254928045,100.04799673239346,101.25309175518665,78.60015509485642,113.39003414214204,55.93036600434521,71.63312802183418,102.88206532683644,150.12436861632014,102.97810366140881,66.40729045730565,58.42768667207692,
W148,237.37358432883514,237.9954878274678,236.70732954927846,236.59281612101015,236.91540812000252,237.53715786168894,236.249318453082,236.13483344459533,236.457345413848,237.0789411775533,235.79142109748716,235.6769645497927,235.99939637386328
W149,4346.492584095923,4345.531401468741,4422.329933296616,4328.124496727274,4352.075275696477,4351.112858521201,4428.010030788693,4333.683596257966,4357.665137735925,4356.701484426906,4433.697423827576,4339.249835925954,4363.262179423971
W15,5107.3496903930145,5286.951170864263,5271.351278584547,6820.3505730480865,7628.21112815987,6658.400843639055,5494.683459770138,6890.356586680656,6258.44404727233,6350.948332272054,6491.660686994836,7401.953094314924,7170.876304229528
W150,8027.654473923921,8242.953694122376,8118.117222225577,8023.15068202121,8185.282886134469,8116.142258887654,8268.624755132816,7972.361395035695,8037.627846689049,8090.805462089498,8307.798362067726,8181.979847593158,8086.266240509455
W151,6380.963072472588,6330.877921106088,6349.783989615195,6251.591998248239,6346.509222269782,6378.724712303385,6357.974902317445,6197.345149568031,6292.208032680314,6409.769602014807,6359.458345154448,6378.449763630621,6279.814492184561
W152,8699.477456741763,8755.790507451893,8736.69886831329,8779.463046157281,8752.998653433475,8761.871023016563,8861.635211573897,8993.837506062617,8961.591795959004,8947.11310189486,8833.332648739715,8760.675402912604,8632.242796774844
W153,3099.1545695532636,3083.131013254671,3102.150187027655,2910.9399062324133,3009.0598376268517,3030.1856982441936,3044.073618682639,2857.0410521437298,3135.5679852821645,2894.529996330787,2957.8011451885623,2910.9590700465596,3028.503098582401
W154,8593.845608462098,8652.931877621299,8635.055198368922,8522.180522982264,8640.807496513036,8560.689245666556,8746.21836533804,8555.857024858153,8592.960446280576,8592.805278763033,8653.338582616687,8712.565805756001,8694.646547076727
W155,4704.063098035838,4654.66224194245,4629.980988928761,4606.676101585366,4662.566925764511,4656.720425692763,4659.569871445784,4665.932353380089,4635.765758006846,4649.694752942831,4623.853876803503,4664.362939742365,4652.960500732662
W156,5470.353975047428,5488.810938541045,5508.629659562297,5511.867334655232,5509.278112170261,5523.537127221073,5499.489235671763,5511.590246531504,5474.0680867024275,5526.990476742477,5507.306578080379,5521.156663576687,5500.143468375986
W157,1430.786296847535,1431.4203345761387,1417.5778213803515,1424.73743001418,1429.2964572663088,1433.9565102808492,1434.5905603992132,1420.747775462556,1427.9075249722675,1432.4666415651975,1437.1267856091667,1437.7608480904157,1423.917792004992
W158,16708.46117144669,16622.913908285933,16626.926846708266,16659.042014519906,16677.561664399527,16755.577261770737,16669.80068682411,16673.824383342573,16706.02564255214,16724.5949344729,16802.819623211817,16716.81315387956,16720.847635829916
W159,9338.516330915294,9290.09233792925,9282.305415254072,9208.90690918338,9302.956767950203,9359.320805639822,9310.288634676615,9147.509500347258,9253.529623332972,9385.113520822011,9336.447903956036,9328.6221264408,9254.857379762747
W16,5585.599331064479,6936.152854919423,6571.112580208766,5641.857529448896,5595.098561141018,6358.891913560268,5918.28888937767,7564.940082453254,4570.7461145763555,4981.8933575048395,6711.012425542734,5705.3665064228935,5521.520106936283
W160,8117.833554711652,8060.876417922018,8055.496531199016,7980.923687076063,8080.557708029274,8136.418473497603,8082.35482908376,7919.088118351554,8028.445868067243,8156.5096123373005,8099.281114429722,8093.875596289991,8018.947464444395
W161,12129.169993210979,12137.833650684215,12146.502618416855,12155.176899125605,12163.856495528407,12172.541410344265,12181.231646293285,12189.927206096658,12198.628092476785,12207.334308157115,12216.045855862214,12224.762738317786,12233.484958250656
W162,4660.49554569212,4556.304906591607,4595.449392977916,4532.7067815652645,4558.772932046448,4571.466555342687,4549.9328235485,4522.202930169699,4549.343427052168,4634.2399146032285,4605.47332398434,4531.812023702015,4531.977241803827
W163,3807.6453439314164,3759.551607499865,3749.249772981657,3738.144446970029,3796.4964310839196,3748.5435138874413,3738.271843308057,3727.199033871958,3785.380162431922,3737.567652151966,3727.326057191427,3716.285669122346,3774.2964423932312
W164,25366.343989321784,24789.837039951908,24728.008273057403,24224.323817326323,24688.25210420461,25433.586097089326,24855.550929316996,24793.5582652368,24288.538630516596,24753.696709771888,25501.00645182991,24921.439014641557,24859.282018915517
W165,3741.4185662385707,3574.792242135299,3645.307962050754,3603.022899540393,3693.581490988663,3846.12530419433,3722.9329963149735,3698.7472226971977,3597.230805413069,3744.281390647288,3735.0818725379418,3540.8229503179164,3612.850975558018
W166,2657.2999614693476,2687.7312776912836,2738.050869255614,2670.93196062634,2659.2083995565836,2702.258124382243,2732.057024118509,2688.788982929379,2649.041692176713,2662.5563083616917,2667.5239058981274,2649.9910072254916,2620.2880081270528
W167,3086.3574058645227,3084.1315402766845,3088.6861154719304,3067.8667187019705,3066.8630010877428,3102.8829001939907,3160.1274367990636,3115.2415164457143,3059.8032107028434,3092.3367447829132,3094.614611289027,3084.3013924505185,3047.352383138757
W168,3930.412895616505,4006.739673627854,3589.059411324448,3719.890631224978,4083.5255118129007,4171.311960907626,3704.6003936038087,3748.630253312914,3874.276980296531,3961.7066304407567,3693.0223023240546,3495.2267440868677,3382.51360347431
W169,1675.1810024903277,1654.3584302511695,1655.1901044425113,1664.6762748555393,1676.391830356068,1679.1425382445366,1658.2707242368313,1659.1043651933264,1668.6129687529724,1680.3562295078686,1683.113442342669,1662.192270118875,1663.027882491556
W17,11980.476685169213,11998.471387441657,12016.493117635011,12034.54191634485,12052.617824227616,12070.720882000904,12088.851130443374,12107.00861039505,12125.193362757142,12143.40542849242,12161.644848625141,12179.911664241197,12198.205916488125
W170,3608.7981678362908,3626.567608730875,3629.9915435484954,3600.637701277175,3606.112443076565,3611.5982508797497,3619.6236199173372,3621.4302773774066,3639.2473129738532,3642.6804123728957,3613.2479349644855,3618.73735424596,3624.237863963419
W171,6118.870704655777,6057.203613663441,6021.838874509547,6051.224418273663,6092.109701979215,6123.750018648288,6062.033753334504,6026.640813772506,6056.049790038862,6096.967676321916,6128.63322348339,6066.867744636069,6031.446582178634
W172,3708.4906225582986,3690.089748238896,3678.987847392491,3666.1977738099904,3692.7905874222724,3718.0340461573887,3699.5858193405516,3683.6506107251143,3675.6323617083435,3711.467524413485,3700.6700178016345,3681.4939393651885,3643.177317579219
W173,2964.0422593375633,3018.145807239413,3143.633495574431,3282.3164810924964,3117.08681535631,3096.208865664769,3278.8374307944214,3019.6449902597838,3041.761121541567,3002.646811394251,3247.9116000707613,3155.1852191235776,3183.202950747996
W174,2831.704209966312,2826.485369848969,2812.713047004813,2836.8240234461737,2829.1408971903957,2855.6173066942924,2840.4268410781656,2810.288073676872,2818.971995742667,2843.875639893842,2830.86283571111,2809.622383041151,2870.4480166692288
W175,3308.2902799974036,3299.7927002015936,3284.588703316478,3271.214631972197,3301.543506893627,3299.965755732107,3280.454131650252,3238.6093495189198,3272.895817575531,3330.1795174392855,3321.6302736732987,3306.333811867145,3292.878375787967
W176,2562.644773500008,2540.298531849201,2482.108013353002,2588.739441741749,2629.897744840946,2634.5797324239356,2489.1062409260917,2514.1121849267565,2585.381418506858,2656.6095153839083,2517.1396058709092,2495.672306035622,2495.6179974116476
W177,6531.10299036007,6668.282131542858,6698.219840762215,6513.581702019853,6541.167617365046,6736.852550882029,6718.600463692759,6827.286249431548,6687.609580346153,6675.623059966907,6607.658250141313,6643.098250121649,6469.065929001813
W178,1510.3692976058999,1475.8286479354736,1469.709046678665,1486.2227355541352,1485.6138243059906,1483.9992600299147,1478.7228927544033,1475.1973124452047,1490.9272556398407,1486.4194325166125,1478.9049384395407,1472.59353329712,1458.821044555133
W179,2740.0329059686064,2734.010765583673,2730.047729933399,2732.5446280766614,2733.151062776149,2740.737517221837,2715.0622451373415,2737.5300862088707,2756.348153649789,2750.296756842359,2746.314461721423,2748.8234948331933,2749.4328765076043
W18,4369.444821081395,4380.384786667304,4391.352142948536,4402.346958503527,4413.369302082402,4424.4192426074305,4435.496849173438,4446.602191048248,4457.735337673086,4468.8963586630625,4480.085323807567,4491.302303070725,4502.547366591862
W180,7305.7156335446325,7249.899320337889,7215.616955251899,7244.631243319418,7289.041032388742,7310.507180537469,7254.654259705631,7220.349410224962,7249.3827275719095,7293.821643196404,7315.30187010893,7259.412317642654,7225.0849690208415
W181,8859.25998776429,8814.480231076708,8831.915755641963,8764.868407222833,8803.763024786222,8882.58987243359,8837.721698562475,8855.191662748359,8788.011785100436,8826.983314576943,8905.965777336354,8861.009070108576,8878.513519183527
W182,1351.3277188381378,1350.6588327542524,1389.1344531036873,1345.3765977711637,1344.7094008878107,1383.0884280543876,1339.440518197336,1338.7750094275582,1377.0575052002164,1333.5194704297114,1332.8556486851928,1371.0416749293793,1327.6134447692623
W183,6133.42840745531,6087.514726340737,6097.519142406933,6055.023074212403,6074.984538054187,6146.647183253606,6100.6713453881475,6110.689320015268,6068.135601320318,6088.124163752071,6159.883822113275,6113.84579332596,6123.877333976035
W184,4636.66312149577,4639.465899998857,4616.11873991621,4583.565021900884,4617.359204984703,4650.690704986983,4653.5003315254735,4630.096102931359,4597.462719635051,4631.339601518146,4664.752554139995,4667.569041459546,4644.10763809185
W185,4065.765020062145,4073.742100845065,4099.137838809712,4101.560638826303,4080.9775916908693,4047.316623850672,4080.2234871912383,4082.637260991853,4090.641043479521,4116.121721538171,4118.552619675721,4097.900744970181,4064.1270736020433
W186,1742.0670578329077,1739.2400578390918,1742.6211156688837,1739.7941156697063,1743.1751735059127,1740.348173501373,1743.7292313439898,1740.9022313340906,1744.2832891831156,1741.4562891678574,1744.837347023292,1742.0103470026768,1745.3914048645163
W187,909.7666833047127,899.3119976521433,874.2590323203964,924.0237004956782,907.7062834555129,909.4447932124018,918.9183552641077,898.2470152637721,902.0117569342826,904.8626382188735,907.7982634329744,892.7306874079337,902.8676916749135
W188,2193.4236850998027,2201.779812631439,2281.428891129194,2202.9910637407484,2248.139975896955,2160.064823971461,2228.9797993898055,2256.6410357395534,2241.413158153717,2182.1667916904084,2223.6775785339846,2189.99503002607,2246.192210044144
W189,2083.7433015202328,1957.1075918821289,2044.5109033193012,1970.7394063460483,1993.117969457885,1970.7867577880063,1927.8874331187028,2092.6416523864777,2057.156744621108,2041.4500494948247,1865.4169523391063,1940.5449109475678,2047.5872672580888
W19,2091.5393727359906,2784.2186605159036,1927.598090531904,2101.147723510283,3274.7893402720442,3074.103469227073,3774.2364503914114,1692.9210836960422,1803.921665964989,2030.9589470285184,2196.970012167236,1997.1917684061664,2324.7006041290033
W190,428.7489280671819,436.1901535815544,440.51619493613504,443.1920815235024,433.2155568016544,453.62794016585434,446.59291405981327,433.1960232908544,439.6701977309326,433.93180230838215,440.75661243758304,437.5031459101898,433.43521305693014
W191,6430.7531318897745,6355.696546719592,6450.570212001897,6165.597688915378,6348.439449356254,6238.020573125676,6498.478128283033,6423.293091685727,6597.342662438385,6318.715655515741,6171.93894150867,6071.5074616821485,6343.121438275066
W192,1133.8889022961362,1141.4977011930446,1177.381614617698,1153.4258392580534,1158.5811967391885,1160.4360736486067,1184.9172277464575,1151.8260458552236,1186.2381629790775,1159.2152963382518,1170.9665610744953,1027.5378222783008,1084.8485931581522
W193,6528.294694030522,6119.987390720205,6104.559507697965,6256.586423005793,6415.778137902104,6517.641539437572,5880.912786822617,6292.112609557823,6330.928159517136,6230.572227783871,6106.4296261892305,6036.445702052156,6208.15621182228
W194,464.00102864131946,438.2548597196508,452.038948547674,466.2419256222683,466.35839366762326,437.71556714850664,449.7996553846912,463.8329302830591,457.374906739409,438.87778192775374,427.6194256764067,470.45886357386,519.0624336773177
W195,1228.3010786592222,1070.5729839549679,963.0529362232493,976.2510401052078,1046.7498918114834,985.7005003669744,1029.256346048823,1049.6285998819299,928.4906152974842,1024.2505573632925,979.2983158452129,1021.5979295021327,915.8212077110126
W196,9398.168261575443,9501.412911777985,9507.841500352974,9320.162159329522,9501.457503614281,9430.004985142363,9533.599379205927,9145.811739135448,9357.335123763933,9455.551996827275,9559.427038813768,9565.894879100817,9377.069604442393
W197,3142.4352145982602,3311.6976671867465,3222.5517022573276,3288.6669876685855,3284.214984686925,3311.452037744422,3393.2313398013525,3210.3040337117673,3191.0229073909086,3158.4921189672827,3281.4384234436247,3102.527764454328,3225.811932178422
W198,2244.346994485574,2234.995170202671,2571.6496919937604,2395.769220124443,2533.5146570353368,2432.092170779721,2447.244990825643,2413.549725557914,2436.2229592704803,2374.945480146035,2394.854006034077,2337.9197549540363,2474.8151905785153
W199,700.2842466268652,694.6186819107799,735.1208942918822,706.731345832895,719.5196392660828,710.3252918470462,712.6378941320402,739.7643014898882,733.7893175244063,737.3068881631741,729.1455121025956,729.2342784197688,713.6128223831911
W2,3350.6892633794328,3353.630950459998,3356.5752201349424,3359.5220746715877,3362.4715163392416,3365.423547409227,3368.3781701548146,3371.3353868513286,3374.2951997760383,3377.2576112082597,3380.222623429262,3383.1902387223595,3386.1604593728403
W20,3517.3953616447266,4327.2607657145945,5671.049511816731,5560.001508425896,5970.466513958376,4881.922502902128,4906.82900043694,5528.804075358073,6456.017870247334,4494.734867190135,4004.9279546168887,5704.879181833584,5947.929338001021
W200,1614.0317389437157,1828.8935833066284,1947.7071483311324,1770.3264961442671,1810.9690789480064,1783.3337725851984,1737.6050910878898,1622.2176888040283,1747.6447544136797,1752.5219754619159,1753.6885453027535,1355.2101017340294,1673.4653470334229
W201,1843.8908369031012,1799.3645739883157,1772.7580606458482,1847.286439964909,1802.7601765558127,1776.1536629121058,1850.6820430639211,1806.1557791614355,1779.5492652170578,1854.0776462000706,1809.5513818051077,1782.9448675606318,1857.473249373291
W202,4081.124771800578,4010.476493441585,4010.0542965852806,3974.586346596347,4028.5797347392813,3993.8686480731276,4051.3272187313605,4112.560439299886,3926.3317231463325,4005.086762650124,4037.6144271368853,4095.6646669653496,4014.2891462818725
W203,5650.926686813545,5171.838782223475,5185.72813644021,5664.092389230203,5184.039753302895,5197.957248576136,5677.284436093972,5196.265445193565,5210.2111291755455,5690.502871462381,5208.515899757078,5222.489820164862,5703.747739452208
W204,7312.373516934332,7356.68467519067,7348.07935280961,7323.876207841375,7327.483798262132,7331.265542215841,7375.674640099061,7367.050304297697,7342.7936653742445,7346.409230929297,7350.199334403164,7394.706551915827,7386.063167761774
W205,13351.367007087923,13242.416169790771,12626.272753238536,12594.793360072059,12995.830994813268,13163.83542914135,13010.43847833129,12669.407446328747,12891.198406914247,13428.511474905297,13080.996921929876,12896.179163668785,13542.372376917898
W206,855.7061082418259,859.5974520982785,666.4758778616048,750.9058212685169,896.7737687264472,920.0114427142198,829.9880748513143,800.5662937103363,900.254800083503,873.8607275535945,830.3408668166246,771.2570605187682,815.8823087728439
W207,11634.89374422622,10752.562247925694,14054.991467559797,13036.581200811732,10596.887310313105,12150.694749462737,11986.330357429313,11512.465187082464,10278.013630865551,11342.279493689213,11862.982375982494,11984.729103220718,9669.259706509312
W208,28194.182903485278,34349.057109008354,41719.85454256646,21984.8361327832,24689.251495993314,35908.032300315695,38434.777232749264,40057.06291160359,35845.000669830646,29587.798274781413,46825.986549966234,31647.366885669555,29370.615691291347
W209,4189.623937033081,4193.802036497053,4197.984302542863,4202.170739325572,4206.361351004397,4210.5561417427,4214.755115707994,4218.958277071944,4223.165630010401,4227.377178703337,4231.592927334925,4235.812880093506,4240.037041171576
W21,1727.377176656114,1325.242281211898,1825.9429516577711,2476.6168689033893,2219.6453453701774,1602.3723922899565,2396.0224339140436,1979.0261734723294,1666.4246169863545,1657.2869026613703,1838.5684919086466,1979.874733853083,1903.4804120663207
W210,8202.612648207996,8304.989705593183,8069.313403171549,8382.653173590134,8123.09163455517,8080.856174279112,8085.0796884337005,8244.882141934311,8347.786762981028,8110.895986708919,8425.850441942512,8164.951345064645,8122.49823937945
W211,19202.679601953067,19248.929225617092,19295.29024076152,19341.762915669246,19388.347519269555,19435.04432113923,19481.853591504387,19528.77560124193,19575.810621881235,19622.958925605635,19670.220785253907,19717.596474322087,19765.086266964805
W212,5456.09522840034,5437.478316042296,5442.267663564066,5469.265762689368,5473.662673818944,5454.98860114421,5459.792654476156,5486.873640695625,5491.2840490161225,5472.552649090721,5477.37145118298,5504.53556654587,5508.959511466897
W213,3433.2315369912953,3247.4661895023837,3550.324999506224,3339.3217316413775,3144.0005538497185,3640.4196090110036,3203.9955650103952,3199.6186516465464,3339.879574204201,3188.538870217993,3135.0109454111935,3502.1782210079464,3051.5675262497466
W214,2023.856342153432,1785.37819025335,1754.4559889630416,1862.2694505205532,1785.6227146679382,1795.7939404573924,1789.6242608558682,1955.0000201903372,2034.9821624506876,1796.009855225274,1765.020562111588,1873.0648012569195,1796.2549072251384
W215,2348.0960414055385,2372.063565110157,2374.80602844022,2355.9965759690876,2336.276462293931,2373.61279253112,2446.120447066578,2352.3004317431955,2338.522072277642,2384.1705322992893,2350.9063616212316,2367.8821119515046,2347.0249397081093
W216,3154.585761802223,3170.8300422181646,3155.7692887985404,3132.837015842172,3140.3593011026915,3148.3149799053313,3131.535183296498,3160.6756326672585,3162.5846613764484,3151.83269091066,3156.7900094198712,3173.034289903269,3157.9735364211115
W217,9876.8486412843,9884.90534105678,9859.279592063023,9881.104749479968,9886.444057833805,9882.242354344788,9880.011404143701,9869.45663952507,8980.15520012541,10106.374791645538,10036.04268182916,10002.821556909597,9970.105966635336
W218,9933.414421021012,9671.21140051502,9934.058956074194,9920.638878396614,9908.748609721331,9900.235602194283,8936.798145522513,9705.037092621362,9961.232881510286,9947.658230412842,9683.339874268173,8991.287938184545,9990.168307965354
W219,1042.9351225578134,1042.8702332245055,1042.7405964531029,1042.6757071198674,1042.6108177866565,1042.6106758915162,1042.545786558329,1042.4808972251653,1042.351260454052,1042.2863711209611,1042.2214817878933,1042.221339892754,1042.1564505597119
W22,3785.462893106756,4031.693956535363,2525.599897602617,3543.9651466402033,3537.2601882783133,4010.6918532019768,3254.0468656394064,3195.6990901211693,3166.8840255232335,3838.121051350956,3261.029169346204,3165.4363314382917,3318.0290282226283
W220,1770.956565180376,1813.3644318710262,1806.025240601741,1798.8153368962642,1791.7324432125563,1784.7743221300266,1777.938775642744,1813.2236435202462,1805.8869323887661,1798.6794651307628,1791.5989649738494,1784.643195253535,1777.809958706657
W221,7624.916345951042,8523.550865009915,8540.812513656467,7925.41321043596,7953.7951674915075,7828.378616386312,7045.048304323398,8589.685805448733,8648.049644055973,7934.9869338044855,7790.401919395953,7958.728284762231,7636.25540053575
W222,8681.063537188125,9081.38418955086,7988.254307556329,8266.37092386123,8331.931315557757,8041.54786773887,7952.721413234568,8255.770597144952,8725.697655541058,8760.506728282433,7987.977552647561,8358.087162417783,8237.189928821026
W223,22870.55280567004,34856.02103257543,30682.6456797847,29595.4233361438,29234.800559717467,29149.79472273691,27567.598201696524,29927.716380995626,29462.356129129545,29041.317483679657,30430.365622354515,28510.856566296683,30332.372360071247
W224,1690.2836495741665,1703.3811353266647,1688.845565824247,1661.295372423766,1763.0881311613437,1703.1765893307436,1772.3974749205931,1753.099151903585,1771.6306339716352,1734.7947864799476,1770.3578009807823,2003.144031621746,1705.9046378668977
W225,1890.3178976993509,1903.5293271874482,1886.2035720468741,1914.8625861092662,1941.7180964004035,1992.2914174777723,1974.1527791389615,2011.1756342345775,2010.9327246099094,1947.2277209853555,1908.1607172760507,1948.3727142973255,1958.4997298903836
W226,2831.9219196212803,2924.332728710447,2749.399427693718,3071.910665708859,2846.8877934426732,2959.324094270209,2793.671776751505,3101.0186865930636,3060.303127496131,3007.6502535286377,2894.2512185322576,3027.5387445691517,2906.895057642167
W227,1238.285207199838,1268.1040037551836,1267.5120969141974,1296.6481348066316,1290.8761207328964,1315.108410414442,1345.2399477018598,1353.3266096879486,1340.3049105304729,1398.2558694427698,1360.3936689324114,1365.9563080322441,1309.2464655925062
W228,8013.629087446451,8006.955061482561,7978.832575996658,8028.071114620758,7692.7939021298735,8575.26094814251,7964.242295673315,7937.758971115177,7911.335948260566,8129.893765865989,8113.549514583113,8195.351982235426,8108.107303194623
W229,492.8328212496336,462.74570406613594,477.80143094931356,443.83223472872174,461.729026061309,468.3377624280702,462.5993952858714,465.3608827863084,443.8924869013091,489.6801410339805,402.09427950691617,550.9310264338716,438.2729718192916
W23,830.8597219221219,971.9233042257324,915.9620978357179,631.3566969375262,1022.6707284698689,1127.181109610144,808.8035988190895,718.7077688355014,642.9187656388322,647.4800581589665,662.201306386477,746.5861394710645,772.0347629121164
W230,3345.353568950683,3225.64919522021,3191.2754734064206,3217.293134542638,3157.48637472945,3642.7145258079113,3040.6699449415946,3074.551207650131,3106.7498622494654,3172.519251842214,3168.9349436602793,3220.41563003428,3118.889406521423
W231,541.722421125458,566.5201658962997,527.6014068565133,578.4641429116693,553.3616807063614,595.0006592496953,544.0007743445718,564.984534199068,563.8431469635602,548.92009778388,556.4973880693254,590.4747934856065,608.6142569909764
W232,1930.321984842015,1928.8852218135962,1981.7253938068184,1990.538880880351,1917.2102824704507,2147.205312484191,2038.7279680824083,2067.546366694083,1969.3292324471656,2188.3680259866214,2133.5053701056504,2149.3539530968587,1881.996057823263
W233,1125.146346319456,1018.5452147482965,1016.3103771014287,1051.289610063294,1036.0825850123185,1048.1637061005335,1073.4493870149486,1145.1637526092352,1092.0380385902572,1073.9718618936795,1093.2510684788745,1035.4715542122383,1151.649837396425
W234,1797.6267700323297,1804.7459875281177,1885.639738882868,1705.27382546875,2005.1982384500327,1863.1903750096558,1887.7991133670187,1841.310470284081,1799.7315874597743,2224.5954497204357,2170.2065722762018,1966.023782510208,1832.7801358587492
W235,462.8756787580076,382.0444866278356,467.7506238012668,468.278611957779,411.5581130608401,412.6831856980885,396.1048845841795,452.2214143334958,486.46215689148664,361.7336520869502,438.22482241881056,405.8731366026746,396.1746213233446
W236,3277.0067387585264,3289.113053240058,3289.726310653923,3400.624272904485,3346.502178579473,3408.0341251663112,3352.2166630356733,3386.336650328512,3325.4177398754764,3256.476819507995,3256.6085139611487,3226.370259233621,3157.743255155724
W237,1093.97253297558,1029.9760103688052,1074.4523533787137,1258.960445868215,1008.5814815133541,1085.4084000649855,1102.491212687704,1169.503581487025,1234.3482674035629,1049.1855832551644,964.7959330806232,999.2722060101693,1051.6499258404983
W238,409.523565312094,377.3158804751707,391.2222287739738,386.2551210802792,382.8597018886938,408.0038382151404,415.33536402654073,377.7723083906301,401.6433856913224,385.7470651045791,393.9957393295812,429.8274936750348,399.1005820002144
W239,4058.2940759226503,3992.238489111845,3732.2225474285347,3935.1249136815673,4075.038166637275,4068.392756849922,4063.8343646191574,4005.0847240604367,4233.695454453104,3995.231771371394,4085.4640055635964,4075.1043819884653,4777.746103438744
W24,7715.027753292608,7796.119540877339,7002.850096380354,6517.975153771426,9718.109636373876,9179.123340695623,7172.440382003473,10771.458172165972,9466.92360894406,12847.216201688258,8752.892416268729,8260.389060549755,5684.895010324681
W240,2575.4096013973763,2615.337992869513,2603.995608216852,2587.840885418544,2578.9265083074265,2557.5483941876914,2638.6195337213985,2613.2490230394824,2555.7530933239336,2562.9508100471276,2627.04731588916,2542.2587519048284,2523.8834548420778
W241,1007.5227714541352,1013.1686566285678,1033.4557761271333,1030.9469184512604,1030.5566708036765,1081.251343814351,1089.1756486962768,1053.7744326791037,1091.328778962939,1098.4567015485597,1011.7104061218978,1033.3322178644703,1014.6993311727837
W242,1497.5209694213002,1499.9479159902205,1494.3960785657314,1492.494620308676,1468.8032196019128,1520.8794282186645,1507.8912793234977,1492.7943829083308,1514.0494019524747,1533.7054174558768,1547.407917499373,1578.243154939463,1526.4378105397525
W243,1205.8675877781445,1132.9839809654884,1194.0693783665736,1133.5424684863121,1085.4001178151123,1046.1009411312602,1093.3010841012467,1120.9471596933295,1124.163569692887,987.1448007992578,1044.681432671571,1007.9344754961983,1117.7498547092225
W244,772.6939889665639,772.9973793225774,772.9502146675146,788.6070004423807,795.0897631143636,757.2863912990955,766.5482177501493,780.8729242675868,774.963720216268,780.1689800517303,772.6860383784986,767.3954284664903,776.0860378826131
W245,2307.914170720403,2350.3165941975367,2338.1925918981865,2375.0486297478415,2352.0050317367836,2381.8127899815036,2353.525451437214,2391.6710105977077,2305.941289650783,2606.6056468376605,2410.3040702308804,2416.8262457022142,2446.775058577422
W246,1472.3572780431357,1002.7011489984196,1216.3615278268967,1067.0560363964184,1005.1082762585344,1121.8115714049086,1484.3438562969297,1089.4448793245074,1164.2612132497466,1031.9139537248352,1152.965272118749,918.5234598511214,1214.1361482612867
W247,4571.727905297082,4260.6131548823005,4384.127478172014,4240.085360592162,4859.632003323845,4448.4883612944905,4189.790455508611,4108.200437407374,4718.76887941302,4637.303143986275,3942.0367377207867,4093.927544945107,4176.475547571499
W248,16100.859479187871,17776.365882694754,17404.03869255105,16077.963577633443,16323.746397577906,18274.500632591597,17713.698643441778,15912.432913603037,16126.6166512047,17804.8034107695,17431.88059818564,16103.684122403167,16349.860128337485
W249,21491.949169464526,22105.613977548943,21554.805508961646,21638.304670374546,21539.495819278436,21825.530977183953,21545.667628993317,21422.447554560833,21532.31581363011,21712.361666780198,21541.943215090214,19941.036672997026,21481.066182413197
W25,1871.5398175474538,1615.579877766782,1356.0382688347868,1297.8143357728652,1889.8252049306188,1240.2841222538812,1008.3258045895568,1440.06464320547,2382.2105478376075,1175.9404002884394,1113.8900330494544,864.785821613637,1139.071037477077
W250,3509.5092785562247,3233.478107792826,3253.9643413458007,3396.2028445576343,3533.386484503202,3348.1774082915617,3202.1205648456885,3333.770037776061,3483.061548165916,3561.7306005369355,3248.885137673589,3290.826825942665,3431.1116698002866
W251,6771.5679892983135,6839.388729454797,6719.56053511292,6764.616693711156,6751.761313208799,6807.970141535008,6780.326277143409,6802.045992983064,6770.443155749424,6772.392756095304,6783.253740372085,6765.425448046629,6767.368827833105
W252,8756.05714629172,8699.375393489325,8461.972290994647,8327.682312105251,8781.107552923559,8724.282026765597,8486.275584090326,8351.64346854778,8806.221466198407,8749.25184883495,8510.640729547442,8375.66571761409,8831.399026440367
W253,12510.3659849086,12347.57532704166,12305.781626821738,12267.857492810643,12531.329226645472,12368.276004257723,12326.4148741289,12288.429545891891,12552.32627053111,12389.010076735178,12347.081412171121,12309.03479483658,12573.357168932993
W254,5938.163598928634,6081.9070715910275,6187.983062913134,6087.473576278253,6001.857932988773,6053.915477886025,6261.0925640345295,6110.374657188312,6033.176181291976,5978.581687172973,6164.5524557338995,6165.854031483134,6060.790257822424
W255,1932.5451399818319,1928.5451398512641,1926.545139841705,1921.5451398487492,1937.0902799716018,1933.0902797849658,1931.0902797473273,1926.0902796840487,1941.6354200249432,1937.6354197823691,1935.6354197167173,1930.6354195832832,1946.1805601417066
W256,2912.762776463187,1525.0646557630691,2589.7338438659403,2502.1730689059004,2982.392046238959,3048.282711657668,2740.032520678284,2691.2718193884066,2813.642490870506,2940.364450368649,1539.5163992353064,2614.2744758596887,2525.883969260876
W257,4020.958841801019,4023.8847274667464,4026.810613145164,4029.7364988362456,4032.6623845399913,4035.588270256391,4038.514155985442,4041.440041727122,4044.365927481428,4047.2918132483555,4050.217699027888,4053.143584820026,4056.0694706247486
W258,2096.060323775704,2135.2226569003037,2186.6780551835127,2129.5999800883983,2148.481238702173,2125.808067649281,2092.379157364475,2152.5107624621064,2127.1028518488215,2132.8963508650436,2133.194888347004,2102.0451059747097,2099.553581875838
W259,8802.646160237506,5912.451717234358,5929.11893793642,7728.719005019022,7161.204066002427,6546.275851703463,6464.38376638066,6490.576715781031,7518.161285029168,6784.774299661789,6827.91303669895,7029.062563312556,6871.119134856639
W26,2813.1686131085416,2733.834531115594,2884.2599197707154,2688.930699430275,2437.7489348119557,3724.191045190407,3252.6160285040487,5944.223777360259,3984.949220968404,4502.295149870809,2340.4250312215713,1703.9863521551251,2693.9928925179083
W260,725.2497221265877,488.59898008743266,755.6802370093941,475.0695659386034,912.6456444343295,489.02946716612144,509.6320317542419,358.39390294530136,413.95248478985314,445.2110702293024,651.2375117148324,379.98081628026836,482.86051216204515
W261,4758.037495668386,4887.32222500366,4575.227719705144,4570.112103486718,4649.910430493218,4776.392168892334,4905.676901155229,4593.5823886509625,4588.466772310371,4668.2651012070255,4794.746842536723,4924.031577716162,4611.93705803395
W262,4389.3067157957,4396.69180427692,4404.089318229817,4411.499278560192,4418.921706209082,4426.356622152712,4433.804047402621,4441.2640030056855,4448.7365100442075,4456.221589635944,4463.719262934198,4471.229551127841,4478.752475441439
W263,2338.7024624695478,2470.4537053071444,2376.8645054322897,1974.0317932706173,2677.376957322287,2302.5381483127026,2221.883069095144,2350.2296295925694,2461.97685249216,2186.1151206329127,2310.2592916576223,2348.740916142425,2323.3994813994846
W264,3281.673469667279,3853.9480906317767,4261.043463160861,3972.3676122394604,3811.6854505489828,3704.5710247764937,3923.208549494074,3746.9955700105847,4109.011008120611,3776.189793515539,3772.8944992467746,3546.1230556807227,3936.2442003005654
W265,2209.8876600217022,2170.7333243157905,2168.5451974423054,2113.159891489373,2196.8407562293305,2109.703195817423,2158.225401229949,2181.1116159918824,2198.9497175252823,2159.967334616127,2157.7888276115837,2102.6473880564304,2185.9600726226513
W266,2205.9866598857025,2142.89860081119,2112.761124889689,2030.8411424812602,2063.6619314481713,2445.308906921234,2270.4698415820767,2149.306309232503,2229.512858782019,1978.455313380097,1971.7638479250909,1933.9405363063147,2110.798919108677
W267,3712.6438774475705,3117.682843678095,3142.565868298105,3700.0038641646497,3107.0684150353986,3131.8667236902006,3687.40688463124,3096.490123944765,3121.204005053969,3674.852792337011,3085.947847374161,3110.5775883754395,3662.3414412704265
W268,1303.6682823617984,1371.904846893154,1318.6070251837825,1350.8282798934856,1350.1463165651992,1300.1261071467113,1368.1882378566365,1315.0266177288138,1347.1654944118104,1346.4852734302697,1296.5930010080756,1364.481116491804,1311.4553712037011
W269,1293.2151597487812,1203.3800629307918,1327.6176970554825,1339.202363231656,1291.2324896821035,1295.18123968093,1301.3401439342458,1319.6284202631798,1304.4389300603807,1305.70014249253,1313.9561382071795,1252.7153377509949,1402.6559576009981
W27,1763.6717437189136,1954.0771649075311,1884.9473353493236,1516.4183755050115,1693.081125014741,1755.945003306806,3417.3175058536985,1988.6267401126463,1484.511090075447,1440.3743574597593,2152.4424282163736,1580.3259470764137,1753.3310236233035
W270,7994.419084780127,8431.487859255467,8062.198567240316,8312.237655628356,7805.890471268254,8239.125885310987,8290.989757403146,8277.740027658743,8146.335311104888,8547.311243551741,8068.091229611114,8363.354338860743,8278.49537471856
W271,7523.649793623707,8050.425842493162,7819.021272638289,8063.703100590418,7530.4847541309455,8004.039771469441,8006.369333520298,8013.597169396359,7922.625693407099,8223.610755371277,7825.766642647209,8000.75060783163,7990.258522444791
W272,979.9946529990194,973.840917320093,955.9091247691792,980.4619336472566,983.4096903800747,981.0942038679408,975.2971278234584,969.1352246789035,974.1670790433271,976.4896005270368,970.3578741911717,952.4902161796214,976.9552099075386
W273,6452.50893116049,6234.590700417319,6414.359678868363,6379.653793558713,6367.292270913798,6686.031391826713,6360.428099861782,6401.624603016267,6550.39401474105,6673.445566859697,6402.420856094169,6407.682890894317,6413.084717356674
W274,822.2248717060936,813.2216277451214,829.3147601580271,797.195811538675,816.307550488739,839.615509408307,818.3198803247432,809.3382394525096,825.3928393153085,793.3511728949508,812.4167442716696,835.6691196986599,814.4242443813987
W275,8815.243795879907,8462.258446551521,8710.105620501477,8846.899570133224,8760.202648890432,8641.33658728129,9047.082914888475,8577.611740460854,8767.626730100055,8907.776668611948,8637.073989886228,8611.108013993646,9210.137182819011
W276,10983.251077143112,10900.726576680732,11523.288471492193,11899.240492767629,11276.408742176449,10827.543819435044,11643.698790704917,12364.597223587054,11162.537852490148,11635.436350806998,11345.129113617288,11481.904345431416,11679.740583582452
W277,3035.696826572944,3153.302262158244,3154.2323080649876,3047.651426269478,3119.7269480529094,3064.5498470181897,3269.935903982489,3046.376649076738,3093.575605044947,3133.437295643609,3197.887212301717,3154.091171359628,3110.060020221239
W278,1260.3308251505357,1330.5683363972264,1275.7938343932117,1308.651234773496,1302.943817208779,1256.9667911760234,1327.0173315120414,1272.3886358913364,1305.1585699508578,1299.4663451007957,1253.6117128691135,1323.4757787012802,1268.9925023547578
W279,1327.3831662551074,1304.029902838121,1263.8730665705866,1173.3176933565987,1248.5658708414658,1348.0239150066425,1268.3434305109274,1185.8608505796883,1281.961555074889,1304.6073868930569,1388.6269960711502,1350.5014905654211,1212.8872322375596
W28,3846.186519834767,2925.202104634885,7290.531290959039,11601.198446371707,3369.0190701605097,4200.249306693932,2925.2577464067285,5020.080297469023,3769.631247095685,3340.1013724999407,4280.700621549534,5664.481399261696,5844.522720049332
W280,5450.910292328816,5430.079719671607,5425.569871403202,5401.020404775209,5464.464676488275,5443.599281436279,5439.081888304309,5414.4913148901305,5478.041696022453,5457.141448784415,5452.616504329177,5427.984788903307,5491.641370276368
W281,1716.662937452464,1531.8337759222914,1691.1557816253128,1814.887928689892,1827.8438492365667,1702.2890317459974,1790.4310415486605,1716.031968849422,1746.6848448555747,1719.7115265540172,1735.911345629576,1776.1444706657894,1787.3091634457733
W282,2105.3383907470725,2106.419007873134,2159.2605774470276,2138.5405812059175,2111.4305084915027,2091.387665519581,2092.464392056372,2145.1168143328027,2124.470730594889,2097.4578614871334,2077.4872498971204,2078.5600880496236,2131.0234696066427
W283,341.75105581614224,344.09859636076277,341.319368407854,343.6646015573638,340.88810568591737,343.23103306382717,340.4572673512484,342.7978905803813,340.02685310489125,342.36517380738167,339.5968626480168,341.93288244531055,339.167295681923
W284,589.1777064485543,564.8047952599476,566.973639478321,565.9732871896435,588.5624814570057,564.2135907406888,566.3802951046565,565.3809297386712,587.9478620835395,563.622969605251,565.7875360977428,564.789156739955,587.3338477682314
W285,706.1791021475186,715.6465727034346,710.143120887761,699.5064423106012,679.3046196022154,737.1037022740948,723.2830648393091,667.0961198232462,731.2806338899112,690.8869149795689,711.1115872675484,712.5341621903385,722.0868320689137
W286,11091.703103253976,10991.953041338184,11061.73114875652,10932.129093585007,10994.080647585546,10989.450874787472,11002.164729677446,11229.100498193025,11124.702368481187,11319.93740196052,11114.490416115776,10915.246060699968,11545.202023088237
W287,2246.5326296143944,2238.708808345224,2244.5393406962794,2263.9639572373635,2322.0274332571485,2241.3888644169883,2235.363854386856,2248.39162115446,2229.8884916166967,2235.0965570832786,2240.5818804773794,2262.7276435853923,2246.5594878650904
W288,7896.514102380036,7826.911758989762,7842.329436002047,7849.112491262935,7918.7961621047325,7849.049917460835,7864.499499646082,7871.2965863603895,7941.124217530193,7871.233883132751,7886.71541232295,7893.52654888086,7963.498328813257
W289,10097.392806947839,10069.933024715567,10098.92853223908,10081.896889672586,10305.535181034846,10186.496646035896,10032.552295161075,10055.675331050243,10123.650287833108,10117.848245750356,10092.661237070892,10155.210126336153,10201.017645995624
W29,718.1022822069258,571.0040706902365,687.8643162016481,564.886875917983,758.1047475474436,717.9710205265411,578.0532043322601,451.0338810091827,836.3207751398247,884.0504632306643,635.0820779774668,546.427401723874,642.0791234315593
W290,17036.39394151002,16625.980216250944,15427.63778155283,14929.906741095205,16122.922572785306,15278.016032087879,14986.223790750388,15786.90730310025,16386.27592597921,16252.79120366155,16003.712089166558,15364.693591903348,15909.229137262286
W291,8390.750370435855,8667.550263315534,9342.155419205044,7916.815010235511,8207.585600267612,9118.898912679146,8953.614856011327,8617.030168020212,8641.522751360686,8880.775403916463,8526.305342432279,8098.290200256129,7703.506286477192
W292,19274.547091811357,19673.919527123893,18607.737848113662,17008.405049790563,19515.599647612897,19782.312331750014,19225.634787314208,18526.449135121682,19806.33925390944,18267.458185036005,18986.942638172768,18444.964609926974,18814.00272604782
W293,1938.2976906721426,3269.8047272379786,4865.164907135337,1945.4865484739876,2160.9303126808272,2381.9472547389187,2383.526078814735,2008.64342962378,1902.7689073444462,2188.4155026739486,2768.4992270212056,2221.8320021406253,1978.5935181974921
W294,1769.8180218949444,1512.6222237217903,1677.2815221477647,1522.5851710260442,1517.5262318894754,1689.7902036363153,1972.0795623157878,1190.030412157786,1598.7694665858605,1562.7781248165331,1597.810588248178,1343.378758825075,1687.854573416341
W295,3068.710185659643,3028.367321873338,3044.374939139098,3004.3404526292675,3020.2256913365827,2980.497313440063,2996.261074031435,2956.83655212332,2972.479728674692,2933.356826059574,2948.8803063234686,2910.056802127358,2925.4614675758353
W296,3030.9320172278913,3024.299839561748,2638.2069629093116,2951.932368595881,3928.534348691654,3021.716741060824,3015.101757633683,2630.0199256059127,2942.92226728606,3917.0381978828314,3012.525357443765,3005.9275313830117,2621.8545539014476
W297,4841.2187517737575,4335.276501452008,4584.515368297186,4987.17730237416,6047.442646151835,5542.506927364162,4833.502840184492,6812.161323861118,6131.879656943002,4829.649497181908,4324.916310536352,4573.559564521302,4975.25924688844
W298,3260.4833755853456,3180.4216743258025,3348.558230772464,2789.3214858038787,3244.631830044099,3503.6198908939273,3094.1511083965815,3312.418974459879,3007.318169414458,3084.8517083777206,4196.315730372913,2852.8144729573723,2967.2739928490287
W299,2859.4116349660712,3094.534844992376,2871.524776020393,2794.0395539340775,2560.965269921377,3225.15439006803,3575.0913792816054,2605.0595355931046,2540.140340252694,2556.4916687987616,3507.4182876725986,3323.122380258978,3071.7434980011108
W3,9772.151351844106,9833.061476577834,9586.267642402507,9451.775971195644,9632.133527544102,9875.699809274685,9605.024281199236,9493.29406511123,9475.305003776288,9899.20774424036,9779.3448842293,9535.312501049324,9402.948530141848
W30,3289.8707839014914,4315.157794516411,5099.307746471958,4428.8980102300075,3023.8151439184326,3656.0505264182098,4499.764316495683,3201.6757969362757,3471.975381649024,4405.529387825048,3791.936246422112,3490.777198459871,3514.319665731479
W300,2119.107730370664,1772.8143641401487,1922.8179120777577,1452.605813118446,1672.2098914668793,1770.8037474828816,1600.2032634099749,1196.8158378223097,2450.7525517891936,2392.9045441664425,1743.3514223725458,1796.0279375040334,1734.7574669522944
W301,2423.1039728764395,2936.669263346119,2205.096335683202,2975.577587772005,3040.450512570969,2611.4238024624465,2553.406965418263,1633.2286798889031,2006.338358929136,2808.7104747188855,2040.422115388174,2107.5282976734575,2591.2464368969095
W302,2476.3703852429835,2359.125588371713,2298.1522503094525,1718.3915383499666,2841.7694774745432,3079.296017873507,2377.1677520039702,3246.2679076333216,3809.7037191047443,2597.397933073208,2244.441515779142,3318.000175090218,2829.5741659724354
W303,5006.853566731739,4559.626411156655,5056.228611468921,6180.367250656377,4982.20234755633,5637.30899348536,4489.771608916904,5350.338266133972,5004.217575892615,4082.111943959421,3381.411193953417,5489.116959057605,7093.022009768979
W304,3081.073587887953,2162.764746267478,2366.7293195454617,3024.817006738824,2389.8927140735523,2565.340154250061,3200.955064958826,2433.0805499594144,2257.84715049149,2996.448778485857,3000.3245422383766,2450.082196164697,2412.4531053364303
W305,3287.5411790951475,3144.774586386394,3213.593555535724,2785.651446681329,2108.011447014742,2537.733295422026,2656.821450385538,3678.455684693173,2690.8566600428967,2846.882495009045,3385.1892481468076,2806.589370920405,3335.532022974291
W306,2531.042459923946,1680.6775156627552,2031.8232869592573,2628.2071056497007,2107.4442383134588,2069.7663029531413,2720.2612520536627,2015.204216539485,2008.2758727135863,2569.9609332184773,2337.90920841469,1957.4295915808048,2222.2409522797293
W307,3135.7327086747873,3213.1667266463705,2741.892994155902,3385.8754107046434,4320.4768060997685,3132.3023095383846,3209.651617488056,2738.8934416576712,3382.1713645205164,4315.750340873972,3128.8756631351603,3206.140353732065,2735.897170564528
W308,2498.3933982518706,2171.630371048429,1879.782089412043,2041.6501457676432,2855.136553098853,2423.3396967267404,2593.5865340944724,3206.5266186835943,2393.154254797663,2244.191839371287,2169.705352077006,2764.849796793536,2154.3941170775447
W309,5677.618110771345,5423.432151424667,5710.462235578616,7350.578461848933,6831.111033301091,4219.660584553953,5132.560451055291,6576.231150726601,4923.516808697295,4760.215059260585,5809.3725817291515,6185.56583734363,5202.476464598921
W31,1194.5611825011752,1498.6320532232965,834.932199165413,1394.1092690512767,889.0049678896158,1091.9206146203733,1450.3208105603453,789.7141092606378,736.7897373069283,939.5761735729219,987.2426351470671,790.5443376481752,753.6366263667876
W310,4174.606028159084,3674.5398534858027,5164.914799774202,4122.171797708115,4231.986960015184,3929.0435051034888,3817.701180783323,5316.145242421206,3744.83960316414,4750.494517194122,4087.9800772115555,5078.06529022201,5589.168725869248
W311,4370.875267389095,4459.749733922952,4085.1364083232475,4407.023400742437,4944.490214744693,4142.799950368508,4366.383362170238,3888.9560162205253,5734.8865358825005,4760.4742762312635,5209.701746489085,5805.713956689261,4702.670347216353
W312,4498.185259278706,5576.992700599463,3119.3671658256135,3629.5306881893575,3969.1975170094656,4903.879032217249,3893.789266063624,3404.8127302982934,2916.6764665259284,4243.305148718154,3744.525440568508,4366.960286112748,4375.210892502255
W313,2103.8465760986946,2070.5725020512305,2093.8396046675084,2060.716678978974,2083.8780786937386,2050.9056473078317,2073.961801573324,2041.1392131231407,2064.0905775104043,2031.4171833079515,2054.264211514176,2021.739365539943,2044.4825093957577
W314,7794.302925548172,8183.322064777369,6269.317960116668,9190.413523106276,10069.38020994213,7817.864800513064,7451.0157391740695,7732.706992836642,9719.684232825675,8315.949956675446,9955.391832731155,7713.0626004868955,7942.826877317523
W315,6162.694965805937,3298.4839789820953,4106.671708603661,4419.766019513723,5927.451611444008,5317.6360343359975,5459.229834139433,4496.634453625746,4610.870694441068,4701.985895576925,4644.6953069214605,5513.128347892235,5268.30298262452
W316,3053.6567436554096,1894.5150836443343,2580.368276716256,3526.180151569024,2287.1555834558403,2346.6846734742494,2765.0515093707986,2415.1311061801307,2333.5643150404085,2891.7684862311494,2695.038801607602,2656.4804079121095,2764.5405986767964
W317,2790.1021480293994,3802.959261840531,3100.788580744758,3095.784061302737,2837.7047630327156,2162.062365450481,3407.8729578185994,3515.8733294000713,3724.898783157742,4651.775524166402,1878.2222729617745,2891.8343885939335,2867.8363096008397
W318,3637.589666347509,3599.8914611550576,3619.313527156646,3581.804725836895,3601.1292112095734,3563.8088621624524,3583.0362571693336,3545.9034135757843,3565.03420601683,3528.0879258147406,3547.122601039136,3510.3619468994552,3529.3009878179028
W319,2433.587404679028,2031.6079689568544,2329.045032039934,2540.518996807575,2534.3887973757483,1714.346545973943,2475.233710994514,2620.7014428984985,2080.302677298431,1960.4254846296699,1909.4141135463528,2148.6761478852945,2196.3851651085315
W32,4436.027892811026,4839.017951671905,3366.5450861472195,5199.792915518837,4985.121168212164,4425.014251649977,4067.739432526752,4060.232337987768,4011.0945765898136,5527.594787189967,4335.794738579112,3941.5819083082843,4001.2508198020328
W320,1542.3517301228649,2535.0219818513997,2430.818230661179,2077.087413600915,1584.3593388591194,2370.340582633095,2621.373807382103,1773.5491523507308,1843.1734280871058,1902.903042727371,2338.4390876690923,2258.6444118707313,2066.204789080395
W321,6670.177321212443,6696.357150021455,6305.0926969912125,6050.119935054327,6716.175636150649,7621.135182838876,6701.009753569947,3939.7365134777797,4369.611434306211,6188.282438046307,7158.357848560083,6229.856491984337,7301.780850336727
W322,2665.694476693677,2654.7799520391227,2305.1120414824545,1893.3446372382034,2183.593587394352,2689.895033551044,2458.4411441669126,1723.8671354704038,2424.9129256094275,2257.0303644789406,1931.7669623356185,2111.8546561166727,2317.2128320807874
W323,3828.6516509925304,3389.2939193828583,2955.0460326662774,2125.0298788326163,5119.673493571188,3904.51672785983,3483.112812663046,4661.351513406146,5573.840998609176,4249.572548561372,3316.2579754407066,4573.577635955615,4091.732974130133
W324,2542.2633089913925,1994.3110181406234,2687.017418555597,3355.4468840618674,2444.2062978312683,2236.5580140015963,2221.203190700353,2516.8766488702986,2339.1684847022184,1949.2575739917743,2034.0335149061073,1896.187896034113,2983.7588715354523
W325,3611.3676897072246,3458.7792222189555,3779.825622593483,3365.281859513289,3943.9271006553304,4868.296766199066,3695.130231060471,2460.755932416782,2244.3216953032406,3315.8173358477356,3657.9634048801054,2825.0943892712244,2933.892007058617
W326,3472.0646752455,3576.487970728407,3199.1203305274107,3342.385933323047,3347.2056919952747,4134.208798097635,3796.9163025706284,3764.700360421792,4328.957534054207,3269.7232260113556,3173.6751177393026,3309.3343969902603,4631.848927143513
W327,8861.762053842544,8504.257696997467,9569.893339117267,8563.469596048453,9775.7277512848,8772.180064039401,8828.488823679176,8472.32677949735,6054.758846630602,5646.349860708744,7386.493170574066,7685.377014442277,7737.93921101267
W328,2437.624610219251,2246.172992476989,2046.0723464439216,2692.4970781830534,2405.4120431828173,1856.7163522521732,1591.1940471498492,2284.0077744538667,1783.1676815628634,1854.9130024996107,2305.404740327283,1794.0481918174182,1733.0820704014448
W329,8157.7282107181145,8500.328906950966,8217.955446359869,9791.922211156885,8889.229876724374,8088.233643917071,8277.903854500797,6897.911850119582,10869.81067295685,8376.909914395295,9919.857089902498,12775.252230785809,8088.116309181519
W33,1280.3649215838323,1396.4396808412478,1301.7986481464309,1223.9162740134739,1359.8151692563251,1764.356525725546,1563.960033873011,1259.24710186464,1322.7795534138681,1470.202953704817,1502.2203733471358,1517.5177773497146,1385.9391822192465
W330,2927.6310939198884,3455.876562275163,2863.791992150176,3328.4528006385076,3206.76476959111,2977.1301716478997,2485.5986942673594,4256.405048996808,4703.026862829094,3458.9853195164196,3265.848796111004,2874.004688353275,3715.5806373931064
W331,5276.904427487019,5653.674756639223,4519.258089388544,5308.811886981065,5710.045250281825,5289.933043183827,3826.5903211229543,6259.022130846945,7116.612268207768,5183.84283453458,4971.01228394223,4837.677290316383,5951.150926584802
W332,3309.7248454376063,2572.4509435949185,3954.9465670746904,4600.4642368408995,3183.2625557472793,3271.9456247992816,4004.07362190073,4285.057905670617,3172.5573996283815,2565.027904230928,2777.845210775321,3009.5368125716877,3658.619927905852
W333,2587.351253634334,1802.1277935004762,1524.054690043351,2264.6798647091146,2592.2657233771447,2055.3604413582057,2161.886609713128,2362.9287532204,2241.629529927932,2186.139533007912,2282.9088893587414,2212.2867821946916,2470.1981991213693
W334,3522.827410540746,2468.813000365517,3141.950557728373,2650.6066918590104,3299.1697101880923,2632.1783015356295,3688.7974023212137,3420.8217696916813,2689.1754193439533,3255.0400884476035,2933.851138378622,3501.014689028515,3126.5984769622564
W335,3514.6107141938382,3834.4845063897124,3322.640976255092,3556.204003459594,4379.495349868918,3892.482025379652,3564.735844606631,4000.2368330827107,3989.807486000508,4109.689235148179,4397.126748533138,3555.6154437154387,3805.566808208522
W336,1499.1413181124383,1809.616751495885,1131.3008932308467,1522.9532042927433,1773.7168069902734,1717.0929055381837,1057.3084956952484,1500.78375742887,2029.700759546233,1290.3455576455603,1171.8380306234023,1173.678303988714,1558.7924655318893
W337,1667.0774292731903,1222.5018647559739,1624.5650117872399,1755.906616667558,1344.196442424682,1519.6548243339887,1353.6697245214264,1622.7884060496085,1653.6848798646492,1634.328812320963,1526.9256309480659,1520.855415524917,2241.050587681506
W338,1508.6734454992043,2059.280607680706,2389.1925433744004,1903.7656168557241,1881.1510646468596,1720.9547377491656,1944.2577824893317,2162.3823017985515,1857.0179545766462,1806.6107480564326,1824.801196091036,2495.741372553509,2082.4146037346814
W339,3371.1718778238787,3704.002783490027,4046.5138573129834,4536.748871434089,3704.578014116679,2812.337032955004,3212.585497254185,3955.406138530225,3206.6294894411926,3462.264112706714,3684.20975361638,3289.5370234478255,3186.71660543261
W34,1121.5194638269631,1655.7928313714153,1608.4295898755465,1603.093264071336,1509.9088102099056,1343.6938229166628,1657.9131042689148,1355.6634426434382,1445.4696513339659,1429.615326028917,1456.9156783923006,1903.049944549,1230.8208972674288
W340,7239.997462624596,6483.165182754457,7174.182307280386,5864.94727107832,6311.993267583934,6556.258230238655,6228.422006419983,4906.329898518376,7125.485791077588,7071.122701562184,5609.6864805818595,5897.327457320228,5762.180119426811
W341,4741.670044397578,4903.275154749503,5525.578164476386,5726.727570170677,5800.150437594241,3755.101350036792,3985.883412152829,5157.586391326525,4917.427795859255,4685.70006202821,5638.341445660497,4727.137098017086,3982.9494448844725
W342,1384.4342996962125,1463.6487197030772,1259.527130982838,1676.2178813548499,1339.8307650331321,1379.479922008706,1458.4108646744414,1255.0197472617226,1670.2193251053657,1335.0360059447132,1374.5432740989768,1453.1917538717814,1250.528493711081
W343,2995.30173546817,3181.6979548484915,2953.2900362338005,3438.079989423301,3542.9126319417087,3190.977330772262,2765.186020515837,3324.253606985509,4348.52662113533,3883.6492641264012,3558.9022709478627,3897.7159212135434,3774.6043091194224
W344,3740.1567092835344,3487.0863764329742,3960.5480327733294,4163.3843275037425,3616.61624293075,3753.55996533557,3003.1226221738852,3480.691120884268,3269.081369187111,2776.926294002732,2190.0877185222175,4692.987691200564,4779.347464097291
W345,2919.831493740765,2256.981106464774,3627.468831672586,2428.6047773913974,2758.7468917265683,3955.20980376509,2693.676646732081,2704.0467271545226,2871.1442443677524,3109.0735679063546,3191.030334984493,2886.1750795055136,2181.531958060059
W346,5751.333085294355,5238.530414215775,5424.760585907295,6553.788397531151,6222.697594545756,6331.403963808776,5088.161521962085,6101.511544534235,6878.882069487375,5741.374500856897,5229.459756039509,5415.367467067708,6542.440349451764
W347,3223.9728847534097,3509.134234524999,3282.5933234458635,4155.570720627245,3886.777154391944,3445.7799539603425,3408.970543229319,3338.22202356525,4432.878376933427,3725.587777005158,4189.859642760495,4816.493219131079,3765.982227496476
W348,3895.1906986042595,4014.0933723387716,4809.392751237252,4405.039794936182,3380.67951019717,4751.113499617403,3208.059427727389,4101.077908793059,4248.833884354772,3547.7160306696805,2865.4963186176797,5473.3805584536385,4938.215225392118
W349,3421.176909803907,3348.3922197331926,3383.4548848975473,3311.4727168427635,3346.1487820005336,3274.9602874278935,3309.2540151952517,3238.85044313351,3272.7660491277097,3203.1387450924562,3236.680398450006,3167.820803379845,3200.9926272690027
W35,1094.3741638216875,941.6890836741617,1245.041191237486,863.0421623234552,2289.9724921827446,1352.338852759062,843.2461348211841,760.7520402333827,852.6166617801159,2186.306470947848,1127.1042620674248,721.8258611640198,1102.6295637153883
W350,5936.012987733923,4319.064173811975,6011.221418634279,6965.08784125394,4205.409078636067,3914.4349373632795,6098.739162047778,5173.765986057772,5487.06949420088,4358.268264259888,4984.511178140808,5953.062396165498,4661.735289322872
W351,1662.4567938335563,1180.921457847176,1284.463122283635,1967.5286372696514,2034.1472730077078,1029.8043536297043,1171.3643181733325,1767.6256297605573,1270.1518016763755,1379.2923138491255,1555.3637518376097,1143.3142096087245,1404.5612263436697
W352,1298.6709190635395,1318.7345269075338,1280.367812738981,1300.1486513671246,1262.3226637825883,1281.824718418284,1244.5318366577721,1263.7590363587892,1226.99174706528,1245.947965515318,1209.6988612210887,1228.3879175101858,1192.6496951444738
W353,1816.560094060458,1951.5517158738385,1776.7356319487985,1717.3757079218453,1945.2311729815335,2242.208505513778,1725.1522367793889,1433.1489640714801,1503.8192608633924,1435.1766985585027,1159.6235199326225,2133.797177941577,2446.93657743755
W354,3053.931329950853,2758.998558123592,2595.2120856078022,2762.9712423655096,3963.2426221961246,3743.0316741696906,3809.414577615205,3339.8586754717007,3445.6316707758365,2666.406396305092,3081.9504640173714,3705.735181892342,2898.8356539118486
W355,2757.3945454141485,2719.065966381389,2728.3655817507097,2690.4405113049506,2699.6422238855434,2662.1164140681185,2671.221254536964,2634.0905021095623,2643.0994902931934,2606.3596362670673,2615.2737812558075,2578.920710425932,2587.7410106869097
W356,3825.61111584055,3514.3501999814916,4650.322232721741,3723.618055579563,3332.834469294595,3723.274777917053,3057.1343907046535,4049.378723488944,4965.235191867074,3358.634470485697,3188.7166988330914,4672.120172113001,4185.7519232033055
W357,3135.5518402711355,2952.097421842894,3830.5371635528027,3486.289301553834,3310.5272723353028,3122.56331666324,3301.176371355185,3778.610803470783,3461.05890288216,3582.2209321119835,3339.9819532640868,3621.192769990651,3978.8628215263316
W358,4402.493357483044,4538.935853948355,6090.489042324403,5747.458867159896,5747.061800025767,5178.104244743463,5145.114932538391,6134.763775999613,5211.062808071284,5699.523739139788,4643.3690944356695,6188.614489638533,7483.246737966338
W359,3573.3146402111897,3560.3564018587476,4099.366585087236,4785.9449628521725,3523.1565640483273,3143.374054282343,2908.0324631551102,4344.225069148252,3601.2069328516222,3679.302581145049,3735.000257560516,3267.152919779467,3029.787421270379
W36,23024.439359345506,20428.83437502068,18013.660024021894,17602.856719579824,18472.17352221426,17342.84999367522,16280.180712584646,16825.929267323216,15643.248381004843,18926.89765111985,13188.724256883495,14755.915194936231,18420.719501713436
W37,2903.3710025042824,2896.3515861706937,2912.1476869179996,2865.2299301725893,2883.9940731489664,2921.3635566075536,2895.8295579749306,2935.307277000745,2945.6939707453143,2921.4677952781567,2976.1243521508277,2876.6927949177893,2888.3023219653865
W38,3092.0886540249535,3167.7062827463387,3047.660217988904,3052.626888737597,3084.1757297814174,3038.4027220111684,3040.650955773117,3058.1451951818285,3150.0344491213777,3121.481174192718,3054.444732079025,3067.2046138993446,3109.7820648408497
W39,5865.923280733868,5887.737320771227,5912.9519161819135,5910.989151868107,5861.140465583791,5859.9566157388645,5862.870869137727,5901.001682087274,5871.596252220062,5870.7991420144845,5842.149520368039,5882.582867733578,5904.403219465414
W4,2565.3762979957473,2119.205526239587,2600.0424161554092,2566.795147868406,2621.7967589015984,2421.023599813126,2689.0867782917476,2322.4295275584864,3207.0131666028606,2335.607927513283,2538.391852700792,2718.3842315020306,2672.3749514658357
W40,5866.431838103032,5879.6523866902835,5905.475695100906,5908.879639422259,5858.105910411197,5856.786621531211,5855.16241756218,5899.0135297885345,5867.454988179478,5867.533640158761,5839.383445184819,5883.026122441897,5896.2503084178015
W41,6522.332559279392,6306.0024938988945,6286.2424924219185,6228.582497751,6275.542492861924,6132.392509585904,6364.532494196774,6329.49248585435,6219.412501161962,6296.672487492918,6339.142476561908,6232.992500110708,6172.092516944939
W42,6531.139094021897,6318.109028927787,6284.669028313831,6233.219033790467,6278.759028685671,6197.159038372117,6316.229026803432,6335.219020871144,6225.459037107849,6295.55902398996,6350.5290108495155,6245.8090338447155,6168.429056594187
W43,6526.735826598738,6312.05576137099,6285.455760284938,6230.900765712652,6277.150760713474,6164.775773980421,6340.380759628597,6332.355753306432,6222.435769079741,6296.115755669224,6344.835743653623,6239.400766935666,6170.2607866792905
W44,5866.9417283532375,5871.573253368423,5898.0043132487135,5906.773017449684,5855.074278855322,5853.619557057208,5847.45757551004,5897.028288950377,5863.316730004198,5864.271140655196,5836.62043452494,5883.47363579226,5888.1063736181
W45,3004.123777734507,3068.0989940880454,3035.8394821737406,3050.7360041163506,2993.6160047808867,3027.7123001301297,3012.3099085676213,2984.154349470798,3022.5931937973073,2963.965026892575,2974.4615583738764,3009.0379826818144,2963.5381507469774
W46,3354.739614551104,3192.659446344599,3263.9980739134553,3174.877025846037,3482.2823537132426,3308.6219738059262,3282.274215797488,3295.955195943663,3448.3805878436197,3443.4462314058005,3426.0577718050554,3229.5069027137138,3288.9767231034753
W47,3003.4232763668324,3066.706232550033,3034.2428489520594,3049.281779351944,2992.138194291794,3027.031605038429,3010.2054727634827,2982.864710522915,3021.648707227323,2961.624374369937,2973.2022761978974,3007.935602826262,2962.155199662158
W48,2974.7886763406214,3075.7375327889113,3042.2660333850636,3082.527038942116,3009.457319212246,3024.343415193965,3051.7164527286704,2841.68001496124,3068.2968788910025,3026.5345469227113,2888.450761815165,3026.5040689784264,3080.3752955883165
W49,3303.9084223615637,3098.3613634319468,3357.08720458509,3102.565355168997,3222.4608479802787,3271.7910591877453,3197.778768292794,3306.1393195302153,3100.5922597467334,3359.3181019660124,3104.7962515018035,3224.6917448171157,3274.0219562265484
W5,1220.6333394578458,801.4833592783559,1149.038489169148,1186.10037402477,1106.3554150750979,1324.6197596106938,1115.3894685395053,1333.4853165891102,1481.096551829862,4160.316727445259,678.989061035735,859.0984377835473,2180.6440219907995
W50,3303.852445084721,3100.024073875815,3357.684511821239,3104.5520896175663,3224.755937499489,3273.245206472527,3199.408558286918,3306.080388641283,3102.252016586983,3359.9124555923704,3106.7800323481065,3226.983880734347,3275.473149905533
W51,6389.571736086894,6397.133691464737,6336.257437818439,6349.087392696264,6455.27209553605,6425.377008022835,6401.792163220503,6419.1343854112165,6386.674396730287,6360.03171624208,6378.984819703374,6434.254433749291,6469.390392398533
W52,6865.3483609339555,7187.478479847546,6979.963372324845,7090.679842054569,7069.877755902752,7026.8593639652845,7085.021314989391,7049.372753776279,6946.24123709597,6871.49838188842,7193.628502482226,6986.113393886017,7096.829864192405
W53,1935.2412306208087,1823.5040047042721,2028.1273170299123,1866.5703057774554,1767.181461608794,1851.0013693311682,1912.3563133710388,1813.279558613497,1728.5428513052805,1989.7332415254714,1917.6041821177832,1895.1667948618065,2153.7323262250334
W54,2453.221627301682,2450.7595770162447,2507.603725778657,2483.524723952411,2457.7636573926757,2440.9296788626193,2438.476775643149,2495.110336075508,2471.1203863643577,2445.4548405295,2428.6834214873224,2426.2396432057326,2482.6631233034664
W55,5120.0508308704775,5213.387993639206,4858.471445839211,5177.960852645906,5034.356786023725,4879.425675776474,5027.94414026266,4961.290849845144,4791.806898707513,4967.874557643296,5376.386279476378,5569.051162699707,5078.919210542447
W56,3102.070420990007,3045.3989298032334,3095.4617740547756,3070.5538374406838,3148.5727590463457,3169.529443336077,3265.0777113131467,3297.7102814012333,3249.848638294527,3208.4740020231784,3323.869480612708,3314.912253422297,3347.0406783344224
W57,2138.5053845578514,2172.527686875773,2183.311524744799,2161.595261855524,2215.8983833239217,2139.8060659486428,2095.6158406205477,2116.60942545802,2194.1430329057007,2216.4566508867,2205.271306649526,2227.46094542765,2194.1430329057007
W58,3493.017738787851,3350.017865114092,3346.017862396166,3417.0178015190468,3410.0178067907696,3443.0177821395964,3416.0178021830197,3368.0178406350715,3357.0178454614143,3459.017775286089,3411.0178058913784,3469.0177654253453,3268.017921065167
W59,2720.2543909366373,1940.7476768376932,1976.3835423028563,1537.2360580119325,1785.7267583415,1508.8278030946638,1880.5897964496692,1115.1074559283102,1530.6689640716231,1698.1471390780027,2653.6397087797363,2798.561496693059,2263.8366551996596
W6,810.6726315427359,346.0112069441521,395.32971134102786,410.9890137132632,498.59913602025887,410.06573915626245,538.1591282564245,535.0997404003745,888.7099251555037,414.7200282647006,556.8035486734063,413.02198054688154,355.08619475853897
W60,8984.472709963637,8929.106582605462,8941.112809584107,8978.639735675592,9108.570469065648,9043.21161341064,8957.50737357844,8978.512227063324,9025.177914169759,9001.266378762562,8956.031886025525,9073.167868568436,8985.972106119054
W61,10122.254264975763,11776.827538429392,11174.422920427594,10148.889235648283,10407.713731071834,12017.87894352195,11283.125075445818,9607.225916102741,10132.459634822464,11788.70105681627,11185.689091824173,10159.121459009615,10418.206902601329
W62,7288.5421534152,7110.753145069665,7288.091105776376,7315.653206123784,7300.895978459638,7308.469073473005,7300.483469601666,7202.744671386685,7294.405106899553,7374.814396190951,7304.290464107973,7322.469220581361,7301.28728881786
W63,6063.808219976284,6103.439157441928,6096.918468058591,6058.7601194295285,6070.944133367241,6091.608387083382,6090.042778685351,6401.275665384987,6269.510219191697,5906.166883077282,5982.062257916848,6331.430201433537,6229.120791208053
W64,15746.158727996113,13608.094630806982,12720.347468377126,13658.543691250157,14718.832867870271,15142.83658512931,12202.672076856383,12856.772183171995,13888.449918248547,14911.614240484896,12463.587720349395,12597.824346638115,13798.459106916596
W65,20334.96288233622,17978.027193555343,18617.824167796898,20012.011658837306,21561.637944134756,19153.627710618362,18137.480137476614,19247.270235106935,20455.76755849578,20986.31751624846,17564.039869914144,18295.521610698448,19483.92264506762
W66,7521.143834461101,7468.692837039152,7236.755796327042,7106.40504922157,7548.992887090564,7496.347676936212,7263.551832125009,7132.7184291563535,7576.945057691106,7524.104915688177,7290.447086862886,7159.1292408890695,7605.000728080051
W67,13609.132831041628,13525.543041781455,13573.45002119721,13728.184790738536,13612.700488715978,13645.814066938341,13653.903136903959,13463.597044515835,13322.909196140405,13638.001475965044,13667.130221172887,13713.913318983401,13440.011953162553
W68,6919.773134731931,6929.543504587676,6939.321342268562,6949.106648652499,6958.899424616863,6968.699671038627,6978.507388794286,6988.322578759875,6998.1452418109475,7007.975378822612,7017.81299066953,7027.658078225891,7037.510642365414
W69,6912.766006747524,6941.396006928497,6927.172013445669,6955.802013981196,6941.578020322403,6970.208021211731,6955.98402737735,6984.614028619757,6970.3900346101345,6999.02003620489,6984.796042020399,7013.426043966783,6999.202049607777
W7,2581.339522378643,1763.963979322863,6064.483231552832,5598.877961696249,2049.0768097782457,2212.036315551666,1618.0993111753571,8314.717095874857,7373.9862388833035,2969.4421739834575,1612.888356798771,2114.1772177427597,2619.001942595324
W70,2573.347694046576,2596.223121104102,2608.7069826092165,2563.021935881869,2585.8055740540904,2598.2393433933944,2552.7376103805022,2575.4298279730983,2587.8137061428974,2542.4945512926647,2565.0957151334724,2577.4299023235885,2532.2925930356155
W71,1916.422845445677,1909.0064982069002,1901.5997686015694,1894.2026690325347,1886.81521195088,1879.4374098562494,1872.069275297155,1864.7108208712993,1857.362059225891,1850.0230030579903,1842.693665114811,1835.3740581940665,1828.0641951443083
W72,1915.3885959986014,1907.7168300836888,1900.053882189733,1892.3997675096737,1884.7545013065123,1877.1180989138509,1869.4905757364108,1861.871947250584,1854.2622290049733,1846.6614366209321,1839.0695857931264,1831.4866922901015,1823.9127719548333
W73,1915.3382083985416,1907.6659731267805,1900.0025547401253,1892.3479684365536,1884.7022294841584,1877.0653532216634,1869.437355058973,1861.8182504776946,1854.2080550316991,1846.60678434765,1839.0144541255797,1831.4310801394345,1823.8566782376554
W74,8782.878268871198,7620.558647010289,8056.761872656724,9138.350102820164,13940.172871616724,6111.178857947558,7121.358980793046,8930.526177896796,7932.168083512335,8406.404457065211,7997.311267872709,7649.840007271781,8472.347921329
W75,24404.200058398794,24196.2560226349,24519.77917833245,24268.67207667789,25471.015496930446,23664.999441916014,25383.842485417324,24715.548005755274,23531.859777433365,23809.52765994264,24823.237269934027,24611.722710772912,24940.800952367743
W76,384.1701738126266,384.1701738126266,349.64301284544814,363.41818726418046,363.4181872641801,363.41818726418046,95.6763958227755,363.41818726418046,363.41818726418046,363.41818726418046,211.9511237077436,308.6203660495158,308.6203660495155
W77,4528.709169782639,4722.912721997878,5167.712029274858,4283.311480946253,5978.102960572055,5324.250635133687,2143.97562020408,4173.514045670569,3646.041706407833,6120.537971614716,5358.494376633326,4712.583797580402,2785.984368824388
W78,3556.7784706278,4552.5985740243395,3440.408614659207,3563.123343589808,4965.326828354923,4551.743725319958,4432.173222882159,3641.2755255989127,4237.5307227403955,3961.3961594976895,3907.17549894853,3184.222808094041,4051.0074950938
W79,1466.6447232737182,1455.0764349562216,1329.1970035133202,1415.694519556097,1367.4716994339983,1224.3753249552208,1524.6941768474153,1692.919958647689,1603.8979011129375,1116.1319325219354,1669.1468004181645,1472.1519702738378,1393.2096837617812
W8,2750.3023754811034,2435.4191363654336,2908.1868282428627,2859.6834941180255,3350.010972911295,3221.363045302555,3211.9650897778233,2533.0792294081716,3050.1230356036294,2263.9278787616045,2581.065614704927,2476.8739248806323,6172.305680148486
W80,1575.9549076024737,1417.6531520886604,1525.5208900406576,1495.6629900281966,1272.9032989828254,1597.0764312120903,1800.447034037419,1811.7783800898824,1116.620923543021,1803.810410751619,1591.1368210043368,1466.4326510032724,1606.6579067658463
W81,25109.63539301621,24774.506052412096,24653.770737014514,24586.37443698557,25509.204658268147,25216.330847632635,23986.92302731678,25181.02678788105,25453.109049320967,25113.395515757926,24991.008676765865,24922.69047098091,25858.14397284182
W82,4416.850126712618,4421.623589491126,4426.402211106863,4431.185997135134,4435.974953157255,4440.769084760575,4445.56839753848,4450.372897090392,4455.182589021803,4459.997478944253,4464.817572475339,4469.64287523876,4474.47339286424
W83,6011.48320340963,5926.96640647782,6020.16640620324,5985.766404946404,6028.849609071514,5944.3328106760955,6037.5328120143195,6003.132810165114,6046.216015031569,5961.699215176797,6054.899218123148,6020.499215683301,6063.582421288961
W84,5932.763785201041,5984.76378383553,5941.427568626228,5993.427567711078,5950.09135212672,6002.091351661278,5958.755135702429,6010.755135686013,5967.418919353208,6019.418919785193,5976.082703078975,6028.0827039587075,5984.746486879607
W85,17270.415021544675,17295.84848450006,17321.312515597652,17346.807143304275,17372.332396105652,17397.8883025062,17423.47489102928,17449.092190217034,17474.74022863044,17500.419034849354,17526.128637472415,17551.869065117186,17577.640346420103
W86,17311.445232393206,17336.913013270794,17362.411359989015,17387.940300954117,17413.499864591064,17439.09007934363,17464.71097367425,17490.36257606408,17516.044915013026,17541.75801903975,17567.501916681653,17593.27663649493,17619.08220705448
W87,1079.0875431842974,1074.0329423867177,1072.7762753670088,1071.5210786956798,1063.924910956058,1083.039646166575,1072.336047502423,1071.151472456559,1069.028161273701,1067.777350038984,1062.7757274946234,1061.5322318463855,1060.2901911356112
W88,12196.675268367517,12015.08181809621,11945.862919971181,12023.193383545009,12221.623954171682,12071.368292318572,12131.330983539377,11998.655971259333,12113.23167957442,12252.88158884336,12070.451300752497,12000.913420883873,12078.60024676223
W89,1154.1515637292132,1203.3665886602957,1154.0072121100993,1148.3735478970996,1169.8127000674347,1161.533370254353,1141.890036921083,1117.0494883200247,1208.398508515536,1202.2168417365247,1206.9745628573403,1151.343443900992,1155.7743889053775
W9,9793.486244614303,5106.465603320303,6905.583685677341,7527.101076265968,7665.033814699208,9327.930583986006,5573.5253935916335,5585.205481808567,6175.802940772611,6842.329661297204,6840.382711905731,6609.874822376728,7563.554496404572
W90,2018.985435547531,1886.3470656901181,1912.2621822245135,1874.4199147023612,1864.7581761052159,1888.963878821964,1867.2443817358899,1876.725415812626,1851.1316213354235,1885.2680092691764,1854.6494403284844,1894.9464735838492,1821.7437511911344
W91,21630.324355420293,20674.37753580123,20832.955380223335,20408.141781862472,20302.308378989794,20423.87280258611,20235.708057502517,20343.161104649455,20039.780156853947,20355.138334961455,20086.79752331425,20460.093427303455,19698.235665675504
W92,23675.32501933917,23516.562728023026,23311.934982125775,23658.602477162025,24154.200486533442,23645.606089934274,23594.75931499366,23117.108831905385,22482.07331570394,24193.37212847641,23450.66294109617,21771.76354246988,21612.709995798385
W93,1741.0969530184425,1750.5522902544485,1756.9547216261446,1750.9167198711593,1734.1277168648448,1748.4827194485258,1750.8167198134367,1752.890719986776,1737.174717630519,1741.9267182121503,1757.6467207566861,1752.424719506035,1750.1227190610446
W94,1856.0429236525526,1799.1625531926709,1852.517485517589,1795.6371157124292,1848.992047422619,1792.1116782734487,1845.4666093677179,1788.5862408758069,1841.94117135296,1785.0608035195858,1838.4157333784244,1781.5353662048697,1834.8902954441876
W95,1665.9323971164256,1673.3787237598974,1717.757021062497,1635.4387253320835,1690.0749907873562,1677.9824790596565,1660.6431785459567,1668.0895050485967,1712.4678015246643,1630.1495073449998,1684.7857717625448,1672.6932602615964,1655.3539600759082
W96,11510.82659603483,11419.864225704496,11436.565357795604,11323.522748522862,11428.874550457473,11452.031360123523,11403.056117619944,11222.646132646692,11342.973578185987,11573.646978973076,11482.195251305071,11498.986235939044,11385.335417602486
W97,451.0975534106847,472.2953960296333,484.73912125034275,477.39482499695083,457.19644410460137,433.95448598674426,529.5252767077106,495.9635041738441,500.79101699967356,498.10475229388726,536.9221684380301,509.387774487994,502.44879296205767
W98,661.7421185259315,643.7932879738776,638.1429334982873,628.2290598720434,610.4976703397132,622.2443065865923,671.3860550286399,668.3035448913765,613.764126663391,611.0335880675977,612.914798346351,599.6250277330672,590.2194842843452
W99,15032.231375658777,14808.927447210803,14949.25985955368,15131.462324542643,15075.647029262813,15077.775924728292,14853.827545272672,14994.56500815522,15177.29310505751,15121.316821764809,15123.451858123846,14898.857261277486,15040.000885054642
