6.689943115920795158e+00
4.304182650549666533e+00
3.720564531060254865e+00
2.334986519152572271e+00
4.838043398975727882e+00
2.073072496119662933e+00
1.957707909104525079e+00
7.189729685474179455e+00
9.585876727904355521e-01
5.133478611793623969e+00
3.462029710716030717e+00
2.979749086168962169e+00
3.358521580122881267e-01
2.179061323023546048e+00
2.605608978252796692e+00
2.074619600022816535e+00
4.672238655479865055e-01
3.145114329129829578e+00
5.227258582675145426e+00
2.683086711110945100e+00
3.307359103155317559e+00
8.784946701558730142e-01
3.876662027082891093e+00
3.370561954373713309e+00
3.042677241194379434e+00
2.498215758867218028e+00
1.196485734769274334e+00
4.511864066151114461e-01
1.642916258543132502e+00
2.657366551010263311e+00
1.860840149056843584e+00
5.309092628216622423e+00
4.049168464125624922e+00
1.976290583386711930e+00
1.136595046811017262e+01
5.949432645612384718e+00
9.623831153702571140e-01
5.257211957563455051e+00
2.459447828317547824e+00
2.498447915684029130e+00
1.804535289162198852e+00
5.214762428788775495e+00
2.275643238661620327e+00
9.713984306871915608e-01
3.476330745583659176e+00
3.351183481287066890e+00
4.209039192523574613e+00
2.577542429812023528e+00
2.991141006835907667e+00
1.095251167862627328e+00
2.723655301226016512e+00
2.124000746483124313e+00
2.878874339156756612e+00
5.558357555584519938e-01
4.294009912857986722e-01
1.451696168919527796e+00
1.914968119462375284e+01
2.591174708859813158e+00
2.964061796347341016e+00
7.098969632335244917e+00
2.206389848250811969e+00
2.609819493053492589e+00
5.317645189669045536e+00
7.225218479282251138e+00
9.850389824862615384e-01
3.020002732947798751e+00
2.003921870238323688e+00
1.576205205560059319e+01
2.227293614842676295e+00
1.399962607991106722e+00
3.418418831699516769e+00
2.119401219119736002e+00
3.111234974331184677e+00
2.988593656359151418e-01
1.923133914460540383e+00
2.111258629398824027e+00
3.197725925034405670e+00
3.184523147515699648e+00
5.149006812262781452e+00
4.417534311104450495e+00
1.755720917329571584e+00
2.637429202655641625e+00
1.893024482659805496e+00
1.619969202617170145e+00
2.448131162599901600e+00
3.500802921783850330e+00
1.172232643917376027e+00
5.079495083526340160e+00
1.773819115291710213e+00
1.033613483857018878e+01
1.792885053038519416e+00
4.146168815415989251e+00
4.964896266288263860e+00
4.903524254639638258e+00
2.703354319276554119e+00
2.718164567877752180e+00
2.612288513570929283e+00
2.959909662419925258e+00
6.861696374296565315e-01
3.402035118868404151e+00
9.751690152266720979e-01
1.296466267896364100e+00
3.378227475948061276e+00
1.138229802811624669e+00
3.297343306152319631e+00
1.141509193900073660e+00
2.166890609750058427e+00
3.125886741110849076e+00
2.272437189039560490e+00
2.911658792055645595e+00
1.246995342531205475e+00
1.770335186707411879e+01
2.665085661427400776e+00
4.856985223336527935e-01
4.443915802515978619e+00
1.779454545187601600e+00
3.773201947260695466e+00
6.544391685997942298e-01
4.668392782834305699e+00
3.085045398186005094e+00
1.179208869650152458e+01
7.724610302262390427e+00
1.202668417477419460e+01
9.742853958900771216e-01
5.131031252637686002e+00
2.120368737278060678e+01
1.998872128118760916e+00
1.710942528984076949e+00
1.864483797466118586e+00
4.633424385311805338e+00
4.152030604576052220e+00
7.354815837769625997e-01
1.449076329787409856e+00
2.330484209228531611e+00
4.604224445966411117e-01
5.485321188018051908e-01
4.261443050775922003e+00
3.557080552712745369e+00
7.224323458347233995e+00
2.144012162295241275e+00
8.447582015147029333e-01
2.909866671076338118e+00
1.752357049589926996e+00
1.103911771518807150e+00
6.017475510155505525e-01
1.031882339880534794e+00
1.354447691629197870e+00
4.515872308829922410e+00
2.039345709847252941e+00
1.915158420892424163e+00
8.201933720690949281e-01
3.197161111377939235e+00
1.699242571431143212e+00
1.319954077195240050e+00
5.415155743630189811e+00
1.439867755036268626e+00
1.469870171571510564e+00
3.266294122654643584e+00
2.514872115482134074e+00
8.585407363198448438e-01
7.864973373570713022e+00
6.879341559197778011e+00
1.173632873600003679e+00
2.682112974519784032e+00
4.489813044627578797e+00
7.183331946477245822e+00
7.427581094385282690e+00
2.595929650844614134e+00
2.327942122433460881e+00
8.337084408888973286e+00
8.887148504208429500e+00
5.522200946962195545e+00
7.142601626974298235e+00
3.824309435473502550e+00
4.139049009445106897e+00
2.482601896959849841e-01
5.524197655742819180e+00
1.430713556555499144e+00
9.646905114186599128e-01
4.435061699459585949e-01
1.606824581804421337e+00
3.865902468130948844e+00
4.150988781832032792e+00
1.335092279636703516e+00
2.212386082514822494e+00
1.525148483989347215e+00
2.368907197591850089e+00
8.764033780170594756e-01
1.211780105436974786e+00
1.512058866613460895e+00
1.049197945583360880e+00
9.058451010665156122e-01
3.318439325415131869e+00
8.959771312535670162e+00
5.054129175267248364e+00
3.205114000819856646e+00
2.180718693456321411e+00
2.906099407288531555e+00
8.646147698107633506e-01
1.796996156340930684e+00
2.023806888552118100e+00
9.442387071899438489e-01
2.514439119349744622e+00
5.855261996964034044e-01
3.772266646170324700e-01
1.441192502025029354e+00
1.046276189901821807e+00
6.206587957851467330e+00
3.597728272746672395e+00
2.551780725135313954e+00
3.066554860348746470e+00
1.974569195004132638e+00
2.825505202708154862e+00
4.393621748192201970e+00
6.394856297442681914e+00
1.206347628617991274e+00
2.667097388284121795e+00
4.273483376888851382e-01
1.341336636844841390e+00
1.020643173214618615e+00
1.265281839455075774e+00
1.405470334552736622e+00
7.633560490397331755e+00
1.838266482188512407e+00
1.302097482520002458e+00
1.390591964243432788e+00
1.597762831614032208e+00
1.046122217283155686e+00
1.221539583555561581e+00
8.628077786291242779e-01
1.104232297941048824e+00
1.153803903266635178e+00
1.171026355886529702e+00
1.602212197334613064e+00
2.234138099842833736e+00
1.172127351980704724e+00
1.189982577332624025e+00
1.991408219803503910e+00
4.116586249513306539e-01
1.103661210020255412e+00
1.232936750757365196e+00
1.128751109572796230e+00
1.398326224654457439e+00
4.117477728288422845e-01
1.020804836840868424e+00
2.064104766136389379e+00
1.939669912368389815e+00
1.654823091929692902e+00
1.498259806073856781e+00
2.274960075707008755e+00
2.144231732320232897e+00
1.212693014142121939e+00
1.430872166771274712e+00
1.856119188307515211e+00
1.348750730767783290e+00
1.401652012286862314e+00
2.565321007073805504e+00
1.086946087791113458e+00
1.457090101818289574e+00
1.286341425527874227e+00
2.281218655644829063e+00
1.856174847848447440e+00
1.873081809768025963e+00
1.663032636388398489e+00
2.625620533056954198e+00
2.428907513114638927e+00
9.494809121419102160e-01
1.783012358048368551e+00
1.304078219828681107e+00
1.179081632544155100e+00
1.323989408777626275e+00
1.305619954205379463e+00
1.481879211099525584e+00
1.839374476116252266e+00
1.081998874489432882e+00
1.018693270689025265e+00
1.442061851869740341e+00
5.926122872625100291e-01
1.352744823540519059e+00
4.333452686316520142e-01
1.415306051797144082e+00
9.427107941772028266e-01
2.131646948328391744e+00
1.611508837946883155e+00
6.498212976589957668e-01
1.002624122014687646e+00
8.459907092667210415e-01
1.161546559302095938e+00
1.191868171678222676e+00
2.497672714005635619e+00
3.456029869550967693e+00
1.667772970576091085e+00
4.440137075588971527e+00
1.512899111858840184e+00
4.579470158715875705e+00
2.615021411705142462e+00
2.534274838172974054e+00
2.594804589725805855e+00
4.606331685149672062e+00
3.584154908516597349e+00
5.467509298553771657e+00
3.573583251690588547e+00
5.059750846092578414e+00
3.134518058949066432e+00
1.197334916188601994e+00
3.129522919146494608e+00
2.598513052943359547e+00
1.418805228273725350e+00
1.075852529962441961e+00
6.308326887743557210e-01
2.009112527546166316e+00
4.193355366456938960e+00
1.426849709501288999e+01
3.636113761332556926e+00
1.149026947983532443e+00
1.467552868409047084e+00
7.101505282448479228e+00
7.095984804628606035e+00
2.989255410344770603e+00
2.410182710254978211e+00
4.112076108914973105e+00
2.326525209066567790e+00
9.180309604286250647e+00
1.064001465485968190e+01
1.333038395823781253e+00
1.183925844427202723e+00
1.169007344752468480e+00
1.513218887367466348e+00
2.773435099763260081e-01
3.586019109479872680e-01
3.590799882379738794e-01
5.088785163853539473e+01
2.391349932704140979e+00
1.656317250370427097e+00
5.046740557813986783e+00
2.669694317587153254e+00
3.154746825736042481e+00
2.456079050276686271e+00
2.638046639343794020e+00
3.533313050592468141e+00
3.550999145023271186e+00
1.701488279067508325e+00
1.270595775835986707e+00
2.234164780148709450e+00
1.833654215471849591e+00
2.604622591285710165e+00
1.963209052961272461e+00
6.631402283660925434e-01
1.714142533771496391e+00
2.136861816012136206e+00
6.014359301858481999e+00
5.226557490445069121e+00
8.746676262762124177e-01
2.965540717481939925e+00
2.268416202384229585e+00
2.853556791333517140e+00
3.097037219870730773e-01
3.345398132112275547e-01
3.018597967292519613e+00
