2.733376026153564453e-01 3.408312797546386719e-02
3.960745334625244141e-01 5.318617820739746094e-02
4.420084953308105469e-01 5.365300178527832031e-02
3.693983554840087891e-01 5.085778236389160156e-02
3.575332164764404297e-01 5.511045455932617188e-02
4.403042793273925781e-01 5.335855484008789062e-02
4.566655158996582031e-01 5.595755577087402344e-02
3.222787380218505859e-01 5.509877204895019531e-02
4.964525699615478516e-01 5.463743209838867188e-02
4.610009193420410156e-01 5.095791816711425781e-02
4.646990299224853516e-01 5.346584320068359375e-02
4.429793357849121094e-01 5.366063117980957031e-02
4.364702701568603516e-01 5.294990539550781250e-02
3.984279632568359375e-01 5.436182022094726562e-02
3.594102859497070312e-01 5.474424362182617188e-02
3.935232162475585938e-01 4.961943626403808594e-02
4.866788387298583984e-01 3.828144073486328125e-02
4.798552989959716797e-01 7.933855056762695312e-02
4.821696281433105469e-01 5.418992042541503906e-02
4.980936050415039062e-01 5.400967597961425781e-02
4.204256534576416016e-01 5.048465728759765625e-02
4.404098987579345703e-01 5.385947227478027344e-02
4.456143379211425781e-01 5.064415931701660156e-02
4.489212036132812500e-01 5.161809921264648438e-02
4.454421997070312500e-01 4.966378211975097656e-02
4.188451766967773438e-01 5.019879341125488281e-02
4.548022747039794922e-01 4.224729537963867188e-02
4.667549133300781250e-01 4.442095756530761719e-02
4.970920085906982422e-01 5.538749694824218750e-02
4.102077484130859375e-01 4.907035827636718750e-02
4.716503620147705078e-01 5.061531066894531250e-02
4.223217964172363281e-01 4.730677604675292969e-02
4.155106544494628906e-01 5.425333976745605469e-02
3.940742015838623047e-01 5.505990982055664062e-02
4.081559181213378906e-01 5.045247077941894531e-02
4.187133312225341797e-01 3.245902061462402344e-02
3.773036003112792969e-01 4.749011993408203125e-02
4.074404239654541016e-01 4.336786270141601562e-02
3.881561756134033203e-01 5.527639389038085938e-02
4.480485916137695312e-01 7.822418212890625000e-02
2.970578670501708984e-01 4.366779327392578125e-02
2.928872108459472656e-01 3.927302360534667969e-02
3.539860248565673828e-01 5.319857597351074219e-02
3.458127975463867188e-01 4.848599433898925781e-02
3.354263305664062500e-01 3.223776817321777344e-02
4.352478981018066406e-01 5.019688606262207031e-02
3.588018417358398438e-01 4.819560050964355469e-02
4.019839763641357422e-01 4.899120330810546875e-02
3.725709915161132812e-01 4.932022094726562500e-02
4.419319629669189453e-01 5.404639244079589844e-02
4.316504001617431641e-01 4.449462890625000000e-02
4.034025669097900391e-01 3.142976760864257812e-02
3.872334957122802734e-01 4.892611503601074219e-02
4.444718360900878906e-01 5.414605140686035156e-02
3.978846073150634766e-01 5.379533767700195312e-02
4.411754608154296875e-01 4.869484901428222656e-02
3.940508365631103516e-01 5.269908905029296875e-02
4.255518913269042969e-01 5.349802970886230469e-02
4.057278633117675781e-01 4.892182350158691406e-02
4.201002120971679688e-01 5.053830146789550781e-02
4.150569438934326172e-01 5.108523368835449219e-02
4.141201972961425781e-01 4.903626441955566406e-02
4.173877239227294922e-01 4.601788520812988281e-02
4.362130165100097656e-01 5.366230010986328125e-02
4.472811222076416016e-01 5.023169517517089844e-02
4.049909114837646484e-01 4.895639419555664062e-02
4.115312099456787109e-01 5.188107490539550781e-02
4.369091987609863281e-01 4.377436637878417969e-02
3.966312408447265625e-01 9.218859672546386719e-02
4.380743503570556641e-01 3.664493560791015625e-02
4.054877758026123047e-01 5.357575416564941406e-02
4.472250938415527344e-01 3.912615776062011719e-02
4.081490039825439453e-01 3.992676734924316406e-02
3.967611789703369141e-01 9.560322761535644531e-02
4.164307117462158203e-01 3.248763084411621094e-02
3.577518463134765625e-01 3.207898139953613281e-02
3.927619457244873047e-01 3.011226654052734375e-02
3.448936939239501953e-01 3.150367736816406250e-02
3.659198284149169922e-01 2.983260154724121094e-02
6.125245094299316406e-01 5.348110198974609375e-02
5.620257854461669922e-01 5.154514312744140625e-02
5.601422786712646484e-01 5.096173286437988281e-02
5.486221313476562500e-01 4.847502708435058594e-02
5.490505695343017578e-01 4.962849617004394531e-02
6.202933788299560547e-01 5.150771141052246094e-02
5.964610576629638672e-01 3.613305091857910156e-02
6.523153781890869141e-01 5.378603935241699219e-02
6.070477962493896484e-01 5.379128456115722656e-02
5.927495956420898438e-01 5.232143402099609375e-02
3.982787132263183594e-01 5.069637298583984375e-02
5.906491279602050781e-01 5.298376083374023438e-02
5.761907100677490234e-01 4.987502098083496094e-02
5.635075569152832031e-01 4.805660247802734375e-02
5.606727600097656250e-01 4.078078269958496094e-02
6.794166564941406250e-01 5.351209640502929688e-02
3.292117118835449219e-01 5.355572700500488281e-02
4.649188518524169922e-01 4.997134208679199219e-02
4.114041328430175781e-01 5.202722549438476562e-02
4.473495483398437500e-01 4.406952857971191406e-02
5.307950973510742188e-01 3.568768501281738281e-02
3.153893947601318359e-01 5.114960670471191406e-02
4.751937389373779297e-01 3.465557098388671875e-02
4.983699321746826172e-01 2.990436553955078125e-02
5.636923313140869141e-01 5.014514923095703125e-02
5.497639179229736328e-01 4.888725280761718750e-02
4.562420845031738281e-01 3.120040893554687500e-02
5.548739433288574219e-01 4.131507873535156250e-02
5.832211971282958984e-01 5.298948287963867188e-02
4.241969585418701172e-01 4.641628265380859375e-02
4.673705101013183594e-01 4.980087280273437500e-02
5.892665386199951172e-01 5.158686637878417969e-02
4.092833995819091797e-01 5.443239212036132812e-02
3.718554973602294922e-01 5.064654350280761719e-02
5.844879150390625000e-01 4.902958869934082031e-02
4.994559288024902344e-01 5.075716972351074219e-02
5.447828769683837891e-01 4.983329772949218750e-02
5.581836700439453125e-01 4.738616943359375000e-02
6.450450420379638672e-01 5.055379867553710938e-02
5.745966434478759766e-01 4.891896247863769531e-02
6.003422737121582031e-01 5.024766921997070312e-02
5.624063014984130859e-01 4.942655563354492188e-02
4.673728942871093750e-01 5.035519599914550781e-02
5.864014625549316406e-01 4.998683929443359375e-02
4.803898334503173828e-01 6.316637992858886719e-02
5.726158618927001953e-01 5.391359329223632812e-02
5.849008560180664062e-01 5.029511451721191406e-02
6.010878086090087891e-01 4.899811744689941406e-02
6.105999946594238281e-01 5.414271354675292969e-02
5.314996242523193359e-01 4.953813552856445312e-02
5.456500053405761719e-01 4.998183250427246094e-02
5.670382976531982422e-01 5.043125152587890625e-02
5.686101913452148438e-01 5.000472068786621094e-02
5.750346183776855469e-01 5.089759826660156250e-02
5.589203834533691406e-01 5.068683624267578125e-02
4.874193668365478516e-01 4.947996139526367188e-02
5.517358779907226562e-01 4.563879966735839844e-02
5.697915554046630859e-01 4.966115951538085938e-02
6.225237846374511719e-01 5.498218536376953125e-02
5.503962039947509766e-01 4.861211776733398438e-02
5.636422634124755859e-01 4.915618896484375000e-02
5.845839977264404297e-01 4.988646507263183594e-02
6.339616775512695312e-01 5.102324485778808594e-02
5.505261421203613281e-01 5.075788497924804688e-02
6.232018470764160156e-01 4.975581169128417969e-02
6.053974628448486328e-01 5.375456809997558594e-02
4.505169391632080078e-01 4.518961906433105469e-02
5.474331378936767578e-01 4.989981651306152344e-02
5.985727310180664062e-01 5.298447608947753906e-02
5.544817447662353516e-01 4.739975929260253906e-02
5.549547672271728516e-01 5.055332183837890625e-02
5.540807247161865234e-01 4.886555671691894531e-02
6.020560264587402344e-01 5.102562904357910156e-02
6.195046901702880859e-01 4.907560348510742188e-02
5.714936256408691406e-01 4.977059364318847656e-02
5.780885219573974609e-01 5.032491683959960938e-02
5.546762943267822266e-01 4.855108261108398438e-02
4.432504177093505859e-01 5.408191680908203125e-02
6.081647872924804688e-01 5.054211616516113281e-02
5.670459270477294922e-01 5.072903633117675781e-02
5.682189464569091797e-01 5.140089988708496094e-02
6.004912853240966797e-01 4.942584037780761719e-02
5.813832283020019531e-01 4.891490936279296875e-02
6.136484146118164062e-01 5.394577980041503906e-02
5.704393386840820312e-01 5.121088027954101562e-02
5.694792270660400391e-01 5.070281028747558594e-02
5.918362140655517578e-01 4.926085472106933594e-02
5.500967502593994141e-01 4.796242713928222656e-02
4.164135456085205078e-01 5.034852027893066406e-02
5.668694972991943359e-01 4.965209960937500000e-02
5.625061988830566406e-01 4.133057594299316406e-02
5.581309795379638672e-01 5.135345458984375000e-02
6.117165088653564453e-01 5.053067207336425781e-02
5.437331199645996094e-01 5.029296875000000000e-02
6.237337589263916016e-01 5.171942710876464844e-02
5.365443229675292969e-01 4.764151573181152344e-02
5.955357551574707031e-01 5.113959312438964844e-02
5.802392959594726562e-01 5.289030075073242188e-02
5.545625686645507812e-01 4.839825630187988281e-02
4.040930271148681641e-01 4.992365837097167969e-02
5.479712486267089844e-01 4.896306991577148438e-02
7.045421600341796875e-01 4.676485061645507812e-02
5.533475875854492188e-01 5.179047584533691406e-02
5.985352993011474609e-01 4.987168312072753906e-02
6.428596973419189453e-01 5.194163322448730469e-02
6.326301097869873047e-01 4.928994178771972656e-02
5.638587474822998047e-01 4.928874969482421875e-02
5.614080429077148438e-01 5.139636993408203125e-02
6.211540699005126953e-01 5.194807052612304688e-02
5.578474998474121094e-01 5.086255073547363281e-02
3.974697589874267578e-01 5.074238777160644531e-02
5.720436573028564453e-01 3.964614868164062500e-02
5.528283119201660156e-01 5.056214332580566406e-02
5.698688030242919922e-01 4.996347427368164062e-02
5.980327129364013672e-01 5.001330375671386719e-02
6.314961910247802734e-01 5.172204971313476562e-02
5.769536495208740234e-01 4.989171028137207031e-02
5.676281452178955078e-01 4.978179931640625000e-02
6.073675155639648438e-01 5.181789398193359375e-02
6.616685390472412109e-01 4.936003684997558594e-02
5.469701290130615234e-01 4.977393150329589844e-02
4.429173469543457031e-01 5.000185966491699219e-02
6.269578933715820312e-01 5.007195472717285156e-02
5.495362281799316406e-01 5.121302604675292969e-02
5.497922897338867188e-01 4.516386985778808594e-02
5.490100383758544922e-01 5.027770996093750000e-02
5.741219520568847656e-01 3.189802169799804688e-02
5.519943237304687500e-01 5.029249191284179688e-02
5.572729110717773438e-01 3.102779388427734375e-02
5.627570152282714844e-01 5.116295814514160156e-02
6.149682998657226562e-01 5.386281013488769531e-02
5.281047821044921875e-01 3.884005546569824219e-02
4.081490039825439453e-01 4.968261718750000000e-02
6.318004131317138672e-01 5.045914649963378906e-02
6.024012565612792969e-01 5.048227310180664062e-02
5.584957599639892578e-01 5.034875869750976562e-02
5.677227973937988281e-01 4.950690269470214844e-02
5.380690097808837891e-01 5.110764503479003906e-02
5.560472011566162109e-01 4.987573623657226562e-02
5.652229785919189453e-01 5.099487304687500000e-02
5.357408523559570312e-01 4.856348037719726562e-02
5.468547344207763672e-01 3.295946121215820312e-02
5.719499588012695312e-01 5.203890800476074219e-02
4.065163135528564453e-01 4.879832267761230469e-02
4.126603603363037109e-01 5.001068115234375000e-02
5.867686271667480469e-01 4.872369766235351562e-02
5.099339485168457031e-01 5.012416839599609375e-02
5.364446640014648438e-01 4.988384246826171875e-02
5.696282386779785156e-01 3.474545478820800781e-02
5.363025665283203125e-01 4.968094825744628906e-02
5.375130176544189453e-01 5.114912986755371094e-02
5.602271556854248047e-01 5.111026763916015625e-02
5.648305416107177734e-01 5.113649368286132812e-02
5.973603725433349609e-01 5.179452896118164062e-02
5.408828258514404297e-01 5.092859268188476562e-02
4.056091308593750000e-01 4.909968376159667969e-02
5.339467525482177734e-01 5.024838447570800781e-02
5.486981868743896484e-01 5.043864250183105469e-02
5.470221042633056641e-01 4.890489578247070312e-02
5.647032260894775391e-01 4.835534095764160156e-02
5.665988922119140625e-01 5.032801628112792969e-02
5.548610687255859375e-01 4.695963859558105469e-02
5.645282268524169922e-01 5.063223838806152344e-02
5.941817760467529297e-01 5.106163024902343750e-02
6.632003784179687500e-01 5.378222465515136719e-02
5.602381229400634766e-01 5.063748359680175781e-02
4.146165847778320312e-01 2.995824813842773438e-02
5.636041164398193359e-01 5.481076240539550781e-02
5.662083625793457031e-01 5.139040946960449219e-02
6.568851470947265625e-01 4.892802238464355469e-02
5.989978313446044922e-01 5.098176002502441406e-02
6.216261386871337891e-01 5.079746246337890625e-02
5.707097053527832031e-01 5.170011520385742188e-02
5.890090465545654297e-01 4.977917671203613281e-02
6.005737781524658203e-01 4.784297943115234375e-02
5.777807235717773438e-01 5.361366271972656250e-02
5.324113368988037109e-01 5.258345603942871094e-02
4.206421375274658203e-01 5.000805854797363281e-02
5.538949966430664062e-01 4.995179176330566406e-02
6.050438880920410156e-01 5.208134651184082031e-02
5.594303607940673828e-01 5.142235755920410156e-02
5.921819210052490234e-01 4.853129386901855469e-02
5.828216075897216797e-01 5.158448219299316406e-02
5.775768756866455078e-01 5.221772193908691406e-02
5.629835128784179688e-01 5.155658721923828125e-02
5.579726696014404297e-01 5.223035812377929688e-02
6.178667545318603516e-01 5.179023742675781250e-02
5.895586013793945312e-01 5.022406578063964844e-02
4.006235599517822266e-01 5.093955993652343750e-02
5.779521465301513672e-01 5.081772804260253906e-02
5.442645549774169922e-01 4.984521865844726562e-02
5.604357719421386719e-01 4.978871345520019531e-02
5.512077808380126953e-01 4.166626930236816406e-02
5.647354125976562500e-01 4.095840454101562500e-02
5.252516269683837891e-01 4.898643493652343750e-02
5.782918930053710938e-01 5.186939239501953125e-02
5.368123054504394531e-01 5.184316635131835938e-02
5.458049774169921875e-01 5.199289321899414062e-02
5.584731101989746094e-01 5.229091644287109375e-02
4.155030250549316406e-01 5.033898353576660156e-02
6.010236740112304688e-01 5.527067184448242188e-02
5.966472625732421875e-01 5.194902420043945312e-02
5.310764312744140625e-01 5.190539360046386719e-02
5.604972839355468750e-01 5.371952056884765625e-02
5.694463253021240234e-01 5.287218093872070312e-02
5.622317790985107422e-01 4.909825325012207031e-02
5.283329486846923828e-01 5.181312561035156250e-02
5.565290451049804688e-01 5.228281021118164062e-02
5.937325954437255859e-01 5.463814735412597656e-02
5.762696266174316406e-01 5.046558380126953125e-02
4.681224822998046875e-01 4.983830451965332031e-02
5.009765625000000000e-01 5.036926269531250000e-02
5.733721256256103516e-01 5.146384239196777344e-02
5.725471973419189453e-01 5.172348022460937500e-02
5.407137870788574219e-01 5.038213729858398438e-02
5.968573093414306641e-01 5.142521858215332031e-02
6.399016380310058594e-01 5.019807815551757812e-02
5.887966156005859375e-01 5.178356170654296875e-02
5.619904994964599609e-01 4.997420310974121094e-02
5.489611625671386719e-01 5.212426185607910156e-02
5.010247230529785156e-01 5.198264122009277344e-02
4.028573036193847656e-01 5.072069168090820312e-02
5.144813060760498047e-01 5.151844024658203125e-02
6.114346981048583984e-01 5.129981040954589844e-02
5.611124038696289062e-01 5.223751068115234375e-02
5.731530189514160156e-01 5.131554603576660156e-02
5.462093353271484375e-01 4.473447799682617188e-02
5.306763648986816406e-01 4.896450042724609375e-02
5.788512229919433594e-01 5.221843719482421875e-02
5.965697765350341797e-01 4.959678649902343750e-02
5.973715782165527344e-01 5.260300636291503906e-02
5.595574378967285156e-01 5.213999748229980469e-02
4.171037673950195312e-01 4.890489578247070312e-02
5.993103981018066406e-01 5.449438095092773438e-02
5.155091285705566406e-01 5.132603645324707031e-02
5.513441562652587891e-01 5.157566070556640625e-02
5.890028476715087891e-01 5.174779891967773438e-02
5.647702217102050781e-01 5.236911773681640625e-02
5.697131156921386719e-01 5.077934265136718750e-02
5.059816837310791016e-01 5.176258087158203125e-02
5.975844860076904297e-01 5.080270767211914062e-02
6.594645977020263672e-01 5.535292625427246094e-02
5.393893718719482422e-01 4.654359817504882812e-02
4.236114025115966797e-01 5.124855041503906250e-02
5.924496650695800781e-01 5.206704139709472656e-02
5.459008216857910156e-01 5.005478858947753906e-02
5.535728931427001953e-01 5.171370506286621094e-02
6.777853965759277344e-01 5.136895179748535156e-02
4.994075298309326172e-01 5.214047431945800781e-02
5.352735519409179688e-01 5.407428741455078125e-02
5.249078273773193359e-01 5.181026458740234375e-02
5.511407852172851562e-01 5.262184143066406250e-02
5.791418552398681641e-01 5.186724662780761719e-02
5.397729873657226562e-01 3.572559356689453125e-02
3.918700218200683594e-01 5.245184898376464844e-02
4.213154315948486328e-01 5.169916152954101562e-02
5.536391735076904297e-01 5.158495903015136719e-02
5.821430683135986328e-01 5.182409286499023438e-02
5.142655372619628906e-01 8.842921257019042969e-02
5.264196395874023438e-01 5.171275138854980469e-02
5.719110965728759766e-01 4.967713356018066406e-02
5.011944770812988281e-01 5.307984352111816406e-02
5.371081829071044922e-01 5.154657363891601562e-02
5.599613189697265625e-01 9.296894073486328125e-02
5.710597038269042969e-01 4.953742027282714844e-02
5.834615230560302734e-01 5.167841911315917969e-02
4.093577861785888672e-01 5.196094512939453125e-02
5.614457130432128906e-01 5.265474319458007812e-02
6.220436096191406250e-01 5.201268196105957031e-02
5.388381481170654297e-01 5.237746238708496094e-02
5.552415847778320312e-01 5.217695236206054688e-02
5.615115165710449219e-01 3.567743301391601562e-02
4.207077026367187500e-01 5.034613609313964844e-02
4.274215698242187500e-01 5.331039428710937500e-02
3.913779258728027344e-01 4.966521263122558594e-02
4.246757030487060547e-01 4.758596420288085938e-02
3.931448459625244141e-01 5.014395713806152344e-02
4.267766475677490234e-01 5.126214027404785156e-02
4.150438308715820312e-01 5.069494247436523438e-02
4.059092998504638672e-01 5.051183700561523438e-02
3.857717514038085938e-01 5.053424835205078125e-02
3.857100009918212891e-01 5.021905899047851562e-02
3.831229209899902344e-01 5.156993865966796875e-02
4.799168109893798828e-01 5.185699462890625000e-02
4.604077339172363281e-01 5.081748962402343750e-02
3.883719444274902344e-01 4.997706413269042969e-02
4.357995986938476562e-01 5.060267448425292969e-02
3.701524734497070312e-01 3.963446617126464844e-02
3.982119560241699219e-01 4.594016075134277344e-02
3.597078323364257812e-01 4.996657371520996094e-02
3.786933422088623047e-01 5.005407333374023438e-02
3.525633811950683594e-01 5.281138420104980469e-02
3.560078144073486328e-01 3.945994377136230469e-02
3.984739780426025391e-01 4.910397529602050781e-02
4.688827991485595703e-01 4.792070388793945312e-02
4.268348217010498047e-01 4.905772209167480469e-02
4.084548950195312500e-01 4.914450645446777344e-02
4.151270389556884766e-01 5.156946182250976562e-02
4.144728183746337891e-01 5.072474479675292969e-02
3.034563064575195312e-01 3.314065933227539062e-02
4.027681350708007812e-01 4.891109466552734375e-02
4.474749565124511719e-01 5.266427993774414062e-02
4.539692401885986328e-01 5.374813079833984375e-02
3.752326965332031250e-01 5.055165290832519531e-02
3.622927665710449219e-01 4.930114746093750000e-02
2.552313804626464844e-01 4.963850975036621094e-02
3.642315864562988281e-01 4.947495460510253906e-02
3.471491336822509766e-01 5.035853385925292969e-02
3.776903152465820312e-01 4.284715652465820312e-02
4.136152267456054688e-01 5.078506469726562500e-02
3.292677402496337891e-01 5.120348930358886719e-02
4.158711433410644531e-01 4.283356666564941406e-02
4.237241744995117188e-01 5.011582374572753906e-02
3.875846862792968750e-01 2.976799011230468750e-02
3.501629829406738281e-01 3.059053421020507812e-02
3.813169002532958984e-01 3.126597404479980469e-02
3.456611633300781250e-01 3.198289871215820312e-02
3.758697509765625000e-01 3.471231460571289062e-02
3.487739562988281250e-01 3.030800819396972656e-02
3.796312808990478516e-01 3.141283988952636719e-02
3.464736938476562500e-01 3.270363807678222656e-02
3.369462490081787109e-01 3.012347221374511719e-02
3.482608795166015625e-01 3.137540817260742188e-02
3.343701362609863281e-01 3.088760375976562500e-02
3.177034854888916016e-01 2.924132347106933594e-02
3.271181583404541016e-01 2.987670898437500000e-02
3.290655612945556641e-01 2.998566627502441406e-02
2.977159023284912109e-01 3.094434738159179688e-02
3.311254978179931641e-01 2.698087692260742188e-02
2.912051677703857422e-01 2.744841575622558594e-02
2.863366603851318359e-01 2.759981155395507812e-02
3.047389984130859375e-01 2.672743797302246094e-02
3.068096637725830078e-01 2.693367004394531250e-02
2.788774967193603516e-01 2.577519416809082031e-02
2.725970745086669922e-01 2.562355995178222656e-02
