1.171226978302001953e+00 2.314496040344238281e-02
5.259571075439453125e-01 1.969933509826660156e-02
1.219084024429321289e+00 2.391386032104492188e-02
1.850533485412597656e-01 1.997494697570800781e-02
1.324594974517822266e+00 2.293539047241210938e-02
1.299744606018066406e+00 2.171254158020019531e-02
1.976597309112548828e-01 1.683020591735839844e-02
1.337585449218750000e+00 2.257204055786132812e-02
3.712220191955566406e-01 1.899361610412597656e-02
1.269796609878540039e+00 2.294731140136718750e-02
1.319089889526367188e+00 2.195572853088378906e-02
1.347781181335449219e+00 2.250337600708007812e-02
5.857474803924560547e-01 2.086329460144042969e-02
2.349057197570800781e-01 1.950716972351074219e-02
2.817320823669433594e-01 1.973867416381835938e-02
1.338066816329956055e+00 2.305984497070312500e-02
6.779072284698486328e-01 2.037644386291503906e-02
6.250770092010498047e-01 2.112936973571777344e-02
1.274614572525024414e+00 2.251315116882324219e-02
1.381403684616088867e+00 2.260541915893554688e-02
5.170288085937500000e-01 1.979660987854003906e-02
3.327150344848632812e-01 1.929521560668945312e-02
1.915743350982666016e-01 1.939940452575683594e-02
2.152664661407470703e-01 1.847410202026367188e-02
1.419730186462402344e-01 1.958823204040527344e-02
1.299858808517456055e+00 2.231979370117187500e-02
1.388774394989013672e+00 2.348780632019042969e-02
1.392140865325927734e+00 2.246522903442382812e-02
1.343621492385864258e+00 2.234101295471191406e-02
1.364423036575317383e+00 2.313780784606933594e-02
2.335319519042968750e-01 1.876449584960937500e-02
1.320126056671142578e+00 2.304029464721679688e-02
1.340056657791137695e+00 2.304005622863769531e-02
2.477591037750244141e-01 1.912474632263183594e-02
4.319441318511962891e-01 1.928019523620605469e-02
1.320440769195556641e+00 2.234721183776855469e-02
4.165377616882324219e-01 1.882910728454589844e-02
1.275146961212158203e+00 2.077054977416992188e-02
1.337780952453613281e+00 2.275681495666503906e-02
1.325005054473876953e+00 2.285003662109375000e-02
2.411260604858398438e-01 1.906633377075195312e-02
2.386991977691650391e-01 1.851344108581542969e-02
9.048337936401367188e-01 2.106952667236328125e-02
6.354594230651855469e-01 1.987957954406738281e-02
6.581320762634277344e-01 2.077460289001464844e-02
4.341359138488769531e-01 1.922011375427246094e-02
1.021567821502685547e+00 2.240085601806640625e-02
8.808126449584960938e-01 2.129459381103515625e-02
5.417010784149169922e-01 1.902270317077636719e-02
5.683288574218750000e-01 2.072858810424804688e-02
5.764749050140380859e-01 2.140474319458007812e-02
5.462000370025634766e-01 1.959204673767089844e-02
9.810845851898193359e-01 2.086734771728515625e-02
1.016454458236694336e+00 2.148556709289550781e-02
1.007148027420043945e+00 2.107691764831542969e-02
1.045280694961547852e+00 2.162480354309082031e-02
3.634500503540039062e-01 1.853394508361816406e-02
8.918478488922119141e-01 2.101206779479980469e-02
9.669451713562011719e-01 2.102756500244140625e-02
9.300296306610107422e-01 2.157092094421386719e-02
8.855955600738525391e-01 2.107644081115722656e-02
6.194872856140136719e-01 2.017045021057128906e-02
5.712041854858398438e-01 1.977777481079101562e-02
9.259831905364990234e-01 2.105617523193359375e-02
5.940792560577392578e-01 1.972651481628417969e-02
9.455611705780029297e-01 2.104187011718750000e-02
9.582161903381347656e-01 2.131390571594238281e-02
4.261918067932128906e-01 1.861858367919921875e-02
9.248535633087158203e-01 2.108454704284667969e-02
5.660438537597656250e-01 1.944684982299804688e-02
6.047029495239257812e-01 1.944804191589355469e-02
2.619211673736572266e-01 1.835393905639648438e-02
8.896989822387695312e-01 2.109193801879882812e-02
6.326360702514648438e-01 2.104258537292480469e-02
6.033375263214111328e-01 1.978445053100585938e-02
9.951457977294921875e-01 2.197575569152832031e-02
8.664357662200927734e-01 2.115130424499511719e-02
4.981307983398437500e-01 1.981258392333984375e-02
4.295804500579833984e-01 1.887059211730957031e-02
9.318530559539794922e-01 2.138400077819824219e-02
3.946421146392822266e-01 1.874446868896484375e-02
1.290300846099853516e+00 2.443981170654296875e-02
3.800446987152099609e-01 1.899242401123046875e-02
2.507708072662353516e-01 1.762652397155761719e-02
8.785464763641357422e-01 2.109479904174804688e-02
9.530572891235351562e-01 2.122378349304199219e-02
9.198000431060791016e-01 2.112841606140136719e-02
2.368905544281005859e-01 1.834535598754882812e-02
9.065022468566894531e-01 2.138495445251464844e-02
4.295139312744140625e-01 1.882195472717285156e-02
3.893208503723144531e-01 1.804828643798828125e-02
9.483864307403564453e-01 2.099680900573730469e-02
2.684140205383300781e-01 1.768326759338378906e-02
9.550662040710449219e-01 2.091312408447265625e-02
9.505352973937988281e-01 2.153277397155761719e-02
9.276776313781738281e-01 2.064013481140136719e-02
2.282674312591552734e-01 1.777935028076171875e-02
5.386474132537841797e-01 2.068066596984863281e-02
3.654460906982421875e-01 1.990175247192382812e-02
5.130934715270996094e-01 1.970434188842773438e-02
9.003016948699951172e-01 2.017140388488769531e-02
3.872504234313964844e-01 1.926016807556152344e-02
4.379875659942626953e-01 1.933360099792480469e-02
5.059094429016113281e-01 1.957130432128906250e-02
4.604208469390869141e-01 2.000975608825683594e-02
4.696209430694580078e-01 1.956033706665039062e-02
4.749500751495361328e-01 1.909947395324707031e-02
4.981162548065185547e-01 1.973652839660644531e-02
5.383834838867187500e-01 1.947212219238281250e-02
4.656851291656494141e-01 1.917028427124023438e-02
5.016131401062011719e-01 1.977801322937011719e-02
9.825887680053710938e-01 1.849007606506347656e-02
9.174621105194091797e-01 2.132177352905273438e-02
4.821009635925292969e-01 1.920580863952636719e-02
5.508368015289306641e-01 2.019238471984863281e-02
4.816398620605468750e-01 1.886081695556640625e-02
5.802149772644042969e-01 1.892995834350585938e-02
6.668636798858642578e-01 1.982522010803222656e-02
5.451867580413818359e-01 2.063202857971191406e-02
5.025913715362548828e-01 1.982212066650390625e-02
5.643081665039062500e-01 1.997876167297363281e-02
4.922907352447509766e-01 1.965832710266113281e-02
5.768423080444335938e-01 1.964569091796875000e-02
9.256041049957275391e-01 2.133321762084960938e-02
5.377767086029052734e-01 1.951336860656738281e-02
5.972235202789306641e-01 2.082872390747070312e-02
5.363132953643798828e-01 1.980996131896972656e-02
5.256578922271728516e-01 2.056121826171875000e-02
5.141248703002929688e-01 1.241779327392578125e-02
5.257098674774169922e-01 1.950669288635253906e-02
5.971214771270751953e-01 2.014923095703125000e-02
2.671203613281250000e-01 1.873469352722167969e-02
2.898178100585937500e-01 1.908159255981445312e-02
3.415875434875488281e-01 1.578855514526367188e-02
8.914406299591064453e-01 2.149677276611328125e-02
2.429683208465576172e-01 1.897764205932617188e-02
7.068934440612792969e-01 2.005934715270996094e-02
7.026379108428955078e-01 2.070069313049316406e-02
6.946458816528320312e-01 2.695560455322265625e-02
1.366773605346679688e+00 2.311372756958007812e-02
8.643288612365722656e-01 2.208638191223144531e-02
9.383919239044189453e-01 2.173495292663574219e-02
9.256486892700195312e-01 2.086710929870605469e-02
8.799664974212646484e-01 2.091193199157714844e-02
8.767356872558593750e-01 2.122950553894042969e-02
8.458349704742431641e-01 2.118039131164550781e-02
9.949884414672851562e-01 2.157330513000488281e-02
9.162926673889160156e-01 2.082276344299316406e-02
9.464647769927978516e-01 1.363611221313476562e-02
9.129545688629150391e-01 2.197241783142089844e-02
9.351129531860351562e-01 2.097415924072265625e-02
9.701027870178222656e-01 2.169060707092285156e-02
9.818661212921142578e-01 1.252722740173339844e-02
9.787936210632324219e-01 2.078199386596679688e-02
9.686553478240966797e-01 2.153396606445312500e-02
1.010886907577514648e+00 4.660320281982421875e-02
1.039479017257690430e+00 4.101467132568359375e-02
9.832594394683837891e-01 2.031517028808593750e-02
9.735350608825683594e-01 2.090835571289062500e-02
9.911110401153564453e-01 2.103996276855468750e-02
1.041304826736450195e+00 2.233076095581054688e-02
9.547758102416992188e-01 2.088785171508789062e-02
9.198334217071533203e-01 2.084851264953613281e-02
1.176165342330932617e+00 2.190971374511718750e-02
1.001335382461547852e+00 2.002930641174316406e-02
1.425897359848022461e+00 2.202916145324707031e-02
1.141090869903564453e+00 2.180647850036621094e-02
1.055548191070556641e+00 3.392815589904785156e-02
1.199589014053344727e+00 2.328419685363769531e-02
1.137071609497070312e+00 2.179884910583496094e-02
1.253081321716308594e+00 2.200365066528320312e-02
9.942257404327392578e-01 2.153253555297851562e-02
8.393292427062988281e-01 2.069354057312011719e-02
4.120833873748779297e-01 1.898670196533203125e-02
4.380664825439453125e-01 1.876378059387207031e-02
4.298558235168457031e-01 1.918292045593261719e-02
4.873375892639160156e-01 1.888394355773925781e-02
4.224600791931152344e-01 1.848983764648437500e-02
1.039922714233398438e+00 2.148556709289550781e-02
4.185922145843505859e-01 1.893782615661621094e-02
3.889868259429931641e-01 1.923346519470214844e-02
3.720912933349609375e-01 1.979756355285644531e-02
1.754260063171386719e-01 1.810407638549804688e-02
1.707193851470947266e-01 1.811027526855468750e-02
2.239015102386474609e-01 1.673650741577148438e-02
2.290811538696289062e-01 1.908421516418457031e-02
1.749327182769775391e-01 1.812314987182617188e-02
2.295384407043457031e-01 1.845264434814453125e-02
3.133902549743652344e-01 1.894593238830566406e-02
8.789317607879638672e-01 2.024745941162109375e-02
5.465295314788818359e-01 1.963639259338378906e-02
5.827023983001708984e-01 2.781724929809570312e-02
2.424449920654296875e-01 1.934552192687988281e-02
8.452687263488769531e-01 1.255965232849121094e-02
2.242069244384765625e-01 1.816225051879882812e-02
6.010456085205078125e-01 1.992678642272949219e-02
2.478868961334228516e-01 1.958227157592773438e-02
9.147841930389404297e-01 2.093362808227539062e-02
2.800674438476562500e-01 3.949356079101562500e-02
6.051514148712158203e-01 1.716947555541992188e-02
7.218124866485595703e-01 1.278376579284667969e-02
8.219296932220458984e-01 1.236844062805175781e-02
4.851076602935791016e-01 2.011299133300781250e-02
4.809882640838623047e-01 1.929855346679687500e-02
5.042803287506103516e-01 1.204752922058105469e-02
5.574941635131835938e-01 1.945853233337402344e-02
4.719498157501220703e-01 2.002000808715820312e-02
4.643142223358154297e-01 1.501846313476562500e-02
5.189187526702880859e-01 1.991510391235351562e-02
5.052144527435302734e-01 1.155328750610351562e-02
6.286048889160156250e-01 1.896524429321289062e-02
6.626911163330078125e-01 1.250839233398437500e-02
5.756313800811767578e-01 1.242733001708984375e-02
7.579693794250488281e-01 1.182723045349121094e-02
6.925847530364990234e-01 1.220774650573730469e-02
5.881972312927246094e-01 1.168847084045410156e-02
5.819437503814697266e-01 1.196217536926269531e-02
6.163907051086425781e-02 1.698565483093261719e-02
7.817673683166503906e-02 1.783347129821777344e-02
7.178115844726562500e-02 1.739239692687988281e-02
6.622123718261718750e-02 1.749897003173828125e-02
1.179654598236083984e-01 1.697254180908203125e-02
7.473993301391601562e-01 1.325249671936035156e-02
5.675959587097167969e-01 1.259636878967285156e-02
5.730390548706054688e-02 1.750850677490234375e-02
7.015204429626464844e-02 1.790904998779296875e-02
6.782817840576171875e-02 1.767587661743164062e-02
5.334639549255371094e-02 1.726150512695312500e-02
4.409098625183105469e-02 1.047492027282714844e-02
7.374525070190429688e-02 1.209783554077148438e-02
7.120490074157714844e-02 1.780652999877929688e-02
4.692506790161132812e-02 1.089668273925781250e-02
5.169415473937988281e-02 1.438879966735839844e-02
6.869888305664062500e-02 1.742339134216308594e-02
5.411081314086914062e-01 1.273131370544433594e-02
7.102942466735839844e-02 1.794910430908203125e-02
3.591084480285644531e-02 1.039934158325195312e-02
6.936001777648925781e-02 1.084280014038085938e-02
6.536126136779785156e-02 1.054811477661132812e-02
5.967426300048828125e-02 1.761198043823242188e-02
6.971383094787597656e-02 1.769447326660156250e-02
7.127976417541503906e-02 1.708889007568359375e-02
6.532096862792968750e-02 1.717138290405273438e-02
6.971573829650878906e-02 1.249718666076660156e-02
6.171417236328125000e-02 1.063895225524902344e-02
5.794911384582519531e-01 1.544022560119628906e-02
6.332826614379882812e-02 1.799082756042480469e-02
6.175780296325683594e-02 1.803851127624511719e-02
7.020878791809082031e-02 1.111483573913574219e-02
3.435111045837402344e-02 1.062631607055664062e-02
5.194354057312011719e-02 1.141500473022460938e-02
5.795431137084960938e-02 1.549863815307617188e-02
3.625917434692382812e-02 1.093888282775878906e-02
3.572010993957519531e-02 1.012420654296875000e-02
5.520176887512207031e-02 1.339292526245117188e-02
5.379128456115722656e-02 1.876044273376464844e-02
6.004192829132080078e-01 2.087831497192382812e-02
6.961631774902343750e-02 1.384830474853515625e-02
5.680608749389648438e-02 1.115822792053222656e-02
7.994484901428222656e-02 2.110838890075683594e-02
3.619527816772460938e-02 1.047730445861816406e-02
4.219651222229003906e-02 1.126408576965332031e-02
6.501555442810058594e-02 1.151418685913085938e-02
5.460834503173828125e-02 1.079344749450683594e-02
5.829286575317382812e-02 1.081752777099609375e-02
3.663682937622070312e-02 1.080465316772460938e-02
5.274152755737304688e-02 1.110553741455078125e-02
7.228391170501708984e-01 2.087664604187011719e-02
6.700372695922851562e-02 1.223587989807128906e-02
4.597234725952148438e-02 1.807403564453125000e-02
3.826355934143066406e-02 1.078581809997558594e-02
4.434704780578613281e-02 1.096844673156738281e-02
4.058980941772460938e-02 1.082825660705566406e-02
4.133772850036621094e-02 1.079583168029785156e-02
5.433750152587890625e-02 1.163077354431152344e-02
3.614783287048339844e-02 1.449251174926757812e-02
4.492592811584472656e-02 1.072859764099121094e-02
4.404139518737792969e-02 1.284313201904296875e-02
7.824242115020751953e-01 2.203631401062011719e-02
4.436731338500976562e-02 1.072478294372558594e-02
4.214906692504882812e-02 1.068472862243652344e-02
3.940844535827636719e-02 1.035523414611816406e-02
5.948638916015625000e-02 1.072955131530761719e-02
3.533172607421875000e-02 1.040863990783691406e-02
5.208849906921386719e-02 1.632428169250488281e-02
4.891514778137207031e-02 1.074957847595214844e-02
3.808212280273437500e-02 1.059460639953613281e-02
5.754375457763671875e-02 1.340699195861816406e-02
3.642845153808593750e-02 1.060819625854492188e-02
4.651334285736083984e-01 1.963782310485839844e-02
1.921391487121582031e-01 1.678228378295898438e-02
2.058103084564208984e-01 1.583123207092285156e-02
8.282246589660644531e-01 2.115130424499511719e-02
1.338051795959472656e+00 1.342010498046875000e-02
7.757816314697265625e-01 2.062821388244628906e-02
5.612406730651855469e-01 2.052021026611328125e-02
5.396881103515625000e-01 1.976680755615234375e-02
4.673392772674560547e-01 1.929378509521484375e-02
7.246158123016357422e-01 2.115225791931152344e-02
6.698875427246093750e-01 1.966786384582519531e-02
6.242334842681884766e-01 1.896142959594726562e-02
7.231864929199218750e-01 2.013897895812988281e-02
7.511527538299560547e-01 2.144908905029296875e-02
5.977118015289306641e-01 1.969170570373535156e-02
9.050080776214599609e-01 2.108240127563476562e-02
5.965416431427001953e-01 2.004718780517578125e-02
5.790572166442871094e-01 1.891660690307617188e-02
5.946993827819824219e-01 1.709604263305664062e-02
6.920905113220214844e-01 2.015089988708496094e-02
4.750828742980957031e-01 1.949477195739746094e-02
9.007160663604736328e-01 2.119016647338867188e-02
5.975990295410156250e-01 1.988530158996582031e-02
2.359879016876220703e-01 1.922535896301269531e-02
3.767621517181396484e-01 1.860976219177246094e-02
1.845021247863769531e-01 1.805877685546875000e-02
9.017865657806396484e-01 2.086448669433593750e-02
1.186764478683471680e+00 1.393222808837890625e-02
9.681806564331054688e-01 2.246832847595214844e-02
1.138289928436279297e+00 2.174043655395507812e-02
1.167454719543457031e+00 2.240395545959472656e-02
1.086621046066284180e+00 1.302385330200195312e-02
1.102891445159912109e+00 1.256299018859863281e-02
1.079768419265747070e+00 1.287150382995605469e-02
7.438755035400390625e-01 2.046203613281250000e-02
3.632574081420898438e-01 1.879119873046875000e-02
3.138091564178466797e-01 1.873469352722167969e-02
8.248815536499023438e-01 1.552414894104003906e-02
3.158173561096191406e-01 1.299262046813964844e-02
3.340592384338378906e-01 1.884102821350097656e-02
2.913413047790527344e-01 1.922988891601562500e-02
2.876689434051513672e-01 1.841783523559570312e-02
4.427158832550048828e-01 1.826095581054687500e-02
4.203960895538330078e-01 1.907467842102050781e-02
1.580464839935302734e-01 1.793503761291503906e-02
4.181594848632812500e-01 1.869511604309082031e-02
5.033965110778808594e-01 2.183771133422851562e-02
4.385812282562255859e-01 1.894497871398925781e-02
7.527830600738525391e-01 1.238083839416503906e-02
4.253513813018798828e-01 1.829361915588378906e-02
4.087119102478027344e-01 1.913285255432128906e-02
6.524460315704345703e-01 1.222014427185058594e-02
3.044078350067138672e-01 1.754856109619140625e-02
2.430632114410400391e-01 1.805734634399414062e-02
4.074673652648925781e-01 1.202178001403808594e-02
3.966767787933349609e-01 1.890444755554199219e-02
1.858065128326416016e-01 1.670622825622558594e-02
8.564393520355224609e-01 1.317191123962402344e-02
5.201754570007324219e-01 1.171183586120605469e-02
6.696319580078125000e-01 1.142716407775878906e-02
4.803073406219482422e-01 1.168274879455566406e-02
7.855482101440429688e-01 1.232933998107910156e-02
7.810449600219726562e-01 1.176404953002929688e-02
3.238720893859863281e-01 1.247286796569824219e-02
1.667239665985107422e-01 1.490139961242675781e-02
1.573314666748046875e-01 1.498389244079589844e-02
7.369279861450195312e-01 1.106691360473632812e-02
6.966919898986816406e-01 1.142954826354980469e-02
7.040221691131591797e-01 1.093626022338867188e-02
6.719424724578857422e-01 1.152849197387695312e-02
