6.501485811784122326e-01
9.357599039310763311e-01
1.927847666204384858e+00
1.175842845357969235e+00
6.673923147705254078e-01
1.050526966796125894e+00
8.917411793310104917e-01
9.666081175005248882e-01
1.194703220102689700e+00
6.074544385490522336e-01
1.348114566319193575e+00
7.754249539436544048e-01
4.365624208264141437e+00
8.186311521577646078e-01
1.107495368310131179e+00
1.325419928255556767e+00
1.506401775047102820e+00
6.691601902499024757e-01
6.540027604808946737e-01
6.520975275383832370e-01
8.086169852404992975e-01
7.908271450735622210e-01
1.466138900702081527e+00
5.577475339623606532e-01
1.575504266483265692e+00
9.193543630146041590e-01
1.502574239468909667e+00
1.347146168994699078e+00
2.854543216371696612e+00
3.814333682746271048e+00
2.868576257331392210e+00
4.733547718117540271e+00
2.542177848221919501e+00
2.951537541418864041e+00
9.515201453542299070e-01
4.913154389328652227e-01
6.382541240439132402e-01
2.274752665079808445e+00
2.259274784745385123e+00
3.836781545699270435e-01
3.615288589185410295e-01
2.798250074580902691e+00
1.925745385055060765e+00
1.979142414741772216e+00
2.898298936267525772e+00
7.336673151233864543e-01
2.004620475356905906e+00
2.279740326956749108e+00
9.626282633233949060e-01
1.234747812008135215e+00
2.349899440936398687e+00
3.970804087508837732e+00
2.291704167067778464e+00
2.585547272653768491e+00
6.831349395052838114e-01
6.228770640348163523e-01
8.254752871063517627e-01
1.068731000570099399e+00
1.472598924445177815e+00
5.033713636078793741e-01
5.893457494088370829e+00
4.383119057727106194e-01
2.202517735389413644e+00
1.137116363935998686e+00
1.055707202759241570e+00
7.050513735243899127e+00
2.465243618992942753e+00
7.077995872521036791e-01
1.406796633293009524e+00
1.596722709966433174e+00
1.975532344467310963e+00
2.136970586738446087e+00
1.740765132613053012e+01
1.666513213305801822e+00
6.941938869558414993e-01
9.214296952804988949e-01
1.490956663526180570e+01
1.767234660335749608e+00
9.860891347412947816e-01
3.716635387629443787e+00
1.255063324237245226e+01
6.218527106591698939e+00
4.573938702754563046e+00
6.141155098463658035e+00
3.732689758276359182e+00
3.153148547040121930e+00
3.497739510726745493e+00
3.285736945000442333e+00
3.874813121890047007e+00
7.335068617236717436e-01
3.316670210316610135e+00
3.249088605748446490e+00
7.082015688007311738e+00
5.039837200508227255e+00
2.348388265178793066e+00
4.225766412643531034e+00
2.491587292904462014e+00
5.813099876205156669e+00
3.600448252057964371e+00
4.004126143630162282e+00
5.852983009511495416e-01
3.971250165444085933e+00
3.410426955350674749e+00
4.296639250509953989e+00
4.749999282139359735e+00
3.699844241887967122e+00
2.028790499471602171e+00
2.721485246178293238e+00
4.317893244272988262e+00
4.103657195931157631e+00
4.365268433329150710e+00
1.049978330846183860e+00
6.481506156284019271e-01
2.940002711871277263e+00
3.667016253259833380e+00
4.086829871020833060e+00
3.242500511577901090e+00
4.624254817342199786e+00
6.526257861333186305e+00
3.881427333853443518e+00
3.647783788217424217e+00
5.499119094295714660e+00
7.979543581331553170e+00
1.193360030337287991e+00
4.018437709765364296e+00
2.920631317565845375e+00
3.524642786240802739e+00
6.633920371803655236e+00
5.285130156358039955e+00
5.683971355742547082e+00
4.289604430231680254e+00
3.810388315849257967e+00
4.133831026725124147e+00
3.192171889333675239e+00
9.779735428140076126e-01
2.939995251568310763e+00
2.817951973633869844e+00
8.482787913366394150e-01
5.919391040002579540e-01
4.692611030251089055e+00
4.532905189979640426e+00
3.859816198727556102e+00
3.264119447864386903e+00
1.790495862723686216e+01
3.905627855284760308e+00
9.281635618357595430e-01
4.298522746500850644e+00
3.731533671964069931e+00
3.793952886428291205e+00
1.758506965312597536e+00
2.681926490867574397e+00
3.633584244730439394e+00
1.572351685640305030e+00
3.842862228322180052e+00
2.270160798796616586e+00
5.009107878944738523e+00
1.275373016265737736e+00
7.083931158674299233e-01
3.533814008838922938e+00
5.555693321313324162e+00
4.870350752413634687e+00
8.679990565443527206e-01
3.492485076737946503e+00
4.942192139506667914e+00
5.634881238258600433e+00
4.787078946993621464e+00
5.367535300009435240e+00
8.387590677681341367e-01
3.145293170006580041e+00
3.788324698692912218e+00
3.919898732496066351e+00
6.629940757254074057e+00
7.144840694156918914e+00
5.014256542453039422e+00
2.465101662695463158e+00
3.465370138816500134e+00
3.646264504608468737e+00
4.425285897457778006e+00
8.667098690032297714e-01
4.797971465598680929e+00
2.246255593028261899e+01
5.576654908505597419e+00
3.737860424481234567e+00
1.275498412996748376e+00
4.655869268539285066e+00
1.141520917297378590e+00
5.885265404764997044e+00
5.116864922930977500e+00
3.744814011804956433e+00
9.026385886803968139e-01
3.362427103505513770e+00
1.599283273440725850e+00
6.317607473031252585e-01
3.236673445240509039e+00
1.472694884962338469e+00
2.230806268946608384e+00
1.341807473465247424e+00
4.139131272602517342e+00
3.082424821909233614e+00
2.716471632901405808e+00
6.839316308773079056e-01
1.757932137529113259e+00
3.576670879449914686e+00
2.563415838416817749e+00
4.782802644656816149e+00
3.400230371541745011e+00
5.570566167712524219e+00
4.838539019515507356e+00
1.583468865539007453e+00
3.628702822365388325e+00
4.051063269164603575e+00
5.251576179484559459e-01
2.541218530893891270e+00
3.853278385095000758e+00
3.412537981877235449e+00
2.849075346662813590e+00
3.276542782016027999e+00
4.193537966460286981e+00
2.771880310659461610e+00
3.094899241390044242e+00
4.367161756770603809e+00
6.121852613113873076e+00
1.025343166458356547e+00
1.202790742984223726e+00
3.740669213270799265e+00
4.665487704344810638e+00
3.262573354769580991e+00
5.096742621852593302e+00
4.452281588737445617e+00
3.241619028529076019e+00
4.298616329592083396e+00
4.195201664663358976e+00
3.291195726720318238e+00
4.176195232130137214e+00
4.072953180979717036e-01
3.484918305580351650e+00
3.025452135620633420e+00
2.474285666739105327e+00
4.781202927394049951e+00
4.210697709624444229e+00
9.254929307537505423e+00
5.989133344373334999e+00
3.100554227509622951e+00
4.948055621250268210e+00
4.861227787733056971e+00
3.898268294142508972e-01
3.107082613558999284e+00
2.789345334025657763e+00
2.428044241841220696e+00
3.791597987800398695e+00
4.425103410093581324e+00
5.833055896320559874e+00
1.531100746599074691e+00
5.001204183208647791e+00
4.268854652257867421e+00
1.071209797011416942e+00
1.571566063265384949e+00
9.526333488170459773e-01
1.709243151653123904e+00
1.710380036541634174e+00
1.392383723650885141e+00
1.802187453723131938e+00
2.268973888331340838e+00
3.862896721589793025e-01
1.277107275824232113e+00
7.467590706762932129e-01
3.512870138221154126e-01
1.008909884652824607e+00
8.522194914263199195e-01
2.067131257811724687e+00
2.032317581034041254e+00
1.940707904560207808e+00
9.400745160364889497e-01
1.331213362752880158e+00
1.291793324121865760e+00
8.648474756454919143e-01
1.537462412225436559e+00
1.096492917218418572e+00
8.067963584417964240e-01
1.888043050069614370e+00
6.574782261223337532e-01
1.269602513643443231e+00
1.185782811641580281e+00
1.512053464118950918e+00
1.372849909855260009e+00
1.726706903798783665e+00
1.461399566875641876e+00
2.217298423899581650e+00
9.251713983442778622e-01
1.463717797188383463e+00
9.176315580258671556e-01
3.513334005643689473e+00
1.014654650669317704e+00
1.242263361651542386e+00
9.607675223062811520e-01
1.540311886744273551e+00
3.347076989938292169e+00
1.278092048119690238e+00
1.222672678816200120e+00
1.550250925594576223e+00
1.949246123860209456e+00
1.387446226341033118e+01
1.207021619377550037e+00
1.071376644780351217e+00
1.731580170007929409e+00
3.311082832849823188e+00
2.243734800163720067e+00
2.432170504009159906e+00
1.798823655793591048e+00
8.699817973157717432e-01
1.620732067893335016e+00
6.954664816359032997e-01
1.567982041570733287e+00
1.326558639161288244e+00
1.396015363995326553e+00
1.183392530205040982e+00
7.790301647270649887e-01
2.375760668635843231e+00
1.863365989270670431e+00
1.219141425554332692e+00
1.170019578786065440e+00
1.798624184046343499e+00
1.202507427993773970e+00
1.335647017040934692e+00
1.185797254728301109e+00
9.913734307952853930e-01
1.410548451614999976e+00
1.474208485109183453e+00
1.594938083701271658e+00
1.349075680463481142e+00
9.414523151306172233e-01
1.926749001253871496e+00
1.894557047575815112e+00
1.677602983940698067e+00
7.165908381583045994e-01
2.051534045450566612e+00
1.065693590518380196e+00
1.175883470320935320e+00
1.055453127737966845e+00
1.780972474653508053e+00
1.514479670940946932e+00
9.123903347481769899e-01
1.432425238352623476e+00
1.961394010498214824e+00
1.075650608655303708e+00
3.840101115184698100e-01
1.450867182201068362e+00
1.394027111573054700e+00
1.088119995821564601e+00
1.444759947211243789e+00
5.822574274543423911e-01
8.123380023047400700e-01
6.874579697920362165e-01
9.741379513965540138e-01
6.177222567312422585e-01
8.360980338186688732e-01
6.097323055296837158e-01
1.304833198951121265e+00
1.420685705661605347e+00
2.445626437811291520e+00
5.744903110039935035e-01
4.952826880758465777e-01
6.694047877097953902e-01
1.185638665609888953e+00
1.165199663077595815e+00
6.996688907349241093e-01
1.879751080357455306e+00
9.333227932900456381e-01
1.457522282066191943e+00
1.265928171801148361e+00
1.047380291365678007e+00
3.772863448639001138e-01
1.221194150621522256e+00
6.512490831479414988e-01
1.346977197964903006e+00
1.525566607659474938e+00
1.348485274795946598e+00
9.381889938829248710e-01
7.952998068283620992e-01
5.858500634184845568e-01
7.348914326210141956e-01
1.231987092092950098e+00
4.652719081317247429e+00
5.906961790893567876e-01
1.247680903310139255e+00
1.529105431676375471e+00
7.908168849697988501e-01
9.800066710225479039e-01
1.767361011647753610e+00
1.145099504595495032e+00
9.525917799399179486e-01
8.178897326365225373e-01
7.395843045870257315e-01
4.863973168139619774e-01
6.138925668318860884e-01
8.617792601195145563e-01
8.124515081492116320e-01
2.702741305866594335e+00
1.534285128281898114e+00
1.074851989329578483e+00
6.727170861833151605e-01
7.717670990743756843e-01
9.100341738497248478e-01
5.764554321609524079e-01
7.212088130376469453e-01
7.725494572627362722e-01
9.410388813554417808e-01
6.879875022762085290e-01
5.326416300375926838e-01
5.482788177782790262e-01
1.934446066448415769e+00
5.667773834558170742e-01
4.442910139893656019e-01
1.183763202318072860e+00
