1.194727474830958869e-02
4.755061621095930946e-02
1.773165385249120263e-02
1.149151009094820201e-02
1.873756804946884180e-02
2.259247909725291964e-02
1.991545554823890077e-02
1.614599423124325750e-02
4.891095337192203664e-03
9.481050335190173775e-03
6.606212206553032686e-03
6.447531906413690034e-03
1.293610654456318065e-01
1.365275706684134643e-02
2.332931227344942418e-02
6.341197730963062454e-03
4.495484758251560437e-02
3.911463942532770327e-02
4.495132023720459225e-02
3.085526656027386128e-02
1.571807763336329281e-02
5.522424824334963740e-03
1.804462795524834073e-01
4.068373306697096320e-02
1.501446553206350343e-01
6.889925387262204812e-03
2.158111343983995511e-01
6.532938501906059015e-02
5.648239097498431414e-03
1.231867204685764029e-02
9.320981512820554135e-03
2.468227673535878380e-02
4.207102603467004903e-02
1.990346110648936323e-02
1.004540007387536849e-01
1.236997069099357582e-02
4.913987052183567232e-03
9.414860849049388677e-03
5.153633868933609440e-03
6.111671240770152023e-03
1.134693265275671381e-02
2.720369264700028475e-02
8.041346741711089680e-03
1.323514671277524479e-01
4.475247749552486998e-02
3.832779554132123567e-02
4.480535782933348782e-02
3.717569333760112338e-02
1.450695774904258058e-02
6.233919508975661189e-03
1.268310949952048405e-01
1.060695829970678961e-01
1.040326297418115234e-02
3.046801920786388895e-01
1.101831110286627530e-01
8.872049354324475917e-03
3.666161097590163731e-01
1.708580236016562365e-02
1.092326959338635155e-02
4.075728744332704490e-02
2.741387386333019385e-02
3.009317922502210627e-02
2.350013549112937514e-02
2.174449113435210357e-02
4.513969390208183961e-03
6.967004706595598604e-03
5.840272979103612941e-03
3.045215596712512185e-01
7.038751628827217069e-03
5.284625640705356217e-03
1.647869765711127560e-02
1.615733289510462578e-02
1.561901154030545351e-02
2.692687485858801660e-02
2.913190000393961476e-02
3.675314274069846343e-02
4.525047515936252152e-02
2.225334441006237771e-02
1.512185453944310184e-02
1.172601467767357859e-02
9.520371289558109823e-03
7.867381763406648340e-03
1.700024181165744885e-01
9.196829302226426292e-03
8.285111824626845492e-03
2.759118502817837007e-02
2.868258367779765589e-02
4.584287378985840017e-02
5.232913272640691768e-03
7.569220439123297561e-02
8.369543703735778106e-03
1.243851545908234227e-02
6.216010897051221090e-02
1.888485151448870275e-02
6.316214928045437056e-03
8.254969600570276692e-03
1.394743608915789343e-02
3.763583162886664085e-02
2.161262429101003246e-02
7.876007043329812107e-02
4.608942032831682689e-01
3.083383199350425707e-02
1.303553447753015293e-01
4.864288447801474319e-02
5.370303414180369050e-02
9.172564769970227572e-02
6.241883172736265722e-02
5.969486231745664562e-02
5.155544364315404332e-02
5.015019056231418554e-02
8.077836689198590603e-02
6.122709370074170404e-02
3.171541096400148363e-01
6.964855475291412135e-02
8.732216382413410249e-02
3.906192819087465212e-02
7.726992075864787257e-02
2.828375067410175692e-03
5.517003517124182549e-02
2.795367462269329195e-01
2.253231627899573986e-01
2.909216446131685507e-01
4.349780968771149031e-02
3.227387607031066974e-01
1.085312442288543233e-01
2.821628924326786275e-02
5.015825038540600023e-02
8.021194485770530291e-02
5.364049080864352614e-02
3.023288861678698897e-02
2.229739477151152643e-02
2.390624612551722414e-02
4.298494649340282164e-02
2.795451284765160943e-02
1.545837950199448474e-01
4.014141721593340352e-03
8.420238375065046410e-02
7.811052286688210944e-02
8.864338297947324530e-02
1.051238471751571452e-01
7.593577572566125033e-02
1.188466219593762585e-01
1.819801623351419151e-01
5.844081041720124159e-02
7.977316029945015485e-02
1.845319009296145785e-01
1.240333719654282268e-01
5.006689293976673838e-01
1.819999795043512059e-01
1.487961474057014066e-01
1.302746317416397237e-01
4.410930787847436307e-01
1.108072339087237679e-01
1.248843887982209605e-01
3.904687108000716167e-01
1.286538451752415047e-01
3.288946478677603480e-01
1.988943932081423116e-01
1.959504956011083876e-01
1.069936637975028582e-01
7.410317349856718749e-01
3.638383346973412813e-01
9.896149176092980393e-02
2.654897872678027571e-01
2.550163403518444505e-01
6.084642940510838482e-02
2.055517173668996306e-02
4.905023489012150240e-01
1.856161066910693228e-02
3.467105760183705060e-02
3.349985417904044471e-02
1.869199363076897227e-02
1.913001641855503060e-02
3.271396033944268950e-02
2.205924078305095404e-01
1.667651693546528613e-03
5.260818133029398352e-02
1.387648445133855823e-01
3.308103190612005085e-01
3.406341724091784817e-01
2.624552573343225809e-02
1.071465396409230358e-02
2.081126286369874012e-01
9.038246163879828932e-02
7.397176568551240561e-02
5.299706615170580309e-02
1.458636215250817270e-01
3.719087021533359905e-02
5.578200473776163959e-02
4.311422922514185907e-01
2.787726847667482480e-02
2.467393162188348532e-02
2.423728475181208264e-02
4.175183534273334968e-02
1.382686313003831102e-01
1.134667958332789828e-01
3.861739873886930324e-02
4.643417863951521812e-02
3.718519572975113180e-02
8.463993841163586218e-02
5.058857744245934818e-01
6.397411181655894737e-03
7.347842638131661663e-02
1.427015374765868046e-02
3.259987391083504771e-02
4.585307293651422200e-02
3.033606330981006988e-02
5.401611953026253660e-02
3.641946695124317901e-02
9.921154598151214060e-03
2.491865924744459185e-02
6.048795448421492305e-01
4.743585345320577851e-02
8.814180820653334802e-02
9.804421975103189135e-02
2.323249333004918649e-01
2.283400904508507412e-01
6.599629485558516917e-02
1.917683967028415148e-01
1.651895163142933776e-01
2.097118182685498433e-01
2.042966868266810621e-01
2.615464241359283931e-02
3.042905954003614633e-01
1.880679272061231422e-01
1.866211197966486934e-01
2.227518055193599411e-01
1.741595991659417308e-01
1.969835379200956249e-01
1.336963859228729457e-01
1.808493304392815582e-01
1.706671056580983670e-01
1.742517448585552409e-01
2.046048857667828735e-01
4.629762981747320705e-01
1.694292324065006239e-01
1.546374036447147049e-01
2.075010467417814086e-01
5.681148258128690398e-02
1.231598534782164939e-01
1.562307513650730839e-01
1.538862253591011253e-01
2.882331724215728697e-01
5.463895371940215295e-02
1.189983153307876962e-01
3.687170948170393481e-01
2.386116979541132721e-01
1.990693270639310730e-01
1.750174289481314649e-01
3.342016691145451857e-01
2.515893836157108154e-01
1.829823373339803105e-01
1.638423466905040149e-01
2.420365330680794291e-01
2.414090084118357127e-01
1.760902249633809757e-01
4.027124610272699856e-01
1.472086230094778458e-01
2.033400146546139320e-01
1.505046571940486522e-01
2.919738004994077984e-01
2.763482985989745844e-01
2.192527858973878085e-01
2.725793933716752493e-01
2.531472109134857984e-01
2.775673451655440438e-01
1.262430491841246005e-01
2.351305670316286012e-01
1.349840936883248410e-01
1.376916495391988515e-01
1.462068444337129569e-01
1.777296490818636165e-01
1.928164137019962587e-01
2.518613054899653259e-01
1.482693184436149891e-01
1.379931382327538592e-01
1.863025878702093407e-01
7.978997573320338599e-02
3.507634276818581420e-01
1.163720704051556948e-01
2.638132110134340791e-01
9.396291949693678924e-02
2.372224766461556167e-01
2.317333987002429818e-01
7.376851815477096508e-02
1.538672487272950695e-01
1.044124706925998597e-01
1.393919945320449549e-01
1.405332272979284425e-01
1.806897624151210802e-01
2.141494719126570828e-02
1.968115693598850371e-02
2.066704882918558861e-02
1.849339002529226117e-01
2.075602383978739779e-02
3.124473364904451281e-02
3.066563393549983155e-02
3.095662316400883685e-02
2.084566632107129683e-02
2.428450009224474015e-02
6.620350836784356929e-02
2.421778712978206807e-02
3.553748549364101061e-02
3.772464161080452821e-02
5.103408823969934893e-01
3.767391239539612940e-02
2.304855046200065746e-02
1.725577372373500104e-02
1.012345605283662270e-01
1.192138815796680087e-02
5.252846513429598740e-02
9.649676693876620137e-02
3.141777472652341752e-01
8.363787310564228805e-02
2.687818044093178149e-01
5.012149123414968432e-01
4.351306467837319503e-02
8.177555130326526200e-02
2.579828493986195681e-02
2.557950530761780167e-02
6.159916447451157379e-02
3.178824036618905363e-02
3.629099676568313393e-02
2.367199694537380078e-02
5.909521831557193808e-03
6.660671641795735433e-03
5.431404826222469007e-01
1.923321224900509732e-02
1.809200625000309537e-02
1.948120427539869540e-02
1.950969357256711334e-02
6.345837589738293483e-01
2.849483904717906371e-02
3.069620216777725896e-01
2.179360921228285508e-01
1.440353347948033214e-01
1.845143895560802383e-01
4.859952918929806298e-01
1.654481214716906345e-01
3.511948434825958726e-02
6.464719886404937145e-03
1.002346129946906327e-02
8.017998481774899627e-03
7.323340701469727154e-03
6.247995631800720359e-03
2.302953093926748268e-02
5.523084152003900939e-03
5.020620092238325949e-02
2.397585853109183429e-01
1.865879781842088442e-02
3.676963769382850244e-02
4.282389052042098049e-02
5.498005593110295505e-03
9.825654427780640410e-02
7.684384980263156417e-02
7.188414227655202590e-03
4.323881011192663715e-02
3.798118679282652677e-02
9.805345045434276166e-03
