4.428121882885497490e-02
2.205090863426399997e-02
2.502951295326996117e-01
1.139426767841001248e-01
7.017935526620534825e-02
5.481175474665216790e-02
7.567242678577723591e-02
8.812320371767011495e-02
5.873846339901269559e-02
2.506678576977055053e-02
2.395520025904353811e-01
3.056141316847421630e-02
2.292881548091881827e-01
3.168410327794238257e-02
1.009504869026496970e-01
9.940742962892172574e-02
5.649990148179437344e-02
3.519453867237230804e-02
5.642879331131998161e-02
4.126854403258501530e-02
6.267002155632167559e-02
7.950662650798287490e-02
2.535434137951225186e-01
3.240175253928106319e-02
7.574411694707516851e-02
3.079660037356841615e-02
6.845274546916328695e-02
2.105813812504208071e-01
8.748798606759763397e-01
9.545528003801573291e-01
6.680169935346889076e-01
1.392539245199287068e+00
8.795013313079902417e-01
7.954941357990455986e-01
5.855993803616077464e-02
6.860216059948706091e-01
2.561949653901338664e-01
8.438747486488589189e-01
9.344087601106096930e-01
5.020164377704686709e-01
3.371494266230874448e-01
1.271307476537184344e+00
5.250666874880504098e-01
4.925971005041689943e-01
8.211681139925236517e-01
3.534838201748125713e-02
6.645478916953716508e-01
7.566126918019504544e-01
2.364634138695035082e-01
4.420449926782967220e-01
6.167854043675428111e-01
8.566072002588084322e-01
7.728100813474974018e-01
7.343505069584491673e-01
3.619662061347166393e-01
3.420390644130106295e-01
4.560529245373021873e-02
3.882020353042099359e-01
4.839321427527181751e-01
3.897730785215874350e-01
9.782508177920572479e-01
3.125122187219606107e-01
6.101017916527033957e-01
3.188054184797901036e-01
3.240005080083218636e-01
8.755958882098013873e-01
9.435033004501899301e-01
3.967324739120628441e-02
4.995116821144653385e-01
3.670760537892936437e-01
7.383597846130193210e-01
6.306133318480126038e-01
1.295084985740820427e+00
6.111861575121524393e-01
3.085904951530264451e-01
2.336772980504457087e-01
1.260455247168682513e+00
4.615180474449140924e-01
2.339798902194731647e-02
2.827096250749475473e-02
2.444438456745444965e-01
3.945615527388566385e-02
3.039447039893614089e-02
2.254347684685568398e-01
2.323547207271152437e-02
2.261488894632709967e-02
2.714852777268754805e-02
2.109642829396962682e-02
2.775932143618296821e-02
3.138849496629426278e-02
2.454454520500172487e-02
1.783408612814452524e-02
4.947201769019970129e-03
3.181441858514660187e-02
1.457439412764195696e-02
2.942699418714516887e-02
2.081876258094012347e-02
3.273604657566982906e-03
2.738564818870185477e-02
2.733076208246398506e-02
2.638768005976850628e-02
2.253069846018058986e-02
2.340245797128092872e-02
2.595092927171347222e-02
3.189736204812439885e-02
2.553273070358441643e-02
1.695192473440576553e-02
1.655178659956877199e-02
2.917467375840438956e-02
2.825265192703022010e-02
3.212039173413688831e-02
7.127590885548613919e-02
3.600844986258133068e-02
1.996389105495758112e-02
2.745724154323953003e-02
1.374688098725402874e-01
2.228023251370330263e-02
2.979873847649686103e-02
3.921681689055936393e-02
2.999043760962081737e-02
2.715404571856235363e-02
3.656479144684685045e-02
3.873109582039323262e-02
5.520480822667258453e-02
2.837251481782264093e-02
2.185199699475252888e-02
2.659770873757370466e-02
3.044733232352320185e-02
3.392098942713777515e-02
3.618723260630630351e-02
3.135708805642171970e-02
2.575051467406579489e-02
2.850557454038369840e-02
1.855788633659991721e-02
2.419748912875439514e-02
1.779139301371347390e-02
1.968566038241829561e-02
1.256415018785072002e-01
1.251355814707924285e-01
2.564148140420254851e-01
3.020793497420414322e-02
2.477609034762276105e-02
2.339377134692196061e-02
2.013414673848409053e-01
2.459437707112165430e-02
8.407420555417645380e-02
1.777583406742744287e-01
2.747810760222408125e-02
2.527184172009068475e-02
8.802492502572730262e-03
1.621401519046913181e-02
2.051933011212370497e-02
8.680232486077382736e-03
1.621444538602445987e-02
1.213429769124235551e-02
3.324715917080373756e-02
8.927152297189298868e-02
6.868371263515300751e-02
3.662797583973561536e-03
1.237257641707734113e-02
3.606683020087826652e-02
1.277332167040180488e-01
2.541050049807209651e-02
3.658516492992665986e-02
3.735419753695410350e-01
1.844749618006252811e-01
2.931050035690143107e-01
4.553301091554550623e-02
2.046571433876863064e-02
2.912517265577755157e-02
2.969442198588209680e-02
4.242963602643776838e-02
7.014180132720021499e-02
2.128291227489397530e-01
1.353455729800181161e-02
2.520334461352239167e-02
2.719570307575586154e-02
3.317684861578405059e-02
6.290210845531755968e-02
3.570208336287932632e-02
3.676440775654430948e-01
1.626275821286133141e-02
2.561748025604547452e-02
4.047434657383841734e-03
2.658181006657334491e-02
2.821771617909331602e-03
2.450909564521629724e-01
2.547130414710999102e-01
3.833916249150255695e-03
5.602512089315347943e-02
2.555302405870646387e-02
1.326079158292157445e-01
1.213532571629624274e-01
2.558622686019411049e-02
5.260797812141723880e-03
9.725822127434368899e-03
6.611614487726504182e-03
2.496344198152566918e-02
1.598310319648109726e-02
1.496906778512352258e-02
3.528848905097114325e-02
8.845473432597608307e-03
2.934006731939620138e-02
1.260787470475668338e-02
3.412148204085032471e-02
1.923999075940009337e-02
3.895629710442927163e-02
2.683293047040187160e-02
8.140719084430949465e-03
2.043087102585825973e-02
2.719878681309439994e-01
3.530341115894861798e-02
1.935091214018547223e-02
2.327725649764000523e-02
2.412962579557069789e-02
1.789838273550417927e-02
2.303952523981209199e-02
2.497350047907452922e-02
1.839954930654802770e-02
2.286600728054473397e-02
3.214814118839395829e-02
3.903175954649816537e-02
5.667334046329319114e-02
6.022179179200018440e-02
2.783829540361996632e-02
3.282223969832332583e-02
2.361575664432003299e-02
2.753638985523852376e-02
3.320564344576374533e-02
2.228645128982647064e-02
3.334357687314534052e-02
3.137340625411344508e-02
2.487634461129166474e-02
3.124449351314059764e-02
1.897837138901709020e-02
2.526875808718612171e-02
2.441470387494391880e-02
1.742503111909932123e-02
2.802330880267740396e-02
2.207903373352942955e-02
2.156285062109748740e-02
2.778165992074200022e-02
2.244535498095727097e-02
2.972264529800539012e-02
3.168196082205670255e-02
1.817788352436797497e-02
1.653580931664641943e-02
3.479404433742465733e-03
1.587721127065686716e-02
2.715259319338789168e-02
2.669338333500362315e-02
2.715843994680863793e-01
7.857944244981819940e-03
3.711384294799579403e-02
3.393644963616292837e-02
3.201871456766273716e-01
6.919200068988419494e-02
2.600272229902304555e-01
3.014548844471597322e-01
4.594451373951682349e-01
4.194883776633860362e-01
3.716623900969149852e-01
6.134159869751033556e-01
2.074980527660568175e-01
3.734645359540184617e-01
1.954426311149441153e-01
2.252574961342286297e-01
2.867075164178024479e-02
3.029113232113100351e-01
5.711192268593144883e-01
4.028691009464429595e-01
4.208149891142755616e-01
2.364628915206337945e-01
4.305446401653418853e-01
5.039677098869581595e-01
2.795163812160118555e-01
4.241249775007038259e-01
6.274535239749711168e-01
3.348300749629507661e-02
4.293540618395422226e-01
2.578948797605442600e-01
3.458011656060568373e-01
2.675765678996429586e-01
3.430669507201826174e-01
2.459258723419371628e-01
4.362577607704431482e-01
3.194400250201378522e-01
6.495321844715943316e-01
1.978842647423765533e-01
8.851948963057054698e-02
4.996269175685699726e-01
5.977238251359857646e-01
2.980774259096148904e-01
3.397417918313356267e-01
1.876208699654763612e-01
2.326219077445138561e-01
8.119716597463092489e-01
2.702900857880951579e-01
2.364452386336174383e-01
4.386601738688309382e-01
1.418530903081250127e-01
1.288847497021186062e+00
2.980281222742161007e-01
2.177133397928571468e-01
5.740612898897238248e-01
8.918417264283511336e-01
4.561290742526695752e-01
4.614494848318493325e-01
4.081322807094071581e-01
2.246008096498040008e-01
3.789040763763316111e-01
4.008145906335294772e-02
2.592835368064374535e-01
2.771790149158117611e-01
3.353876550141254853e-01
3.600981582591193386e-01
2.880954324640518371e-01
6.721340876149514143e-01
3.818817734137532338e-01
3.321298545773122002e-01
3.371013513598914990e-01
5.515178243989770079e-01
6.022284655391500069e-02
2.829971609762365614e-01
2.879183309256997947e-01
2.052665540143130407e-01
2.790427682339773341e-01
4.774777920469228110e-01
3.778422446653293965e-01
2.222488569010678816e-01
4.973072371034119032e-01
3.877463662405256639e-01
4.101858908694832606e-01
9.083232137915543680e-02
3.366564980747331626e-02
6.710754891694633573e-01
2.162601021027096282e-01
2.823719508060830718e-01
2.401629886192996055e-01
3.822325619051623602e-01
4.596628348904106542e-01
1.872934249798108297e-01
4.127679373838953336e-01
4.840320935001060643e-01
2.410338519636009702e-01
2.193813622336166294e-02
3.287080646577100751e-01
2.965969276059619575e-01
2.476130671554047646e-01
2.963906476768788933e-01
3.985568279464504760e-01
3.648608986150794070e-02
3.199553183812352958e-02
4.477944322414809109e-02
2.531967007832807218e-02
6.792989201432246549e-02
2.514661492716957145e-02
7.664824344495925479e-02
6.407144840653071494e-02
1.709152851525677919e-01
2.993615049252834961e-02
4.105800820208656970e-02
4.081981374322456863e-02
7.282783088880125100e-02
7.854537944885763012e-02
2.912295518649224077e-02
9.470361894609173603e-02
3.152541773090755672e-02
6.762013178801538904e-02
5.772099647779155296e-02
3.477116247800663557e-02
3.592396581866659500e-02
1.100522729023685198e-01
1.048360074338022113e-01
4.339259909764894146e-02
1.243893555402841439e-01
1.091889436751032200e-01
7.015946779391298016e-02
3.534263141749189457e-02
2.954788878591414758e-02
1.107120753239073246e-01
6.139716726874160785e-02
3.240596299272598402e-01
3.102606870651490947e-02
3.024789829374879280e-01
1.920126163811660958e-01
1.317460002326549251e-01
5.620645063109006717e-02
2.455711412875486721e-01
1.465576487435860387e-01
2.267935374813605590e-02
3.528036503471552315e-02
3.473230750141732825e-02
2.356269605214327337e-02
4.084713053720478299e-02
4.112262100732985010e-02
2.110350211156759581e-01
1.879911250981084192e-01
2.477200511252845849e-01
1.205697891131927851e-01
5.832887337942872091e-02
3.872191515316461552e-02
9.785180051708168569e-02
2.995164472110827328e-02
4.857283998867645280e-02
5.166424702539171993e-02
9.225625458280140023e-02
4.371980555851514433e-02
2.533333265427031508e-02
2.587801314390182281e-02
1.189424123395601135e-01
2.044348990118528483e-02
3.135873708955991962e-02
7.130484098356271172e-02
