1.145829212575669942e+01
5.138299508888961142e+00
4.993438623228087181e+00
3.310421214027135406e+00
2.122406185505336218e+00
2.817462469873190489e+00
3.198915194289134956e+00
4.018711349401235644e+00
9.430515907501154649e-01
9.186364838219247986e+00
2.822347930141680283e+00
2.925903495189531522e+00
1.926725556788947413e-01
3.378173548867623222e+00
1.098218875298902830e+00
2.687175582379201622e+00
3.236731624624863413e-01
2.069833818558706184e+00
2.952329984566032017e+00
2.173174663359451309e+00
3.440507597608544632e+00
1.420041032415255478e+00
3.187856475527422795e+00
2.717137345800812120e+00
2.737685532990801196e+00
5.916536624189393301e+00
3.241884304591475807e-01
3.499516197923838168e-01
1.938419984037847099e+00
4.455183144648822591e+00
3.794041166087271932e+00
3.276053601624512535e+00
2.930175947579019446e+00
3.173729385890552646e+00
5.227527967030261458e+00
3.295301817388724519e+00
9.446641450480300906e-01
9.510107683396491041e+00
4.243565459478878310e+00
4.404386405150876094e+00
3.301409522503199856e+00
7.044415009247048332e+00
2.942167529539943427e+00
4.985511116776693563e-01
2.205576423485885229e+00
2.473970704723316594e+00
2.556389974550878907e+00
2.010367741382439899e+00
3.039134816564653896e+00
1.294790726221366040e+00
3.252822251185496949e+00
2.535540297134366128e+00
5.021422023999604356e+00
2.693728318217666340e-01
3.623331362708252512e-01
1.767391634309586790e+00
5.644973507090777609e+00
4.130033029828285684e+00
5.579004592761600101e+00
2.996746219483867435e+00
2.552092916713155191e+00
2.436679158144048341e+00
2.486381087569652593e+00
4.358147136700946334e+00
1.021307281870735162e+00
6.346166677144418067e+00
2.624430192799307449e+00
6.079224097683433747e+00
3.293851272172948708e+00
3.108364715028262282e+00
4.898236939524141853e+00
1.513831082562255848e+00
1.221888830849049201e+00
2.577630248174368477e-01
1.324948180274261311e+00
1.092337211223686655e+00
2.382685882312734371e+00
3.596753638080557369e+00
6.729539319602877434e+00
6.046763393621968241e+00
2.187332457909507699e+00
4.502806091514400144e+00
1.208907418049334437e+00
1.016702992035880548e+00
4.582010703402473517e+00
1.726361152779050556e+00
1.406451915470160463e+00
6.236263011246305332e+00
2.012784286016314095e+00
7.238938532193963660e+00
2.195241532558600550e+00
6.061115421416636728e+00
4.945993296901325387e+00
6.146171886050232125e+00
5.326017402697521774e+00
4.084100705351596083e+00
2.787663924426559081e+00
1.446289836404687001e+00
5.118743372781193735e-01
3.560829278296023581e+00
7.192844676417536887e-01
1.435771488745707147e+00
2.776356343415449235e+00
8.647447058644058826e-01
1.355131741340270812e+00
4.312097161593453909e-01
1.254031514791037027e+00
1.958286552830832417e+00
6.681448534275029605e-01
3.136369203190430888e+00
8.120061616503871926e-01
1.039766273477996705e+01
8.734139278073922430e-01
7.744766026012696036e-01
2.223547272070846237e+00
6.321613806881983821e-01
3.918873863888273412e+00
9.724318796681969967e-01
6.404854191218897874e+00
1.343952881677797695e+00
1.228895999055198551e+01
2.209653466820856060e+00
1.004254761964245901e+01
9.075830845964075744e-01
6.163155194380420809e+00
4.064432635230460988e+01
2.167800807319246292e+00
1.469576090518903255e+00
1.037712931281826290e+00
4.719371351139818316e+00
4.314017107120633021e+00
4.483586075108472180e-01
1.016865476507189836e+00
1.700481486352126481e+00
4.142499649267160078e-01
8.911997616509548248e-01
1.899862612863576272e+00
2.619608375555230850e+00
1.058000244932032929e+00
2.436356977505971688e+00
9.510953022236691146e-01
2.696966952976756815e+00
1.787287561432457705e+00
1.398928655525668807e+00
7.285503366480891030e-01
4.926721248616220961e-01
1.299022487912816048e+00
4.555298032252427909e+00
2.457953539559405876e+00
2.286130328083173957e+00
8.045977827361900925e-01
3.365266463870051794e+00
1.825204416421358999e+00
1.143455771515319297e+00
6.006501506614295494e+00
1.967465174001535866e+00
1.136748317520974272e+00
3.451894120262228416e+00
2.907519621002106369e+00
9.704585908631174762e-01
7.469228940876059042e+00
6.786781918506095579e+00
1.406070216018350916e+00
2.397617119808127306e+00
4.870673737896944466e+00
2.742098126919630730e+00
1.147154949839443105e+01
2.715243041757256837e+00
3.758330636485532228e+00
9.537875649186242200e+00
5.685779370903207841e+00
6.654545949006736905e+00
5.110969726160941029e+00
3.150352342038253983e+00
2.476448054924949904e+00
5.245274618917343812e-01
5.427813415091017113e+00
8.252057970632017403e-01
1.318575975131934142e+00
3.363820805187335283e-01
6.135922528755043404e-01
5.823542582296514780e-01
4.496483579512860373e+00
9.438975679981324030e-01
2.693174955032504148e+00
1.994528504381825718e+00
2.691119517826169538e+00
1.360363744364745164e+00
1.156839271817262871e+00
1.541702821254696820e+00
1.159613410150285517e+00
1.222704704456498037e+00
4.252022327917044819e+00
7.781480424069244783e+00
5.657132023636083140e+00
2.861871366829744190e+00
1.669823875412448810e+00
2.308170886292090440e+00
1.333795990016912958e+00
1.173403590374460403e+00
1.407977479765637918e+00
1.867290929130370758e+00
1.820774726947850919e+00
4.703984677277731064e-01
4.246212308569450866e-01
1.299027526450530656e+00
6.768182460136509260e-01
2.129577624534383595e+00
4.427100938375621908e+00
1.914730265050556657e+00
1.421258899356441452e+00
1.819939351519115567e+00
2.708429552830199150e+00
3.022054543686020445e+00
3.931983839771564515e+00
8.918957752683640550e-01
1.933455508078073093e+00
5.087358439964811962e-01
7.937565708470477599e-01
7.578061774627803393e-01
7.611610442710194935e-01
6.872306260083355101e-01
6.147806492298186321e+00
1.680025467399412609e+00
7.334689905336906346e-01
9.375991034320622086e-01
9.242717608189674472e-01
6.846997333474819092e-01
8.132102597810424438e-01
1.028621114035892292e+00
8.686486586606257942e-01
7.110404135825064698e-01
7.075958260544982226e-01
1.033804068064666737e+00
1.965108632233375729e+00
1.172037609727305307e+00
8.328552505333819411e-01
1.038530199899752260e+00
5.367958663504290850e-01
7.392926701514549448e-01
7.092886505367053118e-01
6.227504558760211806e-01
4.284870918731712996e-01
6.007290978138077886e-01
1.269306744132273401e+00
2.085497082677205682e+00
1.565433200654656076e+00
7.505688641836738562e-01
1.104409938588788664e+00
1.965661986629269053e+00
1.982661856396797706e+00
9.805233581713174162e-01
1.050789589699386628e+00
1.195387413286894684e+00
9.405346725750801662e-01
1.152368867225576965e+00
2.437777203295522277e+00
9.863296568421864308e-01
9.745836162061976005e-01
7.860256366361269009e-01
1.458396920966863464e+00
1.208259607977771877e+00
1.558846649065861678e+00
1.244842847048053036e+00
2.073693617182037041e+00
2.206423488547104572e+00
7.644311190964503400e-01
2.359726532385750808e+00
1.374173670198074459e+00
9.457734635581991345e-01
7.110791363588370162e-01
1.044196866694179882e+00
8.539780333439003224e-01
8.770860112056148017e-01
7.175110844012076994e-01
7.706454893177226984e-01
1.030170050743249188e+00
5.925540847440918801e-01
1.672514660593536373e+00
4.370854071762702575e-01
8.400559782695071753e-01
7.401347023411365411e-01
1.156621973174376983e+00
1.151809260117385048e+00
7.847016143525527010e-01
7.974094722010528491e-01
8.402353574207540587e-01
7.968369414208488211e-01
1.263681790653722770e+00
2.218137036968667264e+00
2.523673134088185055e+00
1.618009490324869182e+00
2.805900821661759359e+00
1.807839931232663622e+00
2.897850702225272634e+00
1.497472098060193435e+00
1.477467969892541477e+00
1.499205193494315136e+00
2.918651185849219676e+00
5.902569197097538911e+00
4.203894207071741107e+00
5.876405779609583213e+00
3.325728325539595964e+00
2.566393067850061716e+00
5.500877103168081428e-01
2.562883206319560792e+00
1.794509725134015410e+00
1.399780182780189453e+00
7.048550671037916437e-01
6.831824860358214346e-01
1.988757776217904727e+00
6.877124094971224899e+00
1.417096336499321474e+01
3.679067721441397154e+00
8.442731622623625976e-01
1.381384702029824219e+00
6.446994532771386233e+00
2.572617922078005215e+00
2.881447661709849672e+00
2.805081034830305686e+00
3.859829973687388005e+00
3.639679797558546870e+00
5.536616098031114319e+00
1.521457187218463147e+01
2.385343422590175955e+00
1.826025123431512576e+00
5.507199051171978166e-01
5.915914762688060380e-01
2.101508416032744075e-01
2.345428957315705831e-01
2.337745762188484788e-01
1.825824544341573130e+01
2.843413509739789014e+00
1.309555496406707320e+00
3.007513733154155933e+00
2.439851788276474309e+00
3.083983478659935606e+00
2.247607409749205143e+00
1.947624575341590392e+00
2.544268551823777091e+00
7.494807917056762747e-01
1.051562988285874356e+00
1.049896858886179896e+00
5.056803963765577059e+00
4.896982473132830194e+00
1.082141540854982820e+00
2.584201074439716805e+00
1.010649375774244740e+00
1.167440389461902317e+00
1.428646338029183838e+00
1.386887557812376937e+00
2.716535801454437404e+00
1.417908485328849277e+00
2.950047009514138008e+00
2.617452527952533359e+00
4.481006884608906837e+00
2.715889731707845089e-01
2.433331052294388230e-01
4.645421412192416000e+00
