1.940345764160156250e-02 5.477905273437500000e-03
1.831007003784179688e-02 4.936218261718750000e-03
2.033209800720214844e-02 5.527973175048828125e-03
1.971626281738281250e-02 5.744934082031250000e-03
2.172589302062988281e-02 6.285190582275390625e-03
1.969766616821289062e-02 7.492542266845703125e-03
2.014565467834472656e-02 5.804061889648437500e-03
2.204632759094238281e-02 4.117488861083984375e-03
1.262831687927246094e-02 3.688097000122070312e-03
2.058339118957519531e-02 6.239652633666992188e-03
1.834225654602050781e-02 5.221366882324218750e-03
1.951026916503906250e-02 6.763458251953125000e-03
1.340055465698242188e-02 6.171703338623046875e-03
1.194262504577636719e-02 3.520250320434570312e-03
1.134538650512695312e-02 3.444433212280273438e-03
1.584768295288085938e-02 4.844903945922851562e-03
1.347494125366210938e-02 4.218578338623046875e-03
1.119756698608398438e-02 3.461360931396484375e-03
1.965689659118652344e-02 5.685806274414062500e-03
1.988005638122558594e-02 6.030082702636718750e-03
1.475834846496582031e-02 4.492759704589843750e-03
1.123237609863281250e-02 3.468513488769531250e-03
1.926851272583007812e-02 5.530595779418945312e-03
1.931238174438476562e-02 5.622863769531250000e-03
1.647353172302246094e-02 4.858016967773437500e-03
1.425170898437500000e-02 3.628015518188476562e-03
2.109289169311523438e-02 5.994319915771484375e-03
1.240110397338867188e-02 3.495216369628906250e-03
1.244282722473144531e-02 3.753900527954101562e-03
2.665781974792480469e-02 7.256507873535156250e-03
1.758384704589843750e-02 5.120038986206054688e-03
2.677774429321289062e-02 6.336927413940429688e-03
1.809167861938476562e-02 5.280494689941406250e-03
1.083683967590332031e-02 3.423690795898437500e-03
1.931595802307128906e-02 3.462553024291992188e-03
1.229119300842285156e-02 3.645896911621093750e-03
1.983523368835449219e-02 5.613803863525390625e-03
2.033329010009765625e-02 5.635023117065429688e-03
1.218008995056152344e-02 5.589723587036132812e-03
1.287078857421875000e-02 3.635644912719726562e-03
1.870536804199218750e-02 5.464315414428710938e-03
1.462507247924804688e-02 3.460645675659179688e-03
1.639318466186523438e-02 4.888296127319335938e-03
1.925778388977050781e-02 5.640506744384765625e-03
1.975035667419433594e-02 5.727529525756835938e-03
2.101182937622070312e-02 6.031990051269531250e-03
1.545047760009765625e-02 4.412412643432617188e-03
1.163125038146972656e-02 3.501415252685546875e-03
1.530337333679199219e-02 4.575252532958984375e-03
1.918721199035644531e-02 5.932569503784179688e-03
1.592421531677246094e-02 4.941701889038085938e-03
1.096630096435546875e-02 3.471851348876953125e-03
1.759219169616699219e-02 6.505489349365234375e-03
1.299524307250976562e-02 3.956079483032226562e-03
1.715731620788574219e-02 4.844188690185546875e-03
1.325106620788574219e-02 3.763437271118164062e-03
1.590490341186523438e-02 4.897832870483398438e-03
2.399682998657226562e-02 4.786014556884765625e-03
2.035307884216308594e-02 5.606412887573242188e-03
1.767992973327636719e-02 5.260467529296875000e-03
1.413655281066894531e-02 5.448579788208007812e-03
1.270580291748046875e-02 3.609180450439453125e-03
1.309037208557128906e-02 4.001379013061523438e-03
1.383018493652343750e-02 4.000186920166015625e-03
1.444172859191894531e-02 3.500938415527343750e-03
1.056647300720214844e-02 3.509521484375000000e-03
1.136183738708496094e-02 3.518581390380859375e-03
1.095890998840332031e-02 3.494977951049804688e-03
1.975822448730468750e-02 6.029367446899414062e-03
1.552677154541015625e-02 4.668235778808593750e-03
1.939415931701660156e-02 5.235195159912109375e-03
1.545405387878417969e-02 4.416942596435546875e-03
1.556968688964843750e-02 4.795789718627929688e-03
1.442456245422363281e-02 4.042625427246093750e-03
1.315426826477050781e-02 3.831386566162109375e-03
1.116895675659179688e-02 3.407955169677734375e-03
1.382398605346679688e-02 3.564596176147460938e-03
1.374411582946777344e-02 4.218101501464843750e-03
1.895833015441894531e-02 5.612134933471679688e-03
1.593375205993652344e-02 5.129814147949218750e-03
1.915812492370605469e-02 4.647970199584960938e-03
1.267886161804199219e-02 4.072904586791992188e-03
2.006769180297851562e-02 5.984067916870117188e-03
1.706433296203613281e-02 5.331039428710937500e-03
1.798701286315917969e-02 5.708932876586914062e-03
1.534843444824218750e-02 5.040168762207031250e-03
1.971411705017089844e-02 6.095886230468750000e-03
1.622653007507324219e-02 5.171537399291992188e-03
1.999211311340332031e-02 6.284236907958984375e-03
1.741957664489746094e-02 5.361557006835937500e-03
1.518964767456054688e-02 4.757404327392578125e-03
1.308465003967285156e-02 4.236936569213867188e-03
2.032589912414550781e-02 6.070852279663085938e-03
1.603937149047851562e-02 7.385015487670898438e-03
2.051019668579101562e-02 6.234407424926757812e-03
1.883602142333984375e-02 6.170988082885742188e-03
2.106809616088867188e-02 6.407976150512695312e-03
1.882314682006835938e-02 6.285429000854492188e-03
1.470446586608886719e-02 4.655122756958007812e-03
1.672816276550292969e-02 5.365610122680664062e-03
1.598286628723144531e-02 5.701541900634765625e-03
1.659631729125976562e-02 5.394220352172851562e-03
1.714015007019042969e-02 5.130290985107421875e-03
1.429438591003417969e-02 4.720926284790039062e-03
1.815104484558105469e-02 5.713462829589843750e-03
1.533985137939453125e-02 5.034923553466796875e-03
1.754307746887207031e-02 5.479097366333007812e-03
1.493477821350097656e-02 4.897594451904296875e-03
1.928138732910156250e-02 5.795001983642578125e-03
1.589632034301757812e-02 4.941463470458984375e-03
1.505231857299804688e-02 4.803180694580078125e-03
1.250624656677246094e-02 3.966093063354492188e-03
1.563596725463867188e-02 4.776954650878906250e-03
1.412463188171386719e-02 4.538297653198242188e-03
1.597666740417480469e-02 4.792451858520507812e-03
1.338124275207519531e-02 4.258871078491210938e-03
1.417589187622070312e-02 4.415750503540039062e-03
1.237893104553222656e-02 4.004955291748046875e-03
1.952767372131347656e-02 6.283998489379882812e-03
1.876115798950195312e-02 5.193471908569335938e-03
1.431703567504882812e-02 4.562139511108398438e-03
1.243972778320312500e-02 4.067420959472656250e-03
1.400423049926757812e-02 4.358530044555664062e-03
1.244640350341796875e-02 3.668308258056640625e-03
1.281976699829101562e-02 3.994226455688476562e-03
1.117420196533203125e-02 3.682613372802734375e-03
2.160120010375976562e-02 6.771802902221679688e-03
1.776981353759765625e-02 5.469083786010742188e-03
1.211404800415039062e-02 3.873109817504882812e-03
1.135158538818359375e-02 3.800630569458007812e-03
2.053236961364746094e-02 6.245851516723632812e-03
1.660108566284179688e-02 5.203962326049804688e-03
1.189947128295898438e-02 3.819942474365234375e-03
1.124143600463867188e-02 3.779649734497070312e-03
1.935172080993652344e-02 5.701065063476562500e-03
1.707530021667480469e-02 5.128145217895507812e-03
1.167631149291992188e-02 3.828287124633789062e-03
1.135516166687011719e-02 3.772735595703125000e-03
1.151919364929199219e-02 3.784179687500000000e-03
1.109600067138671875e-02 3.794908523559570312e-03
2.005743980407714844e-02 6.179809570312500000e-03
1.610064506530761719e-02 5.117654800415039062e-03
1.961708068847656250e-02 6.322383880615234375e-03
1.115751266479492188e-02 3.731727600097656250e-03
1.276612281799316406e-02 4.036903381347656250e-03
1.089549064636230469e-02 3.386020660400390625e-03
1.684761047363281250e-02 5.249261856079101562e-03
1.463675498962402344e-02 4.720687866210937500e-03
2.024912834167480469e-02 6.162166595458984375e-03
1.639366149902343750e-02 5.076169967651367188e-03
1.926517486572265625e-02 5.933761596679687500e-03
1.538538932800292969e-02 5.096912384033203125e-03
1.146674156188964844e-02 3.724813461303710938e-03
1.072788238525390625e-02 3.672122955322265625e-03
1.514220237731933594e-02 4.645824432373046875e-03
1.267099380493164062e-02 4.143238067626953125e-03
1.314306259155273438e-02 3.959417343139648438e-03
1.265573501586914062e-02 3.914833068847656250e-03
1.752901077270507812e-02 5.432128906250000000e-03
1.456785202026367188e-02 4.761219024658203125e-03
1.402282714843750000e-02 4.378318786621093750e-03
1.235508918762207031e-02 3.941297531127929688e-03
1.143240928649902344e-02 3.774642944335937500e-03
1.089000701904296875e-02 3.684759140014648438e-03
1.207566261291503906e-02 3.762483596801757812e-03
1.108098030090332031e-02 3.679275512695312500e-03
1.590561866760253906e-02 4.924297332763671875e-03
1.293516159057617188e-02 4.071235656738281250e-03
1.837182044982910156e-02 5.707979202270507812e-03
1.631188392639160156e-02 5.083799362182617188e-03
1.430320739746093750e-02 4.439830780029296875e-03
1.349878311157226562e-02 4.081487655639648438e-03
1.175308227539062500e-02 3.732442855834960938e-03
1.373481750488281250e-02 3.819942474365234375e-03
1.251792907714843750e-02 4.188776016235351562e-03
1.188945770263671875e-02 3.844738006591796875e-03
1.346707344055175781e-02 4.019975662231445312e-03
1.167631149291992188e-02 3.831863403320312500e-03
2.458167076110839844e-02 6.628990173339843750e-03
2.055668830871582031e-02 6.511211395263671875e-03
1.352596282958984375e-02 4.286766052246093750e-03
1.206135749816894531e-02 3.941059112548828125e-03
1.439547538757324219e-02 4.502058029174804688e-03
1.655960083007812500e-02 4.071235656738281250e-03
1.405286788940429688e-02 4.355907440185546875e-03
1.251530647277832031e-02 3.946065902709960938e-03
1.222729682922363281e-02 3.772974014282226562e-03
1.129984855651855469e-02 3.768682479858398438e-03
1.160883903503417969e-02 3.725051879882812500e-03
1.039934158325195312e-02 3.391981124877929688e-03
1.938295364379882812e-02 6.255865097045898438e-03
1.205396652221679688e-02 3.954172134399414062e-03
1.472878456115722656e-02 7.040023803710937500e-03
1.927471160888671875e-02 6.070852279663085938e-03
1.255488395690917969e-02 4.143238067626953125e-03
1.213359832763671875e-02 3.854274749755859375e-03
1.288151741027832031e-02 4.078149795532226562e-03
1.141476631164550781e-02 3.790855407714843750e-03
1.180028915405273438e-02 3.798484802246093750e-03
1.082038879394531250e-02 3.705024719238281250e-03
1.892089843750000000e-02 5.695581436157226562e-03
1.120901107788085938e-02 3.817081451416015625e-03
1.702451705932617188e-02 5.246639251708984375e-03
1.445317268371582031e-02 5.317211151123046875e-03
1.202273368835449219e-02 3.881454467773437500e-03
1.210594177246093750e-02 4.364728927612304688e-03
1.180648803710937500e-02 4.300355911254882812e-03
1.161861419677734375e-02 3.875732421875000000e-03
1.308012008666992188e-02 5.708456039428710938e-03
1.325869560241699219e-02 4.337072372436523438e-03
1.891493797302246094e-02 6.247282028198242188e-03
1.056241989135742188e-02 3.422498703002929688e-03
2.035284042358398438e-02 6.172180175781250000e-03
1.608252525329589844e-02 5.198240280151367188e-03
1.184368133544921875e-02 3.899335861206054688e-03
1.210045814514160156e-02 3.667593002319335938e-03
2.053570747375488281e-02 6.190776824951171875e-03
1.611590385437011719e-02 5.249738693237304688e-03
2.046823501586914062e-02 6.349325180053710938e-03
1.741647720336914062e-02 5.519866943359375000e-03
1.218175888061523438e-02 3.827810287475585938e-03
1.147460937500000000e-02 3.785848617553710938e-03
1.219964027404785156e-02 3.819465637207031250e-03
1.096582412719726562e-02 3.486633300781250000e-03
1.153874397277832031e-02 3.747463226318359375e-03
1.100969314575195312e-02 3.764629364013671875e-03
1.995825767517089844e-02 6.126165390014648438e-03
1.606678962707519531e-02 5.111217498779296875e-03
1.246404647827148438e-02 4.278659820556640625e-03
1.191520690917968750e-02 3.728151321411132812e-03
1.872062683105468750e-02 5.662441253662109375e-03
1.829552650451660156e-02 5.758762359619140625e-03
1.475238800048828125e-02 4.635095596313476562e-03
1.274514198303222656e-02 4.130840301513671875e-03
1.190423965454101562e-02 3.588914871215820312e-03
1.580643653869628906e-02 6.193637847900390625e-03
1.171445846557617188e-02 3.717899322509765625e-03
1.105260848999023438e-02 3.720521926879882812e-03
1.499009132385253906e-02 4.697084426879882812e-03
1.295590400695800781e-02 4.193782806396484375e-03
2.116799354553222656e-02 6.330013275146484375e-03
1.708221435546875000e-02 5.212068557739257812e-03
1.211619377136230469e-02 3.916740417480468750e-03
1.178812980651855469e-02 3.888607025146484375e-03
1.273584365844726562e-02 4.092693328857421875e-03
1.105070114135742188e-02 3.524065017700195312e-03
1.580309867858886719e-02 4.645824432373046875e-03
1.319289207458496094e-02 4.106521606445312500e-03
1.214981079101562500e-02 3.778696060180664062e-03
1.119971275329589844e-02 3.695487976074218750e-03
1.920771598815917969e-02 6.396293640136718750e-03
1.464986801147460938e-02 4.737854003906250000e-03
1.991391181945800781e-02 6.054162979125976562e-03
1.613616943359375000e-02 5.089521408081054688e-03
2.044391632080078125e-02 6.221055984497070312e-03
1.855325698852539062e-02 5.489826202392578125e-03
1.198196411132812500e-02 3.667116165161132812e-03
1.254916191101074219e-02 3.916263580322265625e-03
1.548147201538085938e-02 6.884098052978515625e-03
1.796722412109375000e-02 7.261753082275390625e-03
1.233673095703125000e-02 3.903150558471679688e-03
1.221752166748046875e-02 3.855228424072265625e-03
2.168869972229003906e-02 6.611108779907226562e-03
1.751208305358886719e-02 5.607604980468750000e-03
2.145838737487792969e-02 5.613088607788085938e-03
1.166820526123046875e-02 3.772258758544921875e-03
1.364827156066894531e-02 3.961324691772460938e-03
1.131963729858398438e-02 3.627061843872070312e-03
2.013158798217773438e-02 6.609678268432617188e-03
1.851892471313476562e-02 3.905534744262695312e-03
1.522231101989746094e-02 4.565477371215820312e-03
1.345252990722656250e-02 4.063606262207031250e-03
1.723289489746093750e-02 3.813028335571289062e-03
1.162934303283691406e-02 3.696918487548828125e-03
1.830506324768066406e-02 4.855394363403320312e-03
1.362490653991699219e-02 4.212856292724609375e-03
1.267170906066894531e-02 4.058599472045898438e-03
1.200556755065917969e-02 4.266738891601562500e-03
1.996183395385742188e-02 5.942821502685546875e-03
1.765251159667968750e-02 5.115747451782226562e-03
2.003073692321777344e-02 6.023645401000976562e-03
1.610827445983886719e-02 5.008697509765625000e-03
1.181602478027343750e-02 3.800153732299804688e-03
1.185727119445800781e-02 3.758668899536132812e-03
1.251506805419921875e-02 3.906965255737304688e-03
1.215052604675292969e-02 3.875970840454101562e-03
1.240372657775878906e-02 3.729581832885742188e-03
1.102662086486816406e-02 3.690004348754882812e-03
2.144098281860351562e-02 6.271362304687500000e-03
1.625609397888183594e-02 4.974126815795898438e-03
1.410722732543945312e-02 3.752946853637695312e-03
1.232767105102539062e-02 3.624916076660156250e-03
2.131295204162597656e-02 6.127595901489257812e-03
1.598477363586425781e-02 5.117416381835937500e-03
2.135872840881347656e-02 6.532430648803710938e-03
1.772665977478027344e-02 5.465030670166015625e-03
1.850700378417968750e-02 5.445480346679687500e-03
1.475977897644042969e-02 4.857301712036132812e-03
2.050566673278808594e-02 6.087303161621093750e-03
1.718091964721679688e-02 5.060672760009765625e-03
1.430392265319824219e-02 4.345893859863281250e-03
1.409339904785156250e-02 4.206418991088867188e-03
2.046942710876464844e-02 6.137609481811523438e-03
1.653456687927246094e-02 5.099534988403320312e-03
2.134394645690917969e-02 6.330966949462890625e-03
1.751923561096191406e-02 5.921602249145507812e-03
2.060508728027343750e-02 6.171941757202148438e-03
1.676583290100097656e-02 5.101442337036132812e-03
2.146458625793457031e-02 6.360530853271484375e-03
1.730060577392578125e-02 5.280733108520507812e-03
2.178645133972167969e-02 6.065130233764648438e-03
2.503204345703125000e-02 6.920814514160156250e-03
1.387262344360351562e-02 4.062175750732421875e-03
1.279330253601074219e-02 3.995895385742187500e-03
2.037525177001953125e-02 6.228208541870117188e-03
1.708865165710449219e-02 5.120754241943359375e-03
1.921248435974121094e-02 6.085395812988281250e-03
1.749825477600097656e-02 5.430936813354492188e-03
1.495027542114257812e-02 3.881692886352539062e-03
1.190757751464843750e-02 3.815889358520507812e-03
2.742505073547363281e-02 7.277250289916992188e-03
1.327395439147949219e-02 4.022359848022460938e-03
1.837110519409179688e-02 5.297660827636718750e-03
1.928472518920898438e-02 6.252288818359375000e-03
1.286268234252929688e-02 4.147768020629882812e-03
1.294207572937011719e-02 4.048109054565429688e-03
2.060246467590332031e-02 5.829095840454101562e-03
1.645874977111816406e-02 4.934787750244140625e-03
1.287627220153808594e-02 3.943443298339843750e-03
1.233530044555664062e-02 3.895759582519531250e-03
1.557517051696777344e-02 4.821062088012695312e-03
1.347565650939941406e-02 4.265546798706054688e-03
1.207280158996582031e-02 3.781318664550781250e-03
1.083064079284667969e-02 3.424644470214843750e-03
1.932477951049804688e-02 5.691289901733398438e-03
1.635313034057617188e-02 5.060911178588867188e-03
1.288700103759765625e-02 4.279613494873046875e-03
1.130414009094238281e-02 3.686904907226562500e-03
1.918005943298339844e-02 5.878925323486328125e-03
1.946616172790527344e-02 5.402326583862304688e-03
2.067875862121582031e-02 6.083965301513671875e-03
1.635169982910156250e-02 5.105257034301757812e-03
2.059936523437500000e-02 5.519390106201171875e-03
1.445317268371582031e-02 4.376649856567382812e-03
1.195621490478515625e-02 3.783941268920898438e-03
1.059079170227050781e-02 3.492355346679687500e-03
2.015328407287597656e-02 6.303548812866210938e-03
2.181649208068847656e-02 6.045818328857421875e-03
1.482820510864257812e-02 4.566431045532226562e-03
1.326894760131835938e-02 4.173517227172851562e-03
1.956057548522949219e-02 6.011724472045898438e-03
1.578927040100097656e-02 4.656314849853515625e-03
1.622319221496582031e-02 4.909276962280273438e-03
1.387882232666015625e-02 4.331111907958984375e-03
1.910829544067382812e-02 5.988121032714843750e-03
1.886820793151855469e-02 5.481958389282226562e-03
1.104784011840820312e-02 3.431320190429687500e-03
1.041841506958007812e-02 3.407239913940429688e-03
1.387000083923339844e-02 4.295587539672851562e-03
1.214027404785156250e-02 3.890752792358398438e-03
1.110482215881347656e-02 3.419876098632812500e-03
1.032114028930664062e-02 3.396272659301757812e-03
1.909804344177246094e-02 5.581855773925781250e-03
1.570248603820800781e-02 4.790782928466796875e-03
1.086616516113281250e-02 3.447532653808593750e-03
1.059150695800781250e-02 3.401517868041992188e-03
1.310300827026367188e-02 4.148483276367187500e-03
1.743030548095703125e-02 5.882501602172851562e-03
1.135444641113281250e-02 3.522634506225585938e-03
1.114869117736816406e-02 3.512620925903320312e-03
1.907610893249511719e-02 5.639791488647460938e-03
1.635742187500000000e-02 3.440856933593750000e-03
1.991963386535644531e-02 5.831480026245117188e-03
1.693129539489746094e-02 5.155086517333984375e-03
1.234245300292968750e-02 3.575801849365234375e-03
1.091170310974121094e-02 3.502607345581054688e-03
1.302289962768554688e-02 3.949880599975585938e-03
1.138138771057128906e-02 3.590822219848632812e-03
1.140284538269042969e-02 3.493547439575195312e-03
1.075983047485351562e-02 3.430128097534179688e-03
1.287102699279785156e-02 3.934144973754882812e-03
1.114988327026367188e-02 3.559827804565429688e-03
1.837921142578125000e-02 5.890607833862304688e-03
1.172614097595214844e-02 3.401756286621093750e-03
1.275134086608886719e-02 3.714084625244140625e-03
1.954507827758789062e-02 5.683183670043945312e-03
1.931405067443847656e-02 5.728006362915039062e-03
1.152253150939941406e-02 3.570079803466796875e-03
1.939153671264648438e-02 5.695104598999023438e-03
1.732778549194335938e-02 5.271673202514648438e-03
1.924300193786621094e-02 4.508018493652343750e-03
1.651597023010253906e-02 4.539966583251953125e-03
1.132178306579589844e-02 3.493785858154296875e-03
1.079058647155761719e-02 3.411531448364257812e-03
1.588726043701171875e-02 4.899740219116210938e-03
2.027034759521484375e-02 5.613327026367187500e-03
1.902246475219726562e-02 5.685091018676757812e-03
1.925110816955566406e-02 5.707502365112304688e-03
1.885604858398437500e-02 6.080865859985351562e-03
1.592230796813964844e-02 4.721403121948242188e-03
1.602363586425781250e-02 4.810571670532226562e-03
1.982283592224121094e-02 5.786895751953125000e-03
1.639223098754882812e-02 4.907131195068359375e-03
1.441979408264160156e-02 4.459381103515625000e-03
1.417899131774902344e-02 4.239082336425781250e-03
1.609945297241210938e-02 4.889249801635742188e-03
2.009534835815429688e-02 5.678653717041015625e-03
1.383233070373535156e-02 4.090309143066406250e-03
1.300811767578125000e-02 3.907203674316406250e-03
2.002167701721191406e-02 5.815982818603515625e-03
1.969337463378906250e-02 5.710601806640625000e-03
1.442050933837890625e-02 3.655910491943359375e-03
2.057671546936035156e-02 6.023406982421875000e-03
1.996541023254394531e-02 5.784273147583007812e-03
