id,0,1,2,3,4,5,6,7,8,9,10,11,12
W1,35397.316384501115,35397.316384501115,35397.316384501115,35397.316384501115,35397.316384501115,35397.316384501115,35397.316384501115,35397.316384501115,35397.316384501115,35397.316384501115,35397.316384501115,35397.316384501115,35397.316384501115
W10,5122.140001610951,5122.140001610951,5122.140001610951,5122.140001610951,5122.140001610951,5122.140001610951,5122.140001610951,5122.140001610951,5122.140001610951,5122.140001610951,5122.140001610951,5122.140001610951,5122.140001610951
W100,11376.359750712876,11376.359750712876,11376.359750712876,11376.359750712876,11376.359750712876,11376.359750712876,11376.359750712876,11376.359750712876,11376.359750712876,11376.359750712876,11376.359750712876,11376.359750712876,11376.359750712876
W101,9779.979372528696,9779.979372528696,9779.979372528696,9779.979372528696,9779.979372528696,9779.979372528696,9779.979372528696,9779.979372528696,9779.979372528696,9779.979372528696,9779.979372528696,9779.979372528696,9779.979372528696
W102,15898.117756964079,15898.117756964079,15898.117756964079,15898.117756964079,15898.117756964079,15898.117756964079,15898.117756964079,15898.117756964079,15898.117756964079,15898.117756964079,15898.117756964079,15898.117756964079,15898.117756964079
W103,4077.5364425126454,4077.5364425126454,4077.5364425126454,4077.5364425126454,4077.5364425126454,4077.5364425126454,4077.5364425126454,4077.5364425126454,4077.5364425126454,4077.5364425126454,4077.5364425126454,4077.5364425126454,4077.5364425126454
W104,1029.99,1029.99,1029.99,1029.99,1029.99,1029.99,1029.99,1029.99,1029.99,1029.99,1029.99,1029.99,1029.99
W105,9164.54,9164.54,9164.54,9164.54,9164.54,9164.54,9164.54,9164.54,9164.54,9164.54,9164.54,9164.54,9164.54
W106,2149.7870000000003,2149.7870000000003,2149.7870000000003,2149.7870000000003,2149.7870000000003,2149.7870000000003,2149.7870000000003,2149.7870000000003,2149.7870000000003,2149.7870000000003,2149.7870000000003,2149.7870000000003,2149.7870000000003
W107,23874.690779517536,23874.690779517536,23874.690779517536,23874.690779517536,23874.690779517536,23874.690779517536,23874.690779517536,23874.690779517536,23874.690779517536,23874.690779517536,23874.690779517536,23874.690779517536,23874.690779517536
W108,15943.986645208834,15943.986645208834,15943.986645208834,15943.986645208834,15943.986645208834,15943.986645208834,15943.986645208834,15943.986645208834,15943.986645208834,15943.986645208834,15943.986645208834,15943.986645208834,15943.986645208834
W109,14187.499160725372,14187.499160725372,14187.499160725372,14187.499160725372,14187.499160725372,14187.499160725372,14187.499160725372,14187.499160725372,14187.499160725372,14187.499160725372,14187.499160725372,14187.499160725372,14187.499160725372
W11,324.62360722016797,324.62360722016797,324.62360722016797,324.62360722016797,324.62360722016797,324.62360722016797,324.62360722016797,324.62360722016797,324.62360722016797,324.62360722016797,324.62360722016797,324.62360722016797,324.62360722016797
W110,7314.83,7314.83,7314.83,7314.83,7314.83,7314.83,7314.83,7314.83,7314.83,7314.83,7314.83,7314.83,7314.83
W111,1070.3055557765297,1070.3055557765297,1070.3055557765297,1070.3055557765297,1070.3055557765297,1070.3055557765297,1070.3055557765297,1070.3055557765297,1070.3055557765297,1070.3055557765297,1070.3055557765297,1070.3055557765297,1070.3055557765297
W112,9493.25186382913,9493.25186382913,9493.25186382913,9493.25186382913,9493.25186382913,9493.25186382913,9493.25186382913,9493.25186382913,9493.25186382913,9493.25186382913,9493.25186382913,9493.25186382913,9493.25186382913
W113,741.0127707643101,741.0127707643101,741.0127707643101,741.0127707643101,741.0127707643101,741.0127707643101,741.0127707643101,741.0127707643101,741.0127707643101,741.0127707643101,741.0127707643101,741.0127707643101,741.0127707643101
W114,10543.182703028846,10543.182703028846,10543.182703028846,10543.182703028846,10543.182703028846,10543.182703028846,10543.182703028846,10543.182703028846,10543.182703028846,10543.182703028846,10543.182703028846,10543.182703028846,10543.182703028846
W115,11292.39295093562,11292.39295093562,11292.39295093562,11292.39295093562,11292.39295093562,11292.39295093562,11292.39295093562,11292.39295093562,11292.39295093562,11292.39295093562,11292.39295093562,11292.39295093562,11292.39295093562
W116,14424.80957563069,14424.80957563069,14424.80957563069,14424.80957563069,14424.80957563069,14424.80957563069,14424.80957563069,14424.80957563069,14424.80957563069,14424.80957563069,14424.80957563069,14424.80957563069,14424.80957563069
W117,7065.51,7065.51,7065.51,7065.51,7065.51,7065.51,7065.51,7065.51,7065.51,7065.51,7065.51,7065.51,7065.51
W118,1733.9170000000001,1733.9170000000001,1733.9170000000001,1733.9170000000001,1733.9170000000001,1733.9170000000001,1733.9170000000001,1733.9170000000001,1733.9170000000001,1733.9170000000001,1733.9170000000001,1733.9170000000001,1733.9170000000001
W119,1024.9924749634515,1024.9924749634515,1024.9924749634515,1024.9924749634515,1024.9924749634515,1024.9924749634515,1024.9924749634515,1024.9924749634515,1024.9924749634515,1024.9924749634515,1024.9924749634515,1024.9924749634515,1024.9924749634515
W12,1037.0141330701065,1037.0141330701065,1037.0141330701065,1037.0141330701065,1037.0141330701065,1037.0141330701065,1037.0141330701065,1037.0141330701065,1037.0141330701065,1037.0141330701065,1037.0141330701065,1037.0141330701065,1037.0141330701065
W120,877.7633522246215,877.7633522246215,877.7633522246215,877.7633522246215,877.7633522246215,877.7633522246215,877.7633522246215,877.7633522246215,877.7633522246215,877.7633522246215,877.7633522246215,877.7633522246215,877.7633522246215
W121,10359.00173090732,10359.00173090732,10359.00173090732,10359.00173090732,10359.00173090732,10359.00173090732,10359.00173090732,10359.00173090732,10359.00173090732,10359.00173090732,10359.00173090732,10359.00173090732,10359.00173090732
W122,369.4995163821783,369.4995163821783,369.4995163821783,369.4995163821783,369.4995163821783,369.4995163821783,369.4995163821783,369.4995163821783,369.4995163821783,369.4995163821783,369.4995163821783,369.4995163821783,369.4995163821783
W123,479.1709612098832,479.1709612098832,479.1709612098832,479.1709612098832,479.1709612098832,479.1709612098832,479.1709612098832,479.1709612098832,479.1709612098832,479.1709612098832,479.1709612098832,479.1709612098832,479.1709612098832
W124,8474.88,8474.88,8474.88,8474.88,8474.88,8474.88,8474.88,8474.88,8474.88,8474.88,8474.88,8474.88,8474.88
W125,10833.917476243218,10833.917476243218,10833.917476243218,10833.917476243218,10833.917476243218,10833.917476243218,10833.917476243218,10833.917476243218,10833.917476243218,10833.917476243218,10833.917476243218,10833.917476243218,10833.917476243218
W126,9505.194304001603,9505.194304001603,9505.194304001603,9505.194304001603,9505.194304001603,9505.194304001603,9505.194304001603,9505.194304001603,9505.194304001603,9505.194304001603,9505.194304001603,9505.194304001603,9505.194304001603
W127,11050.036498136775,11050.036498136775,11050.036498136775,11050.036498136775,11050.036498136775,11050.036498136775,11050.036498136775,11050.036498136775,11050.036498136775,11050.036498136775,11050.036498136775,11050.036498136775,11050.036498136775
W128,3571.947621823928,3571.947621823928,3571.947621823928,3571.947621823928,3571.947621823928,3571.947621823928,3571.947621823928,3571.947621823928,3571.947621823928,3571.947621823928,3571.947621823928,3571.947621823928,3571.947621823928
W129,1010.94,1010.94,1010.94,1010.94,1010.94,1010.94,1010.94,1010.94,1010.94,1010.94,1010.94,1010.94,1010.94
W13,2504.473,2504.473,2504.473,2504.473,2504.473,2504.473,2504.473,2504.473,2504.473,2504.473,2504.473,2504.473,2504.473
W130,8165.9,8165.9,8165.9,8165.9,8165.9,8165.9,8165.9,8165.9,8165.9,8165.9,8165.9,8165.9,8165.9
W131,2148.692,2148.692,2148.692,2148.692,2148.692,2148.692,2148.692,2148.692,2148.692,2148.692,2148.692,2148.692,2148.692
W132,22605.217279944554,22605.217279944554,22605.217279944554,22605.217279944554,22605.217279944554,22605.217279944554,22605.217279944554,22605.217279944554,22605.217279944554,22605.217279944554,22605.217279944554,22605.217279944554,22605.217279944554
W133,13808.558342942291,13808.558342942291,13808.558342942291,13808.558342942291,13808.558342942291,13808.558342942291,13808.558342942291,13808.558342942291,13808.558342942291,13808.558342942291,13808.558342942291,13808.558342942291,13808.558342942291
W134,12054.360979419926,12054.360979419926,12054.360979419926,12054.360979419926,12054.360979419926,12054.360979419926,12054.360979419926,12054.360979419926,12054.360979419926,12054.360979419926,12054.360979419926,12054.360979419926,12054.360979419926
W135,6191.28,6191.28,6191.28,6191.28,6191.28,6191.28,6191.28,6191.28,6191.28,6191.28,6191.28,6191.28,6191.28
W136,6368.4,6368.4,6368.4,6368.4,6368.4,6368.4,6368.4,6368.4,6368.4,6368.4,6368.4,6368.4,6368.4
W137,7033.839397319094,7033.839397319094,7033.839397319094,7033.839397319094,7033.839397319094,7033.839397319094,7033.839397319094,7033.839397319094,7033.839397319094,7033.839397319094,7033.839397319094,7033.839397319094,7033.839397319094
W138,365.20932552925103,365.20932552925103,365.20932552925103,365.20932552925103,365.20932552925103,365.20932552925103,365.20932552925103,365.20932552925103,365.20932552925103,365.20932552925103,365.20932552925103,365.20932552925103,365.20932552925103
W139,7882.4050825324975,7882.4050825324975,7882.4050825324975,7882.4050825324975,7882.4050825324975,7882.4050825324975,7882.4050825324975,7882.4050825324975,7882.4050825324975,7882.4050825324975,7882.4050825324975,7882.4050825324975,7882.4050825324975
W14,2431.3715902995527,2431.3715902995527,2431.3715902995527,2431.3715902995527,2431.3715902995527,2431.3715902995527,2431.3715902995527,2431.3715902995527,2431.3715902995527,2431.3715902995527,2431.3715902995527,2431.3715902995527,2431.3715902995527
W140,8245.973301788037,8245.973301788037,8245.973301788037,8245.973301788037,8245.973301788037,8245.973301788037,8245.973301788037,8245.973301788037,8245.973301788037,8245.973301788037,8245.973301788037,8245.973301788037,8245.973301788037
W141,10822.460993381112,10822.460993381112,10822.460993381112,10822.460993381112,10822.460993381112,10822.460993381112,10822.460993381112,10822.460993381112,10822.460993381112,10822.460993381112,10822.460993381112,10822.460993381112,10822.460993381112
W142,5406.685,5406.685,5406.685,5406.685,5406.685,5406.685,5406.685,5406.685,5406.685,5406.685,5406.685,5406.685,5406.685
W143,11284.421999999999,11284.421999999999,11284.421999999999,11284.421999999999,11284.421999999999,11284.421999999999,11284.421999999999,11284.421999999999,11284.421999999999,11284.421999999999,11284.421999999999,11284.421999999999,11284.421999999999
W144,990.928948831063,990.928948831063,990.928948831063,990.928948831063,990.928948831063,990.928948831063,990.928948831063,990.928948831063,990.928948831063,990.928948831063,990.928948831063,990.928948831063,990.928948831063
W145,8598.483118328395,8598.483118328395,8598.483118328395,8598.483118328395,8598.483118328395,8598.483118328395,8598.483118328395,8598.483118328395,8598.483118328395,8598.483118328395,8598.483118328395,8598.483118328395,8598.483118328395
W146,6705.178805814575,6705.178805814575,6705.178805814575,6705.178805814575,6705.178805814575,6705.178805814575,6705.178805814575,6705.178805814575,6705.178805814575,6705.178805814575,6705.178805814575,6705.178805814575,6705.178805814575
W147,131.22314761985353,131.22314761985353,131.22314761985353,131.22314761985353,131.22314761985353,131.22314761985353,131.22314761985353,131.22314761985353,131.22314761985353,131.22314761985353,131.22314761985353,131.22314761985353,131.22314761985353
W148,232.81175731074063,232.81175731074063,232.81175731074063,232.81175731074063,232.81175731074063,232.81175731074063,232.81175731074063,232.81175731074063,232.81175731074063,232.81175731074063,232.81175731074063,232.81175731074063,232.81175731074063
W149,4404.914000000001,4404.914000000001,4404.914000000001,4404.914000000001,4404.914000000001,4404.914000000001,4404.914000000001,4404.914000000001,4404.914000000001,4404.914000000001,4404.914000000001,4404.914000000001,4404.914000000001
W15,4470.869716633168,4470.869716633168,4470.869716633168,4470.869716633168,4470.869716633168,4470.869716633168,4470.869716633168,4470.869716633168,4470.869716633168,4470.869716633168,4470.869716633168,4470.869716633168,4470.869716633168
W150,8021.867687882694,8021.867687882694,8021.867687882694,8021.867687882694,8021.867687882694,8021.867687882694,8021.867687882694,8021.867687882694,8021.867687882694,8021.867687882694,8021.867687882694,8021.867687882694,8021.867687882694
W151,6261.390367547108,6261.390367547108,6261.390367547108,6261.390367547108,6261.390367547108,6261.390367547108,6261.390367547108,6261.390367547108,6261.390367547108,6261.390367547108,6261.390367547108,6261.390367547108,6261.390367547108
W152,8542.747307513775,8542.747307513775,8542.747307513775,8542.747307513775,8542.747307513775,8542.747307513775,8542.747307513775,8542.747307513775,8542.747307513775,8542.747307513775,8542.747307513775,8542.747307513775,8542.747307513775
W153,2913.877112027324,2913.877112027324,2913.877112027324,2913.877112027324,2913.877112027324,2913.877112027324,2913.877112027324,2913.877112027324,2913.877112027324,2913.877112027324,2913.877112027324,2913.877112027324,2913.877112027324
W154,8613.3,8613.3,8613.3,8613.3,8613.3,8613.3,8613.3,8613.3,8613.3,8613.3,8613.3,8613.3,8613.3
W155,4591.081,4591.081,4591.081,4591.081,4591.081,4591.081,4591.081,4591.081,4591.081,4591.081,4591.081,4591.081,4591.081
W156,5452.411,5452.411,5452.411,5452.411,5452.411,5452.411,5452.411,5452.411,5452.411,5452.411,5452.411,5452.411,5452.411
W157,1423.7488,1423.7488,1423.7488,1423.7488,1423.7488,1423.7488,1423.7488,1423.7488,1423.7488,1423.7488,1423.7488,1423.7488,1423.7488
W158,16529.165960818867,16529.165960818867,16529.165960818867,16529.165960818867,16529.165960818867,16529.165960818867,16529.165960818867,16529.165960818867,16529.165960818867,16529.165960818867,16529.165960818867,16529.165960818867,16529.165960818867
W159,9208.758908964432,9208.758908964432,9208.758908964432,9208.758908964432,9208.758908964432,9208.758908964432,9208.758908964432,9208.758908964432,9208.758908964432,9208.758908964432,9208.758908964432,9208.758908964432,9208.758908964432
W16,4543.241886795575,4543.241886795575,4543.241886795575,4543.241886795575,4543.241886795575,4543.241886795575,4543.241886795575,4543.241886795575,4543.241886795575,4543.241886795575,4543.241886795575,4543.241886795575,4543.241886795575
W160,7993.214020355881,7993.214020355881,7993.214020355881,7993.214020355881,7993.214020355881,7993.214020355881,7993.214020355881,7993.214020355881,7993.214020355881,7993.214020355881,7993.214020355881,7993.214020355881,7993.214020355881
W161,12079.256108478874,12079.256108478874,12079.256108478874,12079.256108478874,12079.256108478874,12079.256108478874,12079.256108478874,12079.256108478874,12079.256108478874,12079.256108478874,12079.256108478874,12079.256108478874,12079.256108478874
W162,4450.9259999999995,4450.9259999999995,4450.9259999999995,4450.9259999999995,4450.9259999999995,4450.9259999999995,4450.9259999999995,4450.9259999999995,4450.9259999999995,4450.9259999999995,4450.9259999999995,4450.9259999999995,4450.9259999999995
W163,3771.600077919331,3771.600077919331,3771.600077919331,3771.600077919331,3771.600077919331,3771.600077919331,3771.600077919331,3771.600077919331,3771.600077919331,3771.600077919331,3771.600077919331,3771.600077919331,3771.600077919331
W164,24610.21598456027,24610.21598456027,24610.21598456027,24610.21598456027,24610.21598456027,24610.21598456027,24610.21598456027,24610.21598456027,24610.21598456027,24610.21598456027,24610.21598456027,24610.21598456027,24610.21598456027
W165,3758.2223991712062,3758.2223991712062,3758.2223991712062,3758.2223991712062,3758.2223991712062,3758.2223991712062,3758.2223991712062,3758.2223991712062,3758.2223991712062,3758.2223991712062,3758.2223991712062,3758.2223991712062,3758.2223991712062
W166,2659.2839508197544,2659.2839508197544,2659.2839508197544,2659.2839508197544,2659.2839508197544,2659.2839508197544,2659.2839508197544,2659.2839508197544,2659.2839508197544,2659.2839508197544,2659.2839508197544,2659.2839508197544,2659.2839508197544
W167,3031.7645458032484,3031.7645458032484,3031.7645458032484,3031.7645458032484,3031.7645458032484,3031.7645458032484,3031.7645458032484,3031.7645458032484,3031.7645458032484,3031.7645458032484,3031.7645458032484,3031.7645458032484,3031.7645458032484
W168,3586.6188963498307,3586.6188963498307,3586.6188963498307,3586.6188963498307,3586.6188963498307,3586.6188963498307,3586.6188963498307,3586.6188963498307,3586.6188963498307,3586.6188963498307,3586.6188963498307,3586.6188963498307,3586.6188963498307
W169,1658.825,1658.825,1658.825,1658.825,1658.825,1658.825,1658.825,1658.825,1658.825,1658.825,1658.825,1658.825,1658.825
W17,12027.12,12027.12,12027.12,12027.12,12027.12,12027.12,12027.12,12027.12,12027.12,12027.12,12027.12,12027.12,12027.12
W170,3594.285,3594.285,3594.285,3594.285,3594.285,3594.285,3594.285,3594.285,3594.285,3594.285,3594.285,3594.285,3594.285
W171,6054.7480000000005,6054.7480000000005,6054.7480000000005,6054.7480000000005,6054.7480000000005,6054.7480000000005,6054.7480000000005,6054.7480000000005,6054.7480000000005,6054.7480000000005,6054.7480000000005,6054.7480000000005,6054.7480000000005
W172,3652.7589877812097,3652.7589877812097,3652.7589877812097,3652.7589877812097,3652.7589877812097,3652.7589877812097,3652.7589877812097,3652.7589877812097,3652.7589877812097,3652.7589877812097,3652.7589877812097,3652.7589877812097,3652.7589877812097
W173,3356.508317808939,3356.508317808939,3356.508317808939,3356.508317808939,3356.508317808939,3356.508317808939,3356.508317808939,3356.508317808939,3356.508317808939,3356.508317808939,3356.508317808939,3356.508317808939,3356.508317808939
W174,2812.019912407309,2812.019912407309,2812.019912407309,2812.019912407309,2812.019912407309,2812.019912407309,2812.019912407309,2812.019912407309,2812.019912407309,2812.019912407309,2812.019912407309,2812.019912407309,2812.019912407309
W175,3245.7941463587176,3245.7941463587176,3245.7941463587176,3245.7941463587176,3245.7941463587176,3245.7941463587176,3245.7941463587176,3245.7941463587176,3245.7941463587176,3245.7941463587176,3245.7941463587176,3245.7941463587176,3245.7941463587176
W176,2515.4318872573563,2515.4318872573563,2515.4318872573563,2515.4318872573563,2515.4318872573563,2515.4318872573563,2515.4318872573563,2515.4318872573563,2515.4318872573563,2515.4318872573563,2515.4318872573563,2515.4318872573563,2515.4318872573563
W177,6586.493288023411,6586.493288023411,6586.493288023411,6586.493288023411,6586.493288023411,6586.493288023411,6586.493288023411,6586.493288023411,6586.493288023411,6586.493288023411,6586.493288023411,6586.493288023411,6586.493288023411
W178,1496.1,1496.1,1496.1,1496.1,1496.1,1496.1,1496.1,1496.1,1496.1,1496.1,1496.1,1496.1,1496.1
W179,2713.489,2713.489,2713.489,2713.489,2713.489,2713.489,2713.489,2713.489,2713.489,2713.489,2713.489,2713.489,2713.489
W18,4334.53,4334.53,4334.53,4334.53,4334.53,4334.53,4334.53,4334.53,4334.53,4334.53,4334.53,4334.53,4334.53
W180,7249.432,7249.432,7249.432,7249.432,7249.432,7249.432,7249.432,7249.432,7249.432,7249.432,7249.432,7249.432,7249.432
W181,8788.049106390423,8788.049106390423,8788.049106390423,8788.049106390423,8788.049106390423,8788.049106390423,8788.049106390423,8788.049106390423,8788.049106390423,8788.049106390423,8788.049106390423,8788.049106390423,8788.049106390423
W182,1351.250984537967,1351.250984537967,1351.250984537967,1351.250984537967,1351.250984537967,1351.250984537967,1351.250984537967,1351.250984537967,1351.250984537967,1351.250984537967,1351.250984537967,1351.250984537967,1351.250984537967
W183,6075.094175260585,6075.094175260585,6075.094175260585,6075.094175260585,6075.094175260585,6075.094175260585,6075.094175260585,6075.094175260585,6075.094175260585,6075.094175260585,6075.094175260585,6075.094175260585,6075.094175260585
W184,4599.241606615374,4599.241606615374,4599.241606615374,4599.241606615374,4599.241606615374,4599.241606615374,4599.241606615374,4599.241606615374,4599.241606615374,4599.241606615374,4599.241606615374,4599.241606615374,4599.241606615374
W185,4059.693859052495,4059.693859052495,4059.693859052495,4059.693859052495,4059.693859052495,4059.693859052495,4059.693859052495,4059.693859052495,4059.693859052495,4059.693859052495,4059.693859052495,4059.693859052495,4059.693859052495
W186,1740.354,1740.354,1740.354,1740.354,1740.354,1740.354,1740.354,1740.354,1740.354,1740.354,1740.354,1740.354,1740.354
W187,923.8,923.8,923.8,923.8,923.8,923.8,923.8,923.8,923.8,923.8,923.8,923.8,923.8
W188,2239.5752624219904,2239.5752624219904,2239.5752624219904,2239.5752624219904,2239.5752624219904,2239.5752624219904,2239.5752624219904,2239.5752624219904,2239.5752624219904,2239.5752624219904,2239.5752624219904,2239.5752624219904,2239.5752624219904
W189,1996.5790277707433,1996.5790277707433,1996.5790277707433,1996.5790277707433,1996.5790277707433,1996.5790277707433,1996.5790277707433,1996.5790277707433,1996.5790277707433,1996.5790277707433,1996.5790277707433,1996.5790277707433,1996.5790277707433
W19,2582.099157542645,2582.099157542645,2582.099157542645,2582.099157542645,2582.099157542645,2582.099157542645,2582.099157542645,2582.099157542645,2582.099157542645,2582.099157542645,2582.099157542645,2582.099157542645,2582.099157542645
W190,448.07996460000004,448.07996460000004,448.07996460000004,448.07996460000004,448.07996460000004,448.07996460000004,448.07996460000004,448.07996460000004,448.07996460000004,448.07996460000004,448.07996460000004,448.07996460000004,448.07996460000004
W191,6498.33538835015,6498.33538835015,6498.33538835015,6498.33538835015,6498.33538835015,6498.33538835015,6498.33538835015,6498.33538835015,6498.33538835015,6498.33538835015,6498.33538835015,6498.33538835015,6498.33538835015
W192,1155.1876954006116,1155.1876954006116,1155.1876954006116,1155.1876954006116,1155.1876954006116,1155.1876954006116,1155.1876954006116,1155.1876954006116,1155.1876954006116,1155.1876954006116,1155.1876954006116,1155.1876954006116,1155.1876954006116
W193,5980.0691,5980.0691,5980.0691,5980.0691,5980.0691,5980.0691,5980.0691,5980.0691,5980.0691,5980.0691,5980.0691,5980.0691,5980.0691
W194,481.79922999999997,481.79922999999997,481.79922999999997,481.79922999999997,481.79922999999997,481.79922999999997,481.79922999999997,481.79922999999997,481.79922999999997,481.79922999999997,481.79922999999997,481.79922999999997,481.79922999999997
W195,942.3962688586176,942.3962688586176,942.3962688586176,942.3962688586176,942.3962688586176,942.3962688586176,942.3962688586176,942.3962688586176,942.3962688586176,942.3962688586176,942.3962688586176,942.3962688586176,942.3962688586176
W196,9652.1297,9652.1297,9652.1297,9652.1297,9652.1297,9652.1297,9652.1297,9652.1297,9652.1297,9652.1297,9652.1297,9652.1297,9652.1297
W197,3360.9002229999996,3360.9002229999996,3360.9002229999996,3360.9002229999996,3360.9002229999996,3360.9002229999996,3360.9002229999996,3360.9002229999996,3360.9002229999996,3360.9002229999996,3360.9002229999996,3360.9002229999996,3360.9002229999996
W198,2383.6465106696637,2383.6465106696637,2383.6465106696637,2383.6465106696637,2383.6465106696637,2383.6465106696637,2383.6465106696637,2383.6465106696637,2383.6465106696637,2383.6465106696637,2383.6465106696637,2383.6465106696637,2383.6465106696637
W199,773.2114389999999,773.2114389999999,773.2114389999999,773.2114389999999,773.2114389999999,773.2114389999999,773.2114389999999,773.2114389999999,773.2114389999999,773.2114389999999,773.2114389999999,773.2114389999999,773.2114389999999
W2,3471.659,3471.659,3471.659,3471.659,3471.659,3471.659,3471.659,3471.659,3471.659,3471.659,3471.659,3471.659,3471.659
W20,4119.710397050161,4119.710397050161,4119.710397050161,4119.710397050161,4119.710397050161,4119.710397050161,4119.710397050161,4119.710397050161,4119.710397050161,4119.710397050161,4119.710397050161,4119.710397050161,4119.710397050161
W200,1668.88688,1668.88688,1668.88688,1668.88688,1668.88688,1668.88688,1668.88688,1668.88688,1668.88688,1668.88688,1668.88688,1668.88688,1668.88688
W201,1896.73496604098,1896.73496604098,1896.73496604098,1896.73496604098,1896.73496604098,1896.73496604098,1896.73496604098,1896.73496604098,1896.73496604098,1896.73496604098,1896.73496604098,1896.73496604098,1896.73496604098
W202,4134.165828581345,4134.165828581345,4134.165828581345,4134.165828581345,4134.165828581345,4134.165828581345,4134.165828581345,4134.165828581345,4134.165828581345,4134.165828581345,4134.165828581345,4134.165828581345,4134.165828581345
W203,5460.0,5460.0,5460.0,5460.0,5460.0,5460.0,5460.0,5460.0,5460.0,5460.0,5460.0,5460.0,5460.0
W204,7307.6,7307.6,7307.6,7307.6,7307.6,7307.6,7307.6,7307.6,7307.6,7307.6,7307.6,7307.6,7307.6
W205,12608.559585631592,12608.559585631592,12608.559585631592,12608.559585631592,12608.559585631592,12608.559585631592,12608.559585631592,12608.559585631592,12608.559585631592,12608.559585631592,12608.559585631592,12608.559585631592,12608.559585631592
W206,1016.6510568481051,1016.6510568481051,1016.6510568481051,1016.6510568481051,1016.6510568481051,1016.6510568481051,1016.6510568481051,1016.6510568481051,1016.6510568481051,1016.6510568481051,1016.6510568481051,1016.6510568481051,1016.6510568481051
W207,10991.7,10991.7,10991.7,10991.7,10991.7,10991.7,10991.7,10991.7,10991.7,10991.7,10991.7,10991.7,10991.7
W208,26635.92488212919,26635.92488212919,26635.92488212919,26635.92488212919,26635.92488212919,26635.92488212919,26635.92488212919,26635.92488212919,26635.92488212919,26635.92488212919,26635.92488212919,26635.92488212919,26635.92488212919
W209,4185.45,4185.45,4185.45,4185.45,4185.45,4185.45,4185.45,4185.45,4185.45,4185.45,4185.45,4185.45,4185.45
W21,1966.0281930782962,1966.0281930782962,1966.0281930782962,1966.0281930782962,1966.0281930782962,1966.0281930782962,1966.0281930782962,1966.0281930782962,1966.0281930782962,1966.0281930782962,1966.0281930782962,1966.0281930782962,1966.0281930782962
W210,8013.180738813175,8013.180738813175,8013.180738813175,8013.180738813175,8013.180738813175,8013.180738813175,8013.180738813175,8013.180738813175,8013.180738813175,8013.180738813175,8013.180738813175,8013.180738813175,8013.180738813175
W211,18955.44,18955.44,18955.44,18955.44,18955.44,18955.44,18955.44,18955.44,18955.44,18955.44,18955.44,18955.44,18955.44
W212,5447.852496814549,5447.852496814549,5447.852496814549,5447.852496814549,5447.852496814549,5447.852496814549,5447.852496814549,5447.852496814549,5447.852496814549,5447.852496814549,5447.852496814549,5447.852496814549,5447.852496814549
W213,3246.8,3246.8,3246.8,3246.8,3246.8,3246.8,3246.8,3246.8,3246.8,3246.8,3246.8,3246.8,3246.8
W214,1826.6863582083859,1826.6863582083859,1826.6863582083859,1826.6863582083859,1826.6863582083859,1826.6863582083859,1826.6863582083859,1826.6863582083859,1826.6863582083859,1826.6863582083859,1826.6863582083859,1826.6863582083859,1826.6863582083859
W215,2363.4737362136393,2363.4737362136393,2363.4737362136393,2363.4737362136393,2363.4737362136393,2363.4737362136393,2363.4737362136393,2363.4737362136393,2363.4737362136393,2363.4737362136393,2363.4737362136393,2363.4737362136393,2363.4737362136393
W216,3145.570357125425,3145.570357125425,3145.570357125425,3145.570357125425,3145.570357125425,3145.570357125425,3145.570357125425,3145.570357125425,3145.570357125425,3145.570357125425,3145.570357125425,3145.570357125425,3145.570357125425
W217,9819.757344330112,9819.757344330112,9819.757344330112,9819.757344330112,9819.757344330112,9819.757344330112,9819.757344330112,9819.757344330112,9819.757344330112,9819.757344330112,9819.757344330112,9819.757344330112,9819.757344330112
W218,9773.293766238525,9773.293766238525,9773.293766238525,9773.293766238525,9773.293766238525,9773.293766238525,9773.293766238525,9773.293766238525,9773.293766238525,9773.293766238525,9773.293766238525,9773.293766238525,9773.293766238525
W219,1050.6239592076454,1050.6239592076454,1050.6239592076454,1050.6239592076454,1050.6239592076454,1050.6239592076454,1050.6239592076454,1050.6239592076454,1050.6239592076454,1050.6239592076454,1050.6239592076454,1050.6239592076454,1050.6239592076454
W22,3595.2863602520383,3595.2863602520383,3595.2863602520383,3595.2863602520383,3595.2863602520383,3595.2863602520383,3595.2863602520383,3595.2863602520383,3595.2863602520383,3595.2863602520383,3595.2863602520383,3595.2863602520383,3595.2863602520383
W220,1797.213330829475,1797.213330829475,1797.213330829475,1797.213330829475,1797.213330829475,1797.213330829475,1797.213330829475,1797.213330829475,1797.213330829475,1797.213330829475,1797.213330829475,1797.213330829475,1797.213330829475
W221,7588.974878869784,7588.974878869784,7588.974878869784,7588.974878869784,7588.974878869784,7588.974878869784,7588.974878869784,7588.974878869784,7588.974878869784,7588.974878869784,7588.974878869784,7588.974878869784,7588.974878869784
W222,7923.1,7923.1,7923.1,7923.1,7923.1,7923.1,7923.1,7923.1,7923.1,7923.1,7923.1,7923.1,7923.1
W223,27642.851912773524,27642.851912773524,27642.851912773524,27642.851912773524,27642.851912773524,27642.851912773524,27642.851912773524,27642.851912773524,27642.851912773524,27642.851912773524,27642.851912773524,27642.851912773524,27642.851912773524
W224,1713.439328154369,1713.439328154369,1713.439328154369,1713.439328154369,1713.439328154369,1713.439328154369,1713.439328154369,1713.439328154369,1713.439328154369,1713.439328154369,1713.439328154369,1713.439328154369,1713.439328154369
W225,1922.0148375917913,1922.0148375917913,1922.0148375917913,1922.0148375917913,1922.0148375917913,1922.0148375917913,1922.0148375917913,1922.0148375917913,1922.0148375917913,1922.0148375917913,1922.0148375917913,1922.0148375917913,1922.0148375917913
W226,2917.595288515997,2917.595288515997,2917.595288515997,2917.595288515997,2917.595288515997,2917.595288515997,2917.595288515997,2917.595288515997,2917.595288515997,2917.595288515997,2917.595288515997,2917.595288515997,2917.595288515997
W227,1313.7187448557738,1313.7187448557738,1313.7187448557738,1313.7187448557738,1313.7187448557738,1313.7187448557738,1313.7187448557738,1313.7187448557738,1313.7187448557738,1313.7187448557738,1313.7187448557738,1313.7187448557738,1313.7187448557738
W228,7919.879995026531,7919.879995026531,7919.879995026531,7919.879995026531,7919.879995026531,7919.879995026531,7919.879995026531,7919.879995026531,7919.879995026531,7919.879995026531,7919.879995026531,7919.879995026531,7919.879995026531
W229,480.9936727622764,480.9936727622764,480.9936727622764,480.9936727622764,480.9936727622764,480.9936727622764,480.9936727622764,480.9936727622764,480.9936727622764,480.9936727622764,480.9936727622764,480.9936727622764,480.9936727622764
W23,759.4917040488713,759.4917040488713,759.4917040488713,759.4917040488713,759.4917040488713,759.4917040488713,759.4917040488713,759.4917040488713,759.4917040488713,759.4917040488713,759.4917040488713,759.4917040488713,759.4917040488713
W230,3077.907377083643,3077.907377083643,3077.907377083643,3077.907377083643,3077.907377083643,3077.907377083643,3077.907377083643,3077.907377083643,3077.907377083643,3077.907377083643,3077.907377083643,3077.907377083643,3077.907377083643
W231,560.8148946551378,560.8148946551378,560.8148946551378,560.8148946551378,560.8148946551378,560.8148946551378,560.8148946551378,560.8148946551378,560.8148946551378,560.8148946551378,560.8148946551378,560.8148946551378,560.8148946551378
W232,1912.1,1912.1,1912.1,1912.1,1912.1,1912.1,1912.1,1912.1,1912.1,1912.1,1912.1,1912.1,1912.1
W233,1020.8890745865685,1020.8890745865685,1020.8890745865685,1020.8890745865685,1020.8890745865685,1020.8890745865685,1020.8890745865685,1020.8890745865685,1020.8890745865685,1020.8890745865685,1020.8890745865685,1020.8890745865685,1020.8890745865685
W234,1882.711916876789,1882.711916876789,1882.711916876789,1882.711916876789,1882.711916876789,1882.711916876789,1882.711916876789,1882.711916876789,1882.711916876789,1882.711916876789,1882.711916876789,1882.711916876789,1882.711916876789
W235,407.66502467810403,407.66502467810403,407.66502467810403,407.66502467810403,407.66502467810403,407.66502467810403,407.66502467810403,407.66502467810403,407.66502467810403,407.66502467810403,407.66502467810403,407.66502467810403,407.66502467810403
W236,3254.5842423059657,3254.5842423059657,3254.5842423059657,3254.5842423059657,3254.5842423059657,3254.5842423059657,3254.5842423059657,3254.5842423059657,3254.5842423059657,3254.5842423059657,3254.5842423059657,3254.5842423059657,3254.5842423059657
W237,1079.4,1079.4,1079.4,1079.4,1079.4,1079.4,1079.4,1079.4,1079.4,1079.4,1079.4,1079.4,1079.4
W238,371.6,371.6,371.6,371.6,371.6,371.6,371.6,371.6,371.6,371.6,371.6,371.6,371.6
W239,3764.963005792997,3764.963005792997,3764.963005792997,3764.963005792997,3764.963005792997,3764.963005792997,3764.963005792997,3764.963005792997,3764.963005792997,3764.963005792997,3764.963005792997,3764.963005792997,3764.963005792997
W24,6756.25940843108,6756.25940843108,6756.25940843108,6756.25940843108,6756.25940843108,6756.25940843108,6756.25940843108,6756.25940843108,6756.25940843108,6756.25940843108,6756.25940843108,6756.25940843108,6756.25940843108
W240,2540.6269217018203,2540.6269217018203,2540.6269217018203,2540.6269217018203,2540.6269217018203,2540.6269217018203,2540.6269217018203,2540.6269217018203,2540.6269217018203,2540.6269217018203,2540.6269217018203,2540.6269217018203,2540.6269217018203
W241,1007.1580123659703,1007.1580123659703,1007.1580123659703,1007.1580123659703,1007.1580123659703,1007.1580123659703,1007.1580123659703,1007.1580123659703,1007.1580123659703,1007.1580123659703,1007.1580123659703,1007.1580123659703,1007.1580123659703
W242,1482.8838812094054,1482.8838812094054,1482.8838812094054,1482.8838812094054,1482.8838812094054,1482.8838812094054,1482.8838812094054,1482.8838812094054,1482.8838812094054,1482.8838812094054,1482.8838812094054,1482.8838812094054,1482.8838812094054
W243,1178.9038429515274,1178.9038429515274,1178.9038429515274,1178.9038429515274,1178.9038429515274,1178.9038429515274,1178.9038429515274,1178.9038429515274,1178.9038429515274,1178.9038429515274,1178.9038429515274,1178.9038429515274,1178.9038429515274
W244,780.2880646771715,780.2880646771715,780.2880646771715,780.2880646771715,780.2880646771715,780.2880646771715,780.2880646771715,780.2880646771715,780.2880646771715,780.2880646771715,780.2880646771715,780.2880646771715,780.2880646771715
W245,2326.9126225244518,2326.9126225244518,2326.9126225244518,2326.9126225244518,2326.9126225244518,2326.9126225244518,2326.9126225244518,2326.9126225244518,2326.9126225244518,2326.9126225244518,2326.9126225244518,2326.9126225244518,2326.9126225244518
W246,1113.9030342543506,1113.9030342543506,1113.9030342543506,1113.9030342543506,1113.9030342543506,1113.9030342543506,1113.9030342543506,1113.9030342543506,1113.9030342543506,1113.9030342543506,1113.9030342543506,1113.9030342543506,1113.9030342543506
W247,4218.742010461927,4218.742010461927,4218.742010461927,4218.742010461927,4218.742010461927,4218.742010461927,4218.742010461927,4218.742010461927,4218.742010461927,4218.742010461927,4218.742010461927,4218.742010461927,4218.742010461927
W248,16718.780289194074,16718.780289194074,16718.780289194074,16718.780289194074,16718.780289194074,16718.780289194074,16718.780289194074,16718.780289194074,16718.780289194074,16718.780289194074,16718.780289194074,16718.780289194074,16718.780289194074
W249,21254.936844388405,21254.936844388405,21254.936844388405,21254.936844388405,21254.936844388405,21254.936844388405,21254.936844388405,21254.936844388405,21254.936844388405,21254.936844388405,21254.936844388405,21254.936844388405,21254.936844388405
W25,1303.9233332231051,1303.9233332231051,1303.9233332231051,1303.9233332231051,1303.9233332231051,1303.9233332231051,1303.9233332231051,1303.9233332231051,1303.9233332231051,1303.9233332231051,1303.9233332231051,1303.9233332231051,1303.9233332231051
W250,3276.6945816536236,3276.6945816536236,3276.6945816536236,3276.6945816536236,3276.6945816536236,3276.6945816536236,3276.6945816536236,3276.6945816536236,3276.6945816536236,3276.6945816536236,3276.6945816536236,3276.6945816536236,3276.6945816536236
W251,6736.0,6736.0,6736.0,6736.0,6736.0,6736.0,6736.0,6736.0,6736.0,6736.0,6736.0,6736.0,6736.0
W252,8631.947894539666,8631.947894539666,8631.947894539666,8631.947894539666,8631.947894539666,8631.947894539666,8631.947894539666,8631.947894539666,8631.947894539666,8631.947894539666,8631.947894539666,8631.947894539666,8631.947894539666
W253,12311.0,12311.0,12311.0,12311.0,12311.0,12311.0,12311.0,12311.0,12311.0,12311.0,12311.0,12311.0,12311.0
W254,5942.841735496194,5942.841735496194,5942.841735496194,5942.841735496194,5942.841735496194,5942.841735496194,5942.841735496194,5942.841735496194,5942.841735496194,5942.841735496194,5942.841735496194,5942.841735496194,5942.841735496194
W255,1922.0,1922.0,1922.0,1922.0,1922.0,1922.0,1922.0,1922.0,1922.0,1922.0,1922.0,1922.0,1922.0
W256,2641.8273502647694,2641.8273502647694,2641.8273502647694,2641.8273502647694,2641.8273502647694,2641.8273502647694,2641.8273502647694,2641.8273502647694,2641.8273502647694,2641.8273502647694,2641.8273502647694,2641.8273502647694,2641.8273502647694
W257,4017.566351466567,4017.566351466567,4017.566351466567,4017.566351466567,4017.566351466567,4017.566351466567,4017.566351466567,4017.566351466567,4017.566351466567,4017.566351466567,4017.566351466567,4017.566351466567,4017.566351466567
W258,2125.5,2125.5,2125.5,2125.5,2125.5,2125.5,2125.5,2125.5,2125.5,2125.5,2125.5,2125.5,2125.5
W259,6311.16844267957,6311.16844267957,6311.16844267957,6311.16844267957,6311.16844267957,6311.16844267957,6311.16844267957,6311.16844267957,6311.16844267957,6311.16844267957,6311.16844267957,6311.16844267957,6311.16844267957
W26,2739.200579547908,2739.200579547908,2739.200579547908,2739.200579547908,2739.200579547908,2739.200579547908,2739.200579547908,2739.200579547908,2739.200579547908,2739.200579547908,2739.200579547908,2739.200579547908,2739.200579547908
W260,648.0466430881806,648.0466430881806,648.0466430881806,648.0466430881806,648.0466430881806,648.0466430881806,648.0466430881806,648.0466430881806,648.0466430881806,648.0466430881806,648.0466430881806,648.0466430881806,648.0466430881806
W261,4657.09575993281,4657.09575993281,4657.09575993281,4657.09575993281,4657.09575993281,4657.09575993281,4657.09575993281,4657.09575993281,4657.09575993281,4657.09575993281,4657.09575993281,4657.09575993281,4657.09575993281
W262,4382.308,4382.308,4382.308,4382.308,4382.308,4382.308,4382.308,4382.308,4382.308,4382.308,4382.308,4382.308,4382.308
W263,2380.893382197899,2380.893382197899,2380.893382197899,2380.893382197899,2380.893382197899,2380.893382197899,2380.893382197899,2380.893382197899,2380.893382197899,2380.893382197899,2380.893382197899,2380.893382197899,2380.893382197899
W264,4008.496865180732,4008.496865180732,4008.496865180732,4008.496865180732,4008.496865180732,4008.496865180732,4008.496865180732,4008.496865180732,4008.496865180732,4008.496865180732,4008.496865180732,4008.496865180732,4008.496865180732
W265,2195.9682352128802,2195.9682352128802,2195.9682352128802,2195.9682352128802,2195.9682352128802,2195.9682352128802,2195.9682352128802,2195.9682352128802,2195.9682352128802,2195.9682352128802,2195.9682352128802,2195.9682352128802,2195.9682352128802
W266,2184.4545681483537,2184.4545681483537,2184.4545681483537,2184.4545681483537,2184.4545681483537,2184.4545681483537,2184.4545681483537,2184.4545681483537,2184.4545681483537,2184.4545681483537,2184.4545681483537,2184.4545681483537,2184.4545681483537
W267,3220.84036483838,3220.84036483838,3220.84036483838,3220.84036483838,3220.84036483838,3220.84036483838,3220.84036483838,3220.84036483838,3220.84036483838,3220.84036483838,3220.84036483838,3220.84036483838,3220.84036483838
W268,1369.9898564972914,1369.9898564972914,1369.9898564972914,1369.9898564972914,1369.9898564972914,1369.9898564972914,1369.9898564972914,1369.9898564972914,1369.9898564972914,1369.9898564972914,1369.9898564972914,1369.9898564972914,1369.9898564972914
W269,1316.74047711513,1316.74047711513,1316.74047711513,1316.74047711513,1316.74047711513,1316.74047711513,1316.74047711513,1316.74047711513,1316.74047711513,1316.74047711513,1316.74047711513,1316.74047711513,1316.74047711513
W27,1795.217628078806,1795.217628078806,1795.217628078806,1795.217628078806,1795.217628078806,1795.217628078806,1795.217628078806,1795.217628078806,1795.217628078806,1795.217628078806,1795.217628078806,1795.217628078806,1795.217628078806
W270,7996.2,7996.2,7996.2,7996.2,7996.2,7996.2,7996.2,7996.2,7996.2,7996.2,7996.2,7996.2,7996.2
W271,7724.723541326948,7724.723541326948,7724.723541326948,7724.723541326948,7724.723541326948,7724.723541326948,7724.723541326948,7724.723541326948,7724.723541326948,7724.723541326948,7724.723541326948,7724.723541326948,7724.723541326948
W272,979.59,979.59,979.59,979.59,979.59,979.59,979.59,979.59,979.59,979.59,979.59,979.59,979.59
W273,6477.9,6477.9,6477.9,6477.9,6477.9,6477.9,6477.9,6477.9,6477.9,6477.9,6477.9,6477.9,6477.9
W274,829.97,829.97,829.97,829.97,829.97,829.97,829.97,829.97,829.97,829.97,829.97,829.97,829.97
W275,8668.393117498093,8668.393117498093,8668.393117498093,8668.393117498093,8668.393117498093,8668.393117498093,8668.393117498093,8668.393117498093,8668.393117498093,8668.393117498093,8668.393117498093,8668.393117498093,8668.393117498093
W276,11255.080107477195,11255.080107477195,11255.080107477195,11255.080107477195,11255.080107477195,11255.080107477195,11255.080107477195,11255.080107477195,11255.080107477195,11255.080107477195,11255.080107477195,11255.080107477195,11255.080107477195
W277,3152.027923314066,3152.027923314066,3152.027923314066,3152.027923314066,3152.027923314066,3152.027923314066,3152.027923314066,3152.027923314066,3152.027923314066,3152.027923314066,3152.027923314066,3152.027923314066,3152.027923314066
W278,1324.5655439485868,1324.5655439485868,1324.5655439485868,1324.5655439485868,1324.5655439485868,1324.5655439485868,1324.5655439485868,1324.5655439485868,1324.5655439485868,1324.5655439485868,1324.5655439485868,1324.5655439485868,1324.5655439485868
W279,1271.63614038532,1271.63614038532,1271.63614038532,1271.63614038532,1271.63614038532,1271.63614038532,1271.63614038532,1271.63614038532,1271.63614038532,1271.63614038532,1271.63614038532,1271.63614038532,1271.63614038532
W28,4864.412281397083,4864.412281397083,4864.412281397083,4864.412281397083,4864.412281397083,4864.412281397083,4864.412281397083,4864.412281397083,4864.412281397083,4864.412281397083,4864.412281397083,4864.412281397083,4864.412281397083
W280,5395.955586378403,5395.955586378403,5395.955586378403,5395.955586378403,5395.955586378403,5395.955586378403,5395.955586378403,5395.955586378403,5395.955586378403,5395.955586378403,5395.955586378403,5395.955586378403,5395.955586378403
W281,1768.9296277826097,1768.9296277826097,1768.9296277826097,1768.9296277826097,1768.9296277826097,1768.9296277826097,1768.9296277826097,1768.9296277826097,1768.9296277826097,1768.9296277826097,1768.9296277826097,1768.9296277826097,1768.9296277826097
W282,2146.132518,2146.132518,2146.132518,2146.132518,2146.132518,2146.132518,2146.132518,2146.132518,2146.132518,2146.132518,2146.132518,2146.132518,2146.132518
W283,343.591202,343.591202,343.591202,343.591202,343.591202,343.591202,343.591202,343.591202,343.591202,343.591202,343.591202,343.591202,343.591202
W284,567.821315828449,567.821315828449,567.821315828449,567.821315828449,567.821315828449,567.821315828449,567.821315828449,567.821315828449,567.821315828449,567.821315828449,567.821315828449,567.821315828449,567.821315828449
W285,698.2866780069751,698.2866780069751,698.2866780069751,698.2866780069751,698.2866780069751,698.2866780069751,698.2866780069751,698.2866780069751,698.2866780069751,698.2866780069751,698.2866780069751,698.2866780069751,698.2866780069751
W286,10669.088825973226,10669.088825973226,10669.088825973226,10669.088825973226,10669.088825973226,10669.088825973226,10669.088825973226,10669.088825973226,10669.088825973226,10669.088825973226,10669.088825973226,10669.088825973226,10669.088825973226
W287,2209.539801207868,2209.539801207868,2209.539801207868,2209.539801207868,2209.539801207868,2209.539801207868,2209.539801207868,2209.539801207868,2209.539801207868,2209.539801207868,2209.539801207868,2209.539801207868,2209.539801207868
W288,7821.288661065333,7821.288661065333,7821.288661065333,7821.288661065333,7821.288661065333,7821.288661065333,7821.288661065333,7821.288661065333,7821.288661065333,7821.288661065333,7821.288661065333,7821.288661065333,7821.288661065333
W289,9919.716054988503,9919.716054988503,9919.716054988503,9919.716054988503,9919.716054988503,9919.716054988503,9919.716054988503,9919.716054988503,9919.716054988503,9919.716054988503,9919.716054988503,9919.716054988503,9919.716054988503
W29,709.8973539593585,709.8973539593585,709.8973539593585,709.8973539593585,709.8973539593585,709.8973539593585,709.8973539593585,709.8973539593585,709.8973539593585,709.8973539593585,709.8973539593585,709.8973539593585,709.8973539593585
W290,15655.466708682467,15655.466708682467,15655.466708682467,15655.466708682467,15655.466708682467,15655.466708682467,15655.466708682467,15655.466708682467,15655.466708682467,15655.466708682467,15655.466708682467,15655.466708682467,15655.466708682467
W291,8337.999397818625,8337.999397818625,8337.999397818625,8337.999397818625,8337.999397818625,8337.999397818625,8337.999397818625,8337.999397818625,8337.999397818625,8337.999397818625,8337.999397818625,8337.999397818625,8337.999397818625
W292,18285.545753620438,18285.545753620438,18285.545753620438,18285.545753620438,18285.545753620438,18285.545753620438,18285.545753620438,18285.545753620438,18285.545753620438,18285.545753620438,18285.545753620438,18285.545753620438,18285.545753620438
W293,1666.6429777628944,1666.6429777628944,1666.6429777628944,1666.6429777628944,1666.6429777628944,1666.6429777628944,1666.6429777628944,1666.6429777628944,1666.6429777628944,1666.6429777628944,1666.6429777628944,1666.6429777628944,1666.6429777628944
W294,1512.8636207664272,1512.8636207664272,1512.8636207664272,1512.8636207664272,1512.8636207664272,1512.8636207664272,1512.8636207664272,1512.8636207664272,1512.8636207664272,1512.8636207664272,1512.8636207664272,1512.8636207664272,1512.8636207664272
W295,2944.2338243466897,2944.2338243466897,2944.2338243466897,2944.2338243466897,2944.2338243466897,2944.2338243466897,2944.2338243466897,2944.2338243466897,2944.2338243466897,2944.2338243466897,2944.2338243466897,2944.2338243466897,2944.2338243466897
W296,2991.5373455668796,2991.5373455668796,2991.5373455668796,2991.5373455668796,2991.5373455668796,2991.5373455668796,2991.5373455668796,2991.5373455668796,2991.5373455668796,2991.5373455668796,2991.5373455668796,2991.5373455668796,2991.5373455668796
W297,5256.045287741057,5256.045287741057,5256.045287741057,5256.045287741057,5256.045287741057,5256.045287741057,5256.045287741057,5256.045287741057,5256.045287741057,5256.045287741057,5256.045287741057,5256.045287741057,5256.045287741057
W298,3474.0630492234586,3474.0630492234586,3474.0630492234586,3474.0630492234586,3474.0630492234586,3474.0630492234586,3474.0630492234586,3474.0630492234586,3474.0630492234586,3474.0630492234586,3474.0630492234586,3474.0630492234586,3474.0630492234586
W299,3213.633718105829,3213.633718105829,3213.633718105829,3213.633718105829,3213.633718105829,3213.633718105829,3213.633718105829,3213.633718105829,3213.633718105829,3213.633718105829,3213.633718105829,3213.633718105829,3213.633718105829
W3,9686.356165339177,9686.356165339177,9686.356165339177,9686.356165339177,9686.356165339177,9686.356165339177,9686.356165339177,9686.356165339177,9686.356165339177,9686.356165339177,9686.356165339177,9686.356165339177,9686.356165339177
W30,3650.742547470617,3650.742547470617,3650.742547470617,3650.742547470617,3650.742547470617,3650.742547470617,3650.742547470617,3650.742547470617,3650.742547470617,3650.742547470617,3650.742547470617,3650.742547470617,3650.742547470617
W300,1829.0464639715697,1829.0464639715697,1829.0464639715697,1829.0464639715697,1829.0464639715697,1829.0464639715697,1829.0464639715697,1829.0464639715697,1829.0464639715697,1829.0464639715697,1829.0464639715697,1829.0464639715697,1829.0464639715697
W301,2500.491653950356,2500.491653950356,2500.491653950356,2500.491653950356,2500.491653950356,2500.491653950356,2500.491653950356,2500.491653950356,2500.491653950356,2500.491653950356,2500.491653950356,2500.491653950356,2500.491653950356
W302,2864.8582575093387,2864.8582575093387,2864.8582575093387,2864.8582575093387,2864.8582575093387,2864.8582575093387,2864.8582575093387,2864.8582575093387,2864.8582575093387,2864.8582575093387,2864.8582575093387,2864.8582575093387,2864.8582575093387
W303,5390.130477390493,5390.130477390493,5390.130477390493,5390.130477390493,5390.130477390493,5390.130477390493,5390.130477390493,5390.130477390493,5390.130477390493,5390.130477390493,5390.130477390493,5390.130477390493,5390.130477390493
W304,2977.8649581350724,2977.8649581350724,2977.8649581350724,2977.8649581350724,2977.8649581350724,2977.8649581350724,2977.8649581350724,2977.8649581350724,2977.8649581350724,2977.8649581350724,2977.8649581350724,2977.8649581350724,2977.8649581350724
W305,3180.2359902743087,3180.2359902743087,3180.2359902743087,3180.2359902743087,3180.2359902743087,3180.2359902743087,3180.2359902743087,3180.2359902743087,3180.2359902743087,3180.2359902743087,3180.2359902743087,3180.2359902743087,3180.2359902743087
W306,2425.7937204745476,2425.7937204745476,2425.7937204745476,2425.7937204745476,2425.7937204745476,2425.7937204745476,2425.7937204745476,2425.7937204745476,2425.7937204745476,2425.7937204745476,2425.7937204745476,2425.7937204745476,2425.7937204745476
W307,3305.493488421558,3305.493488421558,3305.493488421558,3305.493488421558,3305.493488421558,3305.493488421558,3305.493488421558,3305.493488421558,3305.493488421558,3305.493488421558,3305.493488421558,3305.493488421558,3305.493488421558
W308,2228.209979940022,2228.209979940022,2228.209979940022,2228.209979940022,2228.209979940022,2228.209979940022,2228.209979940022,2228.209979940022,2228.209979940022,2228.209979940022,2228.209979940022,2228.209979940022,2228.209979940022
W309,6202.769414775397,6202.769414775397,6202.769414775397,6202.769414775397,6202.769414775397,6202.769414775397,6202.769414775397,6202.769414775397,6202.769414775397,6202.769414775397,6202.769414775397,6202.769414775397,6202.769414775397
W31,922.670709237922,922.670709237922,922.670709237922,922.670709237922,922.670709237922,922.670709237922,922.670709237922,922.670709237922,922.670709237922,922.670709237922,922.670709237922,922.670709237922,922.670709237922
W310,4457.904542500481,4457.904542500481,4457.904542500481,4457.904542500481,4457.904542500481,4457.904542500481,4457.904542500481,4457.904542500481,4457.904542500481,4457.904542500481,4457.904542500481,4457.904542500481,4457.904542500481
W311,4626.268524074053,4626.268524074053,4626.268524074053,4626.268524074053,4626.268524074053,4626.268524074053,4626.268524074053,4626.268524074053,4626.268524074053,4626.268524074053,4626.268524074053,4626.268524074053,4626.268524074053
W312,4086.3804331761967,4086.3804331761967,4086.3804331761967,4086.3804331761967,4086.3804331761967,4086.3804331761967,4086.3804331761967,4086.3804331761967,4086.3804331761967,4086.3804331761967,4086.3804331761967,4086.3804331761967,4086.3804331761967
W313,2023.5855989433371,2023.5855989433371,2023.5855989433371,2023.5855989433371,2023.5855989433371,2023.5855989433371,2023.5855989433371,2023.5855989433371,2023.5855989433371,2023.5855989433371,2023.5855989433371,2023.5855989433371,2023.5855989433371
W314,8135.088555420871,8135.088555420871,8135.088555420871,8135.088555420871,8135.088555420871,8135.088555420871,8135.088555420871,8135.088555420871,8135.088555420871,8135.088555420871,8135.088555420871,8135.088555420871,8135.088555420871
W315,5222.96618637344,5222.96618637344,5222.96618637344,5222.96618637344,5222.96618637344,5222.96618637344,5222.96618637344,5222.96618637344,5222.96618637344,5222.96618637344,5222.96618637344,5222.96618637344,5222.96618637344
W316,2889.68289704625,2889.68289704625,2889.68289704625,2889.68289704625,2889.68289704625,2889.68289704625,2889.68289704625,2889.68289704625,2889.68289704625,2889.68289704625,2889.68289704625,2889.68289704625,2889.68289704625
W317,3946.43772038066,3946.43772038066,3946.43772038066,3946.43772038066,3946.43772038066,3946.43772038066,3946.43772038066,3946.43772038066,3946.43772038066,3946.43772038066,3946.43772038066,3946.43772038066,3946.43772038066
W318,3475.7190969168423,3475.7190969168423,3475.7190969168423,3475.7190969168423,3475.7190969168423,3475.7190969168423,3475.7190969168423,3475.7190969168423,3475.7190969168423,3475.7190969168423,3475.7190969168423,3475.7190969168423,3475.7190969168423
W319,2184.569023040331,2184.569023040331,2184.569023040331,2184.569023040331,2184.569023040331,2184.569023040331,2184.569023040331,2184.569023040331,2184.569023040331,2184.569023040331,2184.569023040331,2184.569023040331,2184.569023040331
W32,4095.1681425503,4095.1681425503,4095.1681425503,4095.1681425503,4095.1681425503,4095.1681425503,4095.1681425503,4095.1681425503,4095.1681425503,4095.1681425503,4095.1681425503,4095.1681425503,4095.1681425503
W320,2223.3478419212233,2223.3478419212233,2223.3478419212233,2223.3478419212233,2223.3478419212233,2223.3478419212233,2223.3478419212233,2223.3478419212233,2223.3478419212233,2223.3478419212233,2223.3478419212233,2223.3478419212233,2223.3478419212233
W321,6045.532956165991,6045.532956165991,6045.532956165991,6045.532956165991,6045.532956165991,6045.532956165991,6045.532956165991,6045.532956165991,6045.532956165991,6045.532956165991,6045.532956165991,6045.532956165991,6045.532956165991
W322,2255.921507961869,2255.921507961869,2255.921507961869,2255.921507961869,2255.921507961869,2255.921507961869,2255.921507961869,2255.921507961869,2255.921507961869,2255.921507961869,2255.921507961869,2255.921507961869,2255.921507961869
W323,4125.114652856197,4125.114652856197,4125.114652856197,4125.114652856197,4125.114652856197,4125.114652856197,4125.114652856197,4125.114652856197,4125.114652856197,4125.114652856197,4125.114652856197,4125.114652856197,4125.114652856197
W324,2329.210975999007,2329.210975999007,2329.210975999007,2329.210975999007,2329.210975999007,2329.210975999007,2329.210975999007,2329.210975999007,2329.210975999007,2329.210975999007,2329.210975999007,2329.210975999007,2329.210975999007
W325,3792.5226696222594,3792.5226696222594,3792.5226696222594,3792.5226696222594,3792.5226696222594,3792.5226696222594,3792.5226696222594,3792.5226696222594,3792.5226696222594,3792.5226696222594,3792.5226696222594,3792.5226696222594,3792.5226696222594
W326,3559.3628299952193,3559.3628299952193,3559.3628299952193,3559.3628299952193,3559.3628299952193,3559.3628299952193,3559.3628299952193,3559.3628299952193,3559.3628299952193,3559.3628299952193,3559.3628299952193,3559.3628299952193,3559.3628299952193
W327,8545.922916585803,8545.922916585803,8545.922916585803,8545.922916585803,8545.922916585803,8545.922916585803,8545.922916585803,8545.922916585803,8545.922916585803,8545.922916585803,8545.922916585803,8545.922916585803,8545.922916585803
W328,2323.841828982754,2323.841828982754,2323.841828982754,2323.841828982754,2323.841828982754,2323.841828982754,2323.841828982754,2323.841828982754,2323.841828982754,2323.841828982754,2323.841828982754,2323.841828982754,2323.841828982754
W329,9156.802219676723,9156.802219676723,9156.802219676723,9156.802219676723,9156.802219676723,9156.802219676723,9156.802219676723,9156.802219676723,9156.802219676723,9156.802219676723,9156.802219676723,9156.802219676723,9156.802219676723
W33,1449.617225568609,1449.617225568609,1449.617225568609,1449.617225568609,1449.617225568609,1449.617225568609,1449.617225568609,1449.617225568609,1449.617225568609,1449.617225568609,1449.617225568609,1449.617225568609,1449.617225568609
W330,3388.8995690552742,3388.8995690552742,3388.8995690552742,3388.8995690552742,3388.8995690552742,3388.8995690552742,3388.8995690552742,3388.8995690552742,3388.8995690552742,3388.8995690552742,3388.8995690552742,3388.8995690552742,3388.8995690552742
W331,5717.017816998372,5717.017816998372,5717.017816998372,5717.017816998372,5717.017816998372,5717.017816998372,5717.017816998372,5717.017816998372,5717.017816998372,5717.017816998372,5717.017816998372,5717.017816998372,5717.017816998372
W332,3141.0089663932013,3141.0089663932013,3141.0089663932013,3141.0089663932013,3141.0089663932013,3141.0089663932013,3141.0089663932013,3141.0089663932013,3141.0089663932013,3141.0089663932013,3141.0089663932013,3141.0089663932013,3141.0089663932013
W333,2507.734301398613,2507.734301398613,2507.734301398613,2507.734301398613,2507.734301398613,2507.734301398613,2507.734301398613,2507.734301398613,2507.734301398613,2507.734301398613,2507.734301398613,2507.734301398613,2507.734301398613
W334,3515.508633695694,3515.508633695694,3515.508633695694,3515.508633695694,3515.508633695694,3515.508633695694,3515.508633695694,3515.508633695694,3515.508633695694,3515.508633695694,3515.508633695694,3515.508633695694,3515.508633695694
W335,3927.9547148625697,3927.9547148625697,3927.9547148625697,3927.9547148625697,3927.9547148625697,3927.9547148625697,3927.9547148625697,3927.9547148625697,3927.9547148625697,3927.9547148625697,3927.9547148625697,3927.9547148625697,3927.9547148625697
W336,1563.7916278699909,1563.7916278699909,1563.7916278699909,1563.7916278699909,1563.7916278699909,1563.7916278699909,1563.7916278699909,1563.7916278699909,1563.7916278699909,1563.7916278699909,1563.7916278699909,1563.7916278699909,1563.7916278699909
W337,1591.8406646393466,1591.8406646393466,1591.8406646393466,1591.8406646393466,1591.8406646393466,1591.8406646393466,1591.8406646393466,1591.8406646393466,1591.8406646393466,1591.8406646393466,1591.8406646393466,1591.8406646393466,1591.8406646393466
W338,2014.3813971660204,2014.3813971660204,2014.3813971660204,2014.3813971660204,2014.3813971660204,2014.3813971660204,2014.3813971660204,2014.3813971660204,2014.3813971660204,2014.3813971660204,2014.3813971660204,2014.3813971660204,2014.3813971660204
W339,3910.6040994787836,3910.6040994787836,3910.6040994787836,3910.6040994787836,3910.6040994787836,3910.6040994787836,3910.6040994787836,3910.6040994787836,3910.6040994787836,3910.6040994787836,3910.6040994787836,3910.6040994787836,3910.6040994787836
W34,1236.758099031822,1236.758099031822,1236.758099031822,1236.758099031822,1236.758099031822,1236.758099031822,1236.758099031822,1236.758099031822,1236.758099031822,1236.758099031822,1236.758099031822,1236.758099031822,1236.758099031822
W340,6052.558427820808,6052.558427820808,6052.558427820808,6052.558427820808,6052.558427820808,6052.558427820808,6052.558427820808,6052.558427820808,6052.558427820808,6052.558427820808,6052.558427820808,6052.558427820808,6052.558427820808
W341,5103.238140445172,5103.238140445172,5103.238140445172,5103.238140445172,5103.238140445172,5103.238140445172,5103.238140445172,5103.238140445172,5103.238140445172,5103.238140445172,5103.238140445172,5103.238140445172,5103.238140445172
W342,1325.5012806600269,1325.5012806600269,1325.5012806600269,1325.5012806600269,1325.5012806600269,1325.5012806600269,1325.5012806600269,1325.5012806600269,1325.5012806600269,1325.5012806600269,1325.5012806600269,1325.5012806600269,1325.5012806600269
W343,3515.6465464705143,3515.6465464705143,3515.6465464705143,3515.6465464705143,3515.6465464705143,3515.6465464705143,3515.6465464705143,3515.6465464705143,3515.6465464705143,3515.6465464705143,3515.6465464705143,3515.6465464705143,3515.6465464705143
W344,3313.230922914363,3313.230922914363,3313.230922914363,3313.230922914363,3313.230922914363,3313.230922914363,3313.230922914363,3313.230922914363,3313.230922914363,3313.230922914363,3313.230922914363,3313.230922914363,3313.230922914363
W345,3133.6075943216233,3133.6075943216233,3133.6075943216233,3133.6075943216233,3133.6075943216233,3133.6075943216233,3133.6075943216233,3133.6075943216233,3133.6075943216233,3133.6075943216233,3133.6075943216233,3133.6075943216233,3133.6075943216233
W346,5795.320199577848,5795.320199577848,5795.320199577848,5795.320199577848,5795.320199577848,5795.320199577848,5795.320199577848,5795.320199577848,5795.320199577848,5795.320199577848,5795.320199577848,5795.320199577848,5795.320199577848
W347,3666.601030416491,3666.601030416491,3666.601030416491,3666.601030416491,3666.601030416491,3666.601030416491,3666.601030416491,3666.601030416491,3666.601030416491,3666.601030416491,3666.601030416491,3666.601030416491,3666.601030416491
W348,4294.688603105962,4294.688603105962,4294.688603105962,4294.688603105962,4294.688603105962,4294.688603105962,4294.688603105962,4294.688603105962,4294.688603105962,4294.688603105962,4294.688603105962,4294.688603105962,4294.688603105962
W349,3285.804863532032,3285.804863532032,3285.804863532032,3285.804863532032,3285.804863532032,3285.804863532032,3285.804863532032,3285.804863532032,3285.804863532032,3285.804863532032,3285.804863532032,3285.804863532032,3285.804863532032
W35,1070.7164954877617,1070.7164954877617,1070.7164954877617,1070.7164954877617,1070.7164954877617,1070.7164954877617,1070.7164954877617,1070.7164954877617,1070.7164954877617,1070.7164954877617,1070.7164954877617,1070.7164954877617,1070.7164954877617
W350,5681.4687674166835,5681.4687674166835,5681.4687674166835,5681.4687674166835,5681.4687674166835,5681.4687674166835,5681.4687674166835,5681.4687674166835,5681.4687674166835,5681.4687674166835,5681.4687674166835,5681.4687674166835,5681.4687674166835
W351,1586.1205314515087,1586.1205314515087,1586.1205314515087,1586.1205314515087,1586.1205314515087,1586.1205314515087,1586.1205314515087,1586.1205314515087,1586.1205314515087,1586.1205314515087,1586.1205314515087,1586.1205314515087,1586.1205314515087
W352,1284.9787518089836,1284.9787518089836,1284.9787518089836,1284.9787518089836,1284.9787518089836,1284.9787518089836,1284.9787518089836,1284.9787518089836,1284.9787518089836,1284.9787518089836,1284.9787518089836,1284.9787518089836,1284.9787518089836
W353,1752.8836635288376,1752.8836635288376,1752.8836635288376,1752.8836635288376,1752.8836635288376,1752.8836635288376,1752.8836635288376,1752.8836635288376,1752.8836635288376,1752.8836635288376,1752.8836635288376,1752.8836635288376,1752.8836635288376
W354,3281.1948399077783,3281.1948399077783,3281.1948399077783,3281.1948399077783,3281.1948399077783,3281.1948399077783,3281.1948399077783,3281.1948399077783,3281.1948399077783,3281.1948399077783,3281.1948399077783,3281.1948399077783,3281.1948399077783
W355,2617.9901891279706,2617.9901891279706,2617.9901891279706,2617.9901891279706,2617.9901891279706,2617.9901891279706,2617.9901891279706,2617.9901891279706,2617.9901891279706,2617.9901891279706,2617.9901891279706,2617.9901891279706,2617.9901891279706
W356,4130.494055294281,4130.494055294281,4130.494055294281,4130.494055294281,4130.494055294281,4130.494055294281,4130.494055294281,4130.494055294281,4130.494055294281,4130.494055294281,4130.494055294281,4130.494055294281,4130.494055294281
W357,3471.709490706011,3471.709490706011,3471.709490706011,3471.709490706011,3471.709490706011,3471.709490706011,3471.709490706011,3471.709490706011,3471.709490706011,3471.709490706011,3471.709490706011,3471.709490706011,3471.709490706011
W358,5602.63594412893,5602.63594412893,5602.63594412893,5602.63594412893,5602.63594412893,5602.63594412893,5602.63594412893,5602.63594412893,5602.63594412893,5602.63594412893,5602.63594412893,5602.63594412893,5602.63594412893
W359,3820.957361822661,3820.957361822661,3820.957361822661,3820.957361822661,3820.957361822661,3820.957361822661,3820.957361822661,3820.957361822661,3820.957361822661,3820.957361822661,3820.957361822661,3820.957361822661,3820.957361822661
W36,15998.835146180598,15998.835146180598,15998.835146180598,15998.835146180598,15998.835146180598,15998.835146180598,15998.835146180598,15998.835146180598,15998.835146180598,15998.835146180598,15998.835146180598,15998.835146180598,15998.835146180598
W37,2897.7,2897.7,2897.7,2897.7,2897.7,2897.7,2897.7,2897.7,2897.7,2897.7,2897.7,2897.7,2897.7
W38,3088.8,3088.8,3088.8,3088.8,3088.8,3088.8,3088.8,3088.8,3088.8,3088.8,3088.8,3088.8,3088.8
W39,5835.31,5835.31,5835.31,5835.31,5835.31,5835.31,5835.31,5835.31,5835.31,5835.31,5835.31,5835.31,5835.31
W4,2304.209117819633,2304.209117819633,2304.209117819633,2304.209117819633,2304.209117819633,2304.209117819633,2304.209117819633,2304.209117819633,2304.209117819633,2304.209117819633,2304.209117819633,2304.209117819633,2304.209117819633
W40,5831.335,5831.335,5831.335,5831.335,5831.335,5831.335,5831.335,5831.335,5831.335,5831.335,5831.335,5831.335,5831.335
W41,6201.48,6201.48,6201.48,6201.48,6201.48,6201.48,6201.48,6201.48,6201.48,6201.48,6201.48,6201.48,6201.48
W42,6209.94,6209.94,6209.94,6209.94,6209.94,6209.94,6209.94,6209.94,6209.94,6209.94,6209.94,6209.94,6209.94
W43,6205.71,6205.71,6205.71,6205.71,6205.71,6205.71,6205.71,6205.71,6205.71,6205.71,6205.71,6205.71,6205.71
W44,5827.36,5827.36,5827.36,5827.36,5827.36,5827.36,5827.36,5827.36,5827.36,5827.36,5827.36,5827.36,5827.36
W45,2931.25965484772,2931.25965484772,2931.25965484772,2931.25965484772,2931.25965484772,2931.25965484772,2931.25965484772,2931.25965484772,2931.25965484772,2931.25965484772,2931.25965484772,2931.25965484772,2931.25965484772
W46,3272.987256928379,3272.987256928379,3272.987256928379,3272.987256928379,3272.987256928379,3272.987256928379,3272.987256928379,3272.987256928379,3272.987256928379,3272.987256928379,3272.987256928379,3272.987256928379,3272.987256928379
W47,2929.9141576884713,2929.9141576884713,2929.9141576884713,2929.9141576884713,2929.9141576884713,2929.9141576884713,2929.9141576884713,2929.9141576884713,2929.9141576884713,2929.9141576884713,2929.9141576884713,2929.9141576884713,2929.9141576884713
W48,2990.9646634517444,2990.9646634517444,2990.9646634517444,2990.9646634517444,2990.9646634517444,2990.9646634517444,2990.9646634517444,2990.9646634517444,2990.9646634517444,2990.9646634517444,2990.9646634517444,2990.9646634517444,2990.9646634517444
W49,3226.0480853692757,3226.0480853692757,3226.0480853692757,3226.0480853692757,3226.0480853692757,3226.0480853692757,3226.0480853692757,3226.0480853692757,3226.0480853692757,3226.0480853692757,3226.0480853692757,3226.0480853692757,3226.0480853692757
W5,1442.8765112077085,1442.8765112077085,1442.8765112077085,1442.8765112077085,1442.8765112077085,1442.8765112077085,1442.8765112077085,1442.8765112077085,1442.8765112077085,1442.8765112077085,1442.8765112077085,1442.8765112077085,1442.8765112077085
W50,3227.535942170603,3227.535942170603,3227.535942170603,3227.535942170603,3227.535942170603,3227.535942170603,3227.535942170603,3227.535942170603,3227.535942170603,3227.535942170603,3227.535942170603,3227.535942170603,3227.535942170603
W51,6560.7,6560.7,6560.7,6560.7,6560.7,6560.7,6560.7,6560.7,6560.7,6560.7,6560.7,6560.7,6560.7
W52,7053.900644942892,7053.900644942892,7053.900644942892,7053.900644942892,7053.900644942892,7053.900644942892,7053.900644942892,7053.900644942892,7053.900644942892,7053.900644942892,7053.900644942892,7053.900644942892,7053.900644942892
W53,1909.9,1909.9,1909.9,1909.9,1909.9,1909.9,1909.9,1909.9,1909.9,1909.9,1909.9,1909.9,1909.9
W54,2490.0,2490.0,2490.0,2490.0,2490.0,2490.0,2490.0,2490.0,2490.0,2490.0,2490.0,2490.0,2490.0
W55,5029.0,5029.0,5029.0,5029.0,5029.0,5029.0,5029.0,5029.0,5029.0,5029.0,5029.0,5029.0,5029.0
W56,2977.0,2977.0,2977.0,2977.0,2977.0,2977.0,2977.0,2977.0,2977.0,2977.0,2977.0,2977.0,2977.0
W57,2170.0,2170.0,2170.0,2170.0,2170.0,2170.0,2170.0,2170.0,2170.0,2170.0,2170.0,2170.0,2170.0
W58,3408.0,3408.0,3408.0,3408.0,3408.0,3408.0,3408.0,3408.0,3408.0,3408.0,3408.0,3408.0,3408.0
W59,2296.9190157829535,2296.9190157829535,2296.9190157829535,2296.9190157829535,2296.9190157829535,2296.9190157829535,2296.9190157829535,2296.9190157829535,2296.9190157829535,2296.9190157829535,2296.9190157829535,2296.9190157829535,2296.9190157829535
W6,477.68697742189187,477.68697742189187,477.68697742189187,477.68697742189187,477.68697742189187,477.68697742189187,477.68697742189187,477.68697742189187,477.68697742189187,477.68697742189187,477.68697742189187,477.68697742189187,477.68697742189187
W60,9034.15,9034.15,9034.15,9034.15,9034.15,9034.15,9034.15,9034.15,9034.15,9034.15,9034.15,9034.15,9034.15
W61,10678.661842564201,10678.661842564201,10678.661842564201,10678.661842564201,10678.661842564201,10678.661842564201,10678.661842564201,10678.661842564201,10678.661842564201,10678.661842564201,10678.661842564201,10678.661842564201,10678.661842564201
W62,7200.446850369806,7200.446850369806,7200.446850369806,7200.446850369806,7200.446850369806,7200.446850369806,7200.446850369806,7200.446850369806,7200.446850369806,7200.446850369806,7200.446850369806,7200.446850369806,7200.446850369806
W63,6060.537345919867,6060.537345919867,6060.537345919867,6060.537345919867,6060.537345919867,6060.537345919867,6060.537345919867,6060.537345919867,6060.537345919867,6060.537345919867,6060.537345919867,6060.537345919867,6060.537345919867
W64,13389.737455573137,13389.737455573137,13389.737455573137,13389.737455573137,13389.737455573137,13389.737455573137,13389.737455573137,13389.737455573137,13389.737455573137,13389.737455573137,13389.737455573137,13389.737455573137,13389.737455573137
W65,18760.06225605696,18760.06225605696,18760.06225605696,18760.06225605696,18760.06225605696,18760.06225605696,18760.06225605696,18760.06225605696,18760.06225605696,18760.06225605696,18760.06225605696,18760.06225605696,18760.06225605696
W66,7398.104836115261,7398.104836115261,7398.104836115261,7398.104836115261,7398.104836115261,7398.104836115261,7398.104836115261,7398.104836115261,7398.104836115261,7398.104836115261,7398.104836115261,7398.104836115261,7398.104836115261
W67,13381.0,13381.0,13381.0,13381.0,13381.0,13381.0,13381.0,13381.0,13381.0,13381.0,13381.0,13381.0,13381.0
W68,6911.73,6911.73,6911.73,6911.73,6911.73,6911.73,6911.73,6911.73,6911.73,6911.73,6911.73,6911.73,6911.73
W69,6919.07,6919.07,6919.07,6919.07,6919.07,6919.07,6919.07,6919.07,6919.07,6919.07,6919.07,6919.07,6919.07
W7,3018.4474905716806,3018.4474905716806,3018.4474905716806,3018.4474905716806,3018.4474905716806,3018.4474905716806,3018.4474905716806,3018.4474905716806,3018.4474905716806,3018.4474905716806,3018.4474905716806,3018.4474905716806,3018.4474905716806
W70,2609.4,2609.4,2609.4,2609.4,2609.4,2609.4,2609.4,2609.4,2609.4,2609.4,2609.4,2609.4,2609.4
W71,1931.9293225265408,1931.9293225265408,1931.9293225265408,1931.9293225265408,1931.9293225265408,1931.9293225265408,1931.9293225265408,1931.9293225265408,1931.9293225265408,1931.9293225265408,1931.9293225265408,1931.9293225265408,1931.9293225265408
W72,1930.0926646720948,1930.0926646720948,1930.0926646720948,1930.0926646720948,1930.0926646720948,1930.0926646720948,1930.0926646720948,1930.0926646720948,1930.0926646720948,1930.0926646720948,1930.0926646720948,1930.0926646720948,1930.0926646720948
W73,1930.0171315987373,1930.0171315987373,1930.0171315987373,1930.0171315987373,1930.0171315987373,1930.0171315987373,1930.0171315987373,1930.0171315987373,1930.0171315987373,1930.0171315987373,1930.0171315987373,1930.0171315987373,1930.0171315987373
W74,5693.5591992830405,5693.5591992830405,5693.5591992830405,5693.5591992830405,5693.5591992830405,5693.5591992830405,5693.5591992830405,5693.5591992830405,5693.5591992830405,5693.5591992830405,5693.5591992830405,5693.5591992830405,5693.5591992830405
W75,24042.132835432814,24042.132835432814,24042.132835432814,24042.132835432814,24042.132835432814,24042.132835432814,24042.132835432814,24042.132835432814,24042.132835432814,24042.132835432814,24042.132835432814,24042.132835432814,24042.132835432814
W76,440.0,440.0,440.0,440.0,440.0,440.0,440.0,440.0,440.0,440.0,440.0,440.0,440.0
W77,3926.51,3926.51,3926.51,3926.51,3926.51,3926.51,3926.51,3926.51,3926.51,3926.51,3926.51,3926.51,3926.51
W78,3832.829291704456,3832.829291704456,3832.829291704456,3832.829291704456,3832.829291704456,3832.829291704456,3832.829291704456,3832.829291704456,3832.829291704456,3832.829291704456,3832.829291704456,3832.829291704456,3832.829291704456
W79,1430.0,1430.0,1430.0,1430.0,1430.0,1430.0,1430.0,1430.0,1430.0,1430.0,1430.0,1430.0,1430.0
W8,2790.1360806699595,2790.1360806699595,2790.1360806699595,2790.1360806699595,2790.1360806699595,2790.1360806699595,2790.1360806699595,2790.1360806699595,2790.1360806699595,2790.1360806699595,2790.1360806699595,2790.1360806699595,2790.1360806699595
W80,1530.0,1530.0,1530.0,1530.0,1530.0,1530.0,1530.0,1530.0,1530.0,1530.0,1530.0,1530.0,1530.0
W81,24509.229787552136,24509.229787552136,24509.229787552136,24509.229787552136,24509.229787552136,24509.229787552136,24509.229787552136,24509.229787552136,24509.229787552136,24509.229787552136,24509.229787552136,24509.229787552136,24509.229787552136
W82,4418.319,4418.319,4418.319,4418.319,4418.319,4418.319,4418.319,4418.319,4418.319,4418.319,4418.319,4418.319,4418.319
W83,5973.7,5973.7,5973.7,5973.7,5973.7,5973.7,5973.7,5973.7,5973.7,5973.7,5973.7,5973.7,5973.7
W84,5970.2,5970.2,5970.2,5970.2,5970.2,5970.2,5970.2,5970.2,5970.2,5970.2,5970.2,5970.2,5970.2
W85,17261.0,17261.0,17261.0,17261.0,17261.0,17261.0,17261.0,17261.0,17261.0,17261.0,17261.0,17261.0,17261.0
W86,17273.0,17273.0,17273.0,17273.0,17273.0,17273.0,17273.0,17273.0,17273.0,17273.0,17273.0,17273.0,17273.0
W87,1084.5064110071437,1084.5064110071437,1084.5064110071437,1084.5064110071437,1084.5064110071437,1084.5064110071437,1084.5064110071437,1084.5064110071437,1084.5064110071437,1084.5064110071437,1084.5064110071437,1084.5064110071437,1084.5064110071437
W88,12001.572080481379,12001.572080481379,12001.572080481379,12001.572080481379,12001.572080481379,12001.572080481379,12001.572080481379,12001.572080481379,12001.572080481379,12001.572080481379,12001.572080481379,12001.572080481379,12001.572080481379
W89,1211.1101172716376,1211.1101172716376,1211.1101172716376,1211.1101172716376,1211.1101172716376,1211.1101172716376,1211.1101172716376,1211.1101172716376,1211.1101172716376,1211.1101172716376,1211.1101172716376,1211.1101172716376,1211.1101172716376
W9,7266.182950570489,7266.182950570489,7266.182950570489,7266.182950570489,7266.182950570489,7266.182950570489,7266.182950570489,7266.182950570489,7266.182950570489,7266.182950570489,7266.182950570489,7266.182950570489,7266.182950570489
W90,1838.0081904489014,1838.0081904489014,1838.0081904489014,1838.0081904489014,1838.0081904489014,1838.0081904489014,1838.0081904489014,1838.0081904489014,1838.0081904489014,1838.0081904489014,1838.0081904489014,1838.0081904489014,1838.0081904489014
W91,19635.06985290412,19635.06985290412,19635.06985290412,19635.06985290412,19635.06985290412,19635.06985290412,19635.06985290412,19635.06985290412,19635.06985290412,19635.06985290412,19635.06985290412,19635.06985290412,19635.06985290412
W92,22622.301627492485,22622.301627492485,22622.301627492485,22622.301627492485,22622.301627492485,22622.301627492485,22622.301627492485,22622.301627492485,22622.301627492485,22622.301627492485,22622.301627492485,22622.301627492485,22622.301627492485
W93,1734.6229999999998,1734.6229999999998,1734.6229999999998,1734.6229999999998,1734.6229999999998,1734.6229999999998,1734.6229999999998,1734.6229999999998,1734.6229999999998,1734.6229999999998,1734.6229999999998,1734.6229999999998,1734.6229999999998
W94,1814.6521923385062,1814.6521923385062,1814.6521923385062,1814.6521923385062,1814.6521923385062,1814.6521923385062,1814.6521923385062,1814.6521923385062,1814.6521923385062,1814.6521923385062,1814.6521923385062,1814.6521923385062,1814.6521923385062
W95,1643.0896564375726,1643.0896564375726,1643.0896564375726,1643.0896564375726,1643.0896564375726,1643.0896564375726,1643.0896564375726,1643.0896564375726,1643.0896564375726,1643.0896564375726,1643.0896564375726,1643.0896564375726,1643.0896564375726
W96,11299.428862404086,11299.428862404086,11299.428862404086,11299.428862404086,11299.428862404086,11299.428862404086,11299.428862404086,11299.428862404086,11299.428862404086,11299.428862404086,11299.428862404086,11299.428862404086,11299.428862404086
W97,470.98326554053324,470.98326554053324,470.98326554053324,470.98326554053324,470.98326554053324,470.98326554053324,470.98326554053324,470.98326554053324,470.98326554053324,470.98326554053324,470.98326554053324,470.98326554053324,470.98326554053324
W98,603.7798522782357,603.7798522782357,603.7798522782357,603.7798522782357,603.7798522782357,603.7798522782357,603.7798522782357,603.7798522782357,603.7798522782357,603.7798522782357,603.7798522782357,603.7798522782357,603.7798522782357
W99,15101.03,15101.03,15101.03,15101.03,15101.03,15101.03,15101.03,15101.03,15101.03,15101.03,15101.03,15101.03,15101.03
