5.732692891230972698e-01
9.112916701113337181e-01
1.820174212869977159e+00
1.118356835494029200e+00
6.603905146652251368e-01
1.060351717839006280e+00
7.278400430312733649e-01
9.844948378168179026e-01
1.085391978921527389e+00
5.307258316150357258e-01
1.125880672929617576e+00
6.346973643723762271e-01
4.330312228804687358e+00
6.718880086894399861e-01
1.177423154699451358e+00
1.153712200843749924e+00
1.512982528090241141e+00
5.912131950042652795e-01
4.488009890261318025e-01
6.638672796440792112e-01
6.861573794789216363e-01
6.320628170702864423e-01
1.373166780621059013e+00
4.931075276843578936e-01
1.423219595549571892e+00
8.159364769818892027e-01
1.507118915437330564e+00
1.153889883761253232e+00
2.939286329314911850e+00
3.820336551976317274e+00
2.887937138568006379e+00
4.729971150148168491e+00
2.764322918538517193e+00
3.077637709124513066e+00
8.302684632129169184e-01
4.279041483406518243e-01
6.082647612251866898e-01
2.402006830242803037e+00
2.111735726011461090e+00
3.012191162918290699e-01
3.179385532073779608e-01
2.811361542228984156e+00
1.969466637901191586e+00
2.222437511295191293e+00
2.909501079851251504e+00
7.825277462066347889e-01
2.015101634688166055e+00
2.257310950215529299e+00
1.162115503282890705e+00
1.264663737127885712e+00
2.119380081351706302e+00
3.957104749902787155e+00
2.343468268770051210e+00
2.593136557803944697e+00
7.132534560476551100e-01
6.392292118274878199e-01
8.397715302001422799e-01
8.309406886045702656e-01
1.281233123196405144e+00
4.888463591477360537e-01
6.058916543284559530e+00
3.135289109009854469e-01
2.361237258754295354e+00
1.142230970743772334e+00
1.118838883402414330e+00
6.192515033168360716e+00
2.579083902715285426e+00
7.502637423989718668e-01
1.665525753158457523e+00
1.734029963306079170e+00
1.926552377794120252e+00
2.081171982077445914e+00
1.788336230892861778e+01
1.537286873434010825e+00
7.717820171440344934e-01
1.123494485862661207e+00
1.528001240713192743e+01
1.704886248219956935e+00
8.464624580558715028e-01
3.241665929675707325e+00
1.208478292643892793e+01
5.907698139480991095e+00
4.452314935902067283e+00
6.023707056784208369e+00
3.475411963241167967e+00
2.751163666312570033e+00
3.192955327509130026e+00
2.975845238389276393e+00
3.593854334734803757e+00
6.790336812584470971e-01
3.249062762773555324e+00
3.396294476377104132e+00
7.085626329165613413e+00
4.872186096777314290e+00
2.358259747882725854e+00
4.073711001503943940e+00
2.254599459896823088e+00
4.824862965555011485e+00
3.429678686285459133e+00
3.676695758638753642e+00
5.114889137001571440e-01
3.703280053533204441e+00
3.278746081391032074e+00
4.164675568801930794e+00
4.471988970440839317e+00
3.426444477249605658e+00
1.877519584671082375e+00
2.809544402265833352e+00
4.087071609709391318e+00
4.041178492621238405e+00
4.084047569149548806e+00
1.109190915054517390e+00
5.729129103840343573e-01
2.663921821447619909e+00
3.215340751034164946e+00
4.071003248723561896e+00
2.888987697250654740e+00
4.433105909684209145e+00
6.152055136986516182e+00
3.700877896291109082e+00
3.358708954790724732e+00
5.291812516106838338e+00
7.612634296171677306e+00
8.086008631255240386e-01
3.640858717235125663e+00
2.744846665764585580e+00
3.394967266191277311e+00
6.067149987891133023e+00
5.007429702738068755e+00
5.463242961476126425e+00
4.177605725837242545e+00
3.605109022998665314e+00
4.015836497357554435e+00
3.089914986553964571e+00
9.447115926447517964e-01
2.799336529819154595e+00
2.569706085883650903e+00
9.423940022870258559e-01
5.998496879245461821e-01
4.763423873170308909e+00
4.396336184734587427e+00
3.673686887492420894e+00
2.782445632768164590e+00
1.739709153871015346e+01
3.411794692623943970e+00
1.002505383824737750e+00
4.320940308272038344e+00
3.252328976371571922e+00
3.445399630222484522e+00
1.743543432941069282e+00
2.658888696228583370e+00
3.622089209096087892e+00
1.247689593913250405e+00
3.042093788241513330e+00
1.966138177351405947e+00
4.954265631358047095e+00
1.241374816440523388e+00
6.481273775021703099e-01
3.855098558235886763e+00
5.383764725021724651e+00
4.512704479103837762e+00
9.177142296462550419e-01
3.061640191274209943e+00
4.568912529598168959e+00
5.655353124381838015e+00
4.817970212664533847e+00
5.323593819892847634e+00
8.027474109706220773e-01
2.649613647862499644e+00
3.470588258937942872e+00
3.410305669222803981e+00
6.358921355400463327e+00
7.132977965878596116e+00
4.973424420988141748e+00
2.392768779880736219e+00
3.242763452046178330e+00
3.526997535054090083e+00
4.207047032705562906e+00
8.238694247796195524e-01
4.379702118799930766e+00
2.209700748566311646e+01
5.830216538697895245e+00
3.246145887813471020e+00
1.408499398046007212e+00
3.892837471122362558e+00
1.295126031974051628e+00
5.885545356453375732e+00
5.199581680727670019e+00
3.329312243826705764e+00
8.104346837447594654e-01
3.192298246976640552e+00
1.639384872024258755e+00
6.407550310183083297e-01
3.174558009788345458e+00
1.639127869897823109e+00
2.517624740474140754e+00
1.520467582683884933e+00
4.172857591478145167e+00
2.682373375919230085e+00
2.562194655954425304e+00
7.153469362188557001e-01
1.207240347298841776e+00
3.510713357681497282e+00
2.518701602623168778e+00
4.490443579927410944e+00
2.873346789438483651e+00
5.379305824645873813e+00
4.482423870196288185e+00
1.575461476041990272e+00
3.000631420481133738e+00
4.064925201554530965e+00
5.051642295215361678e-01
2.261587543297583824e+00
3.467707776091323524e+00
3.374441795117427034e+00
2.860532317645981149e+00
2.901811557943262621e+00
3.807222296717981180e+00
2.382354334594780632e+00
2.836216018811109407e+00
4.401118871753935125e+00
5.855951324667791447e+00
9.949923831560645304e-01
1.106992963576181932e+00
3.643106564544390302e+00
4.653761612646759360e+00
3.433919604345819998e+00
4.516719716483684088e+00
4.254193195928913873e+00
2.883707067953766856e+00
4.019513259984567988e+00
3.740133875622636772e+00
3.209384820372900737e+00
3.822358139734522986e+00
5.185356963724357948e-01
3.198552107775742392e+00
2.658102346852051934e+00
2.247715782966124731e+00
4.143945860298308581e+00
3.865351453490118772e+00
9.273481452181757234e+00
5.214777363772106433e+00
2.889777766886432619e+00
4.746351268763386422e+00
4.647286105909042675e+00
4.930246305779306115e-01
2.963829563366736419e+00
2.237019108539933576e+00
1.975068408998201575e+00
3.530592258109979120e+00
4.031868999891877081e+00
5.922565606014864592e+00
1.451578736371882394e+00
4.465910614870686857e+00
3.993329594537450067e+00
9.432928889171584563e-01
1.560030259078370563e+00
8.904689035443752454e-01
1.379022578894809836e+00
1.720533427549057137e+00
1.426113430457651932e+00
1.890481441693985465e+00
1.818065442046232549e+00
2.886623787194557145e-01
1.143554608020077579e+00
6.563125043358424282e-01
3.096815885607787089e-01
9.193537166562849583e-01
8.309810289926440330e-01
2.012372401573325753e+00
1.966150440106899433e+00
1.872924939758788376e+00
7.820548714900084075e-01
1.416317797477035789e+00
1.310065420713257822e+00
7.061369732628383078e-01
1.247401363010852915e+00
1.106034186652064433e+00
6.970057962902850290e-01
1.741585858646389484e+00
5.185794865664981046e-01
1.159125366576067906e+00
1.113498398488201868e+00
1.420712414175514970e+00
1.205464339543707686e+00
1.701892474794019172e+00
1.366525522269895987e+00
2.248257813194789900e+00
6.333341325695399648e-01
1.359356182168809157e+00
9.936240961320879084e-01
3.447842428556324723e+00
9.311401255801040611e-01
1.278492555283646359e+00
7.442790570493886815e-01
1.030964988957030259e+00
3.206953417668117812e+00
9.372745277800188513e-01
1.110959866705791388e+00
1.524862467012648937e+00
1.846936527219475765e+00
1.190387173976059465e+01
8.820184140669729000e-01
8.045254812007403000e-01
1.702948959997291345e+00
3.258696727401819260e+00
1.927496489094658427e+00
2.594345226541155736e+00
1.627942351851709768e+00
7.728754364337159233e-01
1.261415404728582601e+00
7.268871277956721055e-01
1.345944650766660589e+00
1.106661202655014442e+00
1.027924531471043013e+00
8.611299933507413629e-01
7.200174531365699515e-01
1.993458728499176491e+00
1.694327002236885482e+00
1.132744891862130343e+00
1.106656410066317209e+00
1.663533807927597419e+00
1.106649695633347585e+00
9.315121654588611744e-01
1.086865909252948459e+00
8.266865326245984580e-01
9.520932985063561560e-01
1.392428790505496172e+00
1.635691966666760866e+00
1.296798801450928407e+00
8.622432306724480133e-01
1.890826429343263504e+00
1.620881469422637222e+00
1.577368386734096406e+00
5.594193468215875598e-01
2.162643336814784600e+00
9.977125983768083684e-01
6.286859842235332785e-01
6.714326832665999945e-01
1.545777668878211220e+00
1.586087934235810959e+00
5.217553722290033669e-01
1.237813652402159237e+00
2.032844053325964406e+00
1.009334344248399962e+00
3.554231804808983264e-01
1.175665612604601673e+00
1.338118021318764450e+00
9.050917871308611362e-01
1.208796639703688003e+00
5.842831333109793635e-01
7.437018815153039197e-01
6.352117961322016892e-01
8.014245312264342003e-01
6.267006306590285902e-01
6.977783029926456493e-01
6.185439418962861424e-01
1.357457885536548226e+00
1.477120088065259074e+00
2.391550752890365228e+00
5.316616840981132075e-01
3.702160868468225008e-01
6.505347115979862593e-01
1.183392826916578544e+00
1.125608380636129890e+00
6.471269622028752444e-01
1.753482345709203916e+00
8.330366840612776214e-01
1.231034971325478677e+00
1.094905794427508683e+00
9.548114303838493022e-01
3.235408053770291725e-01
9.483861752443647486e-01
4.938520576999204659e-01
1.366770232859911616e+00
1.478426886136545271e+00
1.330214071348795546e+00
9.009302601777151587e-01
7.962991756052776315e-01
5.276033076052981663e-01
6.147522955580757564e-01
1.198287379310751133e+00
4.566169989639819349e+00
5.414349640452633672e-01
1.095800485885829900e+00
1.430454830577053693e+00
6.670130065067247926e-01
9.649171193875819563e-01
1.686523201682493145e+00
1.062502121033082281e+00
7.783688957722647572e-01
6.875315046490713122e-01
7.300926093681917584e-01
4.267812358066398470e-01
5.390627831682847093e-01
8.581686628955351726e-01
7.943472368377134663e-01
2.487536990147977800e+00
1.393114293090348177e+00
9.462054650577159665e-01
3.068230999586454288e-01
7.261001344298044780e-01
8.312745870928883729e-01
5.345337647300076878e-01
7.014090913144923611e-01
6.139222908842159043e-01
8.505641209728327379e-01
5.736123268218858984e-01
5.975831859361019349e-01
5.721755279288585072e-01
1.938484219971882139e+00
5.952234416236225067e-01
3.884380551819333061e-01
1.090238407459219960e+00
