1.881027221679687500e-02 9.029150009155273438e-03
1.568627357482910156e-02 6.501674652099609375e-03
1.950335502624511719e-02 9.678840637207031250e-03
1.424860954284667969e-02 5.325555801391601562e-03
1.804018020629882812e-02 9.004592895507812500e-03
1.539206504821777344e-02 7.544279098510742188e-03
1.080942153930664062e-02 4.571676254272460938e-03
1.755785942077636719e-02 8.314847946166992188e-03
1.108717918395996094e-02 4.905700683593750000e-03
1.789712905883789062e-02 8.700132369995117188e-03
1.352286338806152344e-02 6.711483001708984375e-03
1.502799987792968750e-02 6.969928741455078125e-03
1.124858856201171875e-02 5.140066146850585938e-03
1.086974143981933594e-02 4.538774490356445312e-03
1.329922676086425781e-02 5.248069763183593750e-03
1.358962059020996094e-02 6.024837493896484375e-03
9.983301162719726562e-03 4.623174667358398438e-03
1.036667823791503906e-02 4.694223403930664062e-03
1.405024528503417969e-02 7.046699523925781250e-03
1.560354232788085938e-02 5.384206771850585938e-03
8.508205413818359375e-03 3.784179687500000000e-03
1.313138008117675781e-02 5.965709686279296875e-03
1.276946067810058594e-02 5.053281784057617188e-03
1.236581802368164062e-02 5.434751510620117188e-03
1.295232772827148438e-02 5.144596099853515625e-03
2.062845230102539062e-02 9.077787399291992188e-03
1.590108871459960938e-02 7.340669631958007812e-03
1.824975013732910156e-02 8.070707321166992188e-03
1.623320579528808594e-02 7.937908172607421875e-03
1.876950263977050781e-02 8.881568908691406250e-03
1.334547996520996094e-02 5.398750305175781250e-03
2.088952064514160156e-02 8.962631225585937500e-03
1.372194290161132812e-02 6.709575653076171875e-03
1.259517669677734375e-02 5.490064620971679688e-03
1.069664955139160156e-02 4.486799240112304688e-03
1.515817642211914062e-02 7.545948028564453125e-03
9.599447250366210938e-03 4.279613494873046875e-03
1.251220703125000000e-02 5.989789962768554688e-03
1.417088508605957031e-02 6.988048553466796875e-03
1.227998733520507812e-02 5.295038223266601562e-03
8.891820907592773438e-03 3.842830657958984375e-03
8.689403533935546875e-03 3.624916076660156250e-03
1.031088829040527344e-02 4.851818084716796875e-03
9.923458099365234375e-03 4.484176635742187500e-03
9.658098220825195312e-03 4.580736160278320312e-03
8.513689041137695312e-03 3.778696060180664062e-03
1.717925071716308594e-02 8.907556533813476562e-03
1.678347587585449219e-02 7.440567016601562500e-03
1.371431350708007812e-02 6.389617919921875000e-03
1.452612876892089844e-02 6.751775741577148438e-03
1.443481445312500000e-02 6.551027297973632812e-03
1.372933387756347656e-02 6.282091140747070312e-03
1.485252380371093750e-02 7.089376449584960938e-03
1.737523078918457031e-02 7.467269897460937500e-03
1.836562156677246094e-02 7.757902145385742188e-03
1.600193977355957031e-02 7.815837860107421875e-03
1.190209388732910156e-02 4.848718643188476562e-03
1.618194580078125000e-02 7.091760635375976562e-03
1.338362693786621094e-02 6.185054779052734375e-03
1.340627670288085938e-02 6.282567977905273438e-03
1.427769660949707031e-02 6.589651107788085938e-03
1.205492019653320312e-02 5.185604095458984375e-03
1.178932189941406250e-02 5.406141281127929688e-03
1.143312454223632812e-02 5.524396896362304688e-03
1.084709167480468750e-02 4.917383193969726562e-03
1.058816909790039062e-02 5.156517028808593750e-03
1.206564903259277344e-02 5.697727203369140625e-03
9.397745132446289062e-03 4.021644592285156250e-03
1.144337654113769531e-02 5.374431610107421875e-03
8.757114410400390625e-03 4.068136215209960938e-03
9.317159652709960938e-03 4.332304000854492188e-03
7.320404052734375000e-03 3.169775009155273438e-03
1.294660568237304688e-02 5.711555480957031250e-03
9.310722351074218750e-03 4.415512084960937500e-03
1.505446434020996094e-02 6.475687026977539062e-03
1.340556144714355469e-02 6.974458694458007812e-03
1.655673980712890625e-02 7.677793502807617188e-03
1.129341125488281250e-02 5.281448364257812500e-03
8.165121078491210938e-03 3.736257553100585938e-03
8.797883987426757812e-03 4.558324813842773438e-03
8.033990859985351562e-03 3.556489944458007812e-03
1.025724411010742188e-02 5.214214324951171875e-03
7.389307022094726562e-03 3.383159637451171875e-03
6.777286529541015625e-03 3.046274185180664062e-03
1.074123382568359375e-02 4.813909530639648438e-03
8.872032165527343750e-03 4.538297653198242188e-03
9.661436080932617188e-03 4.782915115356445312e-03
6.796121597290039062e-03 3.040313720703125000e-03
8.951902389526367188e-03 4.631042480468750000e-03
7.121324539184570312e-03 3.479003906250000000e-03
7.300853729248046875e-03 3.386497497558593750e-03
8.790016174316406250e-03 4.462480545043945312e-03
7.461071014404296875e-03 3.161430358886718750e-03
8.789300918579101562e-03 4.652976989746093750e-03
1.318669319152832031e-02 6.273508071899414062e-03
1.090025901794433594e-02 5.468130111694335938e-03
7.372617721557617188e-03 3.105878829956054688e-03
7.113456726074218750e-03 3.568887710571289062e-03
8.125066757202148438e-03 3.606319427490234375e-03
1.395821571350097656e-02 6.471872329711914062e-03
1.562237739562988281e-02 7.516145706176757812e-03
1.131701469421386719e-02 5.257129669189453125e-03
1.513385772705078125e-02 6.174802780151367188e-03
1.151442527770996094e-02 5.300283432006835938e-03
8.222341537475585938e-03 3.676652908325195312e-03
7.207155227661132812e-03 3.521203994750976562e-03
1.109647750854492188e-02 4.746198654174804688e-03
9.079217910766601562e-03 4.271984100341796875e-03
1.700711250305175781e-02 5.569219589233398438e-03
1.016497611999511719e-02 4.787683486938476562e-03
8.108377456665039062e-03 6.701946258544921875e-03
9.349584579467773438e-03 4.738092422485351562e-03
1.169991493225097656e-02 5.067348480224609375e-03
7.787942886352539062e-03 3.679990768432617188e-03
1.300406455993652344e-02 5.766868591308593750e-03
1.106977462768554688e-02 5.098342895507812500e-03
1.287055015563964844e-02 5.905151367187500000e-03
1.581764221191406250e-02 8.456707000732421875e-03
1.139593124389648438e-02 4.766941070556640625e-03
9.833574295043945312e-03 4.311561584472656250e-03
9.087324142456054688e-03 3.840446472167968750e-03
8.323669433593750000e-03 3.814935684204101562e-03
8.536815643310546875e-03 3.844738006591796875e-03
1.899099349975585938e-02 8.481025695800781250e-03
1.471114158630371094e-02 6.279230117797851562e-03
1.413011550903320312e-02 6.553411483764648438e-03
1.666641235351562500e-02 7.194280624389648438e-03
8.605718612670898438e-03 4.120826721191406250e-03
1.467609405517578125e-02 6.629467010498046875e-03
1.054310798645019531e-02 4.763126373291015625e-03
8.409261703491210938e-03 3.807306289672851562e-03
7.795333862304687500e-03 3.270149230957031250e-03
1.027202606201171875e-02 4.174232482910156250e-03
8.789300918579101562e-03 3.992319107055664062e-03
1.404356956481933594e-02 8.382558822631835938e-03
1.245236396789550781e-02 5.502700805664062500e-03
1.374912261962890625e-02 6.078243255615234375e-03
1.105904579162597656e-02 5.625009536743164062e-03
9.735822677612304688e-03 4.438161849975585938e-03
1.205730438232421875e-02 5.828380584716796875e-03
1.684331893920898438e-02 8.305072784423828125e-03
1.109743118286132812e-02 4.553794860839843750e-03
1.200604438781738281e-02 4.596233367919921875e-03
9.764432907104492188e-03 4.675388336181640625e-03
1.025390625000000000e-02 4.618406295776367188e-03
8.867979049682617188e-03 4.756212234497070312e-03
9.742975234985351562e-03 4.618167877197265625e-03
9.529113769531250000e-03 4.607915878295898438e-03
9.519100189208984375e-03 5.139112472534179688e-03
1.004552841186523438e-02 4.919052124023437500e-03
1.227021217346191406e-02 4.637718200683593750e-03
9.675502777099609375e-03 4.445314407348632812e-03
1.050567626953125000e-02 4.705905914306640625e-03
8.573055267333984375e-03 4.523754119873046875e-03
1.016831398010253906e-02 4.539728164672851562e-03
8.818149566650390625e-03 4.567146301269531250e-03
1.119637489318847656e-02 4.606008529663085938e-03
8.833885192871093750e-03 4.538774490356445312e-03
9.418964385986328125e-03 4.621028900146484375e-03
8.850097656250000000e-03 4.533529281616210938e-03
1.203584671020507812e-02 4.567146301269531250e-03
8.719205856323242188e-03 4.473209381103515625e-03
1.032400131225585938e-02 4.693508148193359375e-03
9.370803833007812500e-03 4.498004913330078125e-03
1.780891418457031250e-02 8.220195770263671875e-03
1.132559776306152344e-02 5.255699157714843750e-03
1.792192459106445312e-02 5.219697952270507812e-03
1.778006553649902344e-02 8.496046066284179688e-03
1.128602027893066406e-02 5.238294601440429688e-03
9.096622467041015625e-03 4.895687103271484375e-03
1.152110099792480469e-02 5.270242691040039062e-03
9.624242782592773438e-03 5.077600479125976562e-03
1.758980751037597656e-02 7.827520370483398438e-03
8.336305618286132812e-03 3.667116165161132812e-03
8.043766021728515625e-03 3.498077392578125000e-03
8.221149444580078125e-03 3.562450408935546875e-03
7.726669311523437500e-03 3.535270690917968750e-03
1.251530647277832031e-02 6.055116653442382812e-03
9.813785552978515625e-03 4.508256912231445312e-03
7.590293884277343750e-03 3.438472747802734375e-03
8.805751800537109375e-03 5.502939224243164062e-03
1.266908645629882812e-02 6.349325180053710938e-03
1.235532760620117188e-02 5.129098892211914062e-03
7.059812545776367188e-03 2.906322479248046875e-03
1.351118087768554688e-02 5.173683166503906250e-03
1.052570343017578125e-02 3.100872039794921875e-03
1.143980026245117188e-02 3.046274185180664062e-03
1.166558265686035156e-02 5.380630493164062500e-03
7.850885391235351562e-03 3.424882888793945312e-03
1.244783401489257812e-02 4.584312438964843750e-03
8.184432983398437500e-03 3.849744796752929688e-03
7.792711257934570312e-03 3.782510757446289062e-03
1.188874244689941406e-02 5.298614501953125000e-03
9.623050689697265625e-03 4.276275634765625000e-03
7.376909255981445312e-03 3.207206726074218750e-03
7.768869400024414062e-03 3.899574279785156250e-03
1.244688034057617188e-02 5.451202392578125000e-03
1.563048362731933594e-02 8.322715759277343750e-03
7.344007492065429688e-03 3.081321716308593750e-03
8.569955825805664062e-03 3.730058670043945312e-03
1.616740226745605469e-02 7.520914077758789062e-03
1.697349548339843750e-02 7.807254791259765625e-03
8.187055587768554688e-03 3.657817840576171875e-03
7.247447967529296875e-03 3.563404083251953125e-03
7.688999176025390625e-03 3.562688827514648438e-03
7.377862930297851562e-03 3.846645355224609375e-03
8.313179016113281250e-03 3.769636154174804688e-03
8.224964141845703125e-03 3.709793090820312500e-03
8.225679397583007812e-03 3.751993179321289062e-03
7.446050643920898438e-03 3.622055053710937500e-03
8.882999420166015625e-03 3.887414932250976562e-03
9.248971939086914062e-03 4.418134689331054688e-03
8.646965026855468750e-03 4.497289657592773438e-03
8.289098739624023438e-03 4.520416259765625000e-03
8.671522140502929688e-03 4.019737243652343750e-03
8.602142333984375000e-03 3.964662551879882812e-03
1.457381248474121094e-02 7.171630859375000000e-03
1.115775108337402344e-02 4.671096801757812500e-03
1.122999191284179688e-02 4.669666290283203125e-03
1.267528533935546875e-02 4.639863967895507812e-03
1.220440864562988281e-02 4.786491394042968750e-03
1.013731956481933594e-02 5.259752273559570312e-03
1.803588867187500000e-02 9.024620056152343750e-03
1.388478279113769531e-02 6.494045257568359375e-03
1.083374023437500000e-02 4.007101058959960938e-03
6.399869918823242188e-03 2.691507339477539062e-03
7.347106933593750000e-03 2.849578857421875000e-03
6.134271621704101562e-03 2.736091613769531250e-03
7.598876953125000000e-03 4.291296005249023438e-03
1.135110855102539062e-02 4.663705825805664062e-03
1.204848289489746094e-02 4.741430282592773438e-03
9.058237075805664062e-03 2.772808074951171875e-03
7.341146469116210938e-03 2.844095230102539062e-03
6.673336029052734375e-03 2.768754959106445312e-03
9.967803955078125000e-03 4.554986953735351562e-03
1.096558570861816406e-02 4.580736160278320312e-03
9.512424468994140625e-03 3.624677658081054688e-03
8.672952651977539062e-03 3.559827804565429688e-03
1.210737228393554688e-02 4.672050476074218750e-03
7.116556167602539062e-03 2.728939056396484375e-03
1.752257347106933594e-02 5.064249038696289062e-03
1.239776611328125000e-02 5.407094955444335938e-03
1.079249382019042969e-02 5.217790603637695312e-03
6.642103195190429688e-03 3.229141235351562500e-03
8.860111236572265625e-03 4.891157150268554688e-03
1.460242271423339844e-02 6.968975067138671875e-03
7.544040679931640625e-03 2.865791320800781250e-03
6.031036376953125000e-03 2.741575241088867188e-03
1.402783393859863281e-02 3.919839859008789062e-03
6.802320480346679688e-03 2.753019332885742188e-03
1.185226440429687500e-02 2.912759780883789062e-03
6.444692611694335938e-03 2.776861190795898438e-03
1.223015785217285156e-02 4.526376724243164062e-03
1.019835472106933594e-02 4.174709320068359375e-03
1.155781745910644531e-02 6.879806518554687500e-03
1.485562324523925781e-02 5.874633789062500000e-03
1.066851615905761719e-02 4.680871963500976562e-03
1.159763336181640625e-02 4.607677459716796875e-03
1.646471023559570312e-02 6.229639053344726562e-03
1.177716255187988281e-02 3.141403198242187500e-03
6.946563720703125000e-03 2.741575241088867188e-03
6.184339523315429688e-03 2.645969390869140625e-03
1.257586479187011719e-02 4.764795303344726562e-03
6.636857986450195312e-03 2.751827239990234375e-03
1.238322257995605469e-02 4.803419113159179688e-03
1.013183593750000000e-02 4.164218902587890625e-03
6.718397140502929688e-03 2.738952636718750000e-03
9.329319000244140625e-03 4.429817199707031250e-03
1.180362701416015625e-02 4.599809646606445312e-03
8.212566375732421875e-03 3.360986709594726562e-03
9.662389755249023438e-03 3.731250762939453125e-03
8.290529251098632812e-03 3.374338150024414062e-03
6.949424743652343750e-03 2.758026123046875000e-03
6.632328033447265625e-03 2.726316452026367188e-03
6.803750991821289062e-03 2.703905105590820312e-03
6.543397903442382812e-03 2.706766128540039062e-03
7.505655288696289062e-03 2.816200256347656250e-03
6.566524505615234375e-03 2.722501754760742188e-03
1.171612739562988281e-02 4.531383514404296875e-03
6.641387939453125000e-03 2.668857574462890625e-03
7.370471954345703125e-03 2.776861190795898438e-03
6.326675415039062500e-03 2.683401107788085938e-03
7.045984268188476562e-03 2.769708633422851562e-03
6.489753723144531250e-03 2.705097198486328125e-03
1.090002059936523438e-02 4.014015197753906250e-03
9.872674942016601562e-03 4.538297653198242188e-03
7.870674133300781250e-03 2.776145935058593750e-03
6.323575973510742188e-03 2.995252609252929688e-03
6.917238235473632812e-03 2.732515335083007812e-03
7.671356201171875000e-03 3.709077835083007812e-03
9.908914566040039062e-03 6.659269332885742188e-03
1.202082633972167969e-02 5.419015884399414062e-03
1.649713516235351562e-02 8.999347686767578125e-03
1.205658912658691406e-02 6.543874740600585938e-03
1.768302917480468750e-02 4.799127578735351562e-03
8.085966110229492188e-03 3.987550735473632812e-03
1.546120643615722656e-02 7.385492324829101562e-03
1.215744018554687500e-02 5.863666534423828125e-03
1.606822013854980469e-02 8.112430572509765625e-03
2.150392532348632812e-02 1.005959510803222656e-02
8.559703826904296875e-03 3.999710083007812500e-03
8.320093154907226562e-03 4.215717315673828125e-03
1.259613037109375000e-02 4.176855087280273438e-03
7.861614227294921875e-03 3.757476806640625000e-03
1.059293746948242188e-02 5.081892013549804688e-03
8.058547973632812500e-03 4.037857055664062500e-03
2.029752731323242188e-02 9.091138839721679688e-03
1.118230819702148438e-02 4.587411880493164062e-03
1.321101188659667969e-02 6.664991378784179688e-03
1.229023933410644531e-02 6.211519241333007812e-03
1.262879371643066406e-02 7.134675979614257812e-03
1.022815704345703125e-02 4.763841629028320312e-03
1.212477684020996094e-02 5.141019821166992188e-03
9.144544601440429688e-03 3.353834152221679688e-03
1.206254959106445312e-02 4.730701446533203125e-03
1.219820976257324219e-02 6.107807159423828125e-03
1.658010482788085938e-02 5.298852920532226562e-03
1.119112968444824219e-02 8.210182189941406250e-03
1.621818542480468750e-02 7.315635681152343750e-03
1.498222351074218750e-02 5.940914154052734375e-03
1.734423637390136719e-02 5.298137664794921875e-03
1.168131828308105469e-02 5.719900131225585938e-03
1.473760604858398438e-02 9.944915771484375000e-03
1.029920578002929688e-02 4.190444946289062500e-03
1.283597946166992188e-02 5.723714828491210938e-03
1.293182373046875000e-02 5.624771118164062500e-03
1.642107963562011719e-02 7.420301437377929688e-03
9.046554565429687500e-03 3.971576690673828125e-03
1.334476470947265625e-02 5.219459533691406250e-03
1.083016395568847656e-02 4.682302474975585938e-03
1.384663581848144531e-02 5.619287490844726562e-03
8.961439132690429688e-03 3.836631774902343750e-03
1.534247398376464844e-02 5.808591842651367188e-03
1.239371299743652344e-02 5.152702331542968750e-03
1.380467414855957031e-02 6.301879882812500000e-03
8.690834045410156250e-03 3.851890563964843750e-03
1.315617561340332031e-02 5.736112594604492188e-03
1.764464378356933594e-02 7.506132125854492188e-03
8.551836013793945312e-03 3.848314285278320312e-03
1.469063758850097656e-02 6.075620651245117188e-03
1.311302185058593750e-02 6.116628646850585938e-03
1.314306259155273438e-02 5.640029907226562500e-03
1.097178459167480469e-02 4.748821258544921875e-03
8.422851562500000000e-03 3.978967666625976562e-03
1.409459114074707031e-02 9.320259094238281250e-03
8.835077285766601562e-03 3.161907196044921875e-03
1.801776885986328125e-02 7.394313812255859375e-03
1.291584968566894531e-02 5.589008331298828125e-03
1.121449470520019531e-02 5.571842193603515625e-03
9.644746780395507812e-03 3.902673721313476562e-03
1.708960533142089844e-02 7.711172103881835938e-03
1.801729202270507812e-02 9.919643402099609375e-03
1.347303390502929688e-02 5.844593048095703125e-03
7.798671722412109375e-03 3.187656402587890625e-03
1.279425621032714844e-02 4.098176956176757812e-03
1.382517814636230469e-02 6.112337112426757812e-03
1.025485992431640625e-02 5.493640899658203125e-03
1.133227348327636719e-02 5.741119384765625000e-03
1.299834251403808594e-02 6.182193756103515625e-03
