2.056604818754261335e-02
5.710346634965473428e-02
2.385825928830279455e-02
1.627840788463252170e-02
8.289197579366362062e-03
3.050346044762654654e-02
3.228902312779051431e-02
9.068092087633173107e-03
4.822578284045953532e-03
1.703675328733350938e-02
5.410550295927470978e-03
6.357588877388340755e-03
7.136453748679567888e-02
2.125014415366177981e-02
9.756405035269382145e-03
8.233402001799238618e-03
3.078095001972759939e-02
2.597043003715747075e-02
2.569810087350089811e-02
2.542997359853159389e-02
1.635340975751884557e-02
8.952386311603822283e-03
1.452221691837004003e-01
3.264842730771937152e-02
1.331842571468434544e-01
1.642727556411376771e-02
5.945176625993613823e-02
5.152777597651944652e-02
6.665188410741300189e-03
2.070537862822375424e-02
1.910455463106561919e-02
1.533520307077945906e-02
3.102665167001129182e-02
3.173513614747672240e-02
4.788136769531319697e-02
6.878831174700862465e-03
4.834403276805115425e-03
1.710352154379564740e-02
8.915675805457880590e-03
1.079723921452034087e-02
2.085847638933940873e-02
3.690564423786439618e-02
1.040866713165548157e-02
6.478756895411094674e-02
2.871667753967327430e-02
2.873265823117368903e-02
2.754690589888223601e-02
2.939704793279741130e-02
1.472952528171039832e-02
7.371240656838066833e-03
1.532945321450743248e-01
1.280883836935168274e-01
1.818568051690547943e-02
1.157941406881708296e-01
9.386276273061462672e-02
1.078419185137432373e-02
1.298177847072661817e-01
2.733776999764410756e-02
2.061878745059568530e-02
1.747572299407502971e-02
3.200231679258364742e-02
2.815836885351300639e-02
1.107922453381130108e-02
1.319601824041872866e-02
4.682594464390120968e-03
1.470413032488030944e-02
7.670326683606260888e-03
1.359775834296317043e-01
1.043341488899119512e-02
1.178679561019341238e-02
2.381017795886138100e-02
1.149269759496943967e-02
6.183578835471040779e-03
2.311147916360683716e-02
2.019424872695350232e-02
1.921542952458162729e-02
3.497707951030195467e-02
2.520524850861827898e-02
1.981973947794255647e-02
1.610569712761394587e-02
1.186250110563324793e-02
1.347625308414275927e-02
1.036954622989714747e-01
5.793756353937650622e-03
1.555373920120857283e-02
1.381231601304998974e-02
3.452721446064918598e-02
5.599334488849722763e-02
5.938578691318966395e-03
5.393714342250203325e-02
1.024872878839415240e-02
1.823804744126766506e-02
6.184435268329412788e-02
2.372433403610753680e-02
1.247390487920765900e-02
1.242749360372491507e-02
1.489408739392247133e-02
1.814563435849932821e-02
1.614713898100248249e-02
8.210622566657099775e-02
3.015976689949001477e-01
3.401595936182839203e-02
1.054978219564407654e-01
3.694170432020877498e-02
2.270506034482750249e-02
3.347689624777290540e-02
3.831168076702994030e-02
3.688064497239909589e-02
1.472229149335124027e-02
5.367566398019706780e-02
5.130718802993510658e-02
3.546121018304198430e-02
1.256426247969071319e-01
1.121489217120287124e-01
4.266007719765178147e-02
1.364690447871004693e-02
8.061553179201491615e-02
4.206084194658274433e-03
7.651325514942509953e-02
1.092103772909947118e-01
2.359264867546435052e-01
1.002873725654987030e-01
3.652659374506494333e-02
2.869224468456419985e-01
1.319899374990217422e-01
5.507701742454924887e-02
5.455588396857538602e-02
6.841655193610041152e-02
3.015635047217318440e-02
3.073852405769826254e-02
2.317597435130284295e-02
1.453818050925637095e-02
2.999122710472370071e-02
2.029997720156062960e-02
1.337301299789752096e-01
6.509732081207078233e-03
3.964576585970240596e-02
5.862051187000334035e-02
1.351257663424665356e-02
1.201365780406368072e-01
8.648301476913977659e-02
1.113094057600981374e-01
1.852832312019017380e-01
7.447783467281637870e-02
9.695837509412950916e-02
9.865231312526591412e-02
1.188574972391231721e-01
5.049119659893095413e-01
2.263063078804799233e-01
1.826097555812856155e-01
1.255830747381352086e-01
4.715798748549691055e-01
1.200066352788202034e-01
1.065978156002680421e-01
4.503616409127581544e-01
1.821060302912120565e-01
2.546924314812052392e-01
2.120365414077838295e-01
2.320628737817077292e-01
1.227153873129055578e-01
6.861816904272225459e-01
3.576762600239991041e-01
1.201195079702633284e-01
2.332735567484718331e-01
2.797302298518572483e-01
2.330044204932187057e-02
3.187590615700650054e-02
5.016674124078822627e-01
3.038531679142148292e-02
3.978650234804440716e-02
2.124657316071430421e-02
2.255761107428766454e-02
1.381357525713947966e-02
2.704352142704699938e-02
1.234994051963124451e-01
3.529170771013066202e-03
5.178939730130164426e-02
8.610309443075535307e-02
4.359269926154222263e-01
2.512553108209835684e-01
1.019815300605794728e-02
1.624799272867535980e-03
2.246668654751309835e-01
6.193064326870671710e-02
8.938148476439736201e-02
7.059166393459928579e-02
1.667150786705888510e-01
5.712596062371667893e-02
5.334145768543046423e-02
4.307865558957427732e-01
3.094243607820585176e-02
3.326499109833646467e-02
3.098117232830013487e-02
3.599512782030191149e-02
1.535160066833176074e-01
1.022856239641443954e-01
2.955621097405749728e-02
3.652504147324124595e-02
5.680163199861577167e-02
5.618642313824927931e-02
4.008468374130931267e-01
1.269679863110893467e-02
5.194872108390451854e-02
1.141851806631238864e-02
3.657222504937978486e-02
4.144989428821085897e-02
1.956093127895854392e-02
1.898979821854738029e-02
4.501659267740094894e-02
7.469327289169154331e-03
1.164925935162898843e-02
5.321273022706862754e-01
4.610498712736232907e-02
6.255457390049017075e-02
6.194528204162667168e-02
2.013880970157191641e-01
1.756108103424467715e-01
7.923930450616548105e-02
1.193178937243951354e-01
1.291153023790750087e-01
1.282517460587389024e-01
9.743524861022613559e-02
2.089231288246982607e-02
2.720228979915074174e-01
1.062197338390424850e-01
1.171689183805520035e-01
1.160113954158782518e-01
1.151362508288501646e-01
1.280952608065315246e-01
1.568586894766852424e-01
1.411449684361952006e-01
1.092680188040139472e-01
1.137730675126721741e-01
1.197347355223554732e-01
3.981663694252535191e-01
1.625427015883639248e-01
1.086844723195307949e-01
1.031207130244981979e-01
7.512622977338236085e-02
8.099994925711587190e-02
8.842598766779984076e-02
7.905648677056195672e-02
7.724194875217905987e-02
8.137084052192369854e-02
1.438837962145982918e-01
3.691593219317403363e-01
1.800175933093582092e-01
9.372761224484006670e-02
1.238099627695195271e-01
2.634503939447128129e-01
2.280099889266355706e-01
1.405124128663677863e-01
1.207510947811153146e-01
1.463295678346335227e-01
1.561113985556940031e-01
1.390796759005819005e-01
3.726564449996648265e-01
1.266376305183159190e-01
1.278271760936413592e-01
9.166588247178765470e-02
1.701109732389516904e-01
1.664193030614249946e-01
1.764553145960288394e-01
1.920681292803390616e-01
1.953187880973270285e-01
2.431064671961462587e-01
1.025562750738630985e-01
3.336397411899013066e-01
1.391444497620165643e-01
1.032768690563426045e-01
8.117258082593779844e-02
1.371179096583862167e-01
1.180150403912706980e-01
1.145893593251215148e-01
1.025153432228973482e-01
1.074650057823517552e-01
1.284097623279673028e-01
7.958816488784817289e-02
3.906719647866974676e-01
1.177277117541398466e-01
1.529453397503343637e-01
7.243539952655247971e-02
1.375915104330692196e-01
1.658665736690948800e-01
8.988465047946531117e-02
1.213105021483728146e-01
1.030708924238623869e-01
9.558670481019584941e-02
1.425476820891864727e-01
1.691363846195721721e-01
1.571227708642019411e-02
1.916411656571197913e-02
1.312219787767242123e-02
2.253088051905695333e-01
1.319613373104680347e-02
1.809755777132922294e-02
1.806860369484600964e-02
1.808300789206908343e-02
1.327032006171900876e-02
4.045950351977241344e-02
5.165696166486696134e-02
4.028624787577482491e-02
2.358342295456175922e-02
3.073494380193663930e-02
2.263814587977423520e-01
3.069971801778841741e-02
1.581196985294024138e-02
1.707018649689296189e-02
6.501077634904109392e-02
1.289073003611155774e-02
5.212369356272861937e-02
1.650024126384179446e-01
3.127082744405357273e-01
8.466923781452966036e-02
1.901157424410274688e-01
4.463703574286955189e-01
3.939385306635389411e-02
3.011500237450585871e-02
2.486252601758329531e-02
2.986119745814570792e-02
5.813222516967084252e-02
5.039083822364452681e-02
2.168350851485955841e-02
3.404983282918758875e-02
1.062657182759859861e-02
1.030391316677055184e-02
2.563851864869064467e-01
7.449683184916019475e-03
1.345365341583983250e-02
1.250256606186769467e-02
1.246343282865019879e-02
3.050364177589701686e-01
3.387368417328692066e-02
2.262443438914027438e-01
1.279401800393050737e-01
1.296510048443269558e-01
1.761137465683891845e-01
4.456674435467802842e-01
1.180879901049154690e-01
2.541553543275062305e-02
1.369512564901646107e-03
6.200111743150872774e-03
6.626363036244303263e-03
1.668861101116487014e-02
1.681435043449452590e-02
9.493811130884989916e-03
7.293722489163780541e-03
7.557985610885237238e-02
1.525640777125265024e-01
1.275269020200201636e-02
8.688552791494111999e-03
2.296198432221431898e-02
8.938214114382399267e-03
9.762482303443593967e-02
8.937757345214891735e-02
1.131878202447419643e-02
3.829121964489375779e-02
2.806829168934208904e-02
1.508634800027243254e-02
