3.807667313641445450e-02
2.136413408599906541e-02
2.389972630562127998e-01
1.069013419047398633e-01
6.503056792681878584e-02
5.550617189781078403e-02
6.385050366117053788e-02
8.932555761367737268e-02
5.460035853769653474e-02
2.176611468546238437e-02
1.985199090366165375e-01
2.468534585795689740e-02
2.306452043595667301e-01
2.567095146602496256e-02
1.060598894946267606e-01
8.496326329486077189e-02
5.606478767212364628e-02
3.103251034044539336e-02
3.812242843554593946e-02
4.122188486439103822e-02
5.279579478877870907e-02
6.520825982957266509e-02
2.397667123255933230e-01
2.852426057565824943e-02
6.845868354695842928e-02
2.730263229871883815e-02
6.904386945069117265e-02
1.696222513291834877e-01
9.122447364143370097e-01
9.615913369498635399e-01
6.531634141799447235e-01
1.418070147062497233e+00
8.869414016995035288e-01
8.311540821422834791e-01
4.922062380013353389e-02
6.660900287346797066e-01
2.091318558802052474e-01
7.672680250420856884e-01
8.151727164341749932e-01
3.701405679734557364e-01
2.657037624285420452e-01
1.201991845296390027e+00
4.906148847706983673e-01
5.134486749111720760e-01
8.016429929241400965e-01
3.746815240011394654e-02
5.721446650833983405e-01
6.947497073876078844e-01
2.920097765600480622e-01
4.224072196238089494e-01
5.988305246246233837e-01
8.336754022418476628e-01
7.637457251309803796e-01
6.816251600519457332e-01
3.175866910777597751e-01
3.614971344721467084e-01
4.756867755292425864e-02
3.262174047436054991e-01
3.972832426707677556e-01
3.832842307948015059e-01
1.028039148794644531e+00
2.668588386341901320e-01
6.860593122534291988e-01
2.881835153067046629e-01
2.977780963460774921e-01
8.564603072449346044e-01
9.752928149642811073e-01
4.295922506818710546e-02
4.711901381905981290e-01
3.952760587754842736e-01
7.508360862277627668e-01
5.679729728808869949e-01
1.328466762797634315e+00
4.941541087530499365e-01
2.733444604009687695e-01
2.450582962662436193e-01
1.301230515776409025e+00
4.032835047296510211e-01
2.005973649442809731e-02
2.565224510464110194e-02
2.436594868669547942e-01
3.827465988333260405e-02
3.070684152606278916e-02
2.224041069597028075e-01
2.252700260618881178e-02
2.017048651512412874e-02
2.566535192426678755e-02
1.966940245474498375e-02
2.657322225895977774e-02
2.875389636338795615e-02
2.514154931632641213e-02
2.005108456749075951e-02
4.928411471456151625e-03
3.201230617356186359e-02
1.590905612853660278e-02
2.938207971636169411e-02
1.946760284427785995e-02
2.689323720160154575e-03
2.716193331583398665e-02
2.565055882411112695e-02
2.333670711765190031e-02
2.165303100259778277e-02
2.348472617456837455e-02
2.596367427062913971e-02
3.095101733377799216e-02
2.408894218057633374e-02
1.663651592267009413e-02
1.825061455126805385e-02
2.825846547957748534e-02
2.898937899375630955e-02
3.100815707204008717e-02
7.444967696446001815e-02
3.174996862351742860e-02
1.882541467908755914e-02
2.501171765274392764e-02
1.369006183009840172e-01
2.058625361718070465e-02
2.957507018603651103e-02
3.800145883858578599e-02
2.937524907269527599e-02
2.576418466878549474e-02
3.635102017654066181e-02
3.755301654323053850e-02
3.804209528584009264e-02
2.638593664538256903e-02
2.144162994369168407e-02
2.688270439540826548e-02
2.786291451009107953e-02
3.323589571527671427e-02
3.601817965901542989e-02
3.164588814820831764e-02
2.531640971048877350e-02
2.909903175683773227e-02
1.789536353192547335e-02
2.327121122435850745e-02
1.825055984138030524e-02
1.861748232276144374e-02
1.424978229472705360e-01
1.256256535847149747e-01
2.600178672907116351e-01
3.041255584699193923e-02
2.443350135130559209e-02
2.045148465819392539e-02
1.977825001656103032e-01
2.181245007989434173e-02
9.052675691097640531e-02
1.789927641947507420e-01
2.490250618151251816e-02
2.346664544179404011e-02
9.047158009730051423e-03
1.698425156515783949e-02
2.151891526892159637e-02
6.864970124555380519e-03
1.341244106921465028e-02
1.147395805013889936e-02
3.401229764946508971e-02
8.595462555892098566e-02
6.547537853906315597e-02
4.002633676046791697e-03
1.200845643921488563e-02
3.443228349014692408e-02
1.352010087109908332e-01
2.301678831100140155e-02
3.477355548501644827e-02
3.736877810620494178e-01
1.852281916133371453e-01
2.923692595271115691e-01
4.292466937796385329e-02
1.755904579898059231e-02
2.727968671830830957e-02
2.648465183021209146e-02
4.204497698582506521e-02
7.010456667165634870e-02
2.119057534492040651e-01
1.340139996284771436e-02
2.446099929970710352e-02
2.728728143288100191e-02
3.241159287036531750e-02
5.980290813090059082e-02
3.362937475480844846e-02
3.663800737135322616e-01
1.699023663082092905e-02
2.278124839437016200e-02
4.519829678917979508e-03
2.300407002626160893e-02
3.200267813836075916e-03
2.462831084040827123e-01
2.585188681832099045e-01
3.424940081447874068e-03
5.117510726357588080e-02
2.535422997245116716e-02
1.363372819768901290e-01
1.234836821550174407e-01
2.619987261831546732e-02
5.978009052481354606e-03
1.118176653534644349e-02
7.642639930338761441e-03
2.632610554018966278e-02
1.444005324462354321e-02
1.458863557046908253e-02
3.634273740031148531e-02
6.247215621201454398e-03
2.985681569419501233e-02
1.267578563919003094e-02
3.308183667678540191e-02
1.623017178971344551e-02
3.913018440297394429e-02
2.599005920843803011e-02
8.155510327171018939e-03
1.731450835483877571e-02
2.730526056846391270e-01
3.439015130339218712e-02
1.847087962353524682e-02
2.125475080279426443e-02
2.524608457338865450e-02
1.910945685381423495e-02
2.104669195698700979e-02
2.336143058865399261e-02
1.666554309056900857e-02
2.208791488128694636e-02
3.371178118212175834e-02
3.827404828005843973e-02
5.439369322689437819e-02
5.551080132889121832e-02
2.835052033139862093e-02
3.405306059233026428e-02
2.623319266339811662e-02
2.440762509897143051e-02
3.269032303725007832e-02
2.076179949379437784e-02
3.231125652158436945e-02
2.895355848303479696e-02
2.557009605127652518e-02
2.966362349696303677e-02
2.437919394339415138e-02
2.423588211964699049e-02
2.213930478520160713e-02
1.694254773023901040e-02
2.500700183063237284e-02
2.096986305617933380e-02
2.170262252701274028e-02
2.538356526091964382e-02
2.210929264382243201e-02
2.931012961054768953e-02
3.188774200742116455e-02
2.325884321999622736e-02
1.702765854182359401e-02
2.793866156188318239e-03
1.386834117330764359e-02
2.621393390219979233e-02
2.500981284102526958e-02
2.750243594252478885e-01
7.770728552587255651e-03
3.378683669607931983e-02
3.276146020218281135e-02
2.715719995607501214e-01
6.895840638271108491e-02
2.532192925045711474e-01
2.284153974807695553e-01
4.359189138916777506e-01
4.329922700522603751e-01
3.502022094419867670e-01
5.070607604414840708e-01
1.426356633413949915e-01
3.014065742341965337e-01
1.636301686398527189e-01
1.676227738917317189e-01
2.615794255425893736e-02
2.978641420543378104e-01
5.546056503892062839e-01
3.837209176795863819e-01
3.971419710370774347e-01
1.916493556533224174e-01
4.590106099428095665e-01
4.910565903164978430e-01
2.387127274154575984e-01
3.574986456530817591e-01
6.036958888403760604e-01
2.811365050411464631e-02
3.652784687071748415e-01
2.212433190217874823e-01
2.820203354430702025e-01
2.315564946639592503e-01
3.169584660536105547e-01
2.259058668869101394e-01
4.194556889895664220e-01
2.858436640106877813e-01
6.543449318920543378e-01
1.469209385147332847e-01
8.274001413904308322e-02
5.111375482281368399e-01
6.085878792544797689e-01
2.349231897423396109e-01
3.098469035959466877e-01
1.566564592661142952e-01
1.623380701160450912e-01
7.971153703830621273e-01
2.435206596650442423e-01
2.049040783842467073e-01
4.240767517577406776e-01
1.340376185183444480e-01
1.240423684116174208e+00
2.164173644888200687e-01
1.724133084256493920e-01
4.937132140222116328e-01
8.501037576586409905e-01
4.148037610611636228e-01
4.700482476169984269e-01
3.750739623099110243e-01
1.820919557097414876e-01
3.242720741895189218e-01
4.183648646205571225e-02
2.407130924890023838e-01
2.352564093800850742e-01
2.440625240012987140e-01
2.047175630088899911e-01
2.596671342078951672e-01
5.450473429425310989e-01
3.753542993003318728e-01
2.849927283055393445e-01
3.180980030185645013e-01
4.911773632854498639e-01
5.550841500359108421e-02
1.993832340191437069e-01
2.468503575585004883e-01
1.472443901851937242e-01
2.119947724788145693e-01
3.978703630612929754e-01
3.718805291624879827e-01
1.991036822073445622e-01
4.271961888221657566e-01
3.447858386257520724e-01
3.474701520437819546e-01
8.503661319611328928e-02
2.624004376508530870e-02
6.954039542170976640e-01
1.978616527107324996e-01
1.880269313539767728e-01
1.730439216941177527e-01
3.566840780227762409e-01
4.496404593721395337e-01
1.230702657636153913e-01
3.732768640622762812e-01
5.138450335881352693e-01
2.345682220106889704e-01
2.019844785509495103e-02
2.750734332180924113e-01
2.856665876353592926e-01
2.018355633522708192e-01
2.676374218059199839e-01
3.862653346874047600e-01
3.352577958269164354e-02
2.973062634062365039e-02
3.669040413280787866e-02
2.616374152683749107e-02
5.943631252206899029e-02
2.597519018966737078e-02
7.916146712663417462e-02
6.584720414441791458e-02
1.682456062026955745e-01
2.782258894133637916e-02
2.997985432025451757e-02
3.950552356907014590e-02
7.231146380083507130e-02
7.605689524449910088e-02
2.679224491656316889e-02
8.882104066307601464e-02
2.814211180578377047e-02
5.526191076053827561e-02
4.967486337996996487e-02
3.171758936983565258e-02
3.063964520415400281e-02
8.876452645444798950e-02
8.685619476986516929e-02
4.401937361688493255e-02
1.190276246268717752e-01
1.063342809843195180e-01
6.798865325725141073e-02
3.549391716600017177e-02
2.655326141582066424e-02
9.653823353369141158e-02
5.996319044667666048e-02
3.225593718949533173e-01
2.866887856449334970e-02
2.881142885132488840e-01
1.869822588105167771e-01
1.021508281071544649e-01
5.516668790436032171e-02
2.533140203136608481e-01
1.370500154575227947e-01
1.870553429887926791e-02
3.022602235296813211e-02
3.503106455995794871e-02
2.122632370705797300e-02
3.474388171713627821e-02
4.122168989036101988e-02
1.976847625673868458e-01
1.715045527006005821e-01
2.195576725119125217e-01
1.067542213809957868e-01
2.947765574242611208e-02
3.590738949396690000e-02
9.104071226816323747e-02
2.788960186578924583e-02
4.728286521741611320e-02
4.135502806606410758e-02
8.466044161499795828e-02
3.617541791380093213e-02
2.860014765505642861e-02
2.705255925945376783e-02
1.179138752765835907e-01
2.082129864516506224e-02
2.735628027709561053e-02
6.484249603553939034e-02
