1.262824039336000581e+01
4.913105444151059764e+00
4.054387360471447543e+00
1.463836608540002304e+00
3.397612015393398188e+00
2.669657813385476253e+00
3.944151927920045986e-01
6.306340362624283991e+00
1.233432341479255179e+00
5.721325012056283299e+00
1.763806292475222914e+00
1.404761528436082152e+00
2.154713071351155029e-01
8.861155555217710145e-01
2.117304594846228571e+00
2.272263588114477706e+00
3.190440806691587916e-01
2.004133031377445029e+00
2.642611740961847921e+00
1.410989555295417475e+00
3.214348662384571398e+00
6.477179118379614575e-01
3.683493204573742741e+00
2.291761573720536571e+00
2.858304108525065779e+00
2.638525101621548519e+00
3.474835494178280526e-01
2.939516801751391184e-01
1.318478374516519391e+00
2.608867829584029963e+00
1.896534780223177785e+00
3.743707852133143721e+00
2.731775725621021778e+00
5.679681083374799044e-01
4.447377035184426397e+00
6.371523885214931404e+00
1.250184769546933250e+00
4.859267227345314133e+00
1.129781854917996320e+00
1.548616735028365277e+00
8.602188884321486650e-01
3.365524806719188966e+00
1.403254693009217124e+00
4.956923061970964217e-01
2.113895188481163423e+00
2.779478193518490681e+00
2.611405122562541870e+00
1.405497371447670618e+00
2.739766086633288467e+00
7.782202080731260851e-01
3.241687060359280892e+00
2.414512680550593871e+00
2.554142681135967763e+00
2.102253652321190158e-01
2.707593266160432943e-01
1.254463684817846092e+00
5.198691621962339582e+00
3.060453673878974268e+00
2.993356735687108028e+00
3.405469971393810358e+00
1.928360942961531821e+00
9.154703536654275053e-01
2.507028042223108599e+00
5.554366066411350111e+00
6.798284542524263285e-01
2.932234997234061780e+00
1.094603226032231147e+00
5.234832839307118846e+00
1.092086234304680215e+00
1.731979411066156160e+00
1.866356611488275696e+00
1.871109268731170561e+00
2.423853761193178968e+00
2.528709853898872262e-01
1.095201983104737042e+00
9.390703938630523551e-01
1.696867454861622493e+00
3.596753638080557369e+00
6.526973577536177018e+00
4.975068604056898103e+00
1.764171991987967480e+00
1.898404440273036009e+00
1.326436683248455539e+00
9.946319296597126991e-01
1.848685870721887170e+00
1.459498610691919662e+00
1.366412374372301786e+00
7.115528279994739691e+00
1.288278914963277622e+00
5.516340111201035512e+00
1.734787070901937955e+00
5.101442568376810982e+00
6.918211239157374237e+00
5.216250130631795656e+00
2.034956049539543788e+00
1.652842933314345064e+00
2.304819755080812715e+00
2.056375892437987574e+00
3.311749596760527048e-01
3.405874036724086285e+00
5.713786544399789280e-01
9.294794314739470709e-01
2.790177884412217590e+00
8.003353552255900727e-01
1.424930510616932544e+00
8.860888725360085427e-01
1.386578174838065891e+00
3.062252311791048509e+00
1.999829467837127117e+00
3.554430843833650044e+00
2.434517157098726514e+00
9.001154453609080619e+00
8.788377993782614528e-01
1.181826876332494836e+00
2.395386175027780506e+00
9.586397776501983659e-01
3.147002250251864197e+00
1.707600323890489324e+00
5.610387505167595101e+00
1.297822894987514797e+00
1.062474835090424996e+01
1.502008388173905473e+00
1.186240593403026367e+01
6.010673838354002596e-01
5.680498906200541320e+00
4.935572344034056869e+00
1.987135860513613572e+00
2.832006380329218587e+00
9.787786534298191787e-01
2.965430733976313959e+00
2.709692139763921759e+00
4.032584389164399763e-01
1.165541256306810380e+00
1.204046723013783016e+00
3.948296981215812518e-01
9.514441579070790356e-01
1.913147964057055006e+00
2.704101869913842826e+00
1.179578025806616859e+00
2.855482270050508475e+00
7.070191604504409977e-01
1.586490087265786775e+00
2.154439771420761041e+00
1.276159438962368275e+00
3.179712519847985308e-01
5.392448898636431620e-01
1.308362407509779723e+00
4.020313847623942394e+00
1.361764475789797757e+00
9.854092919955743657e-01
7.976232648877079612e-01
3.988409021209935901e+00
1.944601403362921754e+00
1.188178294601839324e+00
2.487348441493932860e+00
1.106229462549463083e+00
1.115598441810790042e+00
2.817078261915192172e+00
1.002834186647118653e+00
1.072314477137930266e+00
3.952496685658938524e+00
5.481640658771437025e+00
1.355328975570640582e+00
9.048077897965918215e-01
3.907998324704766713e+00
4.507869089148196728e+00
1.350931618557940439e+01
1.538022645967126678e+00
2.299736509104894022e+00
1.090956346625902640e+01
1.089961363162434527e+00
2.903020310289770922e+00
1.711592163881046513e+00
3.393108340108047294e+00
1.570817596156613094e+00
2.559117973838515692e+00
5.427813415091017113e+00
1.410395591321858433e+00
8.722680027783842327e-01
4.005396848550478728e-01
8.060854053025408028e-01
1.955166449171264365e+00
4.520738492875927328e+00
9.623961780121221832e-01
2.325504229108857679e+00
1.851108950405952580e+00
2.790710671409116994e+00
1.177246051296635176e+00
1.108412320273558294e+00
1.136627263444220048e+00
1.155225573410713524e+00
1.200918498754703689e+00
5.130639789689976915e+00
4.026447048724014266e+00
5.657132023636083140e+00
3.007587302845669441e+00
1.570297789335272975e+00
2.323309448934860466e+00
1.155753109121564481e+00
1.239439267486998064e+00
1.537604802856797015e+00
1.424499844803369442e+00
1.394871798510195715e+00
3.605222019473146577e-01
4.146719292062696627e-01
1.300622180057144694e+00
6.767832096200490088e-01
4.681774087443693055e+00
4.424705528365402429e+00
1.750269359480468800e+00
1.572611620935617793e+00
1.291083368664315278e+00
2.483101645925058776e+00
2.962172437386386914e+00
5.090193827367848201e+00
8.429768239645034633e-01
2.067047167464855395e+00
1.213318077204389223e+00
7.254723459104791550e-01
6.738419981107334200e-01
9.752395576869304916e-01
6.931918555387597269e-01
2.558359121198399588e+00
1.357920604055645741e+00
7.715632635448301802e-01
7.806111975122052016e-01
8.967703911252243865e-01
8.836236123522545061e-01
7.704947999097299105e-01
1.314220982357986456e+00
1.094403646633205884e+00
6.557415503074145446e-01
7.507180717520069990e-01
8.787922153697936833e-01
1.942593535469884891e+00
1.574442350269472213e+00
7.586160644843673584e-01
1.167526218945209804e+00
7.494159287237860401e-01
9.684788655883979080e-01
3.955942686773019634e-01
7.679968202820939283e-01
1.120498763435646250e+00
5.589759535983748195e-01
1.222494796379551163e+00
2.090401117557921573e+00
1.963405077232398765e+00
7.467545464345193285e-01
9.788764271187951893e-01
1.454778568919558035e+00
1.774163514220155724e+00
9.925480516361692152e-01
1.066159684977918465e+00
1.018584672380362210e+00
9.466932374458953969e-01
1.037843502325491052e+00
2.308754149276710077e+00
9.206708365815634565e-01
7.614551485484996052e-01
9.819797928974327572e-01
1.313759759302230101e+00
6.212937350059916097e-01
1.317014112500362044e+00
1.061494315299663427e+00
1.818522143927456147e+00
1.859652652579724341e+00
8.576809461777322730e-01
2.111173844486138762e+00
1.455037094890645477e+00
1.052688186463643483e+00
7.069661637751952776e-01
9.514111154580339180e-01
7.873303725938288755e-01
1.032829212059178214e+00
7.765264394540014603e-01
6.646996802622809897e-01
1.139030413799059671e+00
2.929551699057472813e+00
1.179974138557567276e+00
1.231341562369701492e+00
7.489331962543372967e-01
3.776222631720072442e+00
9.160135864612567458e-01
1.138831822948143557e+00
1.040506333137578787e+00
9.480200558553155687e-01
9.290298146549720304e-01
8.006289130239575558e-01
1.308455426402587607e+00
1.399702484647366907e+00
3.011225193793046540e+00
1.618009490324869182e+00
4.161910208153302371e+00
1.806049061191728144e+00
4.458515076962146217e+00
1.497472098060193435e+00
1.851887275446993497e+00
1.499205193494315136e+00
4.783277364737259951e+00
5.586494526582034048e+00
4.469049846904606937e+00
5.565818486623814287e+00
3.746503534302975780e+00
2.552835038453912464e+00
5.998237046968947217e-01
2.545801163431371528e+00
1.794509725134015410e+00
1.398776502960472179e+00
7.307438521422514599e-01
2.860949385361559738e-01
1.702680430333729955e+00
5.517544706994280901e+00
5.840625182978408603e+00
2.502201341680277746e+00
8.184117653949496418e-01
8.451060951472082472e-01
6.388323887696659042e+00
3.865719882160408183e+00
2.850700846317859583e+00
2.517589693686299590e+00
2.955440515963639658e+00
1.614599171641796893e+00
9.185497177553750836e-01
5.982748400812402778e+00
4.968185443151352132e+00
3.755652963745029549e+00
5.348905020920566855e-01
1.415060875301130672e+00
5.328388897167584126e-01
1.073001722730172025e+00
1.073032509939241930e+00
1.183509789148867775e+01
2.120232513124729490e+00
1.060676092708269813e+01
2.561587031524565017e+00
3.623485061622838899e+00
2.771847098840267698e+00
1.658996326070793614e+00
2.116037888435765790e+00
2.714753992727720888e+00
3.828710103333022197e+00
2.118558619416224698e+00
2.116181209227331106e+00
4.778134384795522216e+00
4.802043818818109600e+00
1.959742762121097215e+00
1.244449627023111571e+00
9.327005239254592128e-01
8.295106300415319156e-01
1.155362779822294739e+00
1.196689581544793324e+00
2.689680980007677302e+00
6.699353063360539151e-01
3.517237628203188304e+00
2.860074333942078439e+00
1.607463144780893805e+00
2.157997427986404204e-01
2.294054650666784712e-01
1.418815015488792408e+00
