3.375518580580372241e-02
2.819001713054049632e-02
9.495727419355003140e-02
2.883363274406204949e-02
4.648958466837913722e-02
8.078167367069724603e-02
9.226693418135234470e-02
4.178209285210870982e-02
5.029662777582072364e-02
2.655028091331105081e-02
1.866789672886266516e-01
3.733674594771046323e-02
6.983098999428111187e-02
2.544082450668183615e-02
7.011343533876153444e-02
1.386706370533359045e-01
5.060869695864128603e-02
1.818291847855070184e-02
9.756852159047391115e-02
9.728002918727322867e-02
8.070558211397477200e-02
6.624015488544041097e-02
3.434855347739431686e-01
5.888937485041343539e-02
7.165758353541049064e-02
9.625774681066763538e-02
6.664800850538045440e-02
1.725933133714467049e-01
5.849703922238519427e-01
3.956595614362524160e-01
2.331573224567785318e-01
3.331739281593347202e-01
3.204260051255619079e-01
4.436303104980225953e-01
7.178380934975990557e-02
9.756466745585985478e-01
2.625962554557964013e-01
6.659151197765827979e-01
3.604830236322083548e-01
9.378432477572379300e-01
6.142662155274406510e-01
6.565363281254593675e-01
2.994889740835393610e-01
2.796967530699119853e-01
4.540402559098085100e-01
5.164521544847250345e-02
6.145215708950849676e-01
7.055105565178280136e-01
2.091938574444668630e-01
3.850206650194232805e-01
3.990033869128741251e-01
6.005475782575611099e-01
8.401559034753137700e-01
6.728569498060591458e-01
4.338496988349517802e-01
2.892336782308526644e-01
4.226345767296239148e-02
3.664013147150198546e-01
5.845847570279191219e-01
3.815731298301982544e-01
4.853788389803896375e-01
3.460908983117336746e-01
5.729304750425847637e-01
1.794270964193417639e-01
3.612905130447116586e-01
5.872166638845909281e-01
4.173448483524362373e-01
4.454019845594765076e-02
3.682834671114070813e-01
2.537567986176426649e-01
6.012995087253357740e-01
4.373295749013719758e-01
4.876637743101748801e-01
1.859664662633655208e-01
3.084513943167252470e-01
2.056990999442275536e-01
5.187472374505928130e-01
3.085218754978927280e-01
3.844132197050451755e-02
2.764630904719009036e-03
3.775557029777582702e-02
2.217541956751575925e-03
1.988697808477077594e-03
5.684723344600069866e-02
7.616299167191547918e-03
5.189282990531530852e-03
5.543719749920991528e-03
2.361474496007049360e-03
2.048268259787038460e-03
8.027554796746037835e-02
2.709841830508034899e-03
3.793800782780966732e-03
1.339204780895313128e-03
5.568847904011360594e-03
4.477143761510643007e-03
2.792732327400043735e-03
3.270791599334681166e-03
9.590863901100051166e-04
2.385458690210580119e-03
3.811274851080369720e-03
4.932364334774966275e-02
3.118421837365018597e-03
2.244863145509878172e-03
4.677216082821096868e-03
5.278042079899752763e-03
3.304498362766772248e-03
2.368460141025007393e-03
5.569130243118932365e-03
2.181431588768151155e-03
5.615027601089186103e-03
4.021970331704959219e-03
8.809673596875074175e-02
7.402019320879249520e-02
2.552585531026394742e-03
3.574879983140916758e-03
1.493502345922667618e-02
2.878811361416529300e-03
4.392798445132218253e-03
1.990305027881764111e-03
2.790582608152466972e-03
4.833212018613705120e-03
3.913624904014289738e-03
3.578231510214479900e-03
4.429482487525542717e-02
3.235377739939861771e-03
4.772801245237402561e-03
6.302783162981199887e-03
5.699412863817382262e-03
2.307952838445490821e-03
3.958917831968619162e-03
3.267090585519908871e-03
4.092518797286337495e-03
2.831518903847203127e-03
4.199728124181332546e-03
2.926778632381672393e-02
2.850154541123809532e-03
3.564138422747499448e-03
1.421220213150021783e-01
5.826240455782249507e-03
6.471017009678094178e-02
2.155058718549102657e-03
2.714115350556444133e-03
5.138579093664577720e-03
3.937684265322213828e-02
2.174101744638065950e-03
4.105666493522580618e-02
3.024382852862536608e-02
3.566102692710038016e-03
1.262109025974320758e-03
5.979462458678942542e-03
3.077638293098188677e-03
2.464462248027101624e-03
2.312288252667331952e-03
6.578234372579154672e-03
4.597048187744865073e-03
3.548032289363946008e-03
1.186376865696032318e-01
4.444736015282584746e-02
2.039403121517895101e-03
3.180656889588190459e-03
3.911427068682986688e-03
3.208214069424855652e-02
2.593494430887261643e-03
3.031173190224559482e-03
8.824140951044841252e-02
2.054570232278691080e-02
7.178324120609767822e-02
6.464022781855557898e-02
3.402362036035402881e-03
2.478575857062126353e-03
2.951654150965977736e-03
3.020519903071940734e-03
1.087966362450723014e-02
3.207100088041216907e-02
1.088978741395184822e-02
2.919395623435608236e-03
2.739882993746234081e-03
1.973467295003909772e-03
4.533086933735708257e-02
5.052643632803394645e-03
6.774079542803980447e-02
5.071261879118406195e-03
2.813964410789933281e-03
2.867807211312058558e-03
2.910198637020468184e-03
1.549273231498646307e-03
4.196453499254090141e-02
2.875433694838836277e-02
2.901359951243947383e-03
5.995994243468483198e-02
4.675805555176674490e-03
4.730275863964168021e-02
6.134589232574513828e-02
6.112234185206774639e-03
5.516309834501634084e-03
5.664050100937051586e-03
5.945616000714929773e-03
8.314511345141670576e-03
4.094585727308269578e-03
2.800739111775949614e-03
4.567020689633630864e-02
5.943621115931409932e-03
2.451435536170409359e-03
3.494340679262745303e-03
4.239109675513962928e-03
5.709292553515785650e-03
4.280546339446169614e-03
7.043274124378849643e-03
6.981144571610989336e-03
2.571730049703511208e-03
4.265060507298348846e-02
6.240556790496996215e-02
4.939545476386247337e-03
3.350906679032642031e-03
8.103752098076370466e-03
4.904178413636113565e-03
3.337496482125952568e-03
4.804478337258239612e-03
2.092756542272566998e-03
3.521659688965968812e-03
7.660756871480714318e-03
6.612798792531876524e-03
6.235304312061451526e-02
1.104392214382623888e-01
2.638455633357378316e-03
2.703705992488068550e-03
4.531700515742849954e-03
4.087466169916858030e-03
4.970931923597352725e-03
2.881201138509426486e-03
6.050276871205221944e-03
5.637979806011331023e-03
3.028034169709759027e-03
3.811711682294445947e-03
9.042124231115837574e-02
2.290421263525591489e-03
2.741098159091541562e-03
9.535556664396566129e-03
2.695913364602239761e-03
4.078476412760516888e-03
4.914217923251967303e-03
5.943176037754019196e-03
2.257857387272623959e-03
2.505853975131526468e-03
5.209475432081964695e-03
7.543138396366443066e-02
3.128348233555093647e-03
4.563089855579564869e-03
3.080342644952726878e-03
2.059898211805280457e-03
2.073714198194361470e-03
3.068790126891198997e-02
2.769711888939675130e-03
7.516219827057401930e-03
1.032801308561225560e-02
2.488510615958696715e-01
7.925733966517785334e-02
2.615641732830852884e-01
1.932050726030309640e-01
1.861744080075722063e-01
3.098510275628027499e-01
1.857271582528064735e-01
7.989070807112440553e-01
4.510967745845846366e-01
2.796166114045757212e-01
1.761245926288053931e-01
4.799407911576620833e-01
5.149041035420078710e-02
2.400064186514370146e-01
4.685714045450609100e-01
3.269073336112814920e-01
2.945932601763226466e-01
2.123484365843245347e-01
3.028057951402844949e-01
3.010655948512619418e-01
4.710069247390462621e-01
2.282229651476740673e-01
9.572818272163766684e-01
5.009718387693083003e-02
2.653318439708250431e-01
3.305132528595907671e-01
2.289186656201126213e-01
1.653651914813144275e-01
3.368507587196929443e-01
1.747537698264824135e-01
2.283635125132281729e-01
1.547125521870678089e-01
3.106092069560846824e-01
1.599173736860551587e-01
4.928770476000346457e-02
2.579421858964136560e-01
3.408247228129717143e-01
1.277303485614304790e-01
2.751582470524335799e-01
1.335079995573712763e-01
1.419181517160797712e-01
3.833149672925017515e-01
2.287574574636399294e-01
2.171770196651486851e-01
2.798357764936895697e-01
6.448173055772403461e-02
4.320606885069690484e-01
1.827619729426173401e-01
1.680778786150706472e-01
1.906207040876840564e-01
1.899622608492170794e-01
3.680271143264950418e-01
3.132267701021922979e-01
3.831606398057675889e-01
1.729453998053167851e-01
2.748340374569059885e-01
5.043864764989731270e-02
1.937869074769303646e-01
2.629300687250066271e-01
2.803874898913626956e-01
1.862809973480658299e-01
3.297142169609601492e-01
2.401542031200488703e-01
3.028208576505723726e-01
2.390467244643072198e-01
3.703798342780164066e-01
2.372256942181868444e-01
1.354588560039873546e-01
2.036261514084733715e-01
2.273557990300522358e-01
1.485056218264894368e-01
1.929643749213888482e-01
4.121794581278980796e-01
5.297029241832461599e-01
2.675910129279424621e-01
4.110582520485506208e-01
2.624255594189751628e-01
3.513793705680666180e-01
1.201143447912677437e-01
2.413381945410961182e-02
2.111369603093045944e-01
2.127546365960003849e-01
1.873686523862929665e-01
2.030601484877648799e-01
1.821890083858209441e-01
2.586652607068409826e-01
1.585305805128756906e-01
4.511973729045089532e-01
4.677991381940487248e-01
2.440156971696618715e-01
9.927470476048244619e-02
2.626424121741449125e-01
1.661095467083674448e-01
2.086123578810737678e-01
2.305836705623786342e-01
3.581304857187010415e-01
3.642686045813747081e-02
3.440745922936325890e-02
1.069771752140711990e-01
2.220517798945149598e-02
5.560077897117692708e-02
3.476728871976065421e-02
7.036975438479736722e-02
5.779663374225495892e-02
6.280053164286582279e-02
1.763807781951526599e-01
9.852809997516447094e-02
7.375920298731043767e-02
1.111126765093667368e-01
4.778289478949935415e-02
3.409680724906565680e-02
8.456361472775102139e-02
1.021182974947846128e-01
5.586165990757521738e-02
6.077907465458195352e-02
5.350046991105800176e-02
2.102091662447153064e-02
8.569460328736992760e-02
1.843649725643935200e-01
4.266107932441349365e-02
9.254141838542619125e-02
8.443085379505603505e-02
1.109826163288643586e-01
4.221764461512045319e-02
2.143785195899848908e-02
1.191250255438027761e-01
4.944721434376257024e-02
9.847209335839192390e-02
4.605125983227838921e-02
2.313667391987639099e-01
1.567474857024321044e-01
1.058081568815127244e-01
7.849351932771152229e-02
1.921660235081813495e-01
2.264792722691979232e-01
2.973441035426821130e-02
6.294730350306355915e-02
4.541595614728836244e-02
6.932666838139005250e-02
5.746556417063899275e-02
8.796075595654744006e-02
1.839627681324250974e-01
8.412257286863573935e-02
2.358387307314864234e-01
7.503382340001270301e-02
5.012448734433041370e-02
3.226440964941556383e-02
1.397259108851711951e-01
1.585005177275656540e-01
4.214020177109826376e-02
1.000500115001158180e-01
1.569921817976838996e-01
7.933945322730132088e-02
1.399132449532935474e-01
1.318878580465802919e-01
9.296815171067891737e-02
7.618242828757726404e-02
2.460466924816682652e-02
7.296548218007117836e-02
