2.266919560655945853e-02
5.450961181895686708e-02
1.931865840941481005e-02
7.155063606697211268e-03
1.322156300591368835e-02
2.888967068503235647e-02
4.050125449823451830e-03
1.418038779183838048e-02
6.317027590788695107e-03
1.057541924077558086e-02
3.374020166364235900e-03
3.049193400101959332e-03
7.942162920907674950e-02
5.527195832279870394e-03
1.892629996359224132e-02
6.933070543716746484e-03
3.036265939669227990e-02
2.514772188880647075e-02
2.303398578021316478e-02
1.651162374141365921e-02
1.525883238392064696e-02
4.075595731159042598e-03
1.701682617320532387e-01
2.745194047162373072e-02
1.396057312056998290e-01
7.285233099233549663e-03
6.387333340509619706e-02
4.350616105527731203e-02
4.539067574948427337e-03
1.206096302288621989e-02
9.500593336712341921e-03
1.750874534887008824e-02
2.889689506376116532e-02
5.803920395147057175e-03
4.083918395460103129e-02
1.324118800987656754e-02
6.408063018043677096e-03
8.703610368282668763e-03
2.365558232836950051e-03
3.781503197021658831e-03
5.400897851498631143e-03
1.730741297821086419e-02
4.950911982821644929e-03
6.436052315319636119e-02
2.753250922464440392e-02
3.239014240978956016e-02
2.812635936917921159e-02
2.053411090861049712e-02
1.326869217999787978e-02
4.423716161569916580e-03
1.527246119846948358e-01
1.214610057220219946e-01
9.203136969017929048e-03
9.153013229639449244e-02
7.105577005189386841e-02
7.670842665107536519e-03
1.194640070399102250e-01
2.016495083433392926e-02
1.100501338849057924e-02
1.983747673753632340e-02
2.412427978648407773e-02
1.069211562001498757e-02
1.117037546595553779e-02
1.677307313635827135e-02
3.117567816720026152e-03
6.763318469305913509e-03
3.192334921145636994e-03
1.168396413803111239e-01
3.446672292281779092e-03
6.538574849002999970e-03
8.984991069564931404e-03
1.423808709105098443e-02
1.221823145730569805e-02
2.267654368252022129e-02
1.672083720602827658e-02
1.653714598251785489e-02
2.488962001689044856e-02
2.520524850861827898e-02
1.921486536706533063e-02
1.322097740398443105e-02
9.555863102730407024e-03
5.651241176899419148e-03
1.146844039321076314e-01
5.667900006896989945e-03
6.235349571876287918e-03
1.171478191823054245e-02
3.352190212588233159e-02
6.358508561840929552e-02
3.795296249363460956e-03
4.147567453620405742e-02
8.089271076557654622e-03
1.532390406194398397e-02
8.795235166807209570e-02
2.009370050285359116e-02
4.741911489771214600e-03
5.002240911398498149e-03
1.229030660300555085e-02
2.592420032654213849e-02
1.048543858080440774e-02
7.835228569951270539e-02
2.268303411936281044e-01
2.211914880076953568e-02
1.060558579869322615e-01
3.423816558984469488e-02
2.385643912762297827e-02
7.060545211020953504e-02
4.246670286549192319e-02
5.838520667536760411e-02
4.505647663742669284e-02
6.108966230030841993e-02
1.677165078197603021e-01
3.064172538053634015e-02
1.260784675298366464e-01
1.735912083334870681e-01
4.604080888913776592e-02
2.080732187655524174e-02
6.562250048804926794e-02
7.404152437447974328e-03
6.661501099419395167e-02
1.052552286396385289e-01
1.987239500029245598e-01
6.864841513916125626e-02
4.292309548237130401e-02
1.775033947114286748e-01
1.209540425626613458e-01
6.462872858403008978e-03
4.985440796282255421e-02
1.376662063158679561e-01
2.839029661304187310e-02
1.917216341157515491e-02
1.447544761021036380e-02
1.310658742243766932e-02
3.416515500411326095e-02
1.432935819015817083e-02
1.275424143836453861e-01
6.951047825268162096e-03
3.991564205857805331e-02
6.052414088061459918e-02
1.505261971478682841e-02
1.453009418706076306e-01
6.299167024489714384e-02
6.733776057724587261e-02
2.292340712046725681e-01
6.765673044969323924e-02
4.388693786524373863e-02
1.072691008653639116e-01
1.197280903025047666e-01
4.269943394750334575e-01
1.170339347330570517e-01
7.755902280541221439e-02
1.243593970336317606e-01
5.981972697341504386e-01
1.295148068911404771e-01
1.111661906069059819e-01
1.544016435290684053e-01
1.000760772868948129e-01
2.487919206894069479e-01
1.681571420951841478e-01
7.564649734007272697e-02
1.375410473116394361e-01
2.929523519180911584e-01
2.758861392479005636e-01
1.153554536974402828e-01
8.072210518875151675e-02
2.164353907325823334e-01
3.796809354750999010e-02
3.751468677232095567e-02
2.497578899784608231e-01
1.858405136031016786e-02
4.567824005506819496e-02
4.057970502537790181e-03
9.768150863756477550e-03
4.620575559874150542e-03
2.908875339168713256e-02
7.753470026249455194e-02
1.737855412587920034e-02
5.178939730130164426e-02
1.401450256188723487e-01
2.594141894694114714e-01
3.305342484027792849e-01
1.336298685271425542e-02
5.436893134749502289e-03
2.257032492255880429e-01
6.315953631109563760e-02
7.769376722891820075e-02
6.570339896053692397e-02
1.735347222345441365e-01
4.968508223465066542e-02
5.118220942689261782e-02
2.934193070440080930e-01
3.082386624410108494e-02
3.266088638728615462e-02
3.723929562538433324e-02
1.822863791423265031e-02
1.535160066833176074e-01
1.071647792087400131e-01
2.775643749515691733e-02
3.676955929110613253e-02
4.946101150280261816e-02
5.922567025453677469e-02
4.334571694498139394e-01
9.674900207218780496e-03
3.945928133827836248e-02
8.764062484045289508e-03
3.574084801710361581e-02
4.150028695041260013e-02
1.955990617865066908e-02
4.107199343822302839e-02
4.499148971500420424e-02
6.828771130540118618e-03
1.288341793799488259e-02
3.371759898119375820e-01
4.230448116731019143e-02
6.124472843638396197e-02
7.927233909013967073e-02
1.878575541284977779e-01
1.860767893085455982e-01
2.028684815865780811e-01
1.100878523696690592e-01
1.161907292261671748e-01
1.582256030687784198e-01
9.870063972500423000e-02
8.673606497242660612e-03
2.105703927191657221e-01
1.113374195207564449e-01
9.640591524623290387e-02
1.123664613169690629e-01
1.442460152542616170e-01
1.218299499846647732e-01
1.940074849217728048e-01
1.716748903291703265e-01
1.011650737745556500e-01
1.199039248315973971e-01
1.006905531355573313e-01
3.936451927230784076e-01
2.269641833729827696e-01
9.893307753982168162e-02
1.173062340713842550e-01
9.804169689926597875e-02
1.081300869637997625e-01
5.065616874882020171e-02
9.604536391475575197e-02
2.153746954175445594e-01
7.544886845389860153e-02
1.380836397514706715e-01
3.705335817018969302e-01
2.342665609398399129e-01
9.358645729557603377e-02
1.084272664104718176e-01
1.864716331628855917e-01
2.008928589982949819e-01
1.420864175335081747e-01
1.227105171212134471e-01
1.235099999866336590e-01
1.578412685251937009e-01
1.243576561916959200e-01
3.515906492964830377e-01
1.179745699074197796e-01
9.897823371699043804e-02
1.163058660972178526e-01
1.514896223652306417e-01
8.219669428186038296e-02
1.463021491770999938e-01
1.615435148329702197e-01
1.685067049738737388e-01
1.996528666706399169e-01
1.139851830826905110e-01
2.933069585952859937e-01
1.483963449080680230e-01
1.162554216087418185e-01
8.070784671823688639e-02
1.243523790315131800e-01
1.093015843648248303e-01
1.360440357771594555e-01
1.101788828270338916e-01
9.310242228304174694e-02
1.402740203013611575e-01
4.806541362795270778e-01
2.551986480772771015e-01
3.720256198364054190e-01
1.357181829955904084e-01
2.897739996079330416e-01
1.114895134483158134e-01
1.638526497642699975e-01
1.217128999784688193e-01
1.412376119136766472e-01
1.131384218209197379e-01
9.608483170191590983e-02
1.484746234057508774e-01
1.079652228359966604e-01
1.871228434682158104e-02
1.916411656571197913e-02
1.938914022158561359e-02
2.265011372605507667e-01
2.021528404538960183e-02
1.809755777132922294e-02
2.257998783279350011e-02
1.808300789206908343e-02
2.163540385982974310e-02
3.823556106790532844e-02
5.481578240224184440e-02
3.810076731106584735e-02
2.651155626124242215e-02
3.056965883763619607e-02
2.163343266033457557e-01
3.049229012396339686e-02
1.581196985294024138e-02
1.705811518795055659e-02
6.755243837522320605e-02
5.410945579227699129e-03
4.487598718501188688e-02
1.294298792864534697e-01
1.886586442784814188e-01
5.747435346573027959e-02
1.993051579710079235e-01
2.361873742331064008e-01
3.902675457603101139e-02
4.459730722848008477e-02
2.459667739698134445e-02
2.671448188027452514e-02
4.499369150027503206e-02
2.193220786661736338e-02
3.594519491901438431e-03
1.322216249216739102e-02
2.228897016102628775e-02
2.133473840237540622e-02
2.488180802099366207e-01
1.798252963271644578e-02
3.522521874655087232e-02
5.980166796024975751e-02
5.981080195856158105e-02
2.094232458640888916e-01
2.529535616354934915e-02
1.614624096388550978e+00
1.079352696313738702e-01
2.014335854220601074e-01
1.567465229069074650e-01
3.003551789310824338e-01
1.293095723125894103e-01
2.710599284347649587e-02
6.966219096683460774e-03
1.242574041824170972e-02
1.329893905942588876e-02
1.576079886146033310e-02
1.648707770159409808e-02
1.728488397450688926e-02
3.503384184456687350e-03
6.996852173986217727e-02
1.042853574637562647e-01
1.030102907132681572e-02
7.493247057662044165e-03
2.272152876738506647e-02
4.215205690422959769e-03
1.178125142773860379e-01
9.822523162465388036e-02
4.038992156538899828e-03
3.035148699786792068e-02
2.639822910284594926e-02
4.632758261563086136e-03
