4.810643484592437744e+02 1.351833343505859375e-02
5.169116220474243164e+02 1.500940322875976562e-02
1.174252935886383057e+03 2.206754684448242188e-02
2.184718040704727173e+03 1.538753509521484375e-02
5.296245036125183105e+02 1.509547233581542969e-02
5.553032038211822510e+02 1.500272750854492188e-02
4.631630921363830566e+02 1.454067230224609375e-02
5.542188854217529297e+02 2.057266235351562500e-02
5.839600102901458740e+02 2.149581909179687500e-02
5.827934126853942871e+02 1.530027389526367188e-02
5.729778199195861816e+02 1.513504981994628906e-02
5.882860469818115234e+02 2.061939239501953125e-02
1.126513047218322754e+03 2.130746841430664062e-02
5.534355347156524658e+02 1.525354385375976562e-02
5.013978154659271240e+02 2.022600173950195312e-02
7.168401989936828613e+02 1.974868774414062500e-02
1.076053710699081421e+03 1.481556892395019531e-02
5.443788743019104004e+02 1.533460617065429688e-02
9.189209890365600586e+02 1.563000679016113281e-02
6.583880579471588135e+02 2.097249031066894531e-02
4.796206724643707275e+02 3.933711051940917969e-01
6.398662729263305664e+02 1.474857330322265625e-02
5.400010371208190918e+02 1.429128646850585938e-02
7.341237080097198486e+02 2.182126045227050781e-02
1.108861106157302856e+03 2.270793914794921875e-02
4.302173819541931152e+02 2.029514312744140625e-02
1.210145295858383179e+03 2.018332481384277344e-02
8.734745709896087646e+02 2.248001098632812500e-02
1.114743433952331543e+03 2.013850212097167969e-02
1.253563430547714233e+03 2.050995826721191406e-02
1.072645555019378662e+03 2.060794830322265625e-02
1.169840178728103638e+03 2.219796180725097656e-02
1.930972836017608643e+02 1.354932785034179688e-02
9.382625865936279297e+02 2.035570144653320312e-02
4.170093019008636475e+02 1.504397392272949219e-02
9.293451726436614990e+02 2.005386352539062500e-02
5.076143822669982910e+02 1.421046257019042969e-02
1.695627096891403198e+03 1.523685455322265625e-02
5.940944468975067139e+02 2.041840553283691406e-02
4.962243983745574951e+02 1.416683197021484375e-02
5.247871031761169434e+02 1.421308517456054688e-02
1.050563702106475830e+03 1.965308189392089844e-02
1.543226385354995728e+03 2.245640754699707031e-02
5.632163329124450684e+02 1.389598846435546875e-02
1.028804193735122681e+03 2.066731452941894531e-02
4.566444299221038818e+02 1.501727104187011719e-02
1.261086585283279419e+03 2.425622940063476562e-02
9.148992958068847656e+02 2.172183990478515625e-02
5.502483310699462891e+02 1.301646232604980469e-02
5.277913324832916260e+02 1.511311531066894531e-02
8.467091875076293945e+02 1.762723922729492188e-02
1.083608340501785278e+03 2.364182472229003906e-02
4.123736624717712402e+02 1.574707031250000000e-02
9.343691885471343994e+02 2.118349075317382812e-02
4.767251744270324707e+02 1.394653320312500000e-02
5.299192311763763428e+02 1.432871818542480469e-02
8.030641827583312988e+02 2.125048637390136719e-02
5.336576461791992188e+02 1.472687721252441406e-02
4.891688756942749023e+02 1.462769508361816406e-02
5.368000309467315674e+02 1.605367660522460938e-02
5.189028453826904297e+02 1.470279693603515625e-02
4.790190389156341553e+02 1.434254646301269531e-02
5.995255198478698730e+02 1.547360420227050781e-02
8.849371986389160156e+02 2.153801918029785156e-02
4.722808058261871338e+02 2.029013633728027344e-02
9.312401759624481201e+02 2.019190788269042969e-02
9.022949118614196777e+02 1.999974250793457031e-02
1.001530354499816895e+03 2.028536796569824219e-02
5.765518267154693604e+02 1.530838012695312500e-02
8.908095979690551758e+02 1.818680763244628906e-02
8.190985784530639648e+02 2.153086662292480469e-02
9.530881798267364502e+02 1.481986045837402344e-02
1.148276134967803955e+03 2.106785774230957031e-02
5.264328944683074951e+02 1.492881774902343750e-02
5.155884389877319336e+02 1.804709434509277344e-02
5.622963309288024902e+02 1.432943344116210938e-02
8.344986956119537354e+02 1.498627662658691406e-02
5.285925178527832031e+02 2.076983451843261719e-02
8.181944916248321533e+02 2.110767364501953125e-02
1.184822921752929688e+03 3.206133842468261719e-02
2.326867332935333252e+03 3.094720840454101562e-02
3.878401226043701172e+03 3.281641006469726562e-02
1.021378232717514038e+03 3.413200378417968750e-02
5.532201666831970215e+02 2.165913581848144531e-02
9.513172764778137207e+02 2.980065345764160156e-02
6.148839597702026367e+02 2.094531059265136719e-02
5.757741143703460693e+03 2.269244194030761719e-02
6.876439757347106934e+02 2.124142646789550781e-02
1.354006236076354980e+03 3.050851821899414062e-02
1.071338244438171387e+03 2.055335044860839844e-02
5.948875164747238159e+03 3.233075141906738281e-02
2.634434175491333008e+03 2.548646926879882812e-02
2.364460913658142090e+03 2.208018302917480469e-02
8.590080895423889160e+02 3.134512901306152344e-02
1.703659306287765503e+03 3.403234481811523438e-02
2.116111329078674316e+03 2.325892448425292969e-02
1.204966342926025391e+03 2.319550514221191406e-02
3.741486208200454712e+03 3.363847732543945312e-02
2.232015977382659912e+03 3.296661376953125000e-02
3.350667253494262695e+03 3.497838973999023438e-02
6.902301001548767090e+02 2.046298980712890625e-02
6.397994971275329590e+02 2.219367027282714844e-02
7.067977435588836670e+02 2.114796638488769531e-02
6.169833361148834229e+03 3.381133079528808594e-02
1.185439904928207397e+03 3.116941452026367188e-02
7.791583859920501709e+02 2.076101303100585938e-02
2.368943063974380493e+03 3.281950950622558594e-02
3.041607263088226318e+03 3.473973274230957031e-02
7.636002781391143799e+02 2.414822578430175781e-02
1.108540063858032227e+03 3.401732444763183594e-02
8.175827455520629883e+02 1.997733116149902344e-02
5.532917270660400391e+02 2.083086967468261719e-02
1.384225703001022339e+03 1.615524291992187500e-02
7.004047060012817383e+02 2.117490768432617188e-02
6.860425100326538086e+02 2.239418029785156250e-02
1.510283466100692749e+03 2.277994155883789062e-02
6.523099408149719238e+02 2.396512031555175781e-02
1.197384277343750000e+03 2.063727378845214844e-02
6.170510869026184082e+02 2.348494529724121094e-02
7.141208810806274414e+02 2.200055122375488281e-02
9.512242982387542725e+02 3.190207481384277344e-02
5.970272235870361328e+02 2.128124237060546875e-02
4.829720537662506104e+02 2.132272720336914062e-02
1.519443473339080811e+03 2.226257324218750000e-02
7.513704071044921875e+02 2.127981185913085938e-02
1.299400709152221680e+03 3.528094291687011719e-02
3.339700330257415771e+03 3.712105751037597656e-02
7.736196990013122559e+02 2.346253395080566406e-02
1.675648101568222046e+03 1.841163635253906250e-02
1.969436801433563232e+03 3.035402297973632812e-02
2.111601330757141113e+03 3.495407104492187500e-02
1.480107147455215454e+03 2.236127853393554688e-02
3.999136862277984619e+03 3.246736526489257812e-02
2.380045290946960449e+03 2.888274192810058594e-02
4.142028777599334717e+02 1.593399047851562500e-02
1.035230441093444824e+03 3.370428085327148438e-02
1.712703541040420532e+03 2.145075798034667969e-02
3.835381126403808594e+02 1.597929000854492188e-02
1.662147274494171143e+03 2.068567276000976562e-02
1.041514492511749268e+03 2.220773696899414062e-02
3.578957756757736206e+03 8.236885070800781250e-02
1.249599870681762695e+03 2.187895774841308594e-02
1.130824476718902588e+03 2.218461036682128906e-02
1.293017542123794556e+03 1.896674633026123047e-01
6.916545314788818359e+02 2.142691612243652344e-02
5.478367071151733398e+02 1.526641845703125000e-02
6.335598026037216187e+03 3.470706939697265625e-02
1.398907022953033447e+03 3.089809417724609375e-02
2.877852714776992798e+03 3.537416458129882812e-02
7.314793827533721924e+02 2.182483673095703125e-02
4.447842656612396240e+03 3.027486801147460938e-02
2.020409025192260742e+03 2.074050903320312500e-02
1.735322031259536743e+03 2.263879776000976562e-02
2.202195111513137817e+03 3.149628639221191406e-02
2.054818288087844849e+03 3.258299827575683594e-02
1.328479395389556885e+03 3.550791740417480469e-02
1.688304141283035278e+03 2.279710769653320312e-02
1.836233799457550049e+02 1.524162292480468750e-02
3.185234603404998779e+03 2.290654182434082031e-02
4.276180029153823853e+03 2.260684967041015625e-02
3.023914199590682983e+03 2.434444427490234375e-02
7.589169862270355225e+02 1.303982734680175781e-02
6.234406695365905762e+02 2.166414260864257812e-02
2.458735581874847412e+03 2.162909507751464844e-02
2.139455280065536499e+03 3.669452667236328125e-02
3.903521118164062500e+02 1.594233512878417969e-02
2.882309617042541504e+03 3.210067749023437500e-02
1.136003199338912964e+03 2.288889884948730469e-02
5.896232050418853760e+03 3.460788726806640625e-02
6.562301583290100098e+02 2.214002609252929688e-02
6.200277526378631592e+02 2.352499961853027344e-02
1.361126530647277832e+03 2.073216438293457031e-02
1.186814595222473145e+03 1.573920249938964844e-02
2.242395279645919800e+03 2.172684669494628906e-02
6.587806329727172852e+02 2.286195755004882812e-02
4.517281069278717041e+03 3.719115257263183594e-02
5.976571696281433105e+03 3.455424308776855469e-02
1.652349602460861206e+03 2.143478393554687500e-02
1.389282615184783936e+02 1.462149620056152344e-02
1.719391336202621460e+03 3.120613098144531250e-02
5.172360565662384033e+03 3.072071075439453125e-02
4.177278125762939453e+03 3.868865966796875000e-02
1.883812583208084106e+03 2.235198020935058594e-02
7.084587821960449219e+02 2.170610427856445312e-02
5.907501506805419922e+02 2.083420753479003906e-02
7.079276785850524902e+02 2.055430412292480469e-02
2.215552360773086548e+03 3.393912315368652344e-02
6.154546055555343628e+03 3.120565414428710938e-02
1.753817283391952515e+03 2.231311798095703125e-02
9.916756594181060791e+02 1.537489891052246094e-02
1.382103349685668945e+03 3.716349601745605469e-02
4.567204236984252930e+02 1.667380332946777344e-02
1.372676844835281372e+03 2.297997474670410156e-02
3.489372198343276978e+03 3.549528121948242188e-02
6.718983790874481201e+02 2.172923088073730469e-02
6.482580347061157227e+02 2.195763587951660156e-02
6.929176592826843262e+02 2.125120162963867188e-02
2.150477411746978760e+03 2.384948730468750000e-02
9.305789024829864502e+02 3.218531608581542969e-02
1.833814386606216431e+03 2.428150177001953125e-02
5.272857568264007568e+02 2.205204963684082031e-02
3.638611354112625122e+03 3.557682037353515625e-02
7.274637145996093750e+02 2.334451675415039062e-02
2.565762171268463135e+03 2.565860748291015625e-02
7.214584918022155762e+02 2.234315872192382812e-02
1.194623531103134155e+03 2.324628829956054688e-02
4.977522000789642334e+03 3.397631645202636719e-02
1.133027039766311646e+03 3.226280212402343750e-02
3.274486583232879639e+03 3.428983688354492188e-02
6.165804235935211182e+02 2.168273925781250000e-02
3.825553685903549194e+03 3.297638893127441406e-02
1.154861000061035156e+03 1.906204223632812500e-02
3.286160644769668579e+03 3.370451927185058594e-02
6.992422378063201904e+02 2.307200431823730469e-02
2.402551000595092773e+03 3.329467773437500000e-02
2.421558762550354004e+03 3.192377090454101562e-02
7.392546010017395020e+02 2.430319786071777344e-02
2.461998414754867554e+03 3.300023078918457031e-02
6.494848732948303223e+02 2.505898475646972656e-02
6.748937160968780518e+02 2.166104316711425781e-02
1.707932438373565674e+03 2.672672271728515625e-02
1.467189080953598022e+03 2.246046066284179688e-02
5.591284549236297607e+02 2.201271057128906250e-02
2.993544113636016846e+02 1.211571693420410156e-02
3.819214929103851318e+03 3.452634811401367188e-02
3.599687797307968140e+03 3.317832946777343750e-02
2.241320784091949463e+03 3.172779083251953125e-02
1.116270773649215698e+03 2.265238761901855469e-02
1.675253659248352051e+03 2.563214302062988281e-02
1.380642737627029419e+03 3.367519378662109375e-02
7.380742981433868408e+02 2.324676513671875000e-02
1.171382764816284180e+03 2.838125228881835938e-01
2.416271025180816650e+03 3.184127807617187500e-02
1.709382786750793457e+03 3.252601623535156250e-02
6.032349989414215088e+02 1.568746566772460938e-02
6.693569397926330566e+02 2.276134490966796875e-02
3.932137970209121704e+03 2.188801765441894531e-02
1.722855254411697388e+03 8.947992324829101562e-02
1.845854650020599365e+03 7.315192222595214844e-01
2.018900981426239014e+03 2.263426780700683594e-02
2.328173733949661255e+03 2.257442474365234375e-02
1.728930573225021362e+03 6.068058013916015625e-01
3.483785783529281616e+03 3.122591972351074219e-02
2.500181979894638062e+03 3.444123268127441406e-02
9.959898996353149414e+02 3.305244445800781250e-02
5.625237612724304199e+02 1.718091964721679688e-02
2.546651455163955688e+03 3.108310699462890625e-02
1.499516092777252197e+03 2.220392227172851562e-02
2.203106790304183960e+03 4.157853126525878906e-02
1.390535403966903687e+03 3.235554695129394531e-02
1.811942930698394775e+03 2.531385421752929688e-02
5.894605126380920410e+03 1.295900344848632812e-02
2.114872576475143433e+03 3.237032890319824219e-02
1.301901278257369995e+03 3.287458419799804688e-02
2.080782575845718384e+03 2.542972564697265625e-02
7.639610161781311035e+02 1.519799232482910156e-02
1.871410604715347290e+03 2.113819122314453125e-02
7.401649923324584961e+02 1.800513267517089844e-02
7.133925135135650635e+02 1.431369781494140625e-02
6.901158752441406250e+02 2.133345603942871094e-02
7.509997375011444092e+02 1.554012298583984375e-02
1.400342940330505371e+03 2.100920677185058594e-02
7.981361556053161621e+02 2.361369132995605469e-02
1.008958367586135864e+03 2.036094665527343750e-02
6.768665728569030762e+02 1.305294036865234375e-02
7.276378462314605713e+02 1.997923851013183594e-02
7.434620089530944824e+02 2.129888534545898438e-02
6.634771721363067627e+02 1.835179328918457031e-02
7.209656291007995605e+02 2.063369750976562500e-02
1.906930072069168091e+03 1.655483245849609375e-02
7.460729844570159912e+02 1.494503021240234375e-02
7.386532301902770996e+02 1.543378829956054688e-02
7.170640652179718018e+02 2.146124839782714844e-02
7.074843931198120117e+02 1.634144783020019531e-02
7.366009840965270996e+02 1.502084732055664062e-02
8.033505613803863525e+02 1.513719558715820312e-02
7.507689220905303955e+02 1.633000373840332031e-02
7.609124736785888672e+02 1.456665992736816406e-02
5.234572908878326416e+02 1.335501670837402344e-02
7.697345612049102783e+02 1.547193527221679688e-02
5.759767699241638184e+02 2.140545845031738281e-02
6.912611804008483887e+02 1.460790634155273438e-02
7.502696940898895264e+02 1.444125175476074219e-02
7.534396028518676758e+02 1.438474655151367188e-02
7.468222303390502930e+02 1.494359970092773438e-02
6.809546837806701660e+02 1.454257965087890625e-02
7.530657565593719482e+02 1.504945755004882812e-02
7.102594592571258545e+02 1.439309120178222656e-02
6.519144265651702881e+02 2.189278602600097656e-02
5.745675628185272217e+02 2.081775665283203125e-02
1.248007885217666626e+03 2.002286911010742188e-02
7.047420713901519775e+02 1.472353935241699219e-02
7.309236307144165039e+02 2.300953865051269531e-02
1.149620291948318481e+03 1.427721977233886719e-02
8.404670403003692627e+02 2.235841751098632812e-02
7.626127686500549316e+02 2.066516876220703125e-02
6.479309136867523193e+02 1.999378204345703125e-02
7.401160709857940674e+02 2.097058296203613281e-02
7.041467835903167725e+02 2.030348777770996094e-02
7.328273243904113770e+02 1.450991630554199219e-02
8.220676398277282715e+02 1.839160919189453125e-02
1.481895995378494263e+03 2.318668365478515625e-02
6.878511273860931396e+02 2.173447608947753906e-02
6.817340412139892578e+02 1.438188552856445312e-02
6.765577714443206787e+02 1.593232154846191406e-02
7.186999285221099854e+02 1.517152786254882812e-02
5.400104308128356934e+02 1.523804664611816406e-02
7.422266197204589844e+02 1.451969146728515625e-02
1.483950350522994995e+03 2.075934410095214844e-02
7.242630698680877686e+02 1.465845108032226562e-02
7.316934659481048584e+02 1.572155952453613281e-02
5.403099250793457031e+02 2.248835563659667969e-02
7.577131967544555664e+02 1.469635963439941406e-02
2.246920626163482666e+02 1.991605758666992188e-02
7.180578856468200684e+02 2.141928672790527344e-02
6.873395643234252930e+02 2.097487449645996094e-02
1.211209697246551514e+03 2.163672447204589844e-02
7.589472920894622803e+02 1.766562461853027344e-02
7.375714938640594482e+02 2.090215682983398438e-02
7.101508483886718750e+02 2.032995223999023438e-02
6.520243310928344727e+02 2.098035812377929688e-02
7.397793529033660889e+02 2.363395690917968750e-02
2.952082765102386475e+02 1.450419425964355469e-02
7.424162073135375977e+02 1.429414749145507812e-02
6.807189266681671143e+02 1.429605484008789062e-02
7.777089066505432129e+02 1.705193519592285156e-02
7.314757363796234131e+02 2.019357681274414062e-02
1.072407029151916504e+03 2.096867561340332031e-02
4.059123299121856689e+02 1.405596733093261719e-02
6.867191991806030273e+02 1.693606376647949219e-02
6.876673576831817627e+02 1.484370231628417969e-02
7.559785943031311035e+02 2.144622802734375000e-02
7.147321307659149170e+02 2.060556411743164062e-02
6.508731279373168945e+02 1.792788505554199219e-02
4.910409135818481445e+02 2.278780937194824219e-02
6.678917288780212402e+02 1.513838768005371094e-02
7.306484427452087402e+02 2.139067649841308594e-02
7.200618667602539062e+02 1.618504524230957031e-02
7.704000341892242432e+02 1.548361778259277344e-02
6.448569312095642090e+02 1.479458808898925781e-02
6.793364763259887695e+02 1.485013961791992188e-02
7.299430060386657715e+02 2.365827560424804688e-02
8.212965600490570068e+02 2.411746978759765625e-02
7.825160970687866211e+02 2.192020416259765625e-02
7.591167979240417480e+02 2.223110198974609375e-02
6.044111042022705078e+02 2.008008956909179688e-02
1.184227117538452148e+03 2.073931694030761719e-02
7.071053388118743896e+02 2.339911460876464844e-02
1.218408006191253662e+03 2.216243743896484375e-02
7.132972288131713867e+02 1.260519027709960938e-02
1.610023421287536621e+03 1.463294029235839844e-02
1.067345726490020752e+03 1.463055610656738281e-02
5.145678305625915527e+02 1.503062248229980469e-02
5.954350330829620361e+02 2.084875106811523438e-02
7.709697020053863525e+02 1.542067527770996094e-02
1.216884457349777222e+03 2.089810371398925781e-02
7.913144533634185791e+02 1.544499397277832031e-02
2.892725799560546875e+03 1.124835014343261719e-02
1.397042441606521606e+03 2.119445800781250000e-02
1.097348652601242065e+03 1.983928680419921875e-02
9.071925344467163086e+02 2.103471755981445312e-02
5.325016763210296631e+02 1.504993438720703125e-02
5.110372922420501709e+02 1.385378837585449219e-02
6.577992105484008789e+02 2.035689353942871094e-02
8.834430577754974365e+02 2.118611335754394531e-02
5.948033301830291748e+02 1.459693908691406250e-02
1.133059739828109741e+03 2.193117141723632812e-02
4.137726404666900635e+02 1.464772224426269531e-02
5.192004337310791016e+02 1.523613929748535156e-02
4.680099461078643799e+02 2.941107749938964844e-02
6.671632118225097656e+02 2.306413650512695312e-02
1.146244728565216064e+03 2.337837219238281250e-02
5.552152974605560303e+02 1.551032066345214844e-02
5.395472905635833740e+02 1.838994026184082031e-02
5.030503375530242920e+02 2.099609375000000000e-02
1.431421736478805542e+03 1.806759834289550781e-02
1.423146679401397705e+03 1.587772369384765625e-02
1.013676526308059692e+03 2.287864685058593750e-02
5.658881561756134033e+02 1.479315757751464844e-02
5.484741723537445068e+02 1.468729972839355469e-02
2.300034820556640625e+03 7.694244384765625000e-03
1.119177745819091797e+03 2.108812332153320312e-02
1.381333362579345703e+03 1.500916481018066406e-02
5.358239839076995850e+02 1.828408241271972656e-02
5.586428680419921875e+02 1.736402511596679688e-02
1.994815060853958130e+03 1.094889640808105469e-02
2.175276000738143921e+03 1.135516166687011719e-02
1.852937332153320312e+03 1.168847084045410156e-02
5.557585663795471191e+02 2.138543128967285156e-02
1.283226958036422729e+03 1.226282119750976562e-02
5.753109667301177979e+02 3.261232376098632812e-02
1.689057676792144775e+03 1.079535484313964844e-02
8.269062170982360840e+02 1.412725448608398438e-02
6.780038180351257324e+02 2.017164230346679688e-02
1.190327699899673462e+03 1.162075996398925781e-02
1.018349706888198853e+03 1.069784164428710938e-02
9.491876015663146973e+02 1.223182678222656250e-02
1.032975168943405151e+03 1.494121551513671875e-02
4.990724020004272461e+02 1.467251777648925781e-02
5.582741956710815430e+02 2.023148536682128906e-02
4.566158940792083740e+02 2.342581748962402344e-02
7.048581886291503906e+02 8.671283721923828125e-03
8.085322606563568115e+02 7.894515991210937500e-03
8.537673273086547852e+02 1.180195808410644531e-02
4.726302506923675537e+02 1.556754112243652344e-02
7.903261497020721436e+02 1.206135749816894531e-02
5.521144697666168213e+02 2.339005470275878906e-02
6.537947342395782471e+02 9.052515029907226562e-03
5.189458665847778320e+02 1.123404502868652344e-02
5.098458302021026611e+02 1.372790336608886719e-02
4.044674880504608154e+02 1.352167129516601562e-02
1.124984133005142212e+03 1.113104820251464844e-02
7.189268145561218262e+02 7.634878158569335938e-03
4.223750019073486328e+02 8.262872695922851562e-03
