5.562858604401533791e-01
1.218974367034051598e+00
5.487840881987008368e-01
3.171923570051567998e-01
4.548697721183368459e-01
1.529452156757507009e+00
1.005428553943836789e+00
4.289678304280244991e-01
9.595400238662452619e-01
6.366875322364690115e-01
1.030275615701711445e+00
8.526753392368113804e-01
1.452101667278253849e+00
5.966797393329167365e-01
8.077441127399346277e-01
1.852059063835751918e+00
1.401990292286816375e+00
3.340037612704909731e-01
1.118352791062867890e+00
1.429377694787527853e+00
1.077261606840407060e+00
6.269263451170815626e-01
2.158887033706544667e+00
1.090835756452697369e+00
1.440408752404888082e+00
2.762744675591881194e+00
1.491443383548598733e+00
1.119822073672953611e+00
9.298420307986541289e-01
1.282950877786615429e+00
5.181749617822007936e-01
7.362250655852017323e-01
6.386169922980016178e-01
9.234938142468761546e-01
1.130896096918923011e+00
6.033377158506442184e-01
6.751394136406162483e-01
9.982503027197180412e-01
7.589587043021037704e-01
7.920789124134892667e-01
6.894965797707697241e-01
9.708399297538271577e-01
7.122818709725182718e-01
5.638003363767751797e-01
7.190097482128615658e-01
1.052395823080458870e+00
9.167205195087212433e-01
1.154152121927673802e+00
4.719997177179841019e-01
1.019416281270920432e+00
8.131831514784217951e-01
2.057112522473450777e+00
2.336619799635168082e+00
1.758549612520712069e+00
5.573977779976815317e-01
9.551851273772805628e-01
7.651446852904765228e-01
8.479604478603504081e-01
1.452377852662565472e+00
4.533758744496740323e-01
1.142387621899895400e+00
5.217082890488817792e-01
1.213048150595125607e+00
5.691499782701727739e-01
9.700767060787692797e-01
1.540802634900445778e+00
9.963552957812964461e-01
7.599371087730389940e-01
9.851197646676421726e-01
1.070972659253600856e+00
9.865154000352184260e-01
1.077566756267499537e+00
1.199052906234494786e+00
5.024218401694702241e-01
9.209534896349075295e-01
7.166304229750727339e-01
1.317103616616841721e+00
1.064669817033080390e+00
1.687735146008211728e+00
3.381298127883919924e-01
1.588592093901427971e+00
3.158996753694572890e-01
2.925427300750162440e-01
1.443541555168481150e+00
1.101863989879819039e+00
6.571893187746018494e-01
6.789204462807960638e-01
3.353156468391517708e-01
2.659434950336663217e-01
1.721065090850723456e+00
3.414666198999031232e-01
6.858079210421040850e-01
1.818673906595206446e+00
7.868189198845213506e-01
7.015596625766639116e-01
3.729894000558057754e-01
3.740903727490487163e-01
1.698859410289189631e+00
2.932422340834842656e-01
4.964213311659325112e-01
9.500949992150603540e-01
5.055975544289473822e-01
2.837004138836019540e-01
7.581359532094671394e-01
7.341252207389142859e-01
4.399552212104492210e-01
2.632512361069915263e-01
8.703007842253535076e-01
2.798202038981330575e-01
7.421325141659056435e-01
5.116493851513177482e-01
1.317534988541882335e+00
1.106797909192181573e+00
3.187484452266290957e-01
4.475845557194386704e-01
4.264584103537042981e-01
3.599530536814996573e-01
7.082892949709013175e-01
2.877003756743997664e-01
3.359597423991674825e-01
5.630785620721502349e-01
5.589048001440999336e-01
6.272347933490829419e-01
9.862764424117341777e-01
4.062070170500887700e-01
5.947811267242799627e-01
8.597373303372406461e-01
1.146514032680347572e+00
3.505736082091134853e-01
5.672284590630883860e-01
3.883975538516242221e-01
6.001672133255855357e-01
4.328727421028306099e-01
7.553678011145303905e-01
1.162172368113351784e+00
4.269109798312259452e-01
4.945527894008435732e-01
9.244682869271388936e-01
2.735568939539294309e-02
1.178592879734658538e+00
3.078952421345836354e-01
3.906943107488669020e-01
6.305832902195314116e-01
3.704131751872376643e+00
2.997206363449840261e-01
4.802938919540429841e-01
7.871581579089388381e-01
4.231775736065264137e-01
1.670409645409376420e-01
1.243666747555695506e+00
4.485906442896946955e-01
4.113109947655098630e-01
4.204113256006519195e-01
1.731055699229430367e+00
7.895876330730391413e-01
5.502365206920258878e-01
1.798868845121245785e+00
4.371746129609823117e-01
2.068993778043630272e+00
1.393205196187068839e+00
4.765709742157545059e-01
2.207942912635383614e-01
3.211378335609101353e-01
3.475678699869838018e-01
1.406178800555588637e+00
5.322927312945127110e-01
1.190115573904440227e+00
1.236748847675886553e+00
4.488053077882203645e-01
2.798453492821950661e-01
3.307852750210536485e-01
4.286895694478517482e-01
1.072764759577488958e+00
6.907167526109070366e-01
2.005401196059859448e+00
3.968049196330258321e-01
3.671439943002713369e-01
2.474286846404243068e-01
6.089843813712325638e-01
6.398458560962786423e-01
4.351572093750512238e+00
1.777565277363848173e+00
3.377407583514535627e-01
9.132734281022542033e-01
4.196532442077174907e-01
6.351750783672053258e-01
9.761478840464301587e-01
5.516792392404958889e-01
2.738159814428622774e+00
8.888245073119366291e-01
5.732284071419582183e-01
5.513630651926465509e-01
3.208262114071707138e-01
8.041117764816436697e-01
1.536363088378910335e+00
1.307003243203785248e+00
1.249151395735504710e+00
1.232922746287840932e+00
7.886043127092968730e-01
5.050933974713641694e-01
9.453376686228630588e-01
1.070976931463082593e+00
2.846158097337235238e-01
7.358884311765307995e-01
5.735585806184304580e-01
8.846260393144542711e-01
6.068077160965219541e-01
1.194770896521998971e+00
1.484011935332245402e+00
3.789044802337157014e-01
5.231906324242011630e-01
9.922914559213842356e-01
5.754045537898244689e-01
4.678174608216822961e-01
1.200402763030114839e+00
8.165386828070841929e-01
4.233251567153334394e-01
7.645054600666623124e-01
3.005487566849819880e-01
4.082729590377320306e-01
1.002843521996353404e+00
9.872614628789007085e-01
1.169444326892883135e+00
2.225850416805281728e+00
3.563295600194213431e-01
3.553410537740383512e-01
6.310753214219576579e-01
7.030170205128993821e-01
6.259347022446326569e-01
3.564000785111184344e-01
7.149181314964594414e-01
6.638743052691411517e-01
4.050367058189986991e-01
4.581960535579682192e-01
2.062320032275888337e+00
2.909790290558535997e-01
3.215203515197718742e-01
1.186821668861441248e+00
3.934651632443851299e-01
8.489473359356690674e-01
1.943719488362260384e+00
1.323470120653297055e+00
2.678737530126882316e-01
3.734451769239071628e-01
8.063821432260036559e-01
1.694147523542957723e+00
5.383057044508319233e-01
3.623901982792356868e+00
4.110747962826907242e-01
2.661882341756929837e-01
3.144986085502030626e-01
6.674187444465957686e-01
5.084291552080283383e-01
9.416126265232904746e-01
1.286609063293248756e+00
8.244290757130458003e-01
1.783177196625665983e+00
9.077772209726804320e-01
1.170450587989953606e+00
7.904363944262277064e-01
1.113048865018103184e+00
1.022175938956097818e+00
1.739649101071260473e+00
8.593628480002442060e-01
1.097685378552260005e+00
6.693735754798708637e-01
8.294657242960817856e-01
1.726472220058555385e+00
6.144557794337599521e-01
1.654450635964332728e+00
1.786673014936575044e+00
1.547239241186157077e+00
8.281537138433411327e-01
9.230473647527149827e-01
8.927534645279915360e-01
1.427444570991754258e+00
8.654223510843473965e-01
2.519660339546600181e+00
1.220231873094492991e+00
1.388585915911951574e+00
8.024188940352192656e-01
9.333582227454682023e-01
7.597881349356000458e-01
1.538096008833698125e+00
8.662474765265025800e-01
1.034057749651648095e+00
7.503588104879475029e-01
6.861527799296445185e-01
7.024611373324306518e-01
7.615693877906484222e-01
4.675962473978152456e-01
1.197758878819820128e+00
5.149526865883627957e-01
9.589856777797923781e-01
6.398774557312623124e-01
7.935207899423433187e-01
1.034529140040807649e+00
9.089026232418067064e-01
1.153302253863505822e+00
1.073150401005360077e+00
8.958509009290659408e-01
1.318718118342763423e+00
7.379424262520414279e-01
8.041992489589174786e-01
6.906183794625049277e-01
9.268586957130716675e-01
1.614270648098410810e+00
1.796919738975967906e+00
1.547414575766206335e+00
6.635577163027508441e-01
9.926177516210409335e-01
8.842043185930914539e-01
9.207306280824233413e-01
1.286694185403912227e+00
1.030696405526942305e+00
7.077696217974515092e-01
8.643815904702625286e-01
8.772100265198780056e-01
1.301176627226079630e+00
9.655028188433669722e-01
1.188378668259319149e+00
1.029865981567843258e+00
2.805710488829826765e+00
9.518777233330666387e-01
1.044615729174783958e+00
8.165432470023753497e-01
8.238840165932947990e-01
1.507777059429408428e+00
2.076436865818648947e+00
1.705599876143369498e+00
8.889315718666905841e-01
1.439559844122930921e+00
1.566884649060914736e+00
2.285070106432136594e+00
5.312699735326613659e-01
9.304001413275402310e-01
1.083018278176240967e+00
6.717105294475732569e-01
8.130409872374982916e-01
6.770747898804778675e-01
9.586942402688981568e-01
6.070401400011322668e-01
1.370331997554691705e+00
1.816440350890930366e+00
1.101680021533219866e+00
1.762238732854509937e+00
1.124068929352620039e+00
7.907936795188331702e-01
8.739732116883456303e-01
1.230071809875501243e+00
7.519111950453439830e-01
8.010245411058800613e-01
7.418608493074954069e-01
2.299705372981875495e+00
5.394295459520196401e-01
7.085329980733874322e-01
8.803356107853645973e-01
1.254737650690359141e+00
1.335353984314453513e+00
8.125508374411765100e-01
2.942584690753131671e+00
1.217536195952324984e+00
1.102161486567894366e+00
1.827962055076831627e+00
6.188540567558137306e-01
8.056485548253081719e-01
1.612352906868207425e+00
2.956096026587613501e+00
1.248168014209239285e+00
1.381919957144134514e+00
1.547348121744547722e+00
2.193671194416886849e-01
9.315289510291849817e-01
9.554764045150985208e-01
1.330236613612863383e+00
1.043688625262972680e+00
1.047902898720770581e+00
1.650537821699074259e+00
9.006049399407082268e-01
4.138139358809946877e-01
7.782645948298321237e-01
1.074657470444012608e+00
1.582650046450093662e+00
8.439621271578814365e-01
9.857545999944319348e-01
1.207638612851041460e+00
6.620347620081507012e-01
1.176670840998458756e+00
1.031770818338839435e+00
1.855681116467751579e+00
1.223433759019573630e+00
1.363525833052410263e+00
9.291337251095409533e-01
1.306876268694077137e+00
7.955111003105546086e-01
1.807188789845019850e+00
7.213901649770834146e-01
1.203210955687118666e+00
1.516006465412503168e+00
6.668672245794768916e-01
5.195123634079090724e-01
6.812484835352168311e-01
1.353994289717060040e+00
2.682649028344890940e+00
6.106371007594627587e-01
1.530007271024565352e+00
1.797806978665407174e+00
1.346389118094106774e+00
3.156725121654158528e+00
2.964356085682890996e+00
1.600204569042032565e+00
2.243791337481641168e+00
3.484327285691383724e-01
1.203293760911042787e+00
