id,0,1,2,3,4,5,6,7,8,9,10,11,12
W1,35572.65859605119,35424.47880518484,35278.1174915496,35182.43536970845,35333.893568740146,35378.4792833014,35127.25883884633,35063.64418279624,35106.116688817296,35206.02819341426,35102.28427308537,34873.10271613553,34944.336894136526
W10,5156.483522855989,5126.662254551836,5153.196781125746,5134.57158153035,5150.943139947272,5142.680846795808,5148.753248521446,5150.128878089196,5147.644090411626,5156.214605369797,5148.074141477221,5160.684457943181,5150.1044537528705
W100,11410.661000814229,11479.603078079059,11442.569645339208,11374.84230706621,11392.064364196005,11470.121756322016,11470.154739654236,11399.911726284101,11378.995208012371,11449.164136330464,11484.703773935402,11431.080251995176,11379.6727851372
W101,9838.11604542296,9859.05670855071,9812.070748409567,9801.080210098704,9860.128971661568,9903.032625140044,9871.248722233679,9837.113045641969,9876.852142185875,9937.471027743084,9929.578523197444,9883.686739621646,9896.655016762934
W102,15914.512372774721,15923.791389032975,15929.861223640892,15955.591829780933,15971.025478530939,15987.54520324359,16001.895518871854,16018.406832698183,16034.395787595917,16050.62839527311,16066.521739858508,16082.580507607516,16098.607132969853
W103,4097.651045804536,4110.4699029293415,4076.6371078937213,4096.246687922271,4093.689638818606,4100.139927222786,4096.123969234737,4101.346304033437,4101.308806553275,4104.338929430765,4104.909751318224,4107.371073116469,4108.60650890299
W104,1027.057210438304,1020.8764928685583,1014.946800168653,1010.3888952047448,1005.8765474637753,1000.6538255439059,995.4124329446245,990.4838472314385,985.5756082384487,980.5068837801784,975.4177295192436,970.3946504140036,965.3760305286947
W105,9166.908698141442,9181.503942447815,9181.041536938199,9194.951433389873,9195.725498214291,9207.376527759208,9211.064235905025,9219.401882331631,9226.535533563125,9231.585830467482,9241.629379414158,9244.363705135114,9256.015223021393
W106,2156.9743510545754,2152.6665813049563,2143.337937571807,2144.2091192905186,2152.598794537309,2152.723851749207,2143.3131495924636,2139.723175471824,2147.0437141180464,2151.2937018526886,2143.9340903749244,2136.720385884086,2141.0622008586056
W107,23927.400670629562,23920.269588091513,23908.89086891112,23951.361153768165,24013.42845428123,24024.719685911412,24005.831998274596,24028.069257608546,24092.65971540536,24124.82784439602,24108.702644562996,24110.88996427248,24167.803634207467
W108,16016.878362390555,16052.315201181274,16012.902281367345,15984.89211045365,16043.446376422859,16109.382269282685,16092.052639931582,16046.14057491751,16076.013087778969,16153.340285988721,16167.209396641765,16117.925740494595,16115.926253587244
W109,14258.507891585266,14286.423880759696,14242.43800745498,14217.468756070513,14278.524702904153,14339.311667878972,14315.203129594041,14269.5862630651,14303.34080486083,14378.600048171213,14385.188151021368,14333.009681522755,14334.492850716028
W11,335.6862149081891,332.1333818117491,332.9119226608671,335.133624866147,337.92471339877767,338.87876644812394,340.4661009933432,342.1470334777308,343.80018707934903,345.4112531789181,346.8486971531865,348.5324767962858,349.93612175992007
W110,7343.460176675714,7372.19655526786,7393.800344335086,7412.026667119828,7428.350257128607,7443.196493952394,7456.561431408018,7469.120275289935,7481.133238979721,7492.673772718777,7503.8762522720235,7514.866712989189,7525.694855176458
W111,1072.9179951519984,1072.6938212506286,1066.8462331732694,1062.4410482703734,1064.0069898544273,1065.7231599085135,1061.5450519393587,1055.654335811934,1055.1671431246552,1057.8150954981286,1055.9245302649208,1049.7145200625596,1046.8692761211294
W112,9512.356531059448,9540.483029292967,9545.795208383588,9570.255362852362,9583.623919945443,9603.280077288266,9618.526715273229,9636.914414645713,9653.314305462929,9670.973892632506,9687.807593620963,9705.208124702527,9722.251249491479
W113,735.8203919723805,733.2489188761009,734.353759561152,730.2077292244028,731.1942607229004,727.1638739076055,728.037367488728,724.1174716944936,724.8829637658707,721.0686360621048,721.730938634081,718.0174754315044,718.581186115166
W114,10485.258203091678,10457.992759780389,10521.62841532988,10573.563814325584,10531.659932386436,10477.80545284911,10514.767576644452,10586.566632802433,10576.339257095731,10510.60657643289,10512.902304262645,10587.841514785823,10613.067904370866
W115,11223.39559722004,11223.41963594442,11275.402818986684,11294.271102648983,11247.560731279353,11222.492472868442,11262.874099397472,11303.764933832304,11274.233072389217,11231.603323960446,11250.40787942439,11303.277713291664,11298.298199569223
W116,14647.640415992404,14859.274427320017,14429.575968524488,14131.154254048097,14520.835758317755,14947.625544365284,14699.14656622756,14240.70471167101,14404.524723279794,14935.921694388919,14938.903464723411,14440.271303731375,14342.434727641177
W117,7068.450224739502,7046.102839950612,7041.978497533093,7067.300392469212,7081.964826992647,7064.458772207847,7049.348239585685,7067.010644484075,7090.69090838845,7083.155642499789,7061.592163488116,7067.631239498591,7094.778370227941
W118,1742.9560317325406,1740.421306660916,1732.3710693611044,1734.752133754723,1745.148229086705,1747.1470853779113,1739.0860766464295,1736.8708274230207,1746.1205996543667,1752.4142633225158,1746.565001211926,1740.628052045215,1746.7493528724276
W119,1020.5563251638902,1017.0589933661813,1013.5616615684725,1010.0643297707636,1006.5669979730548,1003.0696661753459,999.572334377637,996.0750025799282,992.5776707822193,989.0803389845105,985.5830071868016,982.0856753890928,978.5883435913839
W12,1038.826202966966,1041.0075410651089,1042.2578792943682,1042.9158333676864,1043.223251076125,1043.325345213399,1043.3073529502524,1043.2191420350453,1043.0898732071141,1042.9365973108434,1042.7692841955457,1042.5937633518358,1042.413443352076
W120,876.5879919858787,875.8098811506011,875.0317703153235,874.2536594800458,873.4755486447682,872.6974378094906,871.9193269742129,871.1412161389353,870.3631053036577,869.58499446838,868.8068836331024,868.0287727978248,867.2506619625472
W121,10418.906686264418,10434.192357893802,10385.458730777342,10381.378514647982,10446.550428362985,10486.643765994611,10450.996567715232,10421.35043522541,10468.459144800328,10529.011341022837,10516.6650218044,10472.561643773524,10492.913265414702
W122,359.23789267924263,365.288194899774,371.1847130137514,364.96702210467106,352.3775259223485,354.8177318460091,362.7327731301379,361.97395847651654,349.00817121158155,346.30962384437754,353.7629702851109,358.1507245843708,347.3268698134782
W123,469.2299035807339,477.60483359692125,484.9216972654977,477.7153534465149,468.10766346537264,472.6842405474433,483.2388282231748,481.4042293039356,470.5621920572432,469.86767505533726,480.6510271819121,484.28333883885017,474.7395662833597
W124,8480.285677192425,8419.578276728105,8415.778310831216,8437.828104624432,8455.930632428082,8430.372914379037,8411.4503594333,8432.418161400152,8460.723706974602,8449.502208856416,8422.29624783635,8429.97837068016,8462.630845497817
W125,10877.795166982292,10949.415752196906,10915.887820042459,10856.943517394779,10888.35292401918,10966.432469033509,10971.326698483195,10914.366962207467,10910.644022986206,10978.092606853013,11013.314630769255,10973.859156761098,10946.08533316871
W126,9545.678019728846,9579.450707081382,9514.389168492511,9530.020975882811,9592.935488669023,9620.392800218486,9598.195357916022,9553.85740685792,9633.727734903785,9657.601123139844,9674.209581739598,9601.149643497034,9660.121709967654
W127,11064.468992267852,11070.380441942856,11040.206604173763,11087.283992717377,11092.325219985563,11107.607977237516,11111.928697334719,11125.759835996278,11136.066783077362,11148.178360798955,11158.54231608592,11169.87053861798,11180.805157194754
W128,3603.7554828318366,3594.224864115546,3578.8446530975407,3591.0917121545363,3591.7485616048725,3593.9087839780163,3593.0729422245463,3596.5378750892314,3597.1332222736064,3599.2509181678756,3600.182982725927,3602.1523546009184,3603.339691278149
W129,1007.8872552335412,1001.4854637550782,995.5101967181412,990.9409888642493,986.3097090820391,980.9322603662313,975.595638576734,970.5893810063523,965.5650262785225,960.3645921169214,955.1600179482949,950.0261108390763,944.8832716788861
W13,2460.3400562669144,2456.4156380940135,2502.7476549614294,2522.418269362482,2484.7402077670295,2458.2900432171396,2492.127485881171,2530.939251658966,2510.8787019003958,2470.043030384875,2482.4236968719765,2529.8407573709305,2533.5191720943194
W130,8183.14178159702,8188.362825582852,8193.484389313433,8205.744842033264,8204.982089756926,8219.784664284965,8220.112034109416,8230.59575022702,8237.365377026776,8240.861553704859,8253.57705716974,8253.494759599222,8266.737417399769
W131,2156.0318119747913,2151.5350061605764,2141.9419226391237,2142.9064029959295,2151.573572015063,2151.6475875765314,2141.896040371402,2138.2319494988237,2145.8605606989104,2150.2431898047266,2142.5635704748147,2135.0895444988723,2139.6641017246125
W132,22623.966644387416,22655.99748839915,22684.353183145475,22710.772337139373,22740.46611083431,22768.167459457196,22795.79260268523,22824.96213761661,22852.456752075756,22880.80830840672,22909.40001128938,22937.14920358892,22965.72551028677
W133,13869.596969681783,13889.785143205887,13842.28768047681,13837.006864697585,13901.267487614032,13944.437606984078,13911.442069408864,13880.914813051906,13926.81755858441,13989.611329827076,13980.327071260861,13936.052930963297,13954.926416822931
W134,12118.435628402509,12133.268928841293,12078.363240357923,12073.28008169705,12142.18221562195,12183.353487539924,12142.23564906219,12108.693879104618,12159.027918989601,12223.01720821945,12206.62388484289,12156.378509366394,12177.909103769809
W135,6209.82227033469,6224.260617632419,6241.905802596974,6255.778430395234,6272.6146517713605,6285.982731861617,6302.0893857615165,6315.007575413077,6330.456201945149,6342.973330250149,6357.828396048329,6369.9880785152145,6384.307680899524
W136,6434.957306377779,6430.063879229284,6494.41732868551,6504.633498692343,6544.879797584939,6584.768824795027,6596.196936190425,6659.908172764461,6657.734724098635,6723.545563387026,6732.011062878837,6777.547990234682,6813.169625949376
W137,7044.401576560087,7064.005378633827,7068.6514478096315,7086.548909077705,7094.687000495827,7109.183421405587,7119.426414988947,7132.73578893357,7143.856863545897,7156.519664720917,7168.127606238634,7180.487686565829,7192.331825330365
W138,360.9090424111979,360.7977012474867,359.8533507294331,357.14590891815817,356.19667085715906,354.0710656985834,352.9513549899313,350.83012734347864,349.6586198729868,347.61951585972645,346.37647995648416,344.3966296754865,343.09891176195157
W139,7835.571194490136,7816.31666491809,7862.631712908029,7900.3316973843075,7870.300948201009,7831.814919267024,7858.918501060046,7911.005523525008,7903.809047077173,7856.692701045414,7858.790522856365,7913.204772034052,7931.596751530102
W14,2409.801159952863,2387.6846425513904,2372.654222057209,2362.646423234771,2356.198655948384,2352.2742370975307,2350.1383662588605,2349.2702172880217,2349.3006288943834,2349.967939753954,2351.0866844612033,2352.5254052365726,2354.190924876705
W140,8218.084233003574,8220.373381242729,8250.693901512428,8260.958853388496,8238.222911376035,8227.113764703901,8251.822818200868,8274.014872001584,8259.887821196095,8239.075822734529,8252.752912754588,8281.818742282923,8280.421476555603
W141,10937.554853016527,11051.72666608212,10758.171388276933,10554.237032056557,10811.870766035177,11082.82168615379,10902.942980690437,10592.572430521994,10700.286486017652,11043.678062995463,11029.879107284261,10690.188619764358,10624.3503351141
W142,5411.48216273585,5416.279325471699,5421.076488207548,5425.8736509433975,5430.670813679247,5435.467976415096,5440.265139150945,5445.062301886795,5449.859464622644,5454.656627358493,5459.453790094342,5464.250952830192,5469.048115566041
W143,11351.757645838054,11339.089464110142,11278.162010784043,11284.743708453874,11356.307914962292,11376.997748748474,11320.237516193733,11294.66485628076,11354.007879945695,11403.631826234578,11366.300187811745,11316.808177753726,11350.808338563924
W144,992.8229669226602,987.2611645518825,989.7642556297883,991.9374030681145,989.8283925964528,990.7753065334074,992.0640181426835,991.4170914534324,991.8773758739553,992.6760038955049,992.6294683284491,992.9607826259158,993.5106426683254
W145,8659.412297925484,8649.625896873205,8646.008071033872,8648.095071675898,8657.711391075105,8661.916689524083,8663.544652512786,8667.033703385196,8671.925575269846,8676.03431664908,8679.480634733447,8683.228067012442,8687.292605718072
W146,6751.700560199927,6751.698957068153,6710.8988551458315,6716.007351007988,6769.751010466239,6791.247141008918,6755.455673735382,6737.864003281551,6781.994735378228,6823.393972592638,6802.392505702106,6768.556121963809,6793.907270644085
W147,131.67526272090254,127.7034044557771,127.70328499781793,131.06655675913171,131.22867478775945,127.2500485705654,125.42479638311747,128.28346212658846,130.16274574481986,127.11295816302915,123.80588084739026,125.36321399731371,128.39809843240434
W148,230.0393455050739,227.99854641458546,227.0076767459815,231.6347578717378,230.17020235849313,226.8334283911187,225.04792914335144,228.24577540704652,229.61063842232133,225.89833835583164,223.32197250763255,224.67366082400227,227.859544222122
W149,4403.667959789792,4343.072120364131,4342.498638860575,4363.429324883748,4380.1963882454775,4353.694486958765,4336.306266909979,4356.623231851057,4382.381922235414,4369.132706982015,4342.4146535936225,4350.2884682189815,4380.813345628375
W15,4359.2431993386535,4045.0159143870605,4212.897743844135,4234.764072419125,4166.747742945886,4161.037387190514,4182.843349581054,4188.180870960018,4188.185934726184,4193.709522715512,4200.582590835957,4205.919136240056,4211.027206573156
W150,8049.238490456723,8086.830897100149,8074.079706809167,8066.14550388783,8072.186116754883,8082.862001799338,8087.652351827569,8089.895134583522,8093.543498253599,8098.672173330024,8103.532711943886,8107.775900674351,8111.964575936691
W151,6305.567656408048,6310.199627299466,6269.830626811552,6272.633781771986,6324.033240969077,6347.365684004903,6313.906444016203,6294.8490239761895,6335.954392474895,6377.7654468146175,6359.585700322204,6325.758686685993,6347.998556694506
W152,8553.767489833343,8563.580062460482,8543.27664111823,8578.460875362924,8584.16818628841,8598.681786358093,8605.062117054247,8617.508451982387,8627.48599321048,8638.8903793878,8649.199237829758,8660.097996221859,8670.712879575707
W153,2972.494478700589,2939.089480353423,2881.6379860377738,2902.8160548455285,2966.5055134398017,2963.7630865978717,2900.674266867914,2889.8678298273553,2951.1266731366095,2979.655751927045,2926.8606472622614,2887.4723778776624,2931.276376186844
W154,8578.057654342052,8572.996341231157,8533.529874120666,8533.666379293962,8487.095909094547,8491.49210487079,8443.128875803133,8446.70120274116,8401.200478648634,8399.885332980613,8360.596615865094,8351.838564690155,8320.485281083944
W155,4593.65475518077,4592.429174730708,4590.87611818894,4589.692869154132,4588.982302048039,4588.723916907092,4588.8751776180225,4589.3929292475,4590.237579897024,4591.373602895993,4592.769286740621,4594.396361342887,4596.229632324807
W156,5457.26563880545,5461.265089884371,5463.2384408712205,5466.26592168041,5468.74496478571,5471.509346478984,5474.125273554332,5476.81843789976,5479.471417601741,5482.1453043809315,5484.808313724367,5487.476982328893,5490.142706559689
W157,1429.919114743252,1428.9113446847994,1422.974653587281,1422.846202682754,1428.9936907403446,1430.9727780443966,1425.7537289280012,1422.8602475076304,1427.6147538454088,1431.962892121105,1428.6895563531928,1423.9386590438235,1426.3161609843132
W158,16566.54347840903,16570.043839487218,16609.14418492822,16605.92858441657,16649.12583577696,16644.775413031814,16686.184212733726,16686.51999928327,16720.746697788487,16730.400031355937,16753.86161465058,16775.147747106137,16786.936160605626
W159,9252.032484340834,9269.453221554739,9236.5682102824,9229.21686617067,9273.587004040586,9307.266365076575,9286.023856649983,9261.822202339774,9291.620229315638,9338.026776983836,9334.72703303747,9302.325079250968,9312.198343482138
W16,4411.945543852388,4100.047877977346,4173.91263645035,4179.447531853669,4184.982427256988,4190.5173226603065,4196.052218063625,4201.587113466944,4207.122008870263,4212.656904273582,4218.191799676901,4223.7266950802195,4229.261590483538
W160,8041.8150139973895,8056.842624728968,8016.595535903948,8007.161743741443,8056.3268052699905,8091.052596929046,8063.201623602204,8034.145915984351,8067.118927801686,8116.970578438169,8109.237560666988,8070.158148872498,8080.587672249374
W161,12099.378073869773,12104.220380276694,12129.105392147347,12144.779284770826,12160.13205105135,12176.42827424091,12194.166834822972,12210.074742777,12226.762898866482,12243.437020775744,12260.143410923267,12276.682939642564,12293.407834849299
W162,4468.879495948693,4481.544664167588,4499.056267200209,4512.191081023436,4529.342776531413,4542.872624479074,4559.732313253455,4573.595401652093,4590.219319533734,4604.364470493771,4620.799192342082,4635.184020029581,4651.46811942141
W163,3787.464515386559,3790.380068057668,3770.622712629668,3754.379603913343,3766.049254039778,3779.652842841582,3766.641940897674,3744.6756677727967,3746.195361241992,3762.662863337382,3760.278194733815,3738.3535624945594,3729.556599252574
W164,24613.589600371968,24737.887410124305,24710.182558506574,24771.925999974,24804.361004062772,24804.290609340245,24896.534575998896,24842.57746430755,24979.610350338884,24892.933702928407,25048.76990873877,24958.549494127157,25102.64883838562
W165,3770.4977876385283,3744.5236205888773,3757.941252551225,3741.0410751155873,3756.383822125823,3737.0478093992374,3745.797293134471,3729.7693943502877,3742.7147154351387,3726.7438576069244,3732.9877452678006,3717.6299511391976,3728.210637327609
W166,2639.9603899233916,2631.928606893127,2649.8340355747314,2665.3699605431275,2653.5275861588025,2637.090069591399,2646.8956068565362,2667.921939182787,2665.5652358677876,2646.089186739193,2645.645431644971,2667.1142955134637,2675.1088727402566
W167,3016.107140642972,3007.4760270875704,3027.1948566081246,3039.1025191452827,3026.045503365491,3009.5915547486957,3021.999421240611,3039.857289171949,3035.4890578753543,3015.285165490887,3018.1716350589336,3037.4076398874467,3042.7931097958294
W168,3698.138277203956,3742.7583412887393,3602.265096431983,3533.40790229581,3657.7768115797253,3765.579166796895,3670.6275290628446,3546.1587117071163,3611.855715885163,3759.718947532453,3733.546767120236,3586.098144524721,3577.358608171947
W169,1658.825,1658.825,1658.825,1658.825,1658.825,1658.825,1658.825,1658.825,1658.825,1658.825,1658.825,1658.825,1658.825
W17,12042.463795902677,12047.07575158477,12048.664328397312,12049.398670738761,12049.88917116441,12050.307592822814,12050.702269493515,12051.086802197828,12051.465018233817,12051.837994594904,12052.206034344714,12052.569222764698,12052.927583852872
W170,3592.348055597887,3588.789520451396,3593.8015655593013,3602.4209375279065,3603.4126613522794,3598.85782848895,3600.487605557248,3609.2276246350275,3613.62128571114,3609.8161592373717,3608.246698067585,3615.4212921061476,3622.6035432658014
W171,6075.693861858341,6060.301524787637,6039.749599346935,6053.964336424517,6081.849819393516,6078.621211984931,6054.1801353734245,6055.375361152854,6083.914324591231,6093.7577866559495,6071.884935127817,6060.7486438828,6083.706663989961
W172,3669.1834320093403,3672.0351763223225,3661.0142331867696,3663.1685794242408,3680.4340512509016,3688.9951359880624,3680.1134545419054,3675.6189997680776,3689.5884492731416,3703.809648095805,3699.691059959022,3690.742064935759,3698.8688468155765
W173,3336.4218199303864,3335.1866675074157,3321.7839969436977,3297.6882341565224,3305.7112929303994,3323.999187481635,3316.049390353451,3290.0715816620645,3286.132143164479,3305.5436087899125,3308.948114017865,3285.0301507549025,3270.179709419804
W174,2805.758089451383,2814.3330339507806,2824.2628794760453,2817.348545300648,2806.172915407934,2811.2067701237247,2824.1838849596265,2823.47374609509,2811.2798978507276,2809.441225238103,2821.7335366501297,2827.6260431788564,2817.8541805841614
W175,3261.416442656476,3267.762618960186,3255.3315183149157,3256.29890589716,3273.715649354082,3284.5039017360796,3276.0918162152198,3270.0458891994354,3283.4182048141047,3299.4036360140817,3296.687225050478,3286.7423997608403,3293.576817005701
W176,2498.5319995370455,2431.154652568465,2452.558715514668,2530.976888281495,2534.475966980914,2462.5429578153007,2445.8820074649993,2518.345639830626,2558.464539652952,2501.7022816298013,2452.5017205360086,2501.611401716373,2568.185194898025
W177,6592.22989134134,6608.909443890536,6598.956969400269,6581.364553174308,6592.930381555675,6595.429145291985,6595.655178753744,6594.319196901432,6596.848140666832,6597.952175159577,6598.967197805568,6599.696996206022,6600.956482336157
W178,1494.212247240625,1488.5222803831123,1491.7512936366925,1500.8103356187091,1505.500687661934,1504.5397792791773,1504.8134595356569,1509.6071571316365,1515.1024401744019,1517.6282670717258,1518.6672167304707,1521.3653708988684,1525.73786404341
W179,2715.5284153053926,2717.97544280008,2719.7609329789802,2720.6298587351994,2721.3848140924833,2722.885764181958,2725.0543290968812,2727.03536429002,2728.2454124346445,2729.030316500373,2730.1990221567444,2732.0545840008713,2734.0806102249167
W18,4349.494613218581,4300.924765466837,4330.6667777385555,4276.0187009065185,4306.042948899856,4256.485194109346,4276.2265858890905,4241.282118865481,4242.852046708758,4228.274532165363,4208.416956981173,4214.763884002313,4175.646590050589
W180,7269.666556300407,7255.050539957791,7235.857081342151,7250.066543379511,7277.0401629124935,7274.062002909795,7251.0583250116415,7252.798152419686,7280.475133735064,7290.025380537655,7269.411148737205,7259.326244221568,7281.722719567953
W181,8798.804182904241,8800.074575728573,8793.170930863529,8796.240650336587,8810.128005244524,8816.870790757695,8811.267596163842,8809.832177869836,8821.57447287529,8832.298377496363,8829.764170909364,8825.11907461957,8833.075802958516
W182,1347.0934684893516,1342.0640068371356,1337.0125047271458,1331.9398173236661,1326.8467666108186,1321.7341426799453,1316.6027049670413,1311.4531834421734,1306.2862797527514,1301.1026683224397,1295.9029974074324,1290.6878901117443,1285.4579453631093
W183,6078.580010104291,6081.684321320331,6084.788632536371,6087.89294375241,6090.99725496845,6094.1015661844895,6097.205877400529,6100.310188616569,6103.414499832608,6106.518811048648,6109.6231222646875,6112.727433480727,6115.831744696767
W184,4614.414261311857,4619.19973449566,4611.71858269387,4614.12150160242,4629.402836079949,4638.688883375727,4633.605051905236,4631.009848474237,4643.156074758843,4656.460847261116,4655.521800868298,4649.972548857148,4657.338552191812
W185,4074.6849784737824,4079.175846661127,4069.3039943291824,4071.1999090288136,4087.1943695738796,4096.362886778989,4089.2947414327136,4085.217264807477,4097.8596434598785,4111.738600279012,4109.343415619415,4101.69870668454,4108.873123895806
W186,1740.4986323418002,1741.1225021898651,1741.6845012026074,1742.4481059279374,1743.288597728576,1744.150941318283,1745.0423549518734,1745.9478635102412,1746.8600470602867,1747.777245987328,1748.6971699452881,1749.6185797877863,1750.5409336264606
W187,919.4397910314192,918.6206335919805,917.8119366690267,917.003239746073,916.1945428231191,915.3858459001654,914.5771489772116,913.7684520542578,912.959755131304,912.1510582083502,911.3423612853964,910.5336643624426,909.7249674394888
W188,2218.4398184696697,2244.471017085378,2211.821028784087,2241.398395534812,2209.1380751723673,2234.4172957319,2210.0892067925242,2224.3060234257946,2213.469089730268,2212.620455901338,2217.4698929101005,2201.305930803281,2220.1318318070685
W189,2005.970642048244,2006.8771002470564,2007.140418414214,2007.0150545876188,2006.654790607352,2006.152564603936,2005.5645437821618,2004.9246728198086,2004.253466199551,2003.5633218590608,2002.8617324980544,2002.1532263332822,2001.4405399947598
W19,2910.266501101925,3430.2615690026237,3051.9888255865885,2732.0702410714066,2841.2879795924123,3423.4239384582625,3236.2639208733594,2828.571417572237,2681.717805658403,3259.865346578961,3314.388085150121,2961.727877779945,2587.42649814709
W190,446.3726375264916,445.52599299892154,444.38029216546045,443.23459133199935,442.08889049853826,440.94318966507717,439.7974888316161,438.651787998155,437.5060871646939,436.3603863312328,435.2146854977717,434.0689846643106,432.9232838308495
W191,6502.168877509903,6510.680826873432,6513.047616708197,6511.90455099331,6508.756804045698,6504.464067856223,6499.517362176447,6494.197136747657,6488.663572615805,6483.008158428246,6477.283148635847,6471.5183887737,6465.730925350767
W192,1143.4764900301432,1163.9732017865185,1138.077861676176,1167.274067375027,1136.139436610958,1166.7903686997745,1138.0725351090648,1162.5907747389456,1143.3333272537027,1155.6596917329903,1150.5589725105065,1147.6526175891186,1157.9053288306861
W193,6044.256171410948,6026.925691025272,5964.009563132714,5971.168237864291,6041.500975624906,6057.616261878982,5996.949430695232,5971.227210255771,6031.0575457853065,6077.417326048839,6034.844191078089,5983.4192739999,6018.704680659022
W194,490.96506919541287,490.4380291182783,475.46136837132957,466.4832042154116,473.2968089030458,478.10181957305855,466.77919272687205,453.43308215476014,455.54414022247744,463.5022021027476,457.61759711111944,442.50366307513656,438.79338139000976
W195,939.3100090085625,929.2762106052865,936.5001008917723,933.600750356701,936.6396228695421,936.19517481456,937.7940185120636,938.1942814001113,939.2976235009286,939.9885441984254,940.9213884385722,941.7123220018794,942.5864993866869
W196,9566.738138177841,9509.907832504954,9472.548580095092,9448.463320719367,9433.427335088114,9424.56050707897,9419.899376326986,9418.105393815067,9418.266031079094,9419.759190469164,9422.160769613416,9425.181645378463,9428.624713970958
W197,3298.792576453177,3294.741874885778,3246.460473309938,3259.786752171248,3241.294600429363,3258.120211107984,3249.719292087959,3244.335345403512,3242.408639147795,3227.412718185567,3246.818897491263,3230.663236690685,3257.438352535414
W198,2384.924846910464,2367.408594065395,2348.1787429836763,2352.340017249198,2354.972782157161,2353.021135193163,2354.9550236356763,2353.5957120305256,2355.027564427062,2354.0937553479644,2355.1649714891387,2354.5368210153797,2355.348975063854
W199,750.8870166980006,729.5682799470918,710.8442450728121,694.1863058652172,679.3420270742066,666.0699440969373,654.1628662130339,643.4406768371496,633.7470512345031,624.9462862124221,616.9205828219942,609.5676838063582,602.7988231573485
W2,3497.2053901250465,3497.3234868752947,3467.730945005804,3465.6807992331046,3499.772828225891,3516.4458570552324,3493.7751287479914,3477.938343394794,3501.8570909711457,3529.2842043694914,3519.197660439521,3496.190870917167,3506.1499374297746
W20,4087.931842845036,4366.832880963979,4427.059045337294,4160.122346046104,4042.195824075155,4270.580238324938,4453.953571286581,4268.448859771531,4046.8228430591093,4169.24135511066,4426.8910119655075,4366.650609552446,4101.970488726916
W200,1632.7702835954133,1605.7775261420998,1585.0913220304049,1568.7643153204933,1555.4504603209327,1544.2193472559022,1534.4278609945768,1525.6314693724792,1517.5229041637767,1509.889776321847,1502.5852789095163,1495.5079364639726,1488.5876074118596
W201,1887.7573527949764,1880.4965842413271,1886.55323388696,1885.214943425103,1887.9829398106704,1888.4707836286393,1890.2247581200625,1891.2756713755657,1892.7169828038775,1893.9415126411336,1895.2864176786181,1896.5644803760338,1897.8796595095375
W202,4084.4044402147315,4133.424829201357,4073.389439163112,4135.396814789116,4070.9777312089163,4129.486112454887,4076.317688731269,4116.547250528894,4087.5299444579186,4099.262114607761,4101.289755031652,4081.387406381576,4113.645389142801
W203,5367.64666825642,5358.557063563763,5356.286624935084,5347.771863179826,5361.349485488514,5358.2668187683585,5351.199912367045,5364.069311358048,5360.333006138101,5354.609081982818,5366.726593257543,5362.481159763917,5357.993923626721
W204,7295.777650939448,7281.78684971922,7272.103193572549,7268.8277298142875,7267.85101742462,7269.7040384140955,7271.814208962408,7275.460433188754,7278.674451603078,7282.938417569552,7286.556045484946,7291.023993607185,7294.797470465545
W205,12552.49069480991,12714.867782179823,12794.604344915513,12682.350303743526,12600.595762676694,12702.245681974211,12819.221096391395,12771.49505904593,12670.804535294636,12708.76099334124,12828.071875836804,12839.352662259518,12750.455042197027
W206,1000.4636672812429,1036.275556117077,1019.1817214765414,1031.671209838543,1023.6990754813498,1029.8794419864419,1026.271079444688,1029.4331963598838,1027.9124385262126,1029.6306412496208,1029.1085821567472,1030.1360241822247,1030.0917371364294
W207,11102.888688462122,11194.586330260052,11270.572229238296,11333.892884185012,11387.00407935256,11431.88542369979,11470.132681034609,11503.032197389775,11531.620896969105,11556.734644910814,11579.047232536104,11599.10180337828,11617.336185721086
W208,27831.876110174235,24288.658357171964,23943.104780359536,27282.169930641914,28955.30293784298,26146.786431808305,23982.67595313677,26343.747712215598,29189.963636255994,27621.014329539517,24483.450577096606,25356.78799072166,28782.996812711568
W209,4189.293665594855,4193.1373311897105,4196.980996784566,4200.824662379421,4204.6683279742765,4208.511993569132,4212.355659163987,4216.1993247588425,4220.042990353698,4223.886655948553,4227.7303215434085,4231.573987138264,4235.417652733119
W21,2131.5646111533647,2224.0142204624603,2284.6926084975285,2324.3918743762615,2350.238239774577,2366.9372800231404,2377.5961731188704,2384.2666458807207,2388.303491289263,2390.6013040845237,2391.750801638352,2392.1420455035295,2392.0326005024367
W210,7982.33304668952,8131.846676070565,8155.059646471429,8036.2100866603205,7997.1386953439805,8118.264281862427,8199.556371859002,8112.460128655113,8023.6359513245,8101.149176673024,8221.04833094094,8186.58333272391,8072.395427923188
W211,19124.975789137054,19294.693563001427,19464.593321593115,19634.67506491212,19804.938792958445,19975.384505732087,20146.012203233047,20316.821885461322,20487.813552416916,20658.987204099827,20830.342840510057,21001.880461647605,21173.600067512467
W212,5491.6711586968095,5488.342342210304,5450.1220986285525,5448.619730794379,5491.056337605935,5507.791053344147,5474.300694690807,5453.959454464112,5486.99240051936,5520.181925271639,5500.16483011366,5466.759197628179,5483.1022717897795
W213,3149.8727728626995,3079.591262783644,2979.237911687786,3028.911239820132,2984.8937221517263,2937.4040879598742,2938.9794437200335,2967.5552834799255,2927.5420594490797,2916.021644255437,2941.5490383450715,2940.2523962912505,2914.159785842382
W214,1829.069680433156,1847.9356380748634,1869.1443762384229,1878.285728990129,1880.2033859860128,1884.9315542060278,1893.9035110349078,1902.242208269443,1907.303938023454,1910.8145479795112,1914.9946888263623,1919.836232054947,1924.1624166757585
W215,2367.7207769222005,2371.6763120312758,2375.640961802818,2379.6086532281593,2383.579777180677,2387.554308502825,2391.5322488138027,2395.513598009394,2399.4983560963083,2403.4865230741125,2407.4780989428345,2411.4730837024726,2415.4714773530272
W216,3150.015806301869,3154.1774497862834,3158.3482418707435,3162.524364980511,3166.7060493090876,3170.8932809761823,3175.0860608187536,3179.2843887863346,3183.4882648819685,3187.697689105471,3191.9126614568536,3196.133181936116,3200.3592505432584
W217,9882.281277252143,9887.032517022435,9890.63095277734,9893.755096020903,9896.478850910542,9898.98301222194,9901.333446859418,9903.59067143114,9905.786495036647,9907.943783433708,9910.076198295248,9912.192818409114,9914.299313033764
W218,9973.465724099253,9980.083934320724,9985.358610455345,9992.605790957527,9995.918574370082,9998.52625099346,10001.017467248323,10002.85563916859,10004.472672913025,10005.987503017514,10007.372493289582,10008.695702539986,10009.983952728302
W219,1067.6565061446406,1064.9922490912475,1055.6410149607466,1057.1328883159138,1052.1019054644823,1046.6380360274584,1059.7628550276524,1068.0295675121797,1058.371870837099,1055.3245573916322,1056.4688407283322,1048.552878227697,1051.7352721470659
W22,3788.3979885925833,3677.6034537989217,3606.0692334253254,3582.735761848693,3487.2190852171484,3483.407348838195,3438.262924217153,3444.2247896588365,3394.6781407293934,3412.8671894430745,3375.120270652689,3393.0465616674737,3356.1589738564603
W220,1792.2729167926263,1793.4313943896814,1795.9138877269486,1792.5260041321721,1793.8788479266095,1792.4537678027352,1793.7153821412503,1792.7648037228207,1793.4856732707399,1792.8175586569505,1793.2796941804397,1792.841319032629,1793.1334149330623
W221,7526.458439712461,7607.348575509214,7547.3306610294985,7602.929601710698,7563.663435883981,7602.235301719974,7576.940068301517,7604.048605636836,7588.159179681645,7607.550131846931,7597.993083105424,7612.188238879359,7606.894407446203
W222,8059.435218049179,7913.818790897534,7708.197192032699,7797.7553583833505,8003.26696273524,7958.6119849290435,7742.342289043873,7741.713052440541,7972.4013064473975,8050.94778797381,7863.462929744341,7762.355572483546,7948.924247190494
W223,27639.96708544368,27641.425962268873,27647.13821192589,27656.14468366632,27667.702518657505,27681.236375383858,27696.30065389421,27712.550238616157,27729.71783877015,27747.59643860104,27766.02570514504,27784.881461093722,27804.06753156474
W224,1658.8992548474175,1624.029304153918,1599.1310219194643,1585.3821678476622,1583.313550745523,1592.7935529361991,1613.0499042824133,1642.7266805244253,1679.9725819870234,1722.5548916520986,1767.9922027605112,1813.6981108402192,1857.1276242286788
W225,1954.8405670362633,2002.5000235260375,2046.8302881480022,2072.4032440501655,2094.307550123678,2121.4297196095217,2150.1083449198222,2178.591009519545,2203.758746217659,2229.1899542513142,2253.324317228424,2278.3874224074207,2301.6751487828337
W226,2887.669387902538,2863.8292492952123,2831.8733129491584,2802.0881316401546,2777.9225542213208,2763.7710051057334,2759.7276459295126,2763.1216448600235,2769.2423589541604,2773.4381774013673,2772.7231381547085,2766.676378586994,2757.238010968603
W227,1290.908158666181,1272.2738171877404,1257.6854411165987,1267.3689025897986,1268.9497795338277,1257.5238288621883,1249.942313935572,1248.8742795698604,1250.4164960255152,1247.2694115876195,1242.5277962552582,1239.970993702163,1239.259540152653
W228,7929.57653596934,7946.372445834483,7988.894655304968,7950.241180735964,7984.326814662653,7964.338857038919,7988.379108025039,7969.266791564927,7993.525288244078,7974.300460372586,7996.904961488521,7978.887373745125,7999.762708148061
W229,477.6204827050207,452.37112373868,459.22684216756994,449.2668977372752,452.95272817855505,447.9944081193494,448.4488811535061,445.6111679353656,445.6525490435811,444.4428706748866,444.35770531840024,443.62252637983937,443.3869717688371
W23,760.5547469538378,771.0253283268249,782.6738984698109,780.4245235340152,779.593908774062,781.4787890056112,783.9489983063727,784.4732561444573,784.4309599906902,784.7530909901114,785.286092250418,785.5700603548734,785.6617883477732
W230,3046.7078756482656,3006.2014443160983,3009.3164015411694,3054.106836069002,3069.163261232876,3043.686434725116,3028.259005666969,3032.7991857040583,3044.942908339148,3044.804341487426,3036.1905312933227,3031.33052269349,3032.9339419440494
W231,562.5009248093561,567.8737652613447,575.8930760231359,592.7776451403089,604.4342063179677,614.9180415789688,622.0503531619567,628.4702475580157,632.7410754979657,636.5805600356962,639.0416937854187,641.2426483796589,642.5593574897003
W232,1862.3396862901027,1841.0486885421299,1844.27750915385,1871.6270735117826,1921.3077734174428,1990.2549819968117,2074.3172511535977,2168.5056832606538,2267.2895334069954,2364.920556642209,2455.767105419852,2534.638584082578,2597.081593118899
W233,1028.991371541512,1054.353423804595,1092.3430359842391,1140.7096207207367,1196.60122261761,1256.7298231624782,1317.5619148307537,1375.5232986653132,1427.2062355263042,1469.56694506502,1500.1020061688578,1516.9934356966344,1519.2140378740187
W234,1883.2305412750072,1883.5828148446644,1883.9350884143216,1884.2873619839788,1884.639635553636,1884.9919091232932,1885.3441826929504,1885.6964562626076,1886.0487298322648,1886.401003401922,1886.7532769715792,1887.1055505412364,1887.4578241108936
W235,382.7661119090438,373.5544591405131,359.1797761864783,350.59737917048574,343.9109239203555,340.63872282351576,339.93448457952843,341.6502844894632,345.2172873272844,350.141941022113,355.87426140369223,361.91131853139245,367.8002447412151
W236,3111.6627863483604,3139.791057627671,3095.2331462185007,3148.147332896574,3125.3822436208484,3195.6491344163783,3185.8619931311614,3263.9031538266754,3257.3457830219113,3333.7909480769335,3321.9395028141184,3389.4909833023808,3366.545299750622
W237,1076.8726676168721,1071.3384862679882,1075.9644273129766,1074.8493531887427,1071.3878446017127,1073.5042204972626,1072.9284426798833,1070.7148711435957,1071.5257526788203,1071.118385058995,1069.639289086926,1069.7802627307747,1069.3971382310397
W238,375.8270794205795,388.7110326655445,409.38729471921863,436.5545937797098,468.55341006233334,503.4641435258778,539.2191975951066,573.7224464990998,604.9691944251721,631.1597722073581,650.8003458061215,662.7853022007439,666.4566838676145
W239,3630.380910715675,3574.728991505167,3558.098373035104,3600.335710680808,3680.1942467039835,3809.1929836687873,3963.693786239958,4148.689684529138,4339.708761295354,4537.86800433233,4720.11483324486,4886.644362519183,5018.1625703945265
W24,6738.85359569828,6545.582401901942,7017.108746022272,7058.561726705734,6881.277186039261,6849.315743036356,6921.177239914488,6981.331144088434,6952.842039184853,6910.005201137358,6925.4732651317745,6952.243650568397,6947.259179213966
W240,2519.710566322924,2546.410292004637,2577.3613305824847,2618.082503179079,2657.5817437846176,2671.013689909928,2689.8438816522926,2699.5388646177335,2706.474129230298,2712.1342399995156,2715.1105557431315,2717.4593749444794,2718.7807860115286
W241,969.351982458366,980.6508284037324,1006.0215878721493,1041.5780945685003,1079.5662701800632,1129.0781416886077,1182.739513130486,1239.9577648423729,1293.7111011781,1344.2265546630829,1387.033897551973,1421.557026670265,1444.5523684114357
W242,1451.5973159946743,1449.656032892399,1462.0458424201477,1470.5213123470671,1468.0495794625817,1459.9582687267202,1454.0605082434338,1452.9273307487804,1453.9616280932714,1453.841783497324,1451.6634925051842,1448.6660919879728,1446.2513656411043
W243,1238.2354875876597,1309.430409082404,1414.5437260740455,1536.6577008632871,1671.6255624618925,1811.9924522027263,1948.8260138546723,2075.179024113689,2183.9442276624445,2269.484402023542,2327.5515199637807,2355.468279880355,2352.330595898985
W244,779.9190289906627,796.306455801341,804.1872700251229,821.0713674398654,831.9863802762275,847.1789257268922,858.2144801229535,870.5312537800869,879.356649433749,887.756421823797,893.1430199784495,897.3105193884628,898.941085522805
W245,2326.7296696415838,2336.57109792453,2346.4845295086793,2352.5524440069266,2354.2765275238617,2353.0182599747486,2350.5472538832346,2348.178998129358,2346.5201713357264,2345.605840786791,2345.1779911615868,2344.9303553600043,2344.646230782487
W246,1140.0860698895897,1168.1088013168294,1214.9030528998005,1252.239102045586,1299.860551857255,1340.3754107344653,1384.3591253966658,1418.1420231097968,1448.403578599079,1466.8010624140466,1478.4392088490197,1478.3273953013766,1470.4868565373915
W247,4255.460140589895,4298.559638551385,4340.582259585715,4451.553900786524,4498.539882958474,4533.365937646153,4559.07131183034,4577.935624424779,4591.668727384496,4601.553113011378,4608.550728039795,4613.38309065618,4616.591383105607
W248,16226.089142428453,17540.705219357453,17562.305234725383,16497.819399828102,16537.54827928957,17499.82274680668,17519.102603753065,16754.84396200403,16795.925873158645,17502.527889608315,17521.40647529147,16975.066932493603,17016.053123148195
W249,21444.76067796964,21245.008386848498,21156.112418046083,20992.61505284057,21103.750705704828,21140.406378191245,20884.344011024798,20810.376349458224,20807.00545669415,20864.182145617906,20772.087021912874,20546.603384721995,20557.448228524394
W25,1408.7962129329,1467.8099362771118,1558.365212833526,1653.0882564031847,1729.621127966974,1779.7910288501673,1808.813101290003,1828.3561361530813,1848.9070814846252,1875.3250511543076,1906.6065795053084,1938.5191366213633,1966.8544006625987
W250,3309.607914804404,3161.3501570140725,3184.75365951353,3341.7618360317692,3364.233963106313,3217.6819333126195,3164.3695259748483,3302.7127984887943,3396.037515401823,3286.455205561702,3171.263018255469,3257.3902697930034,3399.429201985538
W251,6707.212860323705,6728.846430881075,6698.05408075097,6717.639513674389,6692.015187051754,6703.588082778074,6688.258491873717,6687.854645242395,6685.376413145974,6672.002913413514,6681.747578967327,6657.610122094856,6675.937623849777
W252,8625.134487242856,8862.086158813016,8841.167206695849,8652.442588192203,8605.301183535912,8848.43524951921,8912.429510950013,8779.15681735568,8642.80710729802,8814.003362239207,8958.558222851647,8888.356770287173,8725.813957377906
W253,12397.961292858256,12489.731457167994,12456.988699275998,12373.157043059278,12405.75966803248,12515.67564765909,12529.580695350103,12441.30540311463,12423.425877893571,12525.329063912195,12587.093434537512,12518.946115962466,12458.179627250483
W254,5953.64892650711,5861.347801797896,5915.338556162131,6032.935476000524,6019.8062064955975,5936.979018173405,5916.771322938307,6052.530098140993,6079.749333505628,6017.529308086405,5945.523432419102,6051.954349005801,6132.121291745156
W255,1919.2922088318462,1919.2911632327452,1920.5896174799875,1922.1402496663852,1923.5606520656536,1924.834653451612,1926.0398145070153,1927.2323137101012,1928.4321830846602,1929.6399652915932,1930.851391566739,1932.0634503586416,1933.2750934955773
W256,3074.1461425354023,3110.3861300093554,3044.617318153879,2894.193398562492,2695.2308327138107,2494.183391523624,2337.2269470859424,2259.877438435122,2279.173530150707,2390.141112371401,2567.266053726501,2770.5634158313887,2954.80406019235
W257,4009.274115073477,4001.6192642933693,3993.877843696342,3986.110933276892,3978.3136086076033,3970.4862667085727,3962.628875571012,3954.7414377755526,3946.823953114137,3938.8764216035397,3930.898843242408,3922.891218030851,3914.85354596886
W258,2125.5,2125.5,2125.5,2125.5,2125.5,2125.5,2125.5,2125.5,2125.5,2125.5,2125.5,2125.5,2125.5
W259,6858.786106233613,6133.230382507198,6196.467506438166,6565.922581615864,6929.781973026102,7096.424825509461,6818.390180296339,6814.757831048877,7101.637956747429,7299.135126910021,7321.721867011384,7215.497635525689,7242.401793926808
W26,2871.4497770525286,3095.075360389602,3114.1480694132356,3289.3990422713896,3282.9070422788554,3422.718759857242,3400.143959683324,3513.6736158405192,3481.4621848382535,3575.224464939705,3537.723856215041,3616.3822717425246,3576.4919536230477
W260,582.3753306646071,477.30637232996935,483.46804607120475,516.9014697865252,548.6576984497017,458.8268981563207,402.40118980976933,394.97423242482364,464.4902151636943,438.54087866373254,371.0712499451349,298.8873926424956,343.51904911992654
W261,4714.26224930834,4675.427607650142,4668.366719729722,4675.872740075668,4696.421775557547,4688.284975042528,4690.931126185386,4695.79260651485,4704.021888229002,4704.467660770206,4708.45371755821,4712.559258262469,4717.5996965512295
W262,4394.16714717579,4394.9202862028915,4388.566641652302,4390.805210952408,4399.618742641864,4404.3339705596945,4405.399276916374,4409.887505673442,4417.764456282631,4424.25900344816,4428.972200613655,4435.015781435426,4442.755164009751
W263,2381.3469286700465,2381.6924731144595,2382.0380175588725,2382.3835620032855,2382.7291064476985,2383.0746508921115,2383.4201953365246,2383.7657397809376,2384.1112842253506,2384.4568286697636,2384.8023731141766,2385.1479175585896,2385.4934620030026
W264,4002.0710572296307,3997.605877132598,3993.140697035565,3988.6755169385324,3984.2103368414996,3979.745156744467,3975.279976647434,3970.8147965504013,3966.3496164533685,3961.8844363563358,3957.419256259303,3952.95407616227,3948.4888960652374
W265,2190.928304236776,2187.6816162732994,2184.2025029212405,2180.768977084529,2177.326509791085,2173.885796259562,2170.444738748197,2167.0037487044456,2163.562745427713,2160.121744746474,2156.6807435561595,2153.2397424656942,2149.798741355645
W266,2182.662940779678,2181.1845612583293,2179.7061817369804,2178.2278022156315,2176.7494226942827,2175.271043172934,2173.792663651585,2172.314284130236,2170.835904608887,2169.3575250875383,2167.8791455661894,2166.4007660448406,2164.9223865234917
W267,3215.300365804755,3210.799573651103,3206.298781497451,3201.7979893437987,3197.2971971901466,3192.7964050364944,3188.2956128828423,3183.79482072919,3179.294028575538,3174.793236421886,3170.292444268234,3165.7916521145817,3161.2908599609295
W268,1367.2005208040505,1365.1829069901964,1363.1652931763424,1361.1476793624884,1359.1300655486343,1357.1124517347803,1355.0948379209262,1353.0772241070722,1351.0596102932182,1349.0419964793641,1347.02438266551,1345.006768851656,1342.989155037802
W269,1315.9571945566986,1315.3821935834133,1314.807192610128,1314.2321916368426,1313.6571906635572,1313.082189690272,1312.5071887169865,1311.9321877437012,1311.3571867704159,1310.7821857971305,1310.2071848238452,1309.6321838505598,1309.0571828772745
W27,1940.3195725888224,1986.5206714099436,2026.580885652103,2061.306973209191,2091.399704264209,2117.4677854106767,2140.0399544944394,2159.5754864972473,2176.4733192112767,2191.079980029376,2203.6964713542993,2214.5842514382175,2223.9704294902363
W270,7993.826325048973,7982.328114173229,7968.31154388307,7993.147856317157,8001.192651041902,7997.278795230354,7977.624070170726,7991.892014751177,8004.0895470601245,8009.426072651261,7990.205770125647,7994.286670283581,8004.841114365066
W271,7733.4,7733.4,7733.4,7733.4,7733.4,7733.4,7733.4,7733.4,7733.4,7733.4,7733.4,7733.4,7733.4
W272,980.3836635478532,981.198852801739,982.0355677616575,982.8938084276086,983.7735747995923,984.6748668776087,985.5976846616577,986.5420281517393,987.5078973478535,988.4952922500004,989.5042128581798,990.5346591723919,991.5866311926367
W273,6519.525004640745,6560.50870325006,6600.35914399443,6639.252615916377,6677.395912290693,6714.95901524016,6752.0747359704565,6788.845958362333,6825.3522608692665,6861.65517891948,6897.802293534705,6933.830395453836,6969.767932076826
W274,829.97,829.97,829.97,829.97,829.97,829.97,829.97,829.97,829.97,829.97,829.97,829.97,829.97
W275,8753.162188852191,8732.23760393137,8653.497431533393,8656.703355876656,8737.844657918024,8760.233959727217,8692.424620882713,8657.75159268165,8718.447690012033,8771.990647091121,8731.92694652255,8674.475616596552,8702.572619060667
W276,11229.665888751993,11248.777699156106,11281.163012404735,11313.990783131734,11340.017231202199,11358.572078891917,11372.911236086993,11386.862647168336,11402.711397678595,11420.789272251028,11440.197091616023,11459.797345715477,11478.873558089661
W277,3151.257,3151.257,3151.257,3151.257,3151.257,3151.257,3151.257,3151.257,3151.257,3151.257,3151.257,3151.257,3151.257
W278,1321.864258553514,1319.9123426962246,1317.9604268389353,1316.008510981646,1314.0565951243566,1312.1046792670672,1310.152763409778,1308.2008475524885,1306.2489316951992,1304.2970158379098,1302.3450999806205,1300.3931841233311,1298.4412682660418
W279,1273.4840537566783,1274.2974415116398,1274.811068792303,1275.5320565438906,1276.109601885325,1276.7863740704233,1277.3945057014973,1278.0501197020876,1278.6728875893718,1279.318376902952,1279.948148581751,1280.5887929953815,1281.221916152515
W28,4596.2162255689545,4857.268054832963,5049.117561293234,5190.109613457047,5293.726032076711,5369.874737218553,5425.837154874231,5466.964475214543,5497.18933949367,5519.401883688925,5535.726096597531,5547.7229180666545,5556.539497840995
W280,5385.431430285883,5385.228493793519,5403.350501009709,5413.650790958831,5404.37016770906,5397.618476784645,5411.0133652211225,5426.901845291898,5423.2716598205525,5412.222123884792,5418.793168504,5437.20813854054,5441.003372425236
W281,1815.6302492356779,1836.603141135117,1799.1032386172785,1768.572891157892,1798.0847881700904,1835.6638379034398,1815.3963957419749,1772.6188662060085,1781.8865473465503,1826.613530046317,1828.3178432767597,1783.908535051109,1770.861589361832
W282,2133.4243704432924,2141.0119761839665,2148.842298597336,2137.8208002673077,2123.181727185258,2126.8490724478265,2139.1419284524854,2135.7005340972164,2120.0461107872975,2117.0514316392487,2129.359901459576,2132.9734328616687,2119.330751851472
W283,343.93506843758036,344.1485736107864,344.2507316571304,344.2577833640267,344.1836006820522,344.04003223700954,343.837198446545,343.5837435918642,343.28705112295626,342.953427559987,342.58825957133786,342.19614814067137,341.7810231647559
W284,567.78,567.78,567.78,567.78,567.78,567.78,567.78,567.78,567.78,567.78,567.78,567.78,567.78
W285,698.296,698.296,698.296,698.296,698.296,698.296,698.296,698.296,698.296,698.296,698.296,698.296,698.296
W286,10738.64870594429,10790.015635834148,10839.222213612189,10866.292681149524,10880.63995255887,10900.433351098354,10938.8281332119,10992.470738597121,11045.120483377732,11082.085216634187,11102.763879219303,11120.592706951958,11150.953752518739
W287,2209.62,2209.62,2209.62,2209.62,2209.62,2209.62,2209.62,2209.62,2209.62,2209.62,2209.62,2209.62,2209.62
W288,7825.281921220647,7830.618745417036,7835.693607796239,7840.768470175442,7845.843332554646,7850.918194933849,7855.993057313052,7861.067919692256,7866.142782071459,7871.217644450662,7876.2925068298655,7881.367369209069,7886.442231588272
W289,9932.938833692748,9937.57757738308,9942.21632107341,9946.855064763742,9951.493808454074,9956.132552144405,9960.771295834737,9965.410039525068,9970.0487832154,9974.687526905731,9979.326270596062,9983.965014286394,9988.603757976725
W29,786.7747416136316,807.9016100488045,829.9029871952343,849.7342040717964,867.0710648346601,882.1104350954698,895.1225063972485,906.362998302202,916.0588913620056,924.4088064527651,931.5859721567792,937.7413529410372,943.0064863656916
W290,15798.790281514543,15467.04691020195,15269.624282955849,15562.836737516722,15845.329322821795,15635.221853251036,15311.92336865085,15452.021888289652,15821.692717459675,15786.397382868789,15420.01795732765,15374.729487547313,15740.789969360469
W291,8211.536559258422,8462.813833129012,8474.540069276067,8233.021546314307,8142.126935511587,8366.979995428841,8515.883987229552,8335.187795424934,8146.6335437078105,8285.177949157482,8513.339385899417,8438.132563052497,8197.58347896914
W292,18317.59738082896,18763.164283865335,18858.23445713627,18451.837697383482,18269.139143423894,18644.264660621327,18936.68861895866,18650.569883978438,18300.96596603658,18513.68480851865,18931.932028191208,18839.956591137197,18413.616462008784
W293,1683.9887612193104,1685.3255916055361,1692.5933616521147,1694.2314802378455,1694.5228105921396,1695.1956881766505,1696.0541770028271,1696.8994515653812,1697.7244229419778,1698.5479921138578,1699.3734004457692,1700.199195308131,1701.0248583569426
W294,1477.1797356386148,1543.020626247355,1488.1249184426906,1553.71202611458,1498.5920655362338,1563.937297672331,1508.6046906533816,1573.7193690614663,1518.18515092638,1583.0800406253018,1527.3547037769276,1592.0400403841154,1536.1335610091296
W295,2830.476295137427,2710.9168521519814,2687.5349304869433,2664.153008821905,2640.771087156867,2617.389165491829,2594.0072438267907,2570.6253221617526,2547.2434004967145,2523.8614788316763,2500.479557166638,2477.0976355016,2453.715713836562
W296,3299.047561886464,2945.6645629483914,2945.6645629483914,2945.6645629483914,2945.6645629483914,2945.6645629483914,2945.6645629483914,2945.6645629483914,2945.6645629483914,2945.6645629483914,2945.6645629483914,2945.6645629483914,2945.6645629483914
W297,5086.980452507495,5080.722539423476,5080.722539423476,5080.722539423476,5080.722539423476,5080.722539423476,5080.722539423476,5080.722539423476,5080.722539423476,5080.722539423476,5080.722539423476,5080.722539423476,5080.722539423476
W298,3864.3884760785863,3845.3600483944874,3832.704970631992,3824.2885635681214,3818.691133888574,3814.9684979965937,3812.4927155790147,3810.846167606811,3809.7511116739797,3809.0228319540615,3808.538481032303,3808.2163578027357,3808.002125991944
W299,3356.1703003586017,2971.4314056470957,3317.102852330264,3412.9344149408116,3353.0846259735117,3239.8411254592074,3142.1068208689194,3087.518397312536,3073.691148818889,3084.6038083146746,3103.4901454070796,3119.3399894061004,3127.9408401318433
W3,9693.3083857177,9901.432491033638,9868.748035925084,9659.10560172237,9657.083278211016,9879.711490550644,9952.843242325413,9763.227542769806,9657.408139547602,9835.193039323642,10000.40435228556,9878.927876298436,9698.106367663124
W30,3761.946618433515,3824.0218388942426,3873.93175605041,3915.670778638803,3950.5853530216295,3979.800050490839,4004.2541291009466,4024.732070635621,4041.8890855196755,4056.2724148869665,4068.339122372691,4078.4709540732115,4086.9867497974024
W300,1868.0223440895447,1854.8440807928696,1943.0918724335863,1927.714669779463,1916.3255900586666,1907.890301807336,1901.6427304822264,1897.0154852359035,1893.5883297133146,1891.0500170994878,1889.1700233603517,1887.7776115510505,1886.7463258577416
W301,2580.257479084249,2608.710276855908,2634.1179852271566,2656.8064972623924,2677.0668281372364,2695.1588478572016,2711.314614491498,2725.74135067584,2738.624101562496,2750.128108309897,2760.4009275554613,2769.574324057152,2777.765960779813
W302,3066.932027752487,2978.728083352573,2935.522533189498,2914.3588587348686,2903.9921092147033,2898.914092358782,2896.4266921241315,2895.2082716062623,2894.6114442289536,2894.3190961331347,2894.175893236655,2894.105747168138,2894.0713870326285
W303,5469.914027902143,5612.891899223474,5551.124405934997,5644.479732016289,5608.5644778108945,5669.811837404922,5649.389819282519,5689.780179706739,5678.536326491307,5705.319522797922,5699.429923184813,5717.2938108245935,5714.462732727393
W304,3188.3057117823205,2791.910409064406,2954.198758309267,3190.5138741691535,3108.7299483387637,2974.3028955174454,3014.0186981945717,3091.3078354964796,3072.8776917239975,3029.13815794592,3037.661799807908,3062.6571194340754,3059.183290254231
W305,3352.2891556083905,3359.141513729721,3364.1963124436697,3367.925100342102,3370.6757260303466,3372.704787989063,3374.2015719571273,3375.305708889679,3376.120200754795,3376.721029310368,3377.1642442381694,3377.491191868078,3377.7323722661145
W306,2516.7170858340564,2377.301979334784,2543.8573931471824,2652.3185827070474,2640.954195325557,2632.5313247184085,2626.2885993621508,2621.6617183744993,2618.232442464991,2615.6907878827965,2613.8070059458346,2612.4108152868503,2611.3760095495268
W307,3526.497312391882,3124.8146879801584,3384.909150357745,3515.13373781158,3345.1344312549886,3297.6997937762167,3379.6235530732606,3379.417176567997,3331.781846264997,3334.9346597712297,3353.4925114936373,3344.958684000631,3334.440238618999
W308,2391.268046349322,2353.3093064549366,2334.02885326212,2324.2356968940558,2319.2614408073223,2316.7348576826926,2315.4515256277373,2314.799680395645,2314.468587437309,2314.300414776588,2314.2149945249575,2314.1716068580363,2314.149568879865
W309,6581.431337650518,6507.210814828193,6456.471624634556,6421.784919076457,6398.072133399695,6381.861421096381,6370.779332430673,6363.203311901982,6358.024135955777,6354.483508870599,6352.063038840906,6350.408338974556,6349.277140647737
W31,973.0039471009999,996.293876841424,941.753265267908,904.4227837944112,949.004736948739,996.8608923600392,963.8447544973682,907.385421981911,925.7288429954694,986.1151182535489,982.3923187625669,920.7458002705872,908.5814884339175
W310,4209.524738506265,4220.481311583191,4182.691248456348,4178.294584893839,4151.022104222599,4139.420475133389,4117.083684622895,4102.100909951156,4082.080339680979,4065.5108613105353,4046.5772466690414,4029.263160127778,4010.8396319271847
W311,5033.1714870675205,4706.698697853162,4684.706073019442,4667.870024131548,4654.981496986715,4645.114922408011,4637.561747958893,4631.779554371469,4627.353102565323,4623.9645139101885,4621.370442275258,4619.38459851197,4617.864372393658
W312,4153.4744152720195,4088.3769571479884,4037.6796070078617,3998.196939246341,3967.4481713273494,3943.5012907810083,3924.8516626264263,3910.3274898586574,3899.016186875055,3890.207039722057,3883.346550380053,3878.003659269904,3873.8426608349773
W313,2152.054369803488,2238.161864271734,2303.7453584479163,2353.69681429876,2391.7421788064185,2420.7193074178995,2442.7896435398543,2459.5994435399502,2472.4025732468035,2482.154035506293,2489.5812051418043,2495.2380848308967,2499.5466289179826
W314,8214.915702331342,8059.821254715438,7937.566123548263,7841.196992825298,7765.232824551653,7705.3531222215,7658.152200620786,7620.945485936855,7591.61682940591,7568.498150392799,7550.274563548741,7535.909594111058,7524.586227931209
W315,5272.5245372275185,5154.4039977403445,5046.410605927052,4967.562429239108,4906.389863469834,4859.748360568165,4824.011520052218,4796.667815187892,4775.737830926686,4759.718946696292,4747.4584164939615,4738.074537783561,4730.892352408997
W316,2823.7009168072655,3255.1344870335024,3417.4990151676648,3346.0255607616073,3231.759864649805,3132.6696180188437,3059.940983702874,3010.4046449857415,2977.987194435238,2957.2628500209294,2944.202997554806,2936.0477762530772,2930.985181641611
W317,3417.355270933433,3464.3031712280467,3418.243015530843,3372.182859833639,3326.1227041364355,3280.0625484392317,3234.002392742028,3187.942237044824,3141.8820813476204,3095.8219256504167,3049.761769953213,3003.701614256009,2957.6414585588054
W318,3539.1868988591937,3544.6196100547018,3543.795036597236,3538.497905235767,3530.0038961047767,3519.224834953752,3506.8124730916275,3493.232666817081,3478.818399106969,3463.8076782552457,3448.370626916605,3432.6288447091088,3416.6692481409623
W319,2214.846308747111,2211.782581489086,2209.019510129103,2206.527590092695,2204.2802122081484,2202.2533785689643,2200.425446279883,2198.7768963501467,2197.290125266191,2195.9492570181546,2194.7399735729796,2193.6493619838725,2192.6657765035284
W32,4258.459463537174,4046.3470362223693,3909.2355514083843,4084.2466933207793,4262.392466578426,4129.662908540791,3916.091024771347,3992.7237264467117,4222.623746815238,4201.063956469724,3963.604838075483,3923.2616200734706,4147.7718460836
W320,2265.9280659215774,2145.4031623113533,2068.1654156936333,2018.6680145434443,1986.9478669742937,1966.620178278968,1953.5932865599668,1945.2450719448145,1939.8951627904314,1936.4667018224775,1934.2695907558057,1932.8615837566267,1931.9592699228795
W321,6020.653814399253,5910.7369939043965,5830.908702363768,5772.932533642676,5730.826707816933,5700.246891875717,5678.037966515395,5661.908491877336,5650.194284734087,5641.686713838308,5635.507997544357,5631.0206373437995,5627.761642981289
W322,2246.3734694898385,2299.625705864637,2303.0035430646003,2294.628732909311,2299.439206299605,2301.569896544341,2301.8696377839583,2303.0775671009123,2304.1069851663406,2304.8436910444125,2305.5553774634773,2306.1898729884406,2306.7318716554905
W323,4432.187816713644,4450.743073419761,4462.957483458238,4470.997890279388,4476.290666733262,4479.774754443473,4482.068232597754,4483.577965555608,4484.571780822511,4485.225981805268,4485.656624139003,4485.940104024378,4486.126710958061
W324,2513.2496050313803,2452.8659305467863,2420.237964039059,2402.607632537769,2393.081185685135,2387.9336256616944,2385.152171610166,2383.6492291276045,2382.8371229183913,2382.398306062327,2382.1611939321874,2382.0330717748857,2381.9638417140623
W325,3744.0360740823453,3771.8789042605913,3789.092287268115,3799.7341851163883,3806.313367707259,3810.380841778252,3812.895492358274,3814.450134730723,3815.411267432585,3816.0054723037238,3816.3728299310333,3816.5999428897057,3816.74035183228
W326,3739.218746911518,3643.0448893029115,3576.8742785596696,3531.346836539482,3500.022537827108,3478.4704442702823,3463.6419323553873,3453.439454112129,3446.4198311788523,3441.590111874335,3438.267114502233,3435.980788768009,3434.4077254225904
W327,8621.439601878825,8763.405675808863,8737.43113728305,8827.834606610284,8821.489434959882,8880.27160964985,8883.08986534934,8922.1377989967,8928.641829745251,8955.132015938754,8962.568617703668,8980.89959283761,8987.979146004529
W328,2266.557886837708,2250.813069334343,2430.9900558636964,2529.967073249874,2471.1534884185517,2344.7594205660776,2259.6948710726133,2248.066470437594,2273.21124828888,2288.347570831566,2277.093135221575,2252.187238963273,2232.12134986154
W329,9124.787183300223,9241.317720100644,9662.514379410983,9587.337247783784,9529.304285122242,9484.505758198164,9449.923549699317,9423.22782493398,9402.620068758708,9386.711917985034,9374.431626094665,9364.95185870635,9357.633955309684
W33,1688.3302600739366,1582.7460206813134,1366.242045197494,1408.6297090215232,1637.227149629483,1650.9287373650202,1425.266848014825,1354.3824701987633,1561.668650085683,1683.8354638071369,1506.516177921614,1339.3081350382943,1474.1185626560357
W330,3635.478364785749,3577.0478712782515,3542.3943399589107,3521.842276116656,3509.653407851437,3502.424522678288,3498.137268135085,3495.594614450878,3494.0866359316037,3493.1922950196986,3492.66188582853,3492.3473146104066,3492.160751004573
W331,6234.912723905696,6149.406502504016,6101.333356043956,6074.305762347423,6059.11035961605,6050.567228963682,6045.764126167811,6043.063734776593,6041.545525823824,6040.691961251014,6040.212071787426,6039.942269238682,6039.7905813588
W332,3143.645649264375,2995.316609205521,2996.7931261945523,2998.2696431835834,2999.7461601726145,3001.2226771616456,3002.6991941506767,3004.175711139708,3005.652228128739,3007.12874511777,3008.605262106801,3010.081779095832,3011.5582960848633
W333,2597.133988194817,2516.4587276066095,2580.9017265855346,2536.2550373405174,2572.8184998577867,2548.2290377721256,2569.0720662251397,2555.622204811317,2567.578544566002,2560.295000571313,2567.2104962381272,2563.3242876674676,2567.367207552708
W334,4042.349977525414,3974.032855849663,3931.468075572111,3904.948215314015,3888.4250949425978,3878.13041374325,3871.716343118942,3867.7200754174983,3865.230212664651,3863.678911052454,3862.712377178548,3862.1101811116696,3861.734984636146
W335,4140.953914507914,4125.067317260315,4113.664310444092,4105.479514013223,4099.604669448589,4095.387851235685,4092.3611233546226,4090.1886128968645,4088.629238590836,4087.5099582588964,4086.7065665032264,4086.129911759406,4085.7160032381594
W336,1823.3943842765084,1734.2834553987886,1685.4489941157713,1658.6867929038976,1644.0206044196216,1635.9832579041608,1631.578641184633,1629.1648285651788,1627.8420139520472,1627.1170867200772,1626.7198129929543,1626.5020995352415,1626.3827884747986
W337,1639.5412299506788,1648.3793432317868,1655.2984006922031,1660.7150948007609,1664.9556398798472,1668.2754179967899,1670.8743590621934,1672.9089813843807,1674.501817808819,1675.7487951211929,1676.725011130394,1677.4892573497627,1678.087559649986
W338,2059.6499877266106,2037.9391036237034,2071.222704163897,2116.452133514319,2131.4770833708417,2118.968723885717,2108.108125701665,2115.0384061566383,2130.7928576777213,2139.6228105514283,2137.9240093703793,2133.82174743944,2134.656150670421
W339,4300.267085756924,4171.290606250097,4093.0942804715323,4045.685129681805,4016.9417385285187,3999.5150915367767,3988.949601064367,3982.5439173447467,3978.6602562858525,3976.305656233688,3974.8781008107044,3974.0125973534123,3973.487856791663
W34,1357.9555449759612,1416.321973055845,1272.0637482049924,1175.1230180166103,1292.486971888686,1416.3934580818964,1327.851364836291,1179.4263823627925,1228.201699709084,1386.3182702186637,1374.8868824584285,1211.648727822871,1179.6704091439897
W340,6047.251626431667,5779.97601032596,6280.703402119896,6103.334539759189,5922.358236358878,6053.196039165854,6035.696346892071,5955.46306535853,5976.5307798294925,5978.730117438194,5947.470987767159,5943.695200009095,5943.488270351934
W341,5477.749117384298,5181.319777764122,4998.73236533163,4886.266564134251,4816.9925858766055,4774.322867504007,4748.040201028217,4731.851236502001,4721.879547644917,4715.737426664821,4711.954150764939,4709.623819502984,4708.1884381207765
W342,1325.3129153660764,1322.7767730128032,1320.8777894528282,1319.4558903404218,1318.3912170444146,1317.5940231947661,1316.9971095346784,1316.5501593759982,1316.215497166534,1315.9649126387778,1315.7772828324387,1315.6367915397716,1315.5315960822886
W343,3842.3704239179306,3751.730707474392,3695.316629936083,3660.2045590981197,3638.3508379645446,3624.7491016958957,3616.283393343937,3611.0143441222135,3607.7348926520326,3605.6937650229856,3604.4233690326982,3603.632675717312,3603.140548912933
W344,3533.788557390145,3157.342983438827,3369.801533632047,3375.186213468987,3380.570893305927,3385.955573142867,3391.340252979807,3396.724932816747,3402.109612653687,3407.494292490627,3412.8789723275668,3418.2636521645068,3423.6483320014468
W345,3081.993722943855,2922.1657982856423,3108.6058374548584,3097.40012960164,3086.1944217484215,3074.988713895203,3063.7830060419847,3052.5772981887662,3041.371590335548,3030.1658824823294,3018.960174629111,3007.7544667758925,2996.548758922674
W346,5847.64011916159,5685.151845088856,5713.8545856811115,5776.180566303248,5838.754160673973,5886.555903113391,5916.366759499866,5931.022853162645,5935.399963199301,5934.128459341267,5930.627394608698,5926.959645027702,5924.089536757672
W347,3633.3657695961633,3394.735433141003,3732.11961944462,3968.9462933516897,3786.7351048588775,3630.9224213905854,3769.629261552557,3915.888256927089,3853.171393151446,3762.5238448780046,3814.3001168016813,3897.946174954504,3882.9153021369507
W348,4506.813241847645,4562.932062193847,4602.2342261079575,4635.081263606897,4660.985801695017,4681.7922859741775,4698.406649367581,4711.6982142520055,4722.325229481596,4730.823457914559,4737.618926533849,4743.052915220001,4747.398171566103
W349,2878.4678560186367,2606.999050420781,2435.1454979566033,2319.6534728154606,2236.0503568750237,2170.4897351378136,2115.13741482053,2065.560871217169,2019.2522166853398,1974.7925081070653,1931.3789186180052,1888.5572150879236,1846.0703959816594
W35,1257.2416476145888,1318.2790590866612,1204.4295354977005,1167.8435992922361,1308.8402488322788,1406.3347859033365,1308.1682238090452,1198.3443641463252,1276.1635827520415,1409.8539094287994,1368.8333860267887,1226.8132519779047,1232.1587654640268
W350,4832.617071075394,4412.997715922403,4069.0926429069905,3969.8000961672324,3823.8859935825485,3769.159960099162,3673.274018777509,3618.2525935960703,3538.3467761765824,3478.614275485417,3405.146804725483,3342.057250634448,3271.6053209743386
W351,1695.127651843922,1708.9881397786305,1723.4990998747435,1734.6559904413955,1744.9977219974571,1753.534203372078,1761.098729674171,1767.5147124242876,1773.1048729356673,1777.8954778209115,1782.0429166823826,1785.611095733927,1788.6927804500467
W352,1362.2009587707335,1434.6085994174305,1514.955026593314,1597.0305084410038,1683.4773425304293,1772.368072364897,1864.706683054634,1959.852826696149,2058.16692082618,2159.4300760197925,2263.7691625528705,2371.1085178380745,2481.49248355319
W353,1783.4995886931192,1683.859587059998,1721.2322343638098,1676.159046708458,1686.6108819645524,1664.880253006157,1665.9068371766793,1654.5962150451119,1652.7900132896934,1646.4165064977697,1644.1340970805204,1640.2798249928646,1638.268433287475
W354,3509.1658910959095,3466.3422952312335,3440.452785344631,3424.800976834983,3415.338491423103,3409.617834278924,3406.159343540311,3404.068472179275,3402.804411240903,3402.0402082938954,3401.578200390252,3401.298888063775,3401.1300265029518
W355,2676.73416731694,2555.954397243319,2621.588368645025,2581.0776396318474,2566.336126308285,2545.679034132502,2541.7348476643106,2516.2307721038765,2505.4206186239417,2488.1528966051933,2473.8800860345045,2456.771148967071,2442.522014295213
W356,4241.175852494897,4291.220286129207,4292.377553539871,4323.653922091507,4327.065670054226,4346.843821816117,4350.670848969599,4363.321540637454,4366.794084772,4374.973996494078,4377.841070617482,4383.183674508338,4385.429450146983
W357,3554.5105011545365,3535.8420535016985,3665.468255133164,3669.1854238772776,3672.1113786392025,3674.414532425909,3676.2274508736737,3677.6544825018773,3678.777764837276,3679.661952111112,3680.3579366473027,3680.905778138523,3681.3370094143575
W358,5634.705092815971,5538.894358729601,5571.794013764923,5529.949317313956,5537.23806846194,5517.321769427383,5516.46919247485,5505.988243899413,5503.118883472063,5497.0422468005045,5494.1523435892095,5490.345016521914,5487.9704603477085
W359,4011.6886268060584,3772.080295455859,3627.9414224127518,3541.2331906702934,3489.072955938505,3457.6954265782447,3438.8199488543305,3427.4652097601424,3420.6346488714116,3416.5256542333454,3414.053845957174,3412.5669040912617,3411.6724188134526
W36,17639.91374995832,13479.866175602616,13163.194856582591,16068.68642136943,17861.85574165837,15116.514449330962,12507.742957277362,15149.384952549153,17574.327520134513,16555.220153817136,12829.514308469335,13930.707238732695,17095.786450131134
W37,2892.098314998657,2895.089976053278,2904.0636357282824,2896.5596183991347,2904.2849623852626,2908.1357047073643,2901.891327555601,2912.3282422224115,2910.840199795745,2908.3400811003353,2918.6798227935965,2913.2423452096923,2915.5911075376675
W38,3088.8,3088.8,3088.8,3088.8,3088.8,3088.8,3088.8,3088.8,3088.8,3088.8,3088.8,3088.8,3088.8
W39,5847.398371468235,5853.125483312836,5856.050439863953,5860.451766686893,5866.4471930886375,5870.340760578856,5872.289022846347,5875.834280035529,5880.857211506047,5884.167768324675,5885.999059668744,5889.328496231176,5893.907043237702
W4,2260.7791171223384,2136.684228068288,2234.171899896632,2410.823700668706,2382.771060330926,2221.312939611014,2227.2526566720444,2405.261048650175,2457.504530820499,2305.1633531387643,2225.1882362349415,2365.4978641629114,2487.658545993225
W40,5840.212313607475,5847.224767155999,5853.584216783293,5859.399185182256,5864.760159664231,5869.74258945828,5874.409384889411,5878.813001218488,5882.997176168888,5886.998378693662,5890.847016972163,5894.568445649758,5898.183805684416
W41,6201.48,6201.48,6201.48,6201.48,6201.48,6201.48,6201.48,6201.48,6201.48,6201.48,6201.48,6201.48,6201.48
W42,6204.17871063389,6218.817986619263,6242.373111696135,6255.5950105386455,6249.030162380603,6231.064926653519,6219.896307764673,6227.087514492531,6247.553839412278,6264.628232314492,6265.211002537137,6251.24817478964,6237.499265963028
W43,6205.71,6205.71,6205.71,6205.71,6205.71,6205.71,6205.71,6205.71,6205.71,6205.71,6205.71,6205.71,6205.71
W44,5835.913200868498,5843.976270217187,5851.593206480174,5858.804058412496,5865.645279647396,5872.150051425474,5878.348576352883,5884.268345789258,5889.934383232594,5895.369465855803,5900.594326156234,5905.627835503392,5910.48717120983
W45,2923.623421249695,2934.1687619929776,2927.437323765977,2936.952804740435,2931.18983687945,2939.7945775004705,2934.8880612362364,2942.6874028927678,2938.5382761814994,2945.625375880648,2942.1460347557663,2948.6032744374284,2945.716247703437
W46,3265.407448542057,3280.9498724004143,3290.8153015447588,3283.0557151420426,3271.1070318527068,3273.4893521874174,3287.569514931011,3294.482810599479,3286.503127567327,3277.2153653154874,3281.2444957698353,3293.709815314336,3298.1987039428545
W47,2922.0703794298065,2932.812293988938,2925.8895157754987,2935.589851686692,2929.647236613216,2938.425203596393,2933.3505710093855,2941.3117351125743,2937.005743546737,2944.2435886779913,2940.618266398271,2947.215577138697,2944.193020863264
W48,2989.354714886416,2992.9335360811638,2992.8263173198025,2996.1727140668117,2996.283264154077,2999.425623538005,2999.7273453460916,3002.690587404203,3003.160132236897,3005.966133405776,3006.583004252314,3009.2509690970464,3009.997172342437
W49,3229.080854318486,3235.1673519129067,3235.30369860321,3231.6077628513103,3231.3025053424453,3236.31896536794,3241.0838440197513,3240.8457075303736,3238.158215919703,3238.735632840249,3243.3023146550577,3247.018837361695,3246.6306797620996
W5,1728.5067808710642,1844.5006606774145,2037.6957855074306,2135.358036504616,2133.5252406997092,2218.786509119046,2313.596237702846,2327.9375743069245,2337.306321336909,2379.2562754700207,2408.070984017906,2413.0450981358267,2421.4714085131673
W50,3230.6288289298723,3236.8566218102674,3236.7092114269003,3232.434160569705,3231.7980969493974,3236.896969813,3241.7275923093075,3241.153255469042,3237.931440156235,3238.250903615389,3242.895063372686,3246.6056321183896,3245.848831134887
W51,6560.7,6560.7,6560.7,6560.7,6560.7,6560.7,6560.7,6560.7,6560.7,6560.7,6560.7,6560.7,6560.7
W52,7053.8,7053.8,7053.8,7053.8,7053.8,7053.8,7053.8,7053.8,7053.8,7053.8,7053.8,7053.8,7053.8
W53,1905.8274700747302,1887.1000585287961,1882.401590556797,1901.6221075791696,1911.1707283879034,1894.6213766891383,1881.0577044535441,1894.2261961306676,1911.1538129120333,1902.41919808283,1883.4782419070643,1887.510345105846,1907.4887731874
W54,2469.2688664983457,2470.7584713530146,2479.896204843997,2472.780176720386,2455.717781587927,2452.277133008521,2461.873482374831,2461.8102103592396,2446.5807060153206,2436.2883131344506,2441.4556164702685,2445.8453087720013,2435.2492790299875
W55,5033.398022598251,5033.97398411004,5037.340277081896,5043.329829794824,5051.73489974122,5062.312935795023,5074.792801422527,5088.881225335331,5104.269348297582,5120.639239442332,5137.6702622257135,5155.045178822195,5172.455892084659
W56,3027.4972371065674,3066.568604981191,3097.731991371092,3120.719738590992,3135.3959004573967,3141.754985387548,3139.918737782654,3130.131056542517,3112.751175523637,3088.245254153185,3057.1765469542834,3020.1943381821625,2978.021841927915
W57,2040.6383316509,1910.215929554785,1780.5429422170575,1653.3646064435288,1530.339415211344,1413.0191278212117,1302.830839194522,1201.061290553186,1108.8435676559911,1027.1462957980916,956.7654034411929,898.3184891513658,852.2417899817613
W58,3502.79568472036,3724.1162466559863,3613.0061230964525,3583.337111604011,3608.905379423321,3621.59422301415,3608.5639248293032,3607.724450967988,3611.060921618099,3611.231669072972,3609.8726614093775,3610.0070919231257,3610.289408706431
W59,2216.0676118141405,1959.530471725303,1819.2156095142482,1741.0346623419996,1696.071300202023,1668.866483530927,1651.1556122163017,1638.5203254189782,1628.5985109690298,1620.127353513339,1612.431735825733,1605.1507316093077,1598.0913850532095
W6,531.8023383298357,564.4241007386888,584.8863133604467,599.4354364469906,610.4711705266067,619.0869003840104,625.8939423617525,631.2970138836528,635.5925795131639,639.0087255672589,641.7247091141296,643.8826559288018,645.595653173526
W60,9039.988490964168,9040.988364459836,9040.684771806875,9040.030040835649,9039.280717366808,9038.5059118012,9037.724241661,9036.940722285835,9036.156704748708,9035.372553012656,9034.588365125006,9033.804167498545,9033.019967248563
W61,10195.626281503426,11296.616397900902,11306.183206943035,10479.108836623507,10500.936524593917,11164.233133480773,11192.50471526969,10710.76199369957,10717.05568043515,11118.506956086389,11152.29511371918,10874.698574532486,10877.851398697818
W62,7190.572613083451,7161.351713444011,7188.9961225276975,7147.472225726111,7157.880715759043,7162.741648856587,7128.153754983255,7161.149932571494,7134.59067209644,7132.876390877617,7154.809280013225,7118.669963553576,7147.744074568761
W63,6148.441455424752,6240.1326400321195,6096.161570065906,6021.721759187765,6202.752537677204,6245.7246220125635,6056.776613057007,6066.025135347783,6260.109757078715,6211.912727354469,6041.71722614288,6140.679747190055,6291.669455875109
W64,13563.417346580363,12311.103946331883,12519.14013168551,13829.784981847024,13936.046562127874,12649.182373333173,12216.129169151569,13390.501062914584,14109.521276567006,13108.436670723911,12134.935144638768,12888.500424697424,14043.64949941358
W65,19488.425782502785,17837.607122534624,18212.884914737806,19105.424375180974,19915.548847534505,18365.731708493404,18195.225810769654,18788.28614321775,19881.031606029475,19045.909883388616,18256.285570247677,18677.146846258656,19581.56698187068
W66,7381.613713165926,7614.898736948783,7599.333528536682,7411.619383238072,7357.700211441785,7592.8600621570695,7666.776268015154,7531.796803497949,7390.069245929113,7550.5378526772565,7705.703411636663,7637.772756958895,7467.535213665078
W67,13426.35642760593,13458.233698019416,13487.226337527714,13532.424881714802,13583.951455031545,13623.089337879961,13673.616568938533,13709.061029588878,13761.11119998392,13798.0551279529,13848.51574328792,13887.676228478394,13935.297865845296
W68,6896.196700656666,6880.258493170127,6870.306773773895,6863.203952459304,6853.175259544891,6841.128876603441,6830.313551079856,6821.079955110983,6811.6173157585035,6801.274766076054,6790.904743501248,6781.075043411644,6771.430238237986
W69,6900.054146928387,6889.91286351935,6879.373213815732,6873.889983387067,6863.272936310359,6852.573925111388,6842.795478967872,6834.371650449332,6824.839461426431,6814.743018067884,6804.93113287966,6795.570326143836,6785.952936071568
W7,3377.213465122768,3338.991644394931,2916.2674356614143,2769.8566136202267,3264.4564962091026,3529.5677227547367,3100.7894689318173,2724.391596856965,3049.60213865066,3500.0833346059953,3286.175336108558,2780.159125521589,2859.4633901297884
W70,2605.001619791206,2600.4108976246753,2595.638284561265,2590.6936637947165,2585.5863815071866,2580.3252760482223,2574.918705528268,2569.374573912861,2563.7003556989694,2557.9031192505304,2551.9895488660245,2545.965965646994,2539.8383472326504
W71,1930.8287531595026,1912.49656139469,1878.849534338287,1874.5132006649103,1878.6989693677822,1852.4315134243884,1826.8372414666092,1830.1268083656184,1824.4170179504138,1793.7308303613268,1778.8638538746284,1783.2691166024113,1766.9934594582287
W72,1904.6203332665464,1882.351783560631,1867.730405830337,1851.731602688758,1832.5519066493641,1813.9799762923749,1796.7308063409005,1779.2142899967778,1761.1478578600204,1743.1987027645152,1725.4781038145813,1707.706187561344,1689.8393048841438
W73,1904.6226179350997,1882.3199634499508,1867.69704745939,1851.7265685150303,1832.5472768690581,1813.9573820090945,1796.7080186857938,1779.201346429638,1761.1347309483644,1743.1802537236704,1725.4596304879337,1707.6902138992089,1689.8231458118098
W74,5340.14572520489,4801.521369247408,4637.1953340827795,5003.984744060228,5158.647988450036,5088.346753332781,4959.985599046346,4967.833110130063,5035.295840895646,5071.080288251376,5055.197161450442,5039.518607768888,5047.801742818102
W75,24138.658457972688,24269.319185351473,24413.78198254306,24506.74629201318,24608.201940225114,24691.25268925215,24778.637603226296,24859.416075482175,24942.259372646662,25022.75754910222,25104.23389439549,25184.922848250193,25266.103337967288
W76,340.0689825304292,264.49520643470225,182.87228422665208,76.12290847606387,-34.66722854943023,-142.46413437802448,-250.0052222131912,-358.84758307609695,-468.71739410259477,-579.3120366772692,-690.6402998499162,-802.7553699838064,-915.6624711809534
W77,3797.9320646303267,3982.8569270932453,4163.8503597731205,4031.3084988934834,3822.147335834569,3905.8626235300985,4141.190138992508,4123.499232043959,3889.675386527857,3852.5626250890923,4081.438577380283,4182.541798314524,3985.664301900647
W78,3809.8823462074865,3723.264410533968,3698.7518316027667,3619.6277339045823,3615.057681896733,3546.246996452086,3551.4840242864548,3495.637622116734,3503.0441670709724,3461.7720731659197,3466.373189389331,3439.850817827507,3439.1702709772408
W79,1478.4139585473738,1502.3549477145705,1487.093378267915,1476.239038694812,1454.0263455963084,1442.464859519969,1431.1915366597473,1430.8792367576361,1433.5117513195162,1442.7188630599617,1451.8090309860481,1461.235888232919,1466.4731326078786
W8,3200.740363115493,3357.328424140536,3328.3715638261842,3426.530111267336,3555.095519999138,3622.632224253197,3677.5183073708513,3722.1234173369185,3758.3733321071163,3787.833103013325,3811.7746241823575,3831.2315452056782,3847.0438978559105
W80,1563.3704967985802,1560.590776672375,1540.6720304928933,1516.6091183623482,1495.174976699692,1480.9806069364256,1475.7453007861823,1479.149042131782,1489.0225759999514,1502.1349338977811,1514.9073281859307,1524.1873811322532,1527.818741817278
W81,24386.184603820846,24745.071384948158,24514.7137608421,24910.850234538637,24682.582983307413,25038.50511556053,24887.026887157816,25135.417970486284,25116.51252706273,25216.551245177998,25353.580275601253,25300.77670085812,25579.11658750242
W82,4421.9358801715825,4428.437246440846,4431.090811376198,4431.727321814328,4435.596479675736,4442.22679852843,4448.270473491105,4452.712617117131,4457.650396637657,4464.013124740695,4470.778983674954,4476.868911217509,4482.748083205043
W83,5979.946954177792,5991.610857104303,6003.274760030815,6014.938662957326,6026.602565883838,6038.26646881035,6049.930371736861,6061.594274663373,6073.258177589884,6084.922080516396,6096.5859834429075,6108.249886369419,6119.913789295931
W84,5980.0031171839655,5990.228189908594,6000.498879116126,6010.774499799399,6021.050653611301,6031.32686505831,6041.603082736097,6051.879301087477,6062.155519511676,6072.431737943748,6082.707956376671,6092.984174809686,6103.260393242711
W85,17250.120127957576,17243.980129699798,17241.891065120974,17243.264131479984,17247.59610844595,17254.456918704804,17263.47899663028,17274.348202217323,17286.796055674225,17300.593100715923,17315.54323250181,17331.478850007145,17348.256712996736
W86,17263.50737190579,17254.522300239903,17247.69433411734,17244.05964304842,17244.162760734533,17248.170708050988,17255.975150811217,17267.28022687568,17281.675206800115,17298.69227712084,17317.850510357483,17338.68756969205,17360.780947291714
W87,1087.3482029801073,1087.3351218229418,1081.634482193509,1077.384081843397,1079.178264761851,1081.1305689155881,1077.1090843142988,1071.3475644346138,1071.070271746354,1073.9776620076948,1072.2707845637588,1066.17196752618,1063.5017730473937
W88,12002.009964514067,12029.882841581091,12037.117595057634,12046.459666756695,12071.289524162126,12064.304791069797,12103.380421683909,12085.147330362002,12131.833968840521,12110.148435378975,12155.980229679159,12139.441596628702,12176.229566174161
W89,1206.734672568205,1222.111076747423,1219.7581199472381,1200.967984150663,1196.2451492782895,1210.7531322642565,1216.1476001494746,1200.748993523918,1189.2930594426703,1198.927899093373,1209.7042221077886,1200.2978736532314,1185.0337824394358
W9,7972.904465209375,8008.90251297875,7746.660683322587,7899.380489346068,8404.637504923718,8574.752185738826,8302.253778359049,8243.054822890877,8666.31302133585,8988.576715932099,8799.208879061236,8575.747215888781,8843.81129601811
W90,1840.0380029823866,1841.428453766086,1842.8189045497854,1844.2093553334848,1845.5998061171842,1846.9902569008837,1848.380707684583,1849.7711584682825,1851.1616092519819,1852.5520600356813,1853.9425108193807,1855.33296160308,1856.7234123867795
W91,19581.026536096208,19747.305559199158,19792.977427285525,19688.154499963028,19651.52423108279,19760.175750936538,19851.262592741743,19780.41678065444,19699.982299821964,19765.288987385004,19891.968988694232,19876.83465237344,19777.751718633095
W92,22712.579802362216,22999.890147135135,22873.776087620692,22594.592362214793,22552.442157054884,22587.875017485832,22576.706134335665,22498.49439136172,22433.223004405656,22394.187498121886,22360.807867240983,22315.34191701981,22265.205463776303
W93,1743.5661242688295,1741.0065432851338,1733.012989821331,1735.3592868936569,1745.621533634007,1747.5579944554438,1739.5501939380506,1737.3459279608787,1746.4807299820836,1752.6693833130867,1746.8433531231785,1740.9524879682651,1746.9977082759292
W94,1809.6618665679453,1804.0221595647756,1798.7691637039463,1793.4551680390025,1788.150794481349,1782.8449031327773,1777.5392512005,1772.2335615027037,1766.927877762039,1761.6221930816967,1756.3165085495789,1751.0108239940803,1745.7051394422697
W95,1640.28720221134,1638.153935210742,1636.020668210144,1633.8874012095462,1631.7541342089482,1629.6208672083503,1627.4876002077524,1625.3543332071545,1623.2210662065565,1621.0877992059586,1618.9545322053607,1616.8212652047628,1614.6879982041648
W96,11352.63327887396,11366.56002115641,11316.846072714323,11315.067165117734,11379.759075739294,11417.43072794561,11379.997066434611,11351.615568786523,11400.149804037253,11459.124061086492,11443.790340302214,11399.437329798326,11422.04192750966
W97,463.39705200546837,479.52935159865285,486.34922940896143,461.2535753662036,459.60062703025477,477.25403030376384,487.1973196893068,469.4896403805897,457.0836285675338,470.6201194661943,487.16842249921734,477.4462988839688,458.94567981352475
W98,602.4465082719471,620.6371207513856,622.8463394092299,595.9105022202713,597.784329473924,619.1975584572513,625.8399295708957,604.0951511774124,593.607236135589,612.0206548551247,627.749097536402,613.1532541805695,594.1773339592368
W99,15031.34985035522,14988.297786177269,14976.261670254746,14954.990170778065,14940.27145722818,14925.997143517097,14912.157460791192,14898.742854937018,14885.743981860865,14873.151702872077,14860.957080167851,14849.151372417302,14837.726030442589
