8.270141628553805413e-01
1.132049840734494994e+00
3.055594836467950270e-01
4.136256268624173282e-01
5.425591433135752428e-01
1.989222612750144892e+00
7.938765991471214978e-01
6.078792862285974374e-01
1.119984995177021103e+00
7.802859457767714613e-01
1.057368523287653961e+00
6.876394095635155468e-01
4.666221568731614977e-01
6.840875637558621047e-01
7.583699695637470262e-01
1.139244852133930452e+00
1.253376527796371098e+00
9.252388455382152266e-01
1.256076279382700500e+00
8.777322621488321541e-01
8.048364519648407711e-01
9.318356929596456339e-01
1.151201579867365821e+00
6.244174400306607975e-01
1.083183516650532585e+00
9.507472389307196625e-01
1.399037519949662300e+00
7.208543651383797490e-01
8.037923121055651210e-01
1.019408840208187783e+00
5.733894110229027508e-01
6.054600315628706486e-01
6.960234150819064602e-01
3.074329104115379185e-01
9.668569616238504860e-01
3.690013977964150538e-01
1.026113873819570088e+00
4.444297782470960634e-01
3.992781502152064621e-01
3.114150594960898299e-01
5.052342587945946040e-01
1.626994037158308037e-01
3.541674422644974785e-01
4.214105224993248133e-01
2.775575672220401136e-01
1.136019341494773460e+00
2.817594269718425859e-01
2.070931103049026001e-01
6.423334607056425671e-01
1.271910325058142721e+00
8.278949009449800833e-01
1.594350401990441979e+00
2.129485379523438748e+00
2.843230295436758759e+00
1.018368914552100435e+00
1.588669931108794620e+00
9.381710467815073118e-01
1.645665890277640875e+00
1.556890140362821251e+00
6.162146737407258046e-01
1.621129732758922470e+00
4.196482990586695161e-01
1.198289698654957380e+00
4.711116748407463972e-01
1.142239738024522167e+00
1.416629418184769396e+00
5.937842038943001999e-01
7.990585374326907298e-01
1.004189304979455022e+00
1.216838015225111924e+00
1.338535615907878729e+00
4.893831273099387147e-01
1.723459915611814219e+00
4.490332240056502111e-01
4.089298574103413797e-01
4.828003516069925283e-01
1.494024011436064558e+00
6.340752324496006231e-01
6.736968853920747291e-01
6.003552397868552326e-01
2.889800555415298344e+00
1.456310679611651837e+00
1.248696947133284052e+00
1.478193146417445147e+00
1.049531981279247406e+00
8.450840879689530682e-01
1.351717902350815237e+00
9.624463519313266602e-01
1.122390891840607363e+00
7.682719432493952949e-01
1.849593495934958032e+00
2.219999999999993978e+00
8.076923076923091527e-01
1.842165898617516007e+00
1.282237403928262687e+00
1.864270760642007696e+00
1.327409638554216897e+00
1.532142857142853032e+00
1.379174852652258254e+00
8.314993122420897276e-01
4.413682687602391574e-01
1.528213166144201995e+00
1.631632653061223959e+00
1.490557553956835202e+00
1.624999999999998668e+00
1.094594594594592296e+00
1.055294117647058716e+00
2.270199826238057383e+00
8.550392670157057617e-01
1.560542797494783640e+00
1.679775280898877066e+00
1.956421593661431313e+00
7.190805048744588479e-01
9.427152317880775900e-01
1.049379065641632414e+00
1.432826086956521250e+00
1.147058823529415239e+00
1.994810971089694851e+00
1.182271680736764141e+00
1.317073170731706933e+00
8.602941176470593199e-01
1.810821181887948272e+00
3.002717391304324246e-01
9.635127397214133804e-01
5.381899871630291265e-01
7.774086378737513625e-01
2.572916666666668739e+00
3.482142857142859205e-01
1.113872403560832947e+00
1.559405940594061679e+00
1.843100189035918657e+00
1.492346938775510612e+00
1.699474079639367696e+00
1.313323572474379697e+00
1.732684075342465713e+00
1.555045871559633808e+00
1.200450450450452955e+00
1.343511345151774172e+00
5.673456523902730142e-01
1.535189514109200015e+00
1.524571854058078380e+00
1.505910165484632968e+00
4.890675241157523279e-01
4.966187050359713417e+00
3.535170413342971218e-01
8.968616333432806176e-01
1.526086956521739424e+00
6.546762589928034615e-01
9.642857142857150787e-01
2.799748110831235870e+00
1.354166666666667407e+00
1.354696673189823120e+00
1.329545454545453920e+00
1.113469985358715997e+00
1.716381418092907785e+00
2.090874524714827487e+00
6.190470553952586164e-01
8.987331590589180408e-01
2.462121212121211933e+00
8.338815789473723594e-01
1.198192771084339192e+00
8.485579997442129763e-01
6.290322580645155703e-01
1.073842302878600163e+00
1.542663714553351273e+00
1.384853396198614917e+00
1.566504978299719353e+00
1.369405608130290108e+00
8.017621145374452807e-01
9.160305343511436771e-01
1.288983050847455569e+00
9.569701280227612683e-01
1.662847483095416523e+00
1.529795781720790115e+00
1.198870765370144253e+00
1.799586776859504189e+00
1.389077340569876862e+00
1.021256931608132579e+00
9.522091609241994936e-01
4.188544152744630988e-01
6.147370162090637358e+00
1.286279683377307581e+00
2.816808929743904732e-01
7.102649006622471228e-01
3.388625592417057741e-01
4.765784114052976084e-01
1.536010900596937567e+00
1.653508771929824706e+00
5.277522935779828117e+00
5.423401323969219145e-01
1.706099815157116950e+00
1.772338793622966424e+00
1.087267362687244665e+00
1.784869240348692099e+00
9.355322338830637241e-01
1.134042553191484837e+00
1.220306513409964211e+00
2.628585086042065200e+00
1.761153427638740165e+00
1.560931899641575527e+00
8.135833551825135679e-01
8.249118683901294213e-01
1.221744471744472982e+00
1.078199052132699398e+00
1.513470173187942303e+00
3.536685902720543284e-01
1.181818181818182101e+00
1.033236994219654203e+00
1.288212435233159869e+00
3.335925349922219119e-01
1.540832666132906592e+00
1.499092577031508666e+00
1.723303524460810365e+00
4.089887640449431094e-01
1.504285714285713338e+00
1.907221206581355633e+00
4.491869918699160635e-01
7.617187500000017764e-01
6.254454739843170463e-01
1.156303972366149901e+00
2.062265331664582035e+00
1.684288905435593175e+00
1.651581065961609252e+00
1.254760899376492711e+00
2.044354838709680600e+00
1.390047074646942882e+00
1.805007587253414592e+00
8.886500429922616906e-01
9.700881612090672679e-01
7.569316081330846879e-01
1.111510791366904893e+00
1.188745603751464985e+00
2.486992385786802373e+00
1.086544161232953831e+00
1.454271878166422338e+00
8.545343883140616992e-01
7.527573529411775155e-01
1.239884393063586554e+00
2.437499999999998002e-01
7.365439093484402733e-01
1.486280487804869876e+00
1.716479017400204032e+00
1.662366797532247364e+00
1.186549239391512245e+00
1.481580966999231475e+00
1.373030267332837173e+00
1.030188679245284566e+00
3.327380952380918355e+00
9.670516304347804848e-01
1.619808306709263457e+00
7.565320665083153928e-01
1.586080151766658508e+00
5.439914163090190380e-01
5.339285714285731954e-01
5.210807600950106977e-01
1.044805802526906913e+00
1.964761955711953112e+00
1.446800673542412152e+00
1.355735805330243293e+00
1.566174142480211140e+00
2.208828937873885678e+00
7.583545045925347283e-01
2.699846860643185131e+00
1.192324532180997876e+00
1.492069034317637710e+00
1.204141522691576371e+00
1.205309053603488278e+00
1.886687673074148641e+00
1.266918489065606224e+00
1.646182312514160584e+00
1.848337534509662650e+00
1.489802525089025664e+00
1.014389468906037095e+00
1.348874533563375167e+00
1.697381091746757331e+00
1.427053429881314672e+00
9.705749971869022108e-01
1.911345964297447964e+00
1.296832063047648642e+00
1.709988202909948907e+00
4.671615959191109946e-01
1.021864110217464816e+00
1.365381719620539114e+00
1.601340420614744575e+00
1.252512562814070307e+00
3.423603276597832146e+00
7.579396429135724089e-01
1.537799527505905983e+00
4.926686217008797719e-01
1.392788123555989355e+00
8.666134675587747749e-01
9.435153045124644589e-01
5.019875070982396936e-01
1.069963536918869584e+00
7.180361404705080108e-01
1.247267935201851419e+00
9.219391947411668120e-01
1.024187325166393325e+00
8.621298235118157738e-01
2.033659373346229149e+00
1.360475074033817400e+00
1.220953407828530457e+00
8.961823674814611840e-01
1.130290668026517009e+00
1.594025526912419277e+00
3.384774671680017555e+00
2.414326774264868192e+00
2.020661157024793209e+00
2.093079141300865142e+00
1.015409139213602430e+00
1.099121303043292031e+00
1.667694569973459551e+00
1.132913479293062409e+00
1.593495198405508129e+00
1.230066763870769631e+00
9.302701942020827897e-01
1.000773694390715507e+00
1.306126820908311892e+00
1.390132248219735578e+00
1.200846543281600232e+00
1.385933548443359253e+00
1.959370904325032692e+00
1.254228917705546786e+00
1.165492957746478764e+00
1.759358042858456761e+00
6.699146157709693350e-01
1.111207576953433307e+00
1.545923300032226999e+00
2.079000606918875338e+00
1.680932074322266212e+00
8.724664783027649140e-01
1.520429616087751290e+00
2.024170670989405174e+00
1.465753613751294759e+00
1.118827246972385669e+00
2.739524288817078990e+00
1.357794457274826616e+00
1.102950152594099675e+00
5.913806863527534263e-01
9.701492537313433084e-01
1.848051693753671287e+00
7.628227678885527441e-01
1.790484953453128414e+00
1.021157068234830323e+00
1.478208940671769334e+00
6.715283389266223368e-01
1.333758209471137102e+00
9.390338015125790916e-01
1.215844489271960427e+00
1.189200890648194120e+00
3.876809417983062001e-01
8.582939305364511995e-01
9.140997433076639700e-01
1.103946243068969046e+00
6.131525848519604471e-01
5.683159789424789832e-01
5.998709396210241129e-01
1.437902798200493049e+00
1.342149711667633527e+00
1.260220067781270048e+00
7.793065705484183425e-01
1.252082756924590257e+00
8.194166037539374337e-01
1.359674746854863336e+00
8.291629869492689320e-01
1.025995075449534610e+00
1.516089074108443402e+00
8.746265452724721889e-01
1.626322300565475887e+00
7.268107132864434217e-01
9.769979755021865886e-01
6.311244625080992821e-01
1.204776045533283879e+00
6.376127469904888656e-01
1.126338017451298690e+00
1.151243425394476327e+00
5.166239936227813301e-01
4.756567743067187659e-01
8.940683501607435968e-01
8.942403615175398279e-01
9.620845235969768261e-01
4.757029335597688369e-01
4.013452542111733412e-01
6.599047165898055400e-01
9.788527556525122852e-01
1.163222681344790121e+00
8.781981266342303583e-01
9.956150745633434163e-01
3.808906484500336198e-01
1.468006858896259148e+00
6.768461072416529500e-01
7.351855231043255001e-01
8.872653680118971486e-01
4.733629346662202031e-01
6.865492993729087612e-01
9.781724511930585120e-01
8.041090088986856399e-01
4.946843387036343326e-02
1.300657346698511851e+00
8.679422779158114665e-01
2.212993119589431179e-01
3.832715841472998930e-01
1.128374897034258417e+00
7.855938935543783641e-01
9.498606726395005806e-01
5.040761291023017066e-01
4.783348662655186323e-01
1.676192552019453164e+00
1.563068395355427187e+00
1.520165634358368045e+00
1.777364441935246342e+00
7.273193074640770250e-01
5.024536820429860162e-01
1.350002060744587284e+00
