5.262880743360628250e-02
2.656817944740531498e-02
5.057378615172294922e-02
3.818704096451953217e-02
5.577243723675220227e-02
1.029436339168213754e-01
7.171265024237383212e-02
5.655495538895109059e-02
5.901111336043136230e-02
3.200718818509653424e-02
1.901609444577276042e-01
2.729821259847769674e-02
2.215172045439721751e-02
2.670843717538766079e-02
7.069598554023201475e-02
8.260139519108149198e-02
4.430334991277040668e-02
4.905195268276209969e-02
1.113995025114838250e-01
5.447083415630175202e-02
6.213259325268782884e-02
8.872605672788032305e-02
2.168731031599843984e-01
3.755591787845203450e-02
5.478758454693091057e-02
3.048822425584607476e-02
6.371358395917557649e-02
1.008751012528420893e-01
2.489985219400373817e-01
3.115070100508090523e-01
1.514369145156778951e-01
2.666635149700408158e-01
2.965133708161533099e-01
1.129363183656098557e-01
6.117642565799098070e-02
5.651366404128835841e-01
2.829593977515866832e-01
2.283387988799089607e-01
2.263687733307220562e-01
3.806001960836065123e-01
3.695831231417054941e-01
1.115790090703444176e-01
1.219587575986073452e-01
1.606561344801389346e-01
1.496046555788553833e-01
5.313673765671165367e-02
1.600908028623442281e-01
1.316300984221164816e-01
2.476614755642179977e-01
4.643786066782100153e-01
3.875896657651139443e-01
3.713151771003391777e-01
6.252494529268378676e-01
7.296560810721617329e-01
3.704629615354377292e-01
4.027725945792430817e-01
5.494003029106545727e-02
4.097372091666404148e-01
5.090338329299018971e-01
4.732289002404610478e-01
5.631977019916040161e-01
2.648445186943378937e-01
5.941355393659438766e-01
1.864426483254701672e-01
3.395864095643320035e-01
4.539675059674802005e-01
2.798492637744604550e-01
4.308724951624439553e-02
3.377328001586035744e-01
3.578852995328234976e-01
6.625136977883890887e-01
2.026326933686062592e-01
5.721444209767900801e-01
2.022753017893625105e-01
1.531119810643528645e-01
1.671601076632117377e-01
5.718962638332812931e-01
1.516365713747093724e-01
1.527793160005463079e-02
5.131364809403515803e-03
6.570198603754427713e-02
9.989500951109488158e-03
8.752022327989430681e-03
5.913576249309802219e-02
7.302780731131323921e-03
6.620938028034840765e-03
1.186074042542660002e-02
6.909951376447324815e-03
8.790917245300006524e-03
3.368245752603834381e-02
1.448439374445856416e-02
1.217671284007135202e-02
5.763725029119189406e-04
1.296893084606105806e-02
8.069679511753790127e-03
1.432085327542584850e-02
1.185027278035466480e-02
8.723148905381334804e-04
1.097562390187446779e-02
6.750878166324046636e-03
1.896411928851006110e-02
9.872096182076737711e-03
1.273968348037093391e-02
1.027066419496820530e-02
1.177278528152477834e-02
8.438793473091232844e-03
9.532546526254263505e-03
1.489596181609992125e-02
6.573492818371461099e-03
1.185162528847454912e-02
1.404082840225225927e-02
1.249560192609342063e-01
4.208815249464866598e-02
7.318827525555189617e-03
8.371631693003735164e-03
4.854899402702298611e-02
9.388135623597332335e-03
1.307607641616317408e-02
8.032477894804025687e-03
1.117225259534072347e-02
7.458029441301336319e-03
1.250009671041561569e-02
1.762284643065521435e-03
4.541860288751304459e-02
4.241442582496414600e-03
6.294490479857216270e-03
2.009606269247886726e-02
1.904092008391456174e-03
7.227514477938442282e-03
1.095601393745886803e-02
1.516210877926322913e-02
1.054251263965796763e-02
1.163817685498888012e-02
7.231228237755749251e-03
4.468015532501305037e-02
1.078965286755361776e-02
8.858639843035949826e-03
2.103842632839272309e-01
1.178214231254528926e-01
8.388767033722883959e-02
1.082673966660054922e-02
1.044866056132677350e-02
3.985681043419205330e-03
5.444891910787933581e-02
2.631151138425413469e-03
7.385233131968305109e-02
6.418344617032817334e-02
5.531574838051746094e-03
7.286783769542407030e-03
1.420521142957367755e-02
8.999483611713167061e-03
8.377327639548020830e-03
7.693837698360507689e-03
4.397282678353241388e-03
9.946985035314900511e-03
1.476509009747381529e-02
4.723541193172910851e-02
9.179953687419177555e-02
2.405437077092611661e-03
1.847719120792186203e-03
1.012922746162085545e-02
1.242991063553595121e-01
5.062656472855774949e-03
9.013898274282063430e-03
9.604504905698037220e-02
5.216372430765692236e-02
9.313989302591124675e-02
7.437704996545553560e-02
5.894515410073642055e-03
7.905595262763716671e-03
1.139326159621275973e-02
6.723093116965213854e-03
1.666128379389424097e-02
6.968366271793019484e-02
6.618393245470098434e-03
1.345460046162846868e-02
1.087010246064835928e-02
8.443030820826450886e-03
6.773751892296525634e-02
3.782659550122892400e-03
9.775806341576687153e-02
3.805078670973079547e-03
2.309097989735752962e-03
2.231554735503531086e-03
2.335319791067308210e-03
1.145803393540996808e-03
6.739520686287084339e-02
8.102984661699992597e-02
5.546865099925073206e-03
3.381310934792099848e-02
1.401038879876263625e-02
1.524993686300815110e-01
2.071822412129093183e-01
1.378539503065873313e-02
3.398709124559286688e-03
4.945823296524559480e-03
5.671402229947880048e-03
1.741497630452768300e-02
8.910198067214400094e-03
8.080891710893782845e-03
4.506120973647065320e-02
4.535070886712151174e-03
1.057813014423723136e-02
5.157430451271892424e-03
1.237091823117795510e-02
2.421006661432433416e-03
9.304415140599209266e-03
7.044478635057118722e-03
5.975985329853365606e-03
2.265052401131623615e-03
1.113951653707621059e-01
8.766139066428839388e-02
1.529451144563524767e-02
2.969741422231184178e-03
1.214865662561213401e-02
1.205574631101102683e-02
3.620701794365667036e-03
4.750420221868388235e-03
4.298096636698358480e-03
9.798986609327124328e-03
1.591336891133596568e-02
1.191521149365421840e-02
9.583507334194389660e-02
6.062655548031201796e-02
1.583604149903272348e-02
1.061809267243196686e-02
1.306528740360398712e-02
5.085619374362901346e-03
7.774757837203334632e-03
5.766866475868993348e-03
9.597688692746211142e-03
9.871184735172894645e-03
1.948981307361669427e-02
8.878985762083709335e-03
6.442043771618012615e-02
6.886329720412000081e-03
6.800771485827315603e-03
1.001439321042721202e-02
2.069989103505380425e-03
3.598179155666101497e-03
3.842382044008525645e-03
7.699732044702465618e-03
1.388414963704627351e-02
7.955000175362082759e-03
9.846647664214435228e-03
6.149990961879300139e-02
6.276809640949204683e-03
4.218292070652700058e-03
6.682868133154919177e-03
1.293953328977281124e-02
4.957201456754265108e-03
7.204152787901392518e-02
2.728742098249081326e-03
4.864931754052787514e-03
4.978342706722178358e-03
3.067748319189639861e-01
9.319767581698368275e-02
3.807291948048463492e-01
2.333594235622117596e-01
4.096010016154688071e-01
5.817625348334659607e-01
1.564425153434918780e-01
6.268100850170046368e-01
6.537864133920939791e-01
4.627349225965532997e-01
3.354145722678678054e-01
7.647379745550715313e-01
5.415511237296456032e-02
3.197733827973028853e-01
5.041696758020334235e-01
3.667212551624141059e-01
2.984972565610660156e-01
2.659500849448601656e-01
4.194591798220246859e-01
7.831869356834264551e-01
3.956787244365460587e-01
3.030416012647955681e-01
8.300672858435650392e-01
5.374583762684517069e-02
3.589113032237613576e-01
2.079752747904894949e-01
2.302665755030373906e-01
3.551940454354484689e-01
3.505124404319922005e-01
2.312750655240309039e-01
9.648509947880219428e-01
1.641602671759977983e-01
5.023947198738608622e-01
1.141538749204334263e-01
8.354420842978299566e-02
3.805931824051670964e-01
2.272769742104095159e-01
1.281671188613087708e-01
2.618780072909845380e-01
1.351159866554329791e-01
2.052165392950674183e-01
3.433943388188112622e-01
2.534288343175480906e-01
1.627958767379219795e-01
5.952939001804345986e-01
1.046788250056497754e-01
3.882341329406581720e-01
2.209185453374831187e-01
2.256923648375199765e-01
4.662229612478374641e-01
8.599884139372701020e-01
4.259573733717500477e-01
3.536664618480940825e-01
4.298483628797351019e-01
2.386644683121597887e-01
2.749542632280067012e-01
1.016904524660344061e-01
2.280460368322566322e-01
3.292926666446638340e-01
2.854985874434314841e-01
2.243929949210653196e-01
3.223146994949969701e-01
3.321331815543789312e-01
2.944599102540170210e-01
2.990661021465934044e-01
3.547292885901958681e-01
5.105126948229691264e-01
6.061702522055063130e-02
2.370901141710650972e-01
4.612727286898873902e-01
1.436360150624327592e-01
2.437985924355327294e-01
4.788620175020870118e-01
4.840091598480172341e-01
2.688410401480668677e-01
4.323874594137545047e-01
3.013791977948752643e-01
4.017712215134880971e-01
7.399831470323209315e-02
5.054112361148844351e-02
8.595490081717729325e-01
2.519093519365380174e-01
2.932515613612753369e-01
1.397077682506550900e-01
2.268756697351488605e-01
5.115879848499296223e-01
1.579832099295030712e-01
5.061986269858573806e-01
3.394452241327355346e-01
3.748845320816677762e-01
3.924235176381820484e-02
3.288535658357485958e-01
1.982887253725506282e-01
2.575814535751282386e-01
2.446359025597102388e-01
2.202647435990529312e-01
3.979418127514749298e-02
4.710339176705278380e-02
5.302290105749000310e-02
2.503326315405147648e-02
4.483733821559204857e-02
2.464905331412781120e-02
8.018581763292532971e-02
5.608885169346087413e-02
7.669556102929338259e-02
4.150002766191842468e-02
9.888736916011942046e-02
5.017414333114809250e-02
8.098830528326082800e-02
5.292959915310824215e-02
4.216950507501440737e-02
7.728954961720051198e-02
2.826362477160480544e-02
7.051883157722645123e-02
3.102766191115764391e-02
3.215497311805187025e-02
5.669952988745554506e-02
9.988232536976855702e-02
1.040924604759394106e-01
3.547333505557521277e-02
8.710688000808491926e-02
4.281660247716875117e-02
3.176296356852686964e-02
4.134103624829375129e-02
4.535996363515870655e-02
1.534111770255880691e-01
2.242573277698846693e-02
2.566654352689088855e-02
3.887175504726637226e-02
2.047099779217982363e-01
1.532174174826518298e-01
1.420738918869441647e-01
5.745358400856600406e-02
6.274051301076939702e-02
1.854330928295952752e-01
1.556736899522074245e-02
3.319827691525132490e-02
4.515993112845190227e-02
2.181539496540309264e-02
4.649409994757169873e-02
4.697258857600489224e-02
2.753348022115047478e-01
3.342128412093180092e-03
1.944080185090535096e-01
9.704003979414650705e-02
1.820064071063826408e-02
1.905560989576173675e-02
1.156704265408591975e-01
4.170535019931275594e-02
6.163384782105271742e-02
3.503974382838673240e-02
4.356490757635082117e-02
9.263109086832300998e-02
7.256382239133746248e-02
7.083599953395523785e-02
1.092678614357187189e-01
2.466843440047778932e-02
3.523284053221369810e-02
7.528877511688465696e-02
