8.603811264038085938e-03 1.302003860473632812e-03
6.864786148071289062e-03 1.017093658447265625e-03
8.037805557250976562e-03 1.213550567626953125e-03
7.457494735717773438e-03 1.158714294433593750e-03
7.771730422973632812e-03 1.193284988403320312e-03
7.758855819702148438e-03 1.199722290039062500e-03
7.177114486694335938e-03 1.125812530517578125e-03
8.373975753784179688e-03 1.283407211303710938e-03
8.307695388793945312e-03 1.087665557861328125e-03
7.712602615356445312e-03 1.153707504272460938e-03
6.593942642211914062e-03 9.646415710449218750e-04
8.085489273071289062e-03 1.254081726074218750e-03
5.486488342285156250e-03 8.165836334228515625e-04
5.593776702880859375e-03 8.223056793212890625e-04
8.234024047851562500e-03 1.822471618652343750e-03
8.856296539306640625e-03 1.249313354492187500e-03
8.505821228027343750e-03 1.232385635375976562e-03
6.456375122070312500e-03 1.144886016845703125e-03
8.953571319580078125e-03 1.215696334838867188e-03
5.720376968383789062e-03 7.889270782470703125e-04
7.453441619873046875e-03 1.091718673706054688e-03
7.390737533569335938e-03 1.032829284667968750e-03
7.593154907226562500e-03 8.840560913085937500e-04
8.073329925537109375e-03 1.047134399414062500e-03
7.483005523681640625e-03 1.060485839843750000e-03
8.013248443603515625e-03 1.106977462768554688e-03
5.361080169677734375e-03 7.457733154296875000e-04
7.801055908203125000e-03 1.092195510864257812e-03
6.120681762695312500e-03 1.046419143676757812e-03
6.399154663085937500e-03 8.950233459472656250e-04
8.048534393310546875e-03 1.248359680175781250e-03
6.741762161254882812e-03 1.047134399414062500e-03
1.543521881103515625e-03 3.774166107177734375e-04
2.230644226074218750e-03 6.160736083984375000e-04
3.066778182983398438e-03 7.846355438232421875e-04
2.092123031616210938e-03 5.407333374023437500e-04
3.117084503173828125e-03 8.080005645751953125e-04
3.085374832153320312e-03 7.002353668212890625e-04
3.464937210083007812e-03 5.483627319335937500e-04
2.047538757324218750e-03 5.302429199218750000e-04
2.306461334228515625e-03 5.915164947509765625e-04
2.325296401977539062e-03 5.991458892822265625e-04
2.372264862060546875e-03 6.105899810791015625e-04
1.699209213256835938e-03 4.556179046630859375e-04
2.001285552978515625e-03 5.197525024414062500e-04
2.667188644409179688e-03 5.197525024414062500e-04
2.134561538696289062e-03 4.711151123046875000e-04
1.481771469116210938e-03 4.150867462158203125e-04
1.864671707153320312e-03 5.059242248535156250e-04
1.855373382568359375e-03 5.047321319580078125e-04
1.437425613403320312e-03 3.905296325683593750e-04
2.039909362792968750e-03 5.958080291748046875e-04
1.678466796875000000e-03 4.358291625976562500e-04
2.503633499145507812e-03 4.446506500244140625e-04
2.394914627075195312e-03 5.865097045898437500e-04
1.792669296264648438e-03 4.582405090332031250e-04
2.787113189697265625e-03 7.190704345703125000e-04
2.833127975463867188e-03 7.181167602539062500e-04
1.669406890869140625e-03 4.911422729492187500e-04
1.812696456909179688e-03 4.918575286865234375e-04
1.857995986938476562e-03 4.780292510986328125e-04
1.290082931518554688e-03 3.550052642822265625e-04
1.664638519287109375e-03 4.458427429199218750e-04
2.419710159301757812e-03 6.420612335205078125e-04
2.042531967163085938e-03 4.472732543945312500e-04
2.146482467651367188e-03 5.452632904052734375e-04
1.665353775024414062e-03 4.458427429199218750e-04
2.475500106811523438e-03 6.275177001953125000e-04
1.761913299560546875e-03 4.634857177734375000e-04
1.581907272338867188e-03 4.251003265380859375e-04
1.417636871337890625e-03 3.740787506103515625e-04
2.079248428344726562e-03 5.471706390380859375e-04
1.653671264648437500e-03 4.477500915527343750e-04
2.135038375854492188e-03 6.339550018310546875e-04
1.811265945434570312e-03 4.897117614746093750e-04
1.680612564086914062e-03 4.689693450927734375e-04
2.718687057495117188e-03 6.878376007080078125e-04
2.055406570434570312e-03 5.714893341064453125e-04
2.259016036987304688e-03 5.915164947509765625e-04
1.336812973022460938e-03 5.497932434082031250e-04
1.805067062377929688e-03 6.666183471679687500e-04
2.425193786621093750e-03 3.881454467773437500e-04
2.298355102539062500e-03 5.917549133300781250e-04
1.290321350097656250e-03 3.519058227539062500e-04
2.165317535400390625e-03 6.074905395507812500e-04
2.350568771362304688e-03 6.043910980224609375e-04
2.598762512207031250e-03 6.673336029052734375e-04
2.427339553833007812e-03 4.105567932128906250e-04
2.692222595214843750e-03 6.549358367919921875e-04
1.914739608764648438e-03 4.086494445800781250e-04
2.444982528686523438e-03 6.301403045654296875e-04
2.337217330932617188e-03 6.091594696044921875e-04
2.339363098144531250e-03 5.598068237304687500e-04
1.303195953369140625e-03 3.471374511718750000e-04
2.360343933105468750e-03 5.705356597900390625e-04
1.306533813476562500e-03 3.478527069091796875e-04
1.686334609985351562e-03 4.901885986328125000e-04
1.554012298583984375e-03 5.006790161132812500e-04
2.387285232543945312e-03 5.917549133300781250e-04
2.123117446899414062e-03 5.686283111572265625e-04
2.378940582275390625e-03 6.093978881835937500e-04
2.202987670898437500e-03 5.557537078857421875e-04
1.427412033081054688e-03 3.924369812011718750e-04
1.258850097656250000e-03 3.440380096435546875e-04
1.458168029785156250e-03 3.876686096191406250e-04
1.339435577392578125e-03 3.566741943359375000e-04
1.487255096435546875e-03 4.127025604248046875e-04
1.343488693237304688e-03 3.972053527832031250e-04
1.426458358764648438e-03 3.771781921386718750e-04
1.257658004760742188e-03 3.540515899658203125e-04
1.433849334716796875e-03 3.936290740966796875e-04
1.313209533691406250e-03 3.442764282226562500e-04
1.478910446166992188e-03 3.917217254638671875e-04
1.350164413452148438e-03 3.619194030761718750e-04
2.010345458984375000e-03 6.043910980224609375e-04
2.199411392211914062e-03 5.655288696289062500e-04
1.879930496215820312e-03 3.995895385742187500e-04
1.347303390502929688e-03 3.712177276611328125e-04
2.341747283935546875e-03 5.905628204345703125e-04
2.163648605346679688e-03 5.500316619873046875e-04
1.671791076660156250e-03 5.939006805419921875e-04
2.132415771484375000e-03 5.548000335693359375e-04
2.172231674194335938e-03 6.234645843505859375e-04
2.174854278564453125e-03 5.679130554199218750e-04
2.346754074096679688e-03 5.826950073242187500e-04
2.161502838134765625e-03 5.633831024169921875e-04
1.404523849487304688e-03 3.802776336669921875e-04
1.278400421142578125e-03 3.504753112792968750e-04
1.413345336914062500e-03 3.776550292968750000e-04
1.275539398193359375e-03 3.600120544433593750e-04
1.451969146728515625e-03 3.919601440429687500e-04
1.339197158813476562e-03 3.590583801269531250e-04
1.469373703002929688e-03 3.812313079833984375e-04
1.284122467041015625e-03 3.547668457031250000e-04
2.320766448974609375e-03 5.922317504882812500e-04
1.286745071411132812e-03 3.442764282226562500e-04
2.373456954956054688e-03 6.113052368164062500e-04
2.139568328857421875e-03 5.600452423095703125e-04
2.378940582275390625e-03 6.089210510253906250e-04
2.287864685058593750e-03 5.576610565185546875e-04
2.590179443359375000e-03 6.773471832275390625e-04
2.307891845703125000e-03 5.960464477539062500e-04
2.598524093627929688e-03 6.875991821289062500e-04
2.213954925537109375e-03 5.919933319091796875e-04
2.606868743896484375e-03 6.968975067138671875e-04
2.236366271972656250e-03 5.903244018554687500e-04
2.619028091430664062e-03 6.937980651855468750e-04
2.296447753906250000e-03 6.029605865478515625e-04
2.524614334106445312e-03 6.742477416992187500e-04
2.333879470825195312e-03 6.048679351806640625e-04
2.433776855468750000e-03 6.589889526367187500e-04
2.135515213012695312e-03 5.760192871093750000e-04
3.894329071044921875e-03 8.268356323242187500e-04
3.498554229736328125e-03 9.074211120605468750e-04
1.412868499755859375e-03 3.733634948730468750e-04
1.293897628784179688e-03 3.521442413330078125e-04
1.429319381713867188e-03 3.888607025146484375e-04
1.291751861572265625e-03 3.414154052734375000e-04
2.528429031372070312e-03 6.380081176757812500e-04
2.191305160522460938e-03 5.521774291992187500e-04
2.294301986694335938e-03 6.175041198730468750e-04
2.014875411987304688e-03 5.140304565429687500e-04
2.299070358276367188e-03 6.217956542968750000e-04
2.055883407592773438e-03 5.307197570800781250e-04
3.572225570678710938e-03 9.074211120605468750e-04
2.003431320190429688e-03 5.283355712890625000e-04
2.577304840087890625e-03 6.604194641113281250e-04
2.259969711303710938e-03 6.055831909179687500e-04
2.315759658813476562e-03 5.562305450439453125e-04
2.112627029418945312e-03 5.667209625244140625e-04
2.478361129760742188e-03 6.198883056640625000e-04
1.973867416381835938e-03 3.788471221923828125e-04
1.447200775146484375e-03 3.864765167236328125e-04
1.284837722778320312e-03 3.445148468017578125e-04
2.483844757080078125e-03 6.787776947021484375e-04
3.886461257934570312e-03 9.586811065673828125e-04
1.721858978271484375e-03 4.692077636718750000e-04
2.710342407226562500e-03 6.961822509765625000e-04
2.311944961547851562e-03 5.891323089599609375e-04
2.720832824707031250e-03 6.568431854248046875e-04
2.285718917846679688e-03 5.846023559570312500e-04
2.964496612548828125e-03 6.582736968994140625e-04
1.452922821044921875e-03 3.836154937744140625e-04
3.433465957641601562e-03 6.365776062011718750e-04
2.517700195312500000e-03 9.868144989013671875e-04
3.246784210205078125e-03 8.397102355957031250e-04
3.934621810913085938e-03 1.635789871215820312e-03
3.767013549804687500e-03 7.221698760986328125e-04
2.311944961547851562e-03 5.879402160644531250e-04
2.093315124511718750e-03 3.547668457031250000e-04
2.848625183105468750e-03 1.620054244995117188e-03
1.542806625366210938e-03 4.224777221679687500e-04
3.375053405761718750e-03 8.561611175537109375e-04
3.075838088989257812e-03 7.867813110351562500e-04
1.705646514892578125e-03 4.744529724121093750e-04
1.709938049316406250e-03 4.775524139404296875e-04
1.686573028564453125e-03 4.615783691406250000e-04
1.591205596923828125e-03 4.303455352783203125e-04
1.522779464721679688e-03 4.246234893798828125e-04
1.564025878906250000e-03 4.186630249023437500e-04
2.229452133178710938e-03 4.181861877441406250e-04
2.058029174804687500e-03 3.688335418701171875e-04
2.249956130981445312e-03 5.784034729003906250e-04
2.130031585693359375e-03 5.476474761962890625e-04
1.420736312866210938e-03 3.845691680908203125e-04
1.267671585083007812e-03 3.561973571777343750e-04
1.276254653930664062e-03 3.461837768554687500e-04
1.259803771972656250e-03 3.526210784912109375e-04
1.425743103027343750e-03 3.807544708251953125e-04
1.276493072509765625e-03 3.490447998046875000e-04
1.280307769775390625e-03 3.485679626464843750e-04
1.295328140258789062e-03 3.542900085449218750e-04
1.672029495239257812e-03 4.444122314453125000e-04
1.534461975097656250e-03 4.231929779052734375e-04
1.520633697509765625e-03 3.957748413085937500e-04
1.477718353271484375e-03 4.007816314697265625e-04
2.894878387451171875e-03 6.759166717529296875e-04
2.942562103271484375e-03 6.031990051269531250e-04
2.957820892333984375e-03 8.928775787353515625e-04
1.877546310424804688e-03 7.550716400146484375e-04
2.119302749633789062e-03 5.915164947509765625e-04
1.920461654663085938e-03 5.297660827636718750e-04
1.975774765014648438e-03 5.276203155517578125e-04
1.820564270019531250e-03 4.839897155761718750e-04
2.280712127685546875e-03 5.898475646972656250e-04
2.126455307006835938e-03 5.240440368652343750e-04
1.228570938110351562e-03 3.437995910644531250e-04
1.226902008056640625e-03 3.409385681152343750e-04
2.600431442260742188e-03 4.839897155761718750e-04
2.084255218505859375e-03 3.530979156494140625e-04
1.271963119506835938e-03 3.454685211181640625e-04
2.146720886230468750e-03 5.397796630859375000e-04
1.376390457153320312e-03 3.750324249267578125e-04
1.230001449584960938e-03 3.561973571777343750e-04
1.295328140258789062e-03 3.488063812255859375e-04
1.205444335937500000e-03 3.385543823242187500e-04
1.389980316162109375e-03 3.850460052490234375e-04
1.233339309692382812e-03 3.426074981689453125e-04
1.219987869262695312e-03 3.397464752197265625e-04
1.221418380737304688e-03 3.509521484375000000e-04
1.820802688598632812e-03 5.073547363281250000e-04
1.644611358642578125e-03 4.765987396240234375e-04
1.589059829711914062e-03 4.391670227050781250e-04
1.572608947753906250e-03 4.477500915527343750e-04
1.526594161987304688e-03 4.212856292724609375e-04
1.439094543457031250e-03 3.821849822998046875e-04
1.344203948974609375e-03 3.910064697265625000e-04
1.317501068115234375e-03 3.759860992431640625e-04
2.244234085083007812e-03 5.810260772705078125e-04
1.224517822265625000e-03 3.411769866943359375e-04
1.227378845214843750e-03 3.399848937988281250e-04
1.204729080200195312e-03 3.480911254882812500e-04
3.963708877563476562e-03 1.030206680297851562e-03
3.614187240600585938e-03 9.446144104003906250e-04
3.420591354370117188e-03 8.914470672607421875e-04
3.178834915161132812e-03 8.416175842285156250e-04
4.084110260009765625e-03 1.030206680297851562e-03
3.634691238403320312e-03 8.964538574218750000e-04
3.340721130371093750e-03 8.347034454345703125e-04
3.168582916259765625e-03 7.929801940917968750e-04
2.202272415161132812e-03 6.048679351806640625e-04
2.135515213012695312e-03 5.853176116943359375e-04
1.982688903808593750e-03 5.550384521484375000e-04
1.871347427368164062e-03 5.190372467041015625e-04
2.494812011718750000e-03 6.995201110839843750e-04
2.125024795532226562e-03 6.053447723388671875e-04
2.118587493896484375e-03 5.576610565185546875e-04
2.115726470947265625e-03 5.648136138916015625e-04
2.344846725463867188e-03 6.449222564697265625e-04
2.129554748535156250e-03 5.936622619628906250e-04
2.104759216308593750e-03 5.965232849121093750e-04
1.997709274291992188e-03 5.648136138916015625e-04
2.378225326538085938e-03 6.487369537353515625e-04
2.025842666625976562e-03 5.650520324707031250e-04
1.988887786865234375e-03 5.512237548828125000e-04
1.867771148681640625e-03 5.292892456054687500e-04
2.490997314453125000e-03 7.016658782958984375e-04
2.109766006469726562e-03 5.946159362792968750e-04
2.257585525512695312e-03 6.015300750732421875e-04
1.997470855712890625e-03 5.762577056884765625e-04
2.213716506958007812e-03 6.210803985595703125e-04
2.030849456787109375e-03 5.621910095214843750e-04
1.976728439331054688e-03 5.564689636230468750e-04
1.857995986938476562e-03 5.202293395996093750e-04
3.681659698486328125e-03 9.329319000244140625e-04
2.966880798339843750e-03 8.201599121093750000e-04
2.875089645385742188e-03 7.688999176025390625e-04
2.651691436767578125e-03 7.171630859375000000e-04
3.523588180541992188e-03 8.423328399658203125e-04
3.121376037597656250e-03 7.894039154052734375e-04
3.004550933837890625e-03 7.271766662597656250e-04
2.765655517578125000e-03 6.995201110839843750e-04
4.231214523315429688e-03 1.062393188476562500e-03
4.019737243652343750e-03 9.565353393554687500e-04
3.495693206787109375e-03 8.556842803955078125e-04
3.183126449584960938e-03 7.801055908203125000e-04
1.586437225341796875e-03 4.446506500244140625e-04
2.350330352783203125e-03 6.272792816162109375e-04
2.400159835815429688e-03 6.256103515625000000e-04
2.336978912353515625e-03 6.093978881835937500e-04
4.153013229370117188e-03 1.057386398315429688e-03
3.726482391357421875e-03 9.181499481201171875e-04
3.387212753295898438e-03 8.609294891357421875e-04
3.139019012451171875e-03 8.006095886230468750e-04
2.701044082641601562e-03 1.064777374267578125e-03
3.827333450317382812e-03 9.756088256835937500e-04
3.525257110595703125e-03 9.090900421142578125e-04
3.255367279052734375e-03 7.989406585693359375e-04
2.575397491455078125e-03 6.601810455322265625e-04
2.328634262084960938e-03 6.017684936523437500e-04
2.383470535278320312e-03 5.881786346435546875e-04
2.224922180175781250e-03 4.553794860839843750e-04
1.640796661376953125e-03 4.541873931884765625e-04
2.487421035766601562e-03 6.361007690429687500e-04
1.705646514892578125e-03 3.683567047119140625e-04
1.318216323852539062e-03 3.416538238525390625e-04
4.173278808593750000e-03 1.002311706542968750e-03
3.616333007812500000e-03 8.873939514160156250e-04
3.344058990478515625e-03 8.356571197509765625e-04
3.194808959960937500e-03 5.528926849365234375e-04
1.470565795898437500e-03 3.902912139892578125e-04
1.933813095092773438e-03 7.138252258300781250e-04
2.783060073852539062e-03 6.921291351318359375e-04
4.153490066528320312e-03 1.072168350219726562e-03
4.076242446899414062e-03 1.094102859497070312e-03
1.832246780395507812e-03 4.453659057617187500e-04
3.113746643066406250e-03 7.247924804687500000e-04
1.494884490966796875e-03 6.113052368164062500e-04
2.132177352905273438e-03 5.817413330078125000e-04
2.347469329833984375e-03 3.981590270996093750e-04
2.196073532104492188e-03 5.927085876464843750e-04
1.892328262329101562e-03 3.774166107177734375e-04
1.974344253540039062e-03 4.289150238037109375e-04
1.679658889770507812e-03 3.952980041503906250e-04
1.660823822021484375e-03 4.594326019287109375e-04
2.283096313476562500e-03 8.807182312011718750e-04
1.377582550048828125e-03 3.750324249267578125e-04
1.566648483276367188e-03 4.303455352783203125e-04
1.407623291015625000e-03 3.750324249267578125e-04
1.398324966430664062e-03 3.757476806640625000e-04
1.423358917236328125e-03 3.750324249267578125e-04
1.491546630859375000e-03 4.036426544189453125e-04
3.202676773071289062e-03 8.201599121093750000e-04
1.427650451660156250e-03 3.888607025146484375e-04
3.221273422241210938e-03 8.120536804199218750e-04
1.294374465942382812e-03 3.600120544433593750e-04
1.924037933349609375e-03 6.072521209716796875e-04
2.470016479492187500e-03 6.330013275146484375e-04
2.449750900268554688e-03 6.182193756103515625e-04
2.382040023803710938e-03 6.530284881591796875e-04
1.368999481201171875e-03 3.745555877685546875e-04
1.923561096191406250e-03 5.009174346923828125e-04
1.382827758789062500e-03 3.862380981445312500e-04
2.303123474121093750e-03 6.008148193359375000e-04
2.200126647949218750e-03 5.798339843750000000e-04
1.796960830688476562e-03 6.086826324462890625e-04
1.909732818603515625e-03 5.064010620117187500e-04
1.960515975952148438e-03 5.218982696533203125e-04
1.541376113891601562e-03 4.100799560546875000e-04
