8.301258087158203125e-03 1.208543777465820312e-03
6.469249725341796875e-03 1.038551330566406250e-03
9.464979171752929688e-03 1.898527145385742188e-03
1.118779182434082031e-02 1.343011856079101562e-03
9.263515472412109375e-03 1.782655715942382812e-03
7.923841476440429688e-03 1.232147216796875000e-03
1.170659065246582031e-02 1.899242401123046875e-03
5.913496017456054688e-03 8.976459503173828125e-04
9.944915771484375000e-03 1.215696334838867188e-03
7.306575775146484375e-03 1.183986663818359375e-03
8.340835571289062500e-03 1.337051391601562500e-03
7.982492446899414062e-03 1.211404800415039062e-03
8.097887039184570312e-03 1.245737075805664062e-03
8.009195327758789062e-03 1.586198806762695312e-03
1.064896583557128906e-02 1.898288726806640625e-03
9.323596954345703125e-03 1.200675964355468750e-03
9.844779968261718750e-03 1.478433609008789062e-03
7.358551025390625000e-03 1.069307327270507812e-03
7.858276367187500000e-03 1.119136810302734375e-03
8.481264114379882812e-03 1.630783081054687500e-03
7.825374603271484375e-03 1.130819320678710938e-03
8.602142333984375000e-03 1.399755477905273438e-03
8.974790573120117188e-03 1.361370086669921875e-03
2.299785614013671875e-03 6.430149078369140625e-04
7.958412170410156250e-03 9.276866912841796875e-04
6.746292114257812500e-03 9.574890136718750000e-04
7.618665695190429688e-03 1.128196716308593750e-03
7.892370223999023438e-03 1.276254653930664062e-03
7.268667221069335938e-03 1.489639282226562500e-03
6.573200225830078125e-03 9.355545043945312500e-04
1.304554939270019531e-02 1.254796981811523438e-03
7.539033889770507812e-03 1.171350479125976562e-03
2.845764160156250000e-03 7.216930389404296875e-04
2.440929412841796875e-03 6.699562072753906250e-04
2.824068069458007812e-03 7.162094116210937500e-04
3.294229507446289062e-03 8.242130279541015625e-04
3.592014312744140625e-03 7.860660552978515625e-04
2.201080322265625000e-03 7.185935974121093750e-04
1.945972442626953125e-03 5.397796630859375000e-04
3.730535507202148438e-03 8.170604705810546875e-04
2.840042114257812500e-03 7.674694061279296875e-04
2.779245376586914062e-03 7.147789001464843750e-04
3.012418746948242188e-03 7.894039154052734375e-04
2.062320709228515625e-03 4.513263702392578125e-04
2.641916275024414062e-03 4.529953002929687500e-04
2.213478088378906250e-03 6.282329559326171875e-04
7.908582687377929688e-03 1.113653182983398438e-03
3.003835678100585938e-03 7.741451263427734375e-04
1.802921295166015625e-03 3.993511199951171875e-04
2.956867218017578125e-03 7.765293121337890625e-04
2.813100814819335938e-03 6.849765777587890625e-04
1.644134521484375000e-03 4.425048828125000000e-04
1.919507980346679688e-03 4.725456237792968750e-04
2.674579620361328125e-03 6.990432739257812500e-04
2.274751663208007812e-03 6.525516510009765625e-04
1.805782318115234375e-03 4.897117614746093750e-04
2.495050430297851562e-03 6.182193756103515625e-04
2.489805221557617188e-03 7.102489471435546875e-04
1.724720001220703125e-03 4.725456237792968750e-04
1.552820205688476562e-03 4.141330718994140625e-04
1.716613769531250000e-03 4.696846008300781250e-04
1.661539077758789062e-03 4.498958587646484375e-04
1.419305801391601562e-03 3.948211669921875000e-04
1.571178436279296875e-03 4.374980926513671875e-04
1.904726028442382812e-03 4.043579101562500000e-04
1.308679580688476562e-03 3.695487976074218750e-04
1.683950424194335938e-03 4.644393920898437500e-04
1.482963562011718750e-03 4.012584686279296875e-04
2.117872238159179688e-03 3.917217254638671875e-04
2.257108688354492188e-03 5.593299865722656250e-04
2.706289291381835938e-03 4.386901855468750000e-04
1.405954360961914062e-03 3.871917724609375000e-04
1.735925674438476562e-03 4.618167877197265625e-04
1.544713973999023438e-03 4.124641418457031250e-04
1.576662063598632812e-03 4.441738128662109375e-04
1.403331756591796875e-03 3.910064697265625000e-04
1.427888870239257812e-03 3.900527954101562500e-04
2.430438995361328125e-03 6.308555603027343750e-04
1.561164855957031250e-03 4.196166992187500000e-04
1.704931259155273438e-03 5.836486816406250000e-04
2.058982849121093750e-03 5.159378051757812500e-04
1.568794250488281250e-03 3.578662872314453125e-04
1.529693603515625000e-03 4.062652587890625000e-04
1.348257064819335938e-03 3.681182861328125000e-04
1.584529876708984375e-03 4.224777221679687500e-04
1.420021057128906250e-03 3.836154937744140625e-04
1.527547836303710938e-03 4.384517669677734375e-04
2.235889434814453125e-03 5.683898925781250000e-04
2.378225326538085938e-03 6.692409515380859375e-04
2.188444137573242188e-03 6.179809570312500000e-04
2.092838287353515625e-03 6.277561187744140625e-04
1.334667205810546875e-03 4.966259002685546875e-04
1.803636550903320312e-03 6.587505340576171875e-04
2.410888671875000000e-03 6.203651428222656250e-04
2.451181411743164062e-03 6.222724914550781250e-04
2.211332321166992188e-03 5.874633789062500000e-04
2.630233764648437500e-03 6.594657897949218750e-04
2.289295196533203125e-03 5.898475646972656250e-04
1.705646514892578125e-03 3.974437713623046875e-04
1.333951950073242188e-03 3.638267517089843750e-04
1.426696777343750000e-03 3.850460052490234375e-04
1.292705535888671875e-03 5.252361297607421875e-04
2.095222473144531250e-03 5.736351013183593750e-04
2.188920974731445312e-03 5.609989166259765625e-04
2.107620239257812500e-03 4.992485046386718750e-04
2.150535583496093750e-03 5.619525909423828125e-04
2.341747283935546875e-03 5.872249603271484375e-04
2.194881439208984375e-03 5.598068237304687500e-04
1.540660858154296875e-03 4.076957702636718750e-04
1.368999481201171875e-03 3.750324249267578125e-04
2.338886260986328125e-03 5.996227264404296875e-04
1.784801483154296875e-03 4.682540893554687500e-04
2.338409423828125000e-03 4.038810729980468750e-04
1.283168792724609375e-03 3.502368927001953125e-04
1.969099044799804688e-03 5.960464477539062500e-04
1.442432403564453125e-03 3.638267517089843750e-04
1.405715942382812500e-03 3.776550292968750000e-04
1.275777816772460938e-03 3.550052642822265625e-04
1.743078231811523438e-03 3.738403320312500000e-04
2.117633819580078125e-03 5.159378051757812500e-04
1.450777053833007812e-03 3.974437713623046875e-04
1.302003860473632812e-03 3.600120544433593750e-04
2.743482589721679688e-03 5.774497985839843750e-04
2.122879028320312500e-03 5.643367767333984375e-04
1.406192779541015625e-03 3.826618194580078125e-04
1.260757446289062500e-03 3.490447998046875000e-04
1.665592193603515625e-03 6.058216094970703125e-04
2.174377441406250000e-03 5.664825439453125000e-04
2.337217330932617188e-03 5.829334259033203125e-04
2.197265625000000000e-03 5.729198455810546875e-04
2.287626266479492188e-03 5.972385406494140625e-04
2.189159393310546875e-03 5.710124969482421875e-04
2.296209335327148438e-03 6.039142608642578125e-04
2.159833908081054688e-03 5.738735198974609375e-04
1.403331756591796875e-03 3.848075866699218750e-04
1.269817352294921875e-03 3.628730773925781250e-04
2.290487289428710938e-03 5.879402160644531250e-04
2.223968505859375000e-03 5.562305450439453125e-04
2.313613891601562500e-03 5.927085876464843750e-04
1.866579055786132812e-03 5.373954772949218750e-04
2.334117889404296875e-03 6.065368652343750000e-04
2.202749252319335938e-03 5.738735198974609375e-04
2.188920974731445312e-03 6.074905395507812500e-04
2.168416976928710938e-03 6.027221679687500000e-04
2.297401428222656250e-03 6.127357482910156250e-04
2.171993255615234375e-03 5.559921264648437500e-04
1.455545425415039062e-03 3.969669342041015625e-04
1.317501068115234375e-03 3.614425659179687500e-04
2.286672592163085938e-03 5.927085876464843750e-04
2.180576324462890625e-03 5.612373352050781250e-04
2.314329147338867188e-03 5.776882171630859375e-04
2.173423767089843750e-03 5.617141723632812500e-04
2.380847930908203125e-03 6.191730499267578125e-04
2.168893814086914062e-03 5.576610565185546875e-04
2.321720123291015625e-03 5.958080291748046875e-04
1.378536224365234375e-03 5.009174346923828125e-04
2.285003662109375000e-03 4.894733428955078125e-04
1.288175582885742188e-03 3.478527069091796875e-04
1.408338546752929688e-03 3.805160522460937500e-04
1.267433166503906250e-03 3.623962402343750000e-04
1.438617706298828125e-03 5.760192871093750000e-04
2.263545989990234375e-03 7.946491241455078125e-04
1.401662826538085938e-03 3.800392150878906250e-04
2.106189727783203125e-03 5.736351013183593750e-04
1.409292221069335938e-03 3.826618194580078125e-04
1.265764236450195312e-03 3.578662872314453125e-04
2.415895462036132812e-03 6.208419799804687500e-04
2.215623855590820312e-03 6.041526794433593750e-04
1.429080963134765625e-03 3.850460052490234375e-04
2.093791961669921875e-03 5.657672882080078125e-04
1.402378082275390625e-03 3.931522369384765625e-04
2.174139022827148438e-03 5.688667297363281250e-04
2.139568328857421875e-03 5.736351013183593750e-04
3.726959228515625000e-03 7.135868072509765625e-04
1.415967941284179688e-03 3.817081451416015625e-04
2.107620239257812500e-03 5.705356597900390625e-04
2.364397048950195312e-03 5.855560302734375000e-04
1.462697982788085938e-03 3.573894500732421875e-04
2.437829971313476562e-03 6.158351898193359375e-04
2.138376235961914062e-03 5.691051483154296875e-04
2.314567565917968750e-03 6.017684936523437500e-04
1.852273941040039062e-03 5.784034729003906250e-04
6.249666213989257812e-03 6.856918334960937500e-04
2.213001251220703125e-03 5.908012390136718750e-04
2.312183380126953125e-03 6.041526794433593750e-04
1.348972320556640625e-03 3.631114959716796875e-04
2.293109893798828125e-03 6.017684936523437500e-04
1.664161682128906250e-03 3.645420074462890625e-04
2.342939376831054688e-03 5.953311920166015625e-04
1.277923583984375000e-03 3.478527069091796875e-04
1.402139663696289062e-03 3.864765167236328125e-04
1.278400421142578125e-03 3.502368927001953125e-04
2.315759658813476562e-03 6.017684936523437500e-04
1.334905624389648438e-03 5.719661712646484375e-04
1.265764236450195312e-03 3.437995910644531250e-04
1.250505447387695312e-03 3.499984741210937500e-04
1.400232315063476562e-03 3.752708435058593750e-04
1.258134841918945312e-03 3.523826599121093750e-04
1.271963119506835938e-03 3.435611724853515625e-04
1.274108886718750000e-03 3.509521484375000000e-04
2.564430236816406250e-03 7.066726684570312500e-04
2.176761627197265625e-03 6.182193756103515625e-04
2.195358276367187500e-03 5.934238433837890625e-04
2.025604248046875000e-03 5.648136138916015625e-04
2.583026885986328125e-03 7.059574127197265625e-04
2.179384231567382812e-03 6.008148193359375000e-04
2.105236053466796875e-03 5.528926849365234375e-04
2.045869827270507812e-03 5.483627319335937500e-04
2.444744110107421875e-03 6.444454193115234375e-04
2.235174179077148438e-03 5.810260772705078125e-04
2.074480056762695312e-03 5.531311035156250000e-04
1.898288726806640625e-03 5.211830139160156250e-04
2.230644226074218750e-03 6.058216094970703125e-04
2.035856246948242188e-03 5.662441253662109375e-04
1.905679702758789062e-03 5.290508270263671875e-04
1.936912536621093750e-03 5.304813385009765625e-04
2.610921859741210938e-03 7.054805755615234375e-04
3.694534301757812500e-03 9.415149688720703125e-04
3.429651260375976562e-03 8.964538574218750000e-04
3.250837326049804688e-03 8.490085601806640625e-04
3.831624984741210938e-03 8.873939514160156250e-04
3.207206726074218750e-03 8.316040039062500000e-04
3.024816513061523438e-03 7.972717285156250000e-04
2.898693084716796875e-03 7.648468017578125000e-04
2.109527587890625000e-03 5.507469177246093750e-04
1.912593841552734375e-03 5.309581756591796875e-04
1.803636550903320312e-03 5.035400390625000000e-04
1.798629760742187500e-03 5.061626434326171875e-04
2.384185791015625000e-03 6.620883941650390625e-04
2.019643783569335938e-03 5.617141723632812500e-04
1.931428909301757812e-03 5.197525024414062500e-04
1.946687698364257812e-03 5.211830139160156250e-04
4.011869430541992188e-03 1.017808914184570312e-03
3.469467163085937500e-03 8.943080902099609375e-04
3.370523452758789062e-03 8.082389831542968750e-04
3.062248229980468750e-03 7.698535919189453125e-04
1.401662826538085938e-03 3.802776336669921875e-04
1.261949539184570312e-03 3.678798675537109375e-04
1.281499862670898438e-03 4.343986511230468750e-04
2.127170562744140625e-03 5.617141723632812500e-04
3.501415252685546875e-03 9.036064147949218750e-04
3.075122833251953125e-03 7.710456848144531250e-04
2.939224243164062500e-03 7.584095001220703125e-04
1.778125762939453125e-03 4.482269287109375000e-04
1.492738723754882812e-03 4.036426544189453125e-04
2.142429351806640625e-03 5.631446838378906250e-04
2.192258834838867188e-03 5.662441253662109375e-04
2.196788787841796875e-03 5.576610565185546875e-04
1.418113708496093750e-03 3.962516784667968750e-04
2.128601074218750000e-03 5.633831024169921875e-04
2.184152603149414062e-03 5.576610565185546875e-04
2.202272415161132812e-03 5.586147308349609375e-04
1.417398452758789062e-03 3.962516784667968750e-04
1.778364181518554688e-03 5.593299865722656250e-04
2.151012420654296875e-03 5.524158477783203125e-04
2.159357070922851562e-03 5.626678466796875000e-04
2.469062805175781250e-03 6.694793701171875000e-04
3.682613372802734375e-03 9.698867797851562500e-04
3.437519073486328125e-03 8.809566497802734375e-04
3.215551376342773438e-03 8.111000061035156250e-04
2.475023269653320312e-03 6.792545318603515625e-04
2.283811569213867188e-03 6.129741668701171875e-04
2.220153808593750000e-03 6.210803985595703125e-04
2.038478851318359375e-03 5.638599395751953125e-04
2.484560012817382812e-03 6.821155548095703125e-04
3.095388412475585938e-03 5.533695220947265625e-04
1.854181289672851562e-03 5.030632019042968750e-04
1.721858978271484375e-03 4.789829254150390625e-04
2.290725708007812500e-03 5.905628204345703125e-04
2.135753631591796875e-03 5.650520324707031250e-04
2.163171768188476562e-03 5.619525909423828125e-04
1.384973526000976562e-03 3.559589385986328125e-04
2.421140670776367188e-03 3.969669342041015625e-04
1.865625381469726562e-03 5.130767822265625000e-04
2.245187759399414062e-03 5.903244018554687500e-04
2.263545989990234375e-03 5.888938903808593750e-04
2.268314361572265625e-03 5.953311920166015625e-04
2.170801162719726562e-03 5.538463592529296875e-04
2.148866653442382812e-03 5.626678466796875000e-04
1.935482025146484375e-03 5.617141723632812500e-04
2.272367477416992188e-03 5.743503570556640625e-04
2.152442932128906250e-03 5.576610565185546875e-04
1.290082931518554688e-03 3.552436828613281250e-04
1.255750656127929688e-03 3.457069396972656250e-04
2.303361892700195312e-03 5.898475646972656250e-04
2.178192138671875000e-03 5.598068237304687500e-04
2.151489257812500000e-03 5.664825439453125000e-04
1.260042190551757812e-03 3.523826599121093750e-04
3.821611404418945312e-03 9.934902191162109375e-04
3.475904464721679688e-03 8.993148803710937500e-04
3.254890441894531250e-03 8.349418640136718750e-04
1.910924911499023438e-03 4.875659942626953125e-04
3.800630569458007812e-03 9.922981262207031250e-04
3.468513488769531250e-03 8.747577667236328125e-04
3.258466720581054688e-03 7.910728454589843750e-04
3.058910369873046875e-03 7.715225219726562500e-04
3.817558288574218750e-03 9.453296661376953125e-04
3.413677215576171875e-03 8.440017700195312500e-04
3.102302551269531250e-03 7.939338684082031250e-04
2.978086471557617188e-03 7.467269897460937500e-04
2.398252487182617188e-03 6.313323974609375000e-04
2.273797988891601562e-03 5.958080291748046875e-04
1.614809036254882812e-03 3.807544708251953125e-04
1.975774765014648438e-03 3.726482391357421875e-04
2.031087875366210938e-03 5.478858947753906250e-04
1.809120178222656250e-03 5.142688751220703125e-04
1.747131347656250000e-03 4.806518554687500000e-04
2.757787704467773438e-03 7.324218750000000000e-04
2.013921737670898438e-03 5.464553833007812500e-04
1.713037490844726562e-03 4.673004150390625000e-04
1.710653305053710938e-03 4.243850708007812500e-04
1.589775085449218750e-03 4.320144653320312500e-04
1.869678497314453125e-03 5.450248718261718750e-04
2.767801284790039062e-03 7.069110870361328125e-04
2.619981765747070312e-03 6.906986236572265625e-04
1.894474029541015625e-03 4.339218139648437500e-04
2.231597900390625000e-03 3.859996795654296875e-04
1.291990280151367188e-03 3.488063812255859375e-04
1.277923583984375000e-03 3.547668457031250000e-04
1.300334930419921875e-03 3.523826599121093750e-04
2.219438552856445312e-03 7.629394531250000000e-04
3.006219863891601562e-03 7.836818695068359375e-04
3.232479095458984375e-03 5.381107330322265625e-04
3.126621246337890625e-03 8.018016815185546875e-04
2.920150756835937500e-03 7.886886596679687500e-04
3.012895584106445312e-03 7.748603820800781250e-04
1.853466033935546875e-03 5.011558532714843750e-04
3.499746322631835938e-03 7.460117340087890625e-04
1.957178115844726562e-03 5.342960357666015625e-04
1.851558685302734375e-03 4.985332489013671875e-04
1.447200775146484375e-03 3.955364227294921875e-04
1.720190048217773438e-03 4.551410675048828125e-04
1.318216323852539062e-03 3.588199615478515625e-04
2.569198608398437500e-03 6.597042083740234375e-04
1.695156097412109375e-03 4.603862762451171875e-04
1.274585723876953125e-03 3.654956817626953125e-04
2.812385559082031250e-03 7.574558258056640625e-04
1.401185989379882812e-03 3.926753997802734375e-04
2.956151962280273438e-03 7.822513580322265625e-04
1.584291458129882812e-03 4.398822784423828125e-04
1.770019531250000000e-03 4.830360412597656250e-04
2.619504928588867188e-03 6.861686706542968750e-04
2.701282501220703125e-03 6.873607635498046875e-04
1.646995544433593750e-03 4.596710205078125000e-04
1.624822616577148438e-03 4.417896270751953125e-04
1.388311386108398438e-03 3.845691680908203125e-04
1.473426818847656250e-03 3.976821899414062500e-04
1.609325408935546875e-03 4.482269287109375000e-04
1.447916030883789062e-03 4.024505615234375000e-04
1.559972763061523438e-03 4.303455352783203125e-04
1.580715179443359375e-03 4.396438598632812500e-04
1.490831375122070312e-03 4.074573516845703125e-04
1.663684844970703125e-03 4.396438598632812500e-04
1.856803894042968750e-03 4.734992980957031250e-04
1.500606536865234375e-03 4.129409790039062500e-04
1.815080642700195312e-03 5.021095275878906250e-04
2.378225326538085938e-03 5.323886871337890625e-04
2.307891845703125000e-03 4.544258117675781250e-04
2.386808395385742188e-03 6.277561187744140625e-04
2.521753311157226562e-03 6.628036499023437500e-04
2.317905426025390625e-03 4.742145538330078125e-04
1.538038253784179688e-03 4.327297210693359375e-04
1.565694808959960938e-03 4.148483276367187500e-04
1.395225524902343750e-03 3.790855407714843750e-04
2.168416976928710938e-03 4.241466522216796875e-04
1.523017883300781250e-03 4.262924194335937500e-04
1.493453979492187500e-03 4.155635833740234375e-04
1.490831375122070312e-03 4.158020019531250000e-04
2.130031585693359375e-03 3.983974456787109375e-04
2.158641815185546875e-03 5.359649658203125000e-04
1.474380493164062500e-03 3.962516784667968750e-04
2.133846282958984375e-03 4.248619079589843750e-04
2.604961395263671875e-03 6.856918334960937500e-04
2.568721771240234375e-03 6.825923919677734375e-04
1.448154449462890625e-03 4.055500030517578125e-04
2.190113067626953125e-03 6.215572357177734375e-04
1.285076141357421875e-03 3.497600555419921875e-04
1.899242401123046875e-03 3.957748413085937500e-04
1.490831375122070312e-03 4.236698150634765625e-04
1.469612121582031250e-03 4.112720489501953125e-04
1.466035842895507812e-03 4.122257232666015625e-04
1.286506652832031250e-03 3.509521484375000000e-04
1.487493515014648438e-03 4.091262817382812500e-04
1.494646072387695312e-03 4.036426544189453125e-04
1.454353332519531250e-03 3.962516784667968750e-04
2.018451690673828125e-03 4.346370697021484375e-04
1.446247100830078125e-03 4.034042358398437500e-04
2.225399017333984375e-03 5.784034729003906250e-04
2.390384674072265625e-03 6.155967712402343750e-04
1.426458358764648438e-03 4.134178161621093750e-04
1.450538635253906250e-03 4.024505615234375000e-04
1.398563385009765625e-03 3.848075866699218750e-04
1.463890075683593750e-03 4.107952117919921875e-04
1.460075378417968750e-03 4.005432128906250000e-04
2.377986907958984375e-03 4.284381866455078125e-04
1.665592193603515625e-03 4.744529724121093750e-04
1.519441604614257812e-03 4.205703735351562500e-04
1.852035522460937500e-03 6.039142608642578125e-04
1.863956451416015625e-03 5.114078521728515625e-04
1.554489135742187500e-03 3.957748413085937500e-04
2.398967742919921875e-03 6.198883056640625000e-04
2.326965332031250000e-03 6.077289581298828125e-04
2.386808395385742188e-03 6.253719329833984375e-04
1.505613327026367188e-03 4.074573516845703125e-04
1.452684402465820312e-03 4.105567932128906250e-04
1.606941223144531250e-03 4.053115844726562500e-04
2.352476119995117188e-03 6.551742553710937500e-04
1.395940780639648438e-03 4.045963287353515625e-04
1.505136489868164062e-03 4.160404205322265625e-04
1.498937606811523438e-03 4.034042358398437500e-04
1.824617385864257812e-03 4.050731658935546875e-04
2.529144287109375000e-03 5.104541778564453125e-04
1.447200775146484375e-03 3.929138183593750000e-04
1.280069351196289062e-03 3.511905670166015625e-04
