1.007232738448823189e-01
6.164868230887082801e-02
2.552850944774282538e-01
8.060844114495679946e-02
1.671549134433321371e-01
6.398930591481902241e-02
1.196623662405711386e-01
1.517722550066870069e-01
4.876400303106450534e-02
2.962627486101904184e-02
2.384849871875534266e-01
3.743136975960834750e-02
5.247095783476934949e-02
3.607216167317772726e-02
1.511012855111481812e-01
8.870091612988777185e-02
4.469386348751586829e-02
8.329421978199720578e-02
7.991730781412477447e-02
4.363002944440060732e-02
1.845989397976679769e-01
6.216192092396890384e-02
5.534864035540847382e-01
2.523255296323040006e-02
6.114693409227006660e-02
4.834743939250379929e-02
5.797915047351624024e-02
1.050061674533315087e-01
4.679509407893133743e-01
2.951516935774508021e-01
4.076011938378764632e-01
4.157924271675363936e-01
5.882550163414925759e-01
8.373656551599348852e-01
1.152370685935689004e-01
7.770891040603503663e-01
3.835070557377952549e-01
9.505490108057426113e-01
1.211063302300341649e+00
7.930393877695737226e-01
6.038021305584310161e-01
1.528090984442426636e+00
3.543268216484373734e-01
2.617162465925371162e-01
2.429695332562550047e-01
1.206217837086146910e-01
5.049054967849113673e-01
1.144995390761324394e+00
3.864722342981481984e-01
3.835622326454231623e-01
4.163904609355816855e-01
2.758664198293118708e-01
2.453491162503343148e-01
7.656207540137760503e-01
6.058652326755915585e-01
3.843490115939585117e-01
3.318982459663891854e-02
3.739373635916423133e-01
6.478714348146574764e-01
5.693829007124771024e-01
8.785663828134412379e-01
3.402418391822915056e-01
6.266357465993664944e-01
1.882210833244889192e-01
3.717089605939401520e-01
4.681965963041546108e-01
5.027200393171801229e-01
4.398160601284347576e-02
4.420889494185238355e-01
2.580789194960086408e-01
6.958678263175567258e-01
1.423332344747499922e-01
5.819522977234872219e-01
9.853751471225370429e-01
1.283458303906022779e+00
1.149270158726796831e+00
5.721549861002478421e-01
5.631865776608745433e-01
2.670190296098070085e-02
9.760604267025066103e-03
4.609804341026713798e-02
4.890668340581826555e-03
7.291273620604568628e-03
4.747840148068855487e-03
6.025127311544667581e-03
6.291634686940190437e-03
4.184951675877338594e-03
4.491826863919616379e-03
4.309083547471152624e-03
3.435557977875433600e-02
4.034636624337220243e-03
6.767863296730634685e-03
1.825009181451677951e-03
3.767356001694496023e-03
6.669407533494003774e-03
5.058071796992599442e-03
4.509881693600603474e-03
1.434438615532672911e-03
3.732170112032846040e-03
5.292689885963240866e-03
2.645797585489570100e-02
4.584604159047796570e-03
3.288680484454728058e-03
3.491282486499729023e-03
1.301092312419859821e-02
5.765292280365129536e-03
4.612892742953609605e-03
6.501360843403810631e-03
5.364645913401066939e-03
3.279995948043519516e-03
3.852195450984564895e-03
1.422010883693639594e-01
5.361785428355692745e-02
5.223538976971034246e-03
6.188158384377002476e-03
3.926215322056511928e-03
4.901538230986215820e-03
6.363869430512811461e-03
5.126233604695664206e-03
4.113473938995494510e-03
5.527754568283508967e-03
3.372052812670722766e-03
1.027210727868258823e-02
5.996744486763209286e-02
6.879736851020158868e-03
4.453099164994207826e-03
8.084695786185468538e-03
6.922067739558859963e-03
4.833076250365220261e-03
5.001130637261550285e-03
4.695162068508487198e-03
5.132167071930594272e-03
2.237692689052334181e-03
6.144001986094230205e-03
9.741657811736147143e-02
4.062301431235219341e-03
5.401883268781997212e-03
1.848396257193450076e-01
9.847322500538475618e-03
4.581888601445526302e-03
2.539269298345634470e-03
6.105444081548218500e-03
8.410199859443162618e-03
1.800634984114365608e-02
9.124762834097487063e-03
1.493440567191866297e-01
4.049432828367849520e-03
9.656497284949501492e-03
4.301062428598869530e-03
1.326595636887607267e-02
3.619251561520705346e-03
3.290082734100484990e-02
3.079468947999111639e-03
7.166089998484070217e-03
5.382608723610164507e-03
5.658609323839190915e-03
9.675295151350436773e-02
2.016047811886866395e-02
3.775060329040332095e-03
4.088713949503609314e-03
4.513770637839098661e-03
5.398165273071959917e-03
6.437542508715653894e-03
5.853028393171241794e-03
3.110638705163003715e-03
3.632847099511823507e-03
3.765311425464814340e-03
1.518546824208651114e-01
6.290747083264866535e-03
7.695901879440869738e-03
3.378171285045440068e-03
5.053601557259057055e-03
2.482442783829922478e-03
2.778004154290862268e-02
6.882428836148986318e-03
3.425301319562982366e-03
3.873976309199131038e-03
4.668537583685918556e-03
6.078991238948039388e-02
9.322840942984291987e-03
6.476771026978665746e-02
4.576012720307410901e-03
6.760047879833337194e-03
4.000245438714414986e-03
7.342180742783894522e-03
2.346610857666601210e-03
8.440117883334393931e-03
2.106994565893626718e-03
2.035846511017417801e-02
8.856754617286911879e-02
1.126496189254445890e-02
3.892751467382849634e-02
2.147232582832073536e-02
5.120276313516758555e-03
1.926349508838057223e-02
9.155328567351170288e-03
5.370046530406844161e-03
7.685317010461043159e-03
4.242354024945538087e-03
1.004990092770732119e-02
1.382739165533174164e-01
1.120420068754186121e-02
3.860433550573885448e-03
5.886835908550446667e-03
4.351841412651701393e-03
1.298526985719064379e-02
4.660985797694967674e-03
5.501656220019738273e-03
1.782735534720854276e-02
8.180958006781612057e-03
9.352048881057417953e-03
8.130486900470189349e-02
5.234331497039582289e-03
8.409489516040207988e-03
5.749659167064592909e-03
4.752155090739813327e-03
6.391085186274489231e-03
5.023088549362197432e-03
7.218459323397025292e-03
7.761778728525595313e-03
5.028213181372761555e-03
3.390904070671580273e-03
1.736467856820515243e-01
4.775322543892740468e-02
4.356996739593864583e-03
9.866991118101535452e-02
3.684956843008943550e-03
6.528359548195303459e-03
5.483548842003371955e-03
6.485198944642546655e-03
4.529841479222087089e-03
3.941873594458958005e-03
1.288810486210809764e-02
3.470004940781359990e-03
3.987893286246647906e-02
7.067407583668487182e-03
5.360265568994992090e-03
4.278360940344922737e-03
7.619062586738225944e-03
6.658980229886733888e-03
5.347732534090898250e-03
1.139301432238642303e-02
3.340735983580714330e-03
3.308631940870299885e-03
2.999422621643953180e-03
5.526479982040592015e-02
5.073047217948947751e-03
4.278581616986180947e-03
6.474310676791951956e-03
4.465921510228552417e-03
5.729994849331593310e-03
5.508904985345221446e-03
6.044541488627023888e-03
8.235148548921831027e-03
8.071483622132563304e-03
2.578314582420656587e-01
1.086390424955385736e-01
1.880170262905941359e-01
2.355725159683519365e-01
1.903876607396692011e-01
8.672409841207265879e-01
1.252830128893901718e-01
3.167223352316196894e-01
7.087773679433908569e-01
5.376413735864241650e-01
1.513519889755532977e-01
5.290123863996091247e-01
9.795023546018739868e-02
2.757027532006832704e-01
6.722289606868173673e-01
3.460366910706749732e-01
3.492633787635123777e-01
3.083106705945355963e-01
3.472090440217495133e-01
3.684720197635905081e-01
5.721743704433036593e-01
2.700090578081549286e-01
8.681445246397833104e-01
1.184081243832673103e-01
3.288945805396278899e-01
2.578817747123718362e-01
3.157163718230842631e-01
4.342515941857428285e-01
2.250945067596986926e-01
1.845175588619079043e-01
7.507984611997905455e-01
2.500255743886239390e-01
2.705473938007399437e-01
7.684188319353076890e-01
9.161129416309665707e-02
4.740776712515017977e-01
5.319974541069827367e-01
1.378507931916471418e-01
2.767320190333491525e-01
1.453164181963682300e-01
1.775699862843940213e-01
4.522619280121842888e-01
3.209925253742226814e-01
2.080661356501662951e-01
4.928619610943798524e-01
3.446659054938442934e-01
5.633819861975707388e-01
2.406391067699120700e-01
3.749919145075423788e-01
3.656411127946535555e-01
6.666499671335454069e-01
3.178630077051187719e-01
2.742256658214868303e-01
1.901031107806916420e-01
2.427966713386170705e-01
3.219980606816094659e-01
2.236105131259157608e-01
2.064909235456780789e-01
2.931565744613169322e-01
2.555384526921811172e-01
1.813211952769084034e-01
3.014623976424490870e-01
4.669741878919858036e-01
2.875719936208003813e-01
3.281498501059721407e-01
2.924926063535123744e-01
3.261722201263535514e-01
5.700198516185619318e-02
2.106816075982897996e-01
5.440993414546880791e-01
2.311159156721039887e-01
1.520533024870778516e-01
3.854279139444797830e-01
4.602991296393563192e-01
3.290419093395665073e-01
5.416809513186358060e-01
2.366695949282332789e-01
3.721965199838191407e-01
4.664205123723477731e-02
6.145612835086047138e-02
6.791357257385409740e-01
2.150317051084501274e-01
3.031731694570347635e-01
2.063208977402741784e-01
2.678480676821546891e-01
4.306271017704505488e-01
1.996967096667451314e-01
3.199076014200232243e-01
3.114842224033680940e-01
2.014943029172431288e-01
1.880184671747872072e-01
2.748995318678327249e-01
2.254845791950078893e-01
2.576046884610945775e-01
2.592381691832655877e-01
2.215557837381942896e-01
3.337004631785078085e-02
5.083109912133450953e-02
7.971064481671435997e-02
4.276784123464028031e-02
7.770253583589108171e-02
3.882605853505715493e-02
1.055110626217182074e-01
6.188853424449824309e-02
1.761965284065350745e-01
8.194371375112209643e-02
6.015788865057029172e-02
1.213851598962182865e-01
6.625866247051606650e-02
8.210895918103548741e-02
1.390660769621538950e-01
9.495510162253523179e-02
3.107421955885669718e-02
8.324247700170382680e-02
6.092224362345319971e-02
5.270238599574617738e-02
7.458917719609443886e-02
1.443548432863045183e-01
4.836118355085982645e-01
2.675826784543236525e-02
1.159644086370256177e-01
4.014003992667491277e-02
2.499081152007553153e-01
4.218531433967220162e-02
7.855602683972656708e-02
1.263029210056192675e-01
1.050352051767224904e-01
4.015572589874160520e-02
2.812941679111631219e-02
2.532902565459745348e-01
1.614481244861718789e-01
1.210874012762941238e-01
6.693942798649558934e-02
2.642650571770080448e-01
2.103210541994884053e-01
2.855165875368104178e-02
3.264473995039237492e-02
4.948226344720327297e-02
3.685930147253588252e-02
7.917137312607254451e-02
5.458543650583911472e-02
2.425281636272902386e-01
7.407596081931311360e-02
3.547686554435469652e-01
8.684991297150879141e-02
3.982146484165188238e-01
1.940602769008619236e-02
1.707603984359227223e-01
8.840540201864431624e-02
4.707540406585825066e-02
5.230659429020236700e-02
2.083481924031716781e-01
1.232245681239863971e-01
8.077516848503496494e-02
5.687670103020121132e-02
2.156643855596067361e-01
3.487965094797121357e-02
5.978718856794130315e-02
6.678729983023629080e-02
