1.590308406119502263e-02
6.758320558835061165e-02
1.902148031331905506e-02
2.272344370974848857e-03
1.098242598121436722e-02
3.077875725208804175e-02
5.690244755034842838e-02
1.281139249733588038e-02
6.912019082885374061e-03
1.533135693983576214e-02
5.403058811241589175e-03
5.639167956564553746e-03
2.096421866662952493e-01
2.538896182553031927e-02
3.775955211776866466e-02
1.221734209016718010e-02
3.693662936429342042e-02
1.628896660308005659e-02
1.192741025033713757e-02
2.849188140880733536e-02
1.720824857843407385e-02
1.623542712735540419e-02
1.987250976219137599e-01
2.441994063817371635e-02
1.168393660128230899e-01
1.345724388571254912e-02
8.473236977407526405e-02
3.951923888222937803e-02
1.970089380505433627e-02
1.312379621368579656e-02
5.566873678109100082e-03
1.562834935338749606e-02
2.526545207259898312e-02
1.256124215968613435e-02
9.170140864712895967e-02
5.929459496152080129e-03
1.011553175936604279e-02
1.444418786765791843e-02
2.266437456404220459e-03
2.989396080741136066e-03
2.258273386905909966e-02
3.411452970472916152e-02
1.338435527106640946e-02
9.320497827634349752e-02
1.297603543090041119e-02
7.002994988601787818e-02
1.220150213065984354e-02
3.773267014529056024e-02
1.351501137902184208e-02
7.354882947969236182e-03
1.561223087553355593e-01
1.521670747554561831e-01
1.015898718492928669e-02
6.603734801082536410e-02
4.173894493576714437e-02
2.843277954032498445e-02
1.663527400368545461e-01
1.862136301681488817e-02
1.497651793235666752e-02
1.679215125149345969e-02
2.371083680681768807e-02
3.804232637119282778e-02
2.018003213664567794e-02
1.570095441498788047e-02
1.136802617993070558e-02
1.139031708371150177e-02
3.869408201549057354e-03
3.171471374585324576e-01
2.073845127995229548e-02
8.141722047976081983e-03
4.495452315155401557e-02
1.902511092286354732e-01
9.262747218214502018e-03
1.888893988722603265e-02
2.006838378944880361e-02
3.930054364894137314e-02
6.847217149736024855e-02
4.072884559142646299e-02
1.426400628976270783e-02
1.473041154436721331e-02
1.097268191424883611e-02
9.869881492976986109e-03
1.024713384744915801e-01
8.877450240780401097e-03
1.321056406205082731e-02
2.869748680784024730e-02
5.626564862159755959e-02
6.715728598240781888e-02
4.780381057306606896e-02
7.025251638436211254e-02
8.769900846345966144e-03
1.569321994201886700e-02
8.601981599001723433e-02
8.041762050036876594e-03
5.277948502604214512e-03
6.507778285316238170e-03
1.622396433314642755e-02
1.836879303053110674e-02
4.308245498280154073e-02
5.486638690772319832e-02
2.205814050638212898e-01
1.602245787928660223e-02
3.911003223264711282e-02
2.867284872540076107e-02
2.450267656444307315e-02
3.017717481616778719e-02
1.691628887801690379e-02
1.010151745876028129e-01
3.593639576629752141e-02
6.053094225998299771e-02
1.206090480490450007e-01
3.292584628682092285e-02
1.091388231992490715e-01
1.030605892151786468e-01
3.511018373127933884e-02
1.175146847240533289e-02
9.318160004711446842e-02
2.818145131065766078e-03
6.006355370293254420e-02
1.555756887290151991e-01
1.380961152233451117e-01
1.025083338376990560e-01
5.923714936094786471e-02
1.648072716256470116e-01
1.250979357336447495e-01
5.082586638765954068e-02
4.008120620605645085e-02
7.131714313600591437e-02
4.724899331312536893e-02
3.640970881963788430e-02
7.524471096845361529e-02
1.397033270795683575e-02
2.930535169118863442e-02
1.037720677144135691e-03
2.219734153017151046e-01
4.527326177511531435e-04
5.088312054753800495e-02
3.796388788316126806e-02
5.452029263979884383e-02
9.476357358785959806e-02
1.532739524745748705e-01
2.220735662936054455e-01
1.162944515812525254e-01
1.032576382458201131e-01
1.580525359525313533e-01
1.780438771477849957e-01
1.298550405985385292e-01
2.875163469415176754e-01
2.246122211108806388e-01
1.792234033597467080e-01
8.237347686062225505e-02
1.110929040720298050e-01
7.179678507910863816e-02
1.793964814138288011e-01
4.461770245324491735e-01
1.784097988854314032e-01
2.934803465761940400e-01
2.557500278323560083e-01
7.184377917647129241e-02
9.253654748582539058e-02
5.770074272719267344e-02
3.663098466183403179e-01
2.051259742234383121e-01
1.992743980038919616e-01
6.524140936137683144e-02
3.663919925181215176e-02
2.915560111618293454e-02
2.450097249957863821e-01
1.802951938852265582e-02
4.332740641556769717e-02
1.303518712167745300e-02
1.269751587196349396e-02
9.009950367367108165e-03
3.520477160497336583e-02
1.022716581023758731e-01
6.842072944917949699e-03
5.251812236329462397e-02
1.732135129648066929e-01
3.348547708834452852e-01
3.386015858277170998e-01
4.414868704473794148e-02
4.129547377084551857e-03
2.198459745004975041e-01
8.459522972142757835e-02
7.256669588394011605e-02
1.652516967654375779e-01
2.739563884836027086e-01
4.657258620398771476e-02
5.683859266758542472e-02
2.347680795972606760e-01
3.327009406866245772e-02
4.691608681181905910e-02
8.326202755657406002e-03
3.816975034747720208e-02
1.484416402160316506e-01
1.064491679977717792e-01
2.629380825823216666e-02
2.707981522799034896e-02
5.202860945794223618e-02
4.963625174735515622e-02
4.773331147102133354e-01
1.165650162279290546e-02
4.531844243127200467e-02
1.161387310526865342e-02
1.199634033177104792e-01
6.641634479722088868e-02
2.942532511925188485e-02
2.180994277715175150e-02
3.527356796624804558e-02
9.306720874537037502e-03
1.120357816246357781e-02
5.341418764492370519e-01
4.031700769840472487e-02
5.977899125249024753e-02
2.503831266617236387e-02
2.089288304265036478e-01
2.628761201464536734e-01
6.895472397366612938e-02
1.755585428928094771e-01
1.163859969039292702e-01
9.400316136004886747e-02
1.907546982536053870e-01
1.760579045436912529e-02
1.557381677088614247e-01
1.435848609149617539e-01
1.749213070554976046e-01
2.070666747003736818e-01
1.020931376889057940e-01
1.888785098121585626e-01
1.798693408060782484e-01
1.610111151219646153e-01
1.243215920278103875e-01
1.166419358258422023e-01
1.435267717814881216e-01
2.614645332259985522e-01
1.505388176954575163e-01
1.105539574207764358e-01
1.075310758261894400e-01
1.243394256682156251e-01
1.225299348037782177e-01
6.796292687673526067e-02
1.296194550163840831e-01
1.452008716675980970e-01
1.214139506897275039e-01
1.440749334620374522e-01
2.215349317660660622e-01
2.481370941003994413e-01
1.626205750624747925e-01
1.302316422027265108e-01
1.952590835497627908e-01
2.809743628907557800e-01
2.054891795391488585e-01
1.495724196063009659e-01
1.728898329471554585e-01
2.225991686228424582e-01
1.378721633606974362e-01
3.314702485051001513e-01
2.036700970634963137e-01
1.981278523258623858e-01
1.779065387544737087e-01
1.467927275451215430e-01
1.800052503751927990e-01
1.507633970718838257e-01
1.764709717296644165e-01
2.245942391818931960e-01
3.375297766504812835e-01
1.328100696402110814e-01
1.662954872313085475e-01
1.010552531566968892e-01
1.069980978568102620e-01
2.172373876542378346e-01
2.223179456974817003e-01
1.356773423015352475e-01
2.139997114143360468e-01
1.256370521585791766e-01
1.468066253994990966e-01
1.469799998665813345e-01
2.987325730890606490e-01
3.050625634808808995e-01
4.002278687708512028e-01
2.752810032071437707e-01
3.432451392851109673e-01
2.454313206573401906e-01
1.311237532766922065e-01
7.997671187143533256e-02
1.858212812382514234e-01
1.132437706207549688e-01
1.298674701441502877e-01
1.175741555843998060e-01
1.422646424518079211e-01
1.001180061823360619e-02
9.867751810282125377e-03
1.553269615063300121e-02
1.241334878294771821e-01
1.707431255247681551e-02
2.039743484800068257e-02
3.269144102393679169e-02
2.337627169605013475e-02
1.825092099164632095e-02
3.158158728226631573e-02
5.250424374160500562e-02
3.647755345451521303e-02
2.155472672159100198e-02
2.948324565326697344e-02
1.990300436686942842e-01
4.829930804549447537e-02
2.442342701821841738e-02
3.733075692087562542e-02
5.899984540666832616e-02
1.714591988204580003e-02
5.103478428942603146e-02
4.033615880382238061e-02
3.487224595282996387e-02
4.113944344116650387e-02
2.965101250825877832e-01
1.897593310853828430e-01
3.982941761678714110e-02
5.098845254971066943e-02
3.961708436904436831e-02
3.103297955006994666e-02
2.970051545344308194e-02
3.431108553460399807e-02
1.445841030108029751e-02
3.339733288204334988e-02
6.404269237576587503e-03
7.575489181172310148e-03
3.073871656535758223e-01
4.241936446107216069e-02
5.737635843778886302e-02
3.490404928300649967e-01
7.076233909379457676e-02
3.196209288576081220e-01
3.166427325950960797e-02
2.149739312494687860e-01
1.661266733819191932e-01
1.570842311991911822e-01
3.346349539587300526e-01
3.155973448652799052e-01
9.092355540840710293e-02
3.716862669644784012e-02
5.024855808221141869e-03
1.355139706806565876e-02
1.314849940888716297e-02
1.296357248373331342e-02
3.319435582738714408e-03
2.915225658722259139e-02
7.678319750586587097e-03
1.092241361303498970e-01
2.279216743991310523e-01
9.656324464022182641e-03
1.124797361936158077e-02
9.656079240351464477e-02
4.585248172819334465e-03
9.335148129684865681e-02
5.674704833298305912e-02
5.200056939556336154e-03
6.830701879229561513e-02
7.813001007799032227e-02
1.497797984338735365e-02
