9.837216854095458984e+00 1.250481605529785156e-02
9.722284555435180664e+00 1.322150230407714844e-02
9.674416542053222656e+00 1.091980934143066406e-02
1.000414681434631348e+01 1.149487495422363281e-02
9.879637956619262695e+00 1.123595237731933594e-02
9.442857265472412109e+00 1.111817359924316406e-02
1.025975871086120605e+01 1.188731193542480469e-02
1.011022472381591797e+01 1.330614089965820312e-02
1.021137356758117676e+01 1.231622695922851562e-02
9.950928926467895508e+00 1.099729537963867188e-02
9.848284244537353516e+00 1.130342483520507812e-02
9.758293867111206055e+00 1.131129264831542969e-02
1.004093575477600098e+01 1.361560821533203125e-02
9.857089281082153320e+00 1.134252548217773438e-02
1.004133081436157227e+01 1.091766357421875000e-02
1.008901762962341309e+01 1.369071006774902344e-02
1.009422969818115234e+01 1.158285140991210938e-02
9.827344417572021484e+00 1.138114929199218750e-02
1.017386984825134277e+01 1.165914535522460938e-02
1.011596918106079102e+01 1.344752311706542969e-02
9.807488441467285156e+00 1.350021362304687500e-02
1.010269880294799805e+01 1.210165023803710938e-02
1.020720982551574707e+01 1.309108734130859375e-02
9.817386150360107422e+00 1.138067245483398438e-02
9.913083553314208984e+00 1.113009452819824219e-02
9.595913887023925781e+00 1.118302345275878906e-02
1.008658933639526367e+01 1.218056678771972656e-02
1.030744457244873047e+01 1.223921775817871094e-02
1.011795783042907715e+01 1.492381095886230469e-02
1.002450489997863770e+01 1.129150390625000000e-02
9.817805528640747070e+00 1.112627983093261719e-02
9.974121809005737305e+00 2.159857749938964844e-02
9.780292749404907227e+00 1.126384735107421875e-02
9.793699264526367188e+00 1.188492774963378906e-02
1.021805524826049805e+01 1.360678672790527344e-02
1.004387140274047852e+01 1.265573501586914062e-02
1.060003137588500977e+01 1.168274879455566406e-02
9.382382869720458984e+00 1.361989974975585938e-02
9.609598636627197266e+00 1.098346710205078125e-02
9.703116178512573242e+00 1.323890686035156250e-02
9.513758897781372070e+00 1.317358016967773438e-02
8.875016689300537109e+00 1.293540000915527344e-02
1.023421764373779297e+01 1.074504852294921875e-02
9.806869506835937500e+00 1.109814643859863281e-02
9.670425415039062500e+00 1.165246963500976562e-02
9.730849266052246094e+00 1.118326187133789062e-02
1.026105952262878418e+01 1.236343383789062500e-02
1.015740489959716797e+01 1.254677772521972656e-02
1.005291795730590820e+01 1.076817512512207031e-02
1.046184492111206055e+01 1.372051239013671875e-02
1.027155041694641113e+01 1.119804382324218750e-02
1.041103768348693848e+01 1.220393180847167969e-02
1.045901370048522949e+01 1.339721679687500000e-02
1.004681658744812012e+01 1.356768608093261719e-02
1.023149013519287109e+01 1.218152046203613281e-02
1.064874267578125000e+01 1.180553436279296875e-02
9.642873525619506836e+00 1.178050041198730469e-02
1.016183280944824219e+01 1.347327232360839844e-02
1.034024977684020996e+01 1.104259490966796875e-02
1.043328762054443359e+01 1.252245903015136719e-02
1.047803497314453125e+01 1.559281349182128906e-02
9.996926069259643555e+00 1.122808456420898438e-02
1.028802824020385742e+01 1.289224624633789062e-02
1.075023031234741211e+01 1.184296607971191406e-02
1.004531741142272949e+01 1.246047019958496094e-02
9.617407798767089844e+00 1.097702980041503906e-02
1.034264039993286133e+01 1.185512542724609375e-02
9.959556102752685547e+00 1.135110855102539062e-02
1.017145800590515137e+01 1.290225982666015625e-02
9.586759328842163086e+00 1.122140884399414062e-02
9.926955461502075195e+00 1.185774803161621094e-02
1.015810370445251465e+01 1.426315307617187500e-02
1.007087111473083496e+01 1.149582862854003906e-02
9.863604545593261719e+00 1.118445396423339844e-02
9.932518005371093750e+00 1.352119445800781250e-02
9.667597532272338867e+00 1.126694679260253906e-02
9.986058235168457031e+00 1.391696929931640625e-02
9.785659551620483398e+00 1.338362693786621094e-02
9.608034372329711914e+00 1.084399223327636719e-02
1.481613421440124512e+01 1.149797439575195312e-02
1.395880937576293945e+01 1.216697692871093750e-02
1.330730009078979492e+01 1.115512847900390625e-02
1.325412893295288086e+01 1.299643516540527344e-02
1.486660671234130859e+01 1.140451431274414062e-02
1.400157880783081055e+01 1.157283782958984375e-02
1.506303834915161133e+01 1.358532905578613281e-02
1.517698240280151367e+01 1.180458068847656250e-02
1.489197039604187012e+01 1.271510124206542969e-02
1.458783483505249023e+01 1.170134544372558594e-02
9.638910770416259766e+00 1.131200790405273438e-02
1.486388659477233887e+01 1.176023483276367188e-02
1.434031200408935547e+01 1.112604141235351562e-02
1.342936348915100098e+01 1.192688941955566406e-02
1.429409265518188477e+01 1.171708106994628906e-02
1.389170742034912109e+01 1.373434066772460938e-02
1.418639898300170898e+01 1.293659210205078125e-02
1.487995386123657227e+01 1.179409027099609375e-02
1.411784386634826660e+01 1.165962219238281250e-02
1.482505512237548828e+01 1.373243331909179688e-02
1.434510612487792969e+01 1.128673553466796875e-02
9.783180475234985352e+00 1.077151298522949219e-02
1.443236327171325684e+01 1.383686065673828125e-02
1.459601330757141113e+01 1.180386543273925781e-02
1.436785674095153809e+01 1.172280311584472656e-02
1.416004824638366699e+01 1.154685020446777344e-02
1.471328520774841309e+01 1.269960403442382812e-02
1.533723473548889160e+01 1.455640792846679688e-02
1.454530978202819824e+01 1.545166969299316406e-02
1.405094790458679199e+01 1.151466369628906250e-02
1.430386137962341309e+01 1.177549362182617188e-02
1.461602449417114258e+01 1.131153106689453125e-02
9.290264844894409180e+00 1.041960716247558594e-02
9.748377323150634766e+00 1.405382156372070312e-02
1.441466808319091797e+01 1.183772087097167969e-02
1.438492202758789062e+01 1.241707801818847656e-02
1.484529352188110352e+01 1.301598548889160156e-02
1.453944611549377441e+01 1.177144050598144531e-02
1.343122768402099609e+01 1.172113418579101562e-02
1.246358704566955566e+01 1.029348373413085938e-02
1.480265545845031738e+01 1.152062416076660156e-02
1.430111122131347656e+01 1.214051246643066406e-02
1.424588942527770996e+01 1.433992385864257812e-02
1.437585544586181641e+01 1.159524917602539062e-02
1.017235708236694336e+01 1.195192337036132812e-02
1.479269862174987793e+01 1.166820526123046875e-02
1.443079376220703125e+01 1.137280464172363281e-02
1.521566224098205566e+01 1.196670532226562500e-02
1.410479855537414551e+01 1.389789581298828125e-02
1.364248180389404297e+01 1.342153549194335938e-02
1.307455062866210938e+01 1.072192192077636719e-02
1.364757299423217773e+01 1.326823234558105469e-02
1.396802401542663574e+01 1.123714447021484375e-02
1.411286973953247070e+01 1.182055473327636719e-02
1.404925417900085449e+01 1.268672943115234375e-02
9.439223527908325195e+00 1.127028465270996094e-02
1.361211323738098145e+01 1.151347160339355469e-02
1.498649597167968750e+01 1.143932342529296875e-02
1.418112230300903320e+01 1.102828979492187500e-02
1.382457566261291504e+01 1.132988929748535156e-02
1.332086563110351562e+01 1.137351989746093750e-02
1.401371288299560547e+01 1.367640495300292969e-02
1.415446901321411133e+01 1.142048835754394531e-02
1.495903468132019043e+01 1.372385025024414062e-02
1.404086565971374512e+01 1.115131378173828125e-02
1.458491945266723633e+01 1.206135749816894531e-02
9.769721508026123047e+00 1.101303100585937500e-02
1.425432157516479492e+01 1.146721839904785156e-02
1.419303822517395020e+01 1.175022125244140625e-02
1.509998726844787598e+01 1.138997077941894531e-02
1.435044956207275391e+01 1.190924644470214844e-02
1.448542284965515137e+01 1.121139526367187500e-02
1.346780848503112793e+01 1.408958435058593750e-02
1.451919841766357422e+01 1.186823844909667969e-02
1.397947597503662109e+01 1.150798797607421875e-02
1.410135269165039062e+01 1.197481155395507812e-02
1.431382346153259277e+01 1.369214057922363281e-02
9.640340328216552734e+00 1.149702072143554688e-02
1.583639788627624512e+01 1.119542121887207031e-02
1.350828242301940918e+01 1.172327995300292969e-02
1.390118312835693359e+01 1.537370681762695312e-02
1.460818719863891602e+01 1.295781135559082031e-02
1.585170507431030273e+01 1.122426986694335938e-02
1.421516919136047363e+01 1.140308380126953125e-02
1.377269506454467773e+01 1.315069198608398438e-02
1.315958023071289062e+01 1.130676269531250000e-02
1.476193237304687500e+01 1.395988464355468750e-02
1.382099580764770508e+01 1.197910308837890625e-02
9.653832435607910156e+00 1.076769828796386719e-02
1.426000571250915527e+01 1.149678230285644531e-02
1.411994481086730957e+01 1.116037368774414062e-02
1.402339553833007812e+01 1.128220558166503906e-02
1.423798751831054688e+01 1.343917846679687500e-02
1.468766808509826660e+01 1.274585723876953125e-02
1.406783080101013184e+01 1.140213012695312500e-02
1.437180805206298828e+01 1.114010810852050781e-02
1.432080626487731934e+01 1.128149032592773438e-02
1.446446657180786133e+01 1.165461540222167969e-02
1.468567466735839844e+01 1.354455947875976562e-02
9.480934619903564453e+00 1.168560981750488281e-02
1.481895112991333008e+01 1.364302635192871094e-02
1.338673973083496094e+01 1.803851127624511719e-02
1.513503313064575195e+01 1.487731933593750000e-02
1.454173612594604492e+01 1.209259033203125000e-02
1.456138038635253906e+01 1.117324829101562500e-02
1.357302212715148926e+01 1.195764541625976562e-02
1.512355518341064453e+01 1.391816139221191406e-02
1.465195274353027344e+01 1.334857940673828125e-02
1.363927578926086426e+01 1.139187812805175781e-02
1.306878733634948730e+01 1.261568069458007812e-02
9.873206138610839844e+00 1.202034950256347656e-02
1.375688409805297852e+01 1.080322265625000000e-02
1.307611942291259766e+01 1.102709770202636719e-02
1.527254152297973633e+01 1.380705833435058594e-02
1.462301158905029297e+01 1.348590850830078125e-02
1.395953989028930664e+01 1.326060295104980469e-02
1.414852738380432129e+01 1.324319839477539062e-02
1.510640096664428711e+01 1.247310638427734375e-02
1.444758796691894531e+01 1.213741302490234375e-02
1.382140946388244629e+01 1.144599914550781250e-02
1.497044825553894043e+01 1.368451118469238281e-02
9.247408628463745117e+00 1.172375679016113281e-02
1.417943215370178223e+01 1.338887214660644531e-02
1.468211007118225098e+01 1.362895965576171875e-02
1.455992293357849121e+01 1.276826858520507812e-02
1.472987914085388184e+01 1.139497756958007812e-02
1.410685539245605469e+01 1.130008697509765625e-02
1.353783297538757324e+01 1.273179054260253906e-02
1.393321681022644043e+01 1.361012458801269531e-02
1.392038011550903320e+01 1.221418380737304688e-02
1.353869247436523438e+01 1.195049285888671875e-02
1.356599187850952148e+01 1.456212997436523438e-02
9.669460535049438477e+00 1.215481758117675781e-02
1.402169108390808105e+01 1.344275474548339844e-02
1.401642179489135742e+01 1.341795921325683594e-02
1.457189488410949707e+01 1.169824600219726562e-02
1.487555646896362305e+01 1.383066177368164062e-02
1.468459296226501465e+01 1.157402992248535156e-02
1.435716962814331055e+01 1.203775405883789062e-02
1.401506614685058594e+01 1.143240928649902344e-02
1.354776239395141602e+01 1.192402839660644531e-02
1.428567194938659668e+01 1.442623138427734375e-02
1.394594621658325195e+01 1.160812377929687500e-02
9.535280227661132812e+00 1.058888435363769531e-02
9.558216333389282227e+00 1.117873191833496094e-02
1.471687746047973633e+01 1.211953163146972656e-02
1.335118079185485840e+01 1.073503494262695312e-02
1.443987941741943359e+01 1.140451431274414062e-02
1.413096261024475098e+01 1.211738586425781250e-02
1.395602893829345703e+01 1.327896118164062500e-02
1.415175914764404297e+01 1.146006584167480469e-02
1.463690352439880371e+01 1.391077041625976562e-02
1.469035553932189941e+01 1.227092742919921875e-02
1.391929030418395996e+01 1.522421836853027344e-02
1.384698581695556641e+01 1.194119453430175781e-02
9.563487291336059570e+00 1.108336448669433594e-02
1.461796522140502930e+01 1.267814636230468750e-02
1.534942483901977539e+01 1.399827003479003906e-02
1.370277118682861328e+01 1.138496398925781250e-02
1.359588003158569336e+01 1.173710823059082031e-02
1.372889685630798340e+01 1.130676269531250000e-02
1.419549465179443359e+01 1.161384582519531250e-02
1.378807997703552246e+01 1.253485679626464844e-02
1.353150749206542969e+01 1.109838485717773438e-02
1.414371991157531738e+01 1.306700706481933594e-02
1.369052839279174805e+01 1.135993003845214844e-02
9.279973745346069336e+00 1.060032844543457031e-02
1.393244004249572754e+01 1.141500473022460938e-02
1.406214547157287598e+01 1.152372360229492188e-02
1.332694911956787109e+01 1.099348068237304688e-02
1.431050658226013184e+01 1.147627830505371094e-02
1.409303736686706543e+01 1.144695281982421875e-02
1.436531400680541992e+01 1.201820373535156250e-02
1.432072973251342773e+01 1.348376274108886719e-02
1.450862264633178711e+01 1.347422599792480469e-02
1.475923824310302734e+01 1.145076751708984375e-02
1.547243189811706543e+01 1.203036308288574219e-02
9.999390363693237305e+00 1.131844520568847656e-02
1.562166571617126465e+01 1.223850250244140625e-02
1.616574192047119141e+01 1.369476318359375000e-02
1.602278375625610352e+01 1.149320602416992188e-02
1.516698408126831055e+01 1.124215126037597656e-02
1.592865109443664551e+01 1.132369041442871094e-02
1.507942008972167969e+01 1.417684555053710938e-02
1.448970770835876465e+01 1.138353347778320312e-02
1.548899245262145996e+01 1.207327842712402344e-02
1.610527443885803223e+01 1.148223876953125000e-02
1.443301200866699219e+01 1.077961921691894531e-02
9.364146947860717773e+00 1.301121711730957031e-02
1.515417051315307617e+01 1.153802871704101562e-02
1.451367783546447754e+01 1.318955421447753906e-02
1.558382296562194824e+01 1.119732856750488281e-02
1.575040769577026367e+01 1.281738281250000000e-02
1.561130976676940918e+01 1.247453689575195312e-02
1.545662450790405273e+01 1.347517967224121094e-02
1.442203640937805176e+01 1.349472999572753906e-02
1.601904678344726562e+01 1.476478576660156250e-02
1.500783371925354004e+01 1.124119758605957031e-02
1.605287933349609375e+01 1.207375526428222656e-02
9.915271520614624023e+00 1.097559928894042969e-02
1.577371740341186523e+01 1.331257820129394531e-02
1.560993885993957520e+01 1.123213768005371094e-02
1.507694911956787109e+01 1.331973075866699219e-02
1.496909046173095703e+01 1.128792762756347656e-02
1.575948667526245117e+01 1.219868659973144531e-02
1.634203934669494629e+01 1.204347610473632812e-02
1.565828633308410645e+01 1.326251029968261719e-02
1.595076107978820801e+01 1.159286499023437500e-02
1.572556376457214355e+01 1.387977600097656250e-02
1.595345520973205566e+01 1.181173324584960938e-02
9.614627838134765625e+00 1.113200187683105469e-02
1.529704093933105469e+01 1.240253448486328125e-02
1.561193251609802246e+01 1.146841049194335938e-02
1.579774260520935059e+01 1.130771636962890625e-02
1.515682268142700195e+01 1.349592208862304688e-02
1.600473117828369141e+01 1.359343528747558594e-02
1.571816921234130859e+01 1.149463653564453125e-02
1.488378810882568359e+01 1.307249069213867188e-02
1.591955614089965820e+01 1.125001907348632812e-02
1.588863134384155273e+01 1.366353034973144531e-02
1.511303329467773438e+01 1.149582862854003906e-02
9.448699951171875000e+00 1.099276542663574219e-02
1.609086728096008301e+01 1.255154609680175781e-02
1.663936877250671387e+01 1.217412948608398438e-02
1.485682654380798340e+01 1.161074638366699219e-02
1.583991456031799316e+01 1.152539253234863281e-02
1.554458904266357422e+01 1.389551162719726562e-02
1.451137423515319824e+01 1.088261604309082031e-02
1.630266642570495605e+01 1.287126541137695312e-02
1.609253907203674316e+01 1.164388656616210938e-02
1.629822897911071777e+01 1.482677459716796875e-02
1.604994440078735352e+01 1.352763175964355469e-02
8.911549806594848633e+00 1.053810119628906250e-02
1.620956134796142578e+01 1.163268089294433594e-02
1.585395359992980957e+01 1.254892349243164062e-02
1.605781316757202148e+01 1.382827758789062500e-02
1.574068379402160645e+01 1.135349273681640625e-02
1.510615754127502441e+01 1.204609870910644531e-02
1.535162901878356934e+01 1.140189170837402344e-02
1.650050258636474609e+01 1.183772087097167969e-02
1.532236933708190918e+01 1.136708259582519531e-02
1.623405337333679199e+01 1.388406753540039062e-02
1.552318429946899414e+01 1.357102394104003906e-02
9.351197957992553711e+00 1.197052001953125000e-02
1.662597513198852539e+01 1.226258277893066406e-02
1.581919193267822266e+01 1.174783706665039062e-02
1.579814767837524414e+01 1.377701759338378906e-02
1.627718925476074219e+01 1.147317886352539062e-02
1.524106431007385254e+01 1.167345046997070312e-02
1.528683614730834961e+01 1.134681701660156250e-02
1.610287213325500488e+01 1.505279541015625000e-02
1.515960025787353516e+01 1.159286499023437500e-02
1.524589991569519043e+01 1.177310943603515625e-02
1.531285905838012695e+01 1.101613044738769531e-02
9.657562971115112305e+00 1.102066040039062500e-02
9.862291812896728516e+00 1.352024078369140625e-02
1.501162648200988770e+01 1.095628738403320312e-02
1.590840435028076172e+01 1.142096519470214844e-02
1.552176785469055176e+01 1.120591163635253906e-02
1.604179930686950684e+01 1.172113418579101562e-02
1.656426000595092773e+01 1.154112815856933594e-02
1.540272068977355957e+01 1.154136657714843750e-02
1.604970026016235352e+01 1.307964324951171875e-02
1.549287319183349609e+01 1.413846015930175781e-02
1.585037589073181152e+01 1.619863510131835938e-02
1.514243292808532715e+01 1.339077949523925781e-02
9.490436792373657227e+00 1.190137863159179688e-02
1.632917380332946777e+01 1.363205909729003906e-02
1.587772226333618164e+01 1.140856742858886719e-02
1.529604840278625488e+01 1.155042648315429688e-02
1.571056294441223145e+01 1.191258430480957031e-02
1.543293762207031250e+01 1.350641250610351562e-02
9.893269062042236328e+00 1.133584976196289062e-02
9.738353252410888672e+00 1.340413093566894531e-02
9.903027772903442383e+00 1.326870918273925781e-02
9.726708889007568359e+00 1.079654693603515625e-02
9.457969665527343750e+00 1.312017440795898438e-02
9.744720935821533203e+00 1.323008537292480469e-02
9.252586841583251953e+00 1.087903976440429688e-02
1.001360154151916504e+01 1.341223716735839844e-02
9.481905221939086914e+00 1.472759246826171875e-02
9.864508390426635742e+00 1.117825508117675781e-02
9.785910606384277344e+00 1.118969917297363281e-02
9.167399644851684570e+00 1.276874542236328125e-02
9.803183078765869141e+00 1.104092597961425781e-02
9.583262920379638672e+00 1.144027709960937500e-02
9.689347743988037109e+00 1.290154457092285156e-02
9.416215658187866211e+00 1.078224182128906250e-02
9.296894311904907227e+00 1.113867759704589844e-02
1.010321807861328125e+01 1.100182533264160156e-02
1.021683144569396973e+01 1.105380058288574219e-02
9.664202213287353516e+00 1.311421394348144531e-02
9.860837459564208984e+00 1.135063171386718750e-02
9.963347196578979492e+00 1.097846031188964844e-02
9.781629562377929688e+00 1.121664047241210938e-02
1.009230923652648926e+01 1.129913330078125000e-02
9.504546403884887695e+00 1.307272911071777344e-02
1.025846958160400391e+01 1.331377029418945312e-02
1.004689741134643555e+01 1.141238212585449219e-02
9.328929424285888672e+00 1.289224624633789062e-02
9.713990688323974609e+00 1.135611534118652344e-02
1.063416099548339844e+01 1.260781288146972656e-02
9.279263496398925781e+00 1.290202140808105469e-02
1.001480150222778320e+01 1.398849487304687500e-02
9.978381156921386719e+00 1.152706146240234375e-02
9.804628849029541016e+00 1.136732101440429688e-02
9.931272506713867188e+00 1.141476631164550781e-02
1.028397822380065918e+01 1.184797286987304688e-02
9.489357948303222656e+00 7.679224014282226562e-03
9.899924039840698242e+00 1.282835006713867188e-02
9.690293312072753906e+00 8.928298950195312500e-03
9.015161514282226562e+00 7.972002029418945312e-03
9.454643249511718750e+00 1.127099990844726562e-02
9.313120841979980469e+00 8.919239044189453125e-03
9.768099784851074219e+00 7.911920547485351562e-03
9.371706724166870117e+00 1.284241676330566406e-02
9.436825037002563477e+00 7.917165756225585938e-03
9.183025598526000977e+00 1.194405555725097656e-02
9.227314233779907227e+00 7.133007049560546875e-03
8.825026035308837891e+00 7.160902023315429688e-03
8.925903320312500000e+00 7.251024246215820312e-03
8.044911861419677734e+00 7.003307342529296875e-03
7.536070585250854492e+00 7.120609283447265625e-03
7.720626354217529297e+00 7.012844085693359375e-03
7.388656377792358398e+00 6.986379623413085938e-03
7.459424734115600586e+00 6.449699401855468750e-03
7.451185226440429688e+00 6.361007690429687500e-03
7.441923141479492188e+00 6.154537200927734375e-03
7.216226816177368164e+00 7.231712341308593750e-03
6.810976028442382812e+00 6.611108779907226562e-03
6.932270050048828125e+00 7.218122482299804688e-03
6.900873661041259766e+00 6.366491317749023438e-03
7.039572715759277344e+00 6.863594055175781250e-03
6.662138700485229492e+00 6.518363952636718750e-03
6.734889745712280273e+00 7.709503173828125000e-03
