8.882529114570040463e+00
6.033967137487584509e+00
3.991361761224743621e+00
4.658510007395333385e-01
2.817040151950213289e+00
2.836918718260047712e+00
5.726036920643293726e+00
5.691874689812316035e+00
1.349815196143041574e+00
8.274335768297826021e+00
2.827404613752868112e+00
2.604659608857625486e+00
6.219502360288206022e-01
4.022689683559491414e+00
4.178624567579878324e+00
3.972752150631140733e+00
3.858299323760893129e-01
1.294619408603438604e+00
1.360508669914873181e+00
2.450295392254170590e+00
3.616772772702340877e+00
2.562841028206601202e+00
4.233506824780326028e+00
2.047956314324698823e+00
2.425844852597766721e+00
4.855685895781703287e+00
4.712795685666871792e-01
2.682357093363348377e-01
5.774651256450783698e+00
2.836011091431575259e+00
1.115540471176601267e+00
3.332216968130722989e+00
2.394793409932742811e+00
1.240208806424479171e+00
9.483477292035647821e+00
2.838803286913837098e+00
1.994879217934555138e+00
8.043272679361360034e+00
1.082496910241714572e+00
1.224558053872478736e+00
3.570409607567594623e+00
6.521097536585806154e+00
3.771658422311187309e+00
7.016205700268647316e-01
9.881962453651035316e-01
5.824730014586822158e+00
1.121199322043897606e+00
2.615553298896008183e+00
2.791720896964601906e+00
1.292959719947868624e+00
3.307004197828848913e+00
2.965206450752163381e+00
2.819793582885000038e+00
1.472215071255310315e-01
1.554140618807510754e-01
4.713966624674075234e+00
7.314558079074276797e+00
2.827267495609949943e+00
4.065217988894150203e+00
2.874855061158128944e+00
1.906719507926699420e+00
3.314040839041150210e+00
4.558386541906155109e+00
5.195742739515483599e+00
2.492039464635513291e+00
4.925763853656966340e+00
1.326538003646096975e+00
1.237873510664339882e+01
6.653649921405357937e+00
2.150853922969465870e+00
9.133108046081870768e+00
2.273945050765007281e+01
1.835260448145528134e+00
2.106200227382629409e-01
1.317459878852875077e+00
2.265379312069571327e+00
4.557901912326249416e+00
5.735635886759630431e+00
4.857487043794407988e+00
5.536105150826062804e+00
2.043497687751465008e+00
3.306037180225247951e+00
1.193532327903528589e+00
1.557387992279039235e+00
3.897482965046401571e+00
3.621792158410499507e+00
2.257087638036558541e+00
7.535133318733888252e+00
1.580604060406407996e+01
9.558673674960989075e+00
1.895559906270984474e+00
5.222756931340215125e+00
6.762713359211114827e+00
2.094633637447860242e+00
2.264352801731656317e+00
2.147799551494622428e+00
3.030127263638487278e+00
1.461509821181173452e+00
1.393175660168789021e+00
2.417650368555764206e+00
5.650402662936104825e-01
6.725625969687658579e-01
1.074001242497018005e+00
6.672602307798469745e-01
1.465739913042303888e+00
3.894639735527409830e-01
5.597789973982121303e-01
5.148761861704563181e+00
1.606851298671307493e+00
3.520257571063738489e+00
1.979722777137336021e+00
9.663050357625701636e+00
7.569023284063716162e-01
7.179525938797477469e-01
1.836895187769734816e+00
5.447662219483623280e-01
4.590620341418914840e+00
6.518974101144509037e-01
5.080667412155363216e+00
1.913899285220317381e+00
7.676190666297937781e+00
2.219389206420886218e+00
1.662381900621173259e+01
5.832231170260721020e-01
5.862694350735798920e+00
3.760425593744137984e+01
1.603461573883010471e+00
1.525981580425888939e+00
1.608397670187167616e+00
5.570389454494038439e+00
1.357826917167152736e+01
4.304884461131873730e-01
9.931275488450843625e-01
8.770656059855404252e-02
7.278648091451916935e-01
6.192164849319772846e-02
2.430966765375536909e+00
1.704730935428399041e+00
4.120265532089215199e+00
1.962967103488715948e+00
1.894279791504781096e+00
5.794993732422264898e+00
1.178562995050776552e+00
1.892691837585248837e+00
1.267847822647552913e+00
9.711193855642965556e-01
1.413440509592224448e+00
2.801718655656594503e+00
2.442699002435304134e+00
2.250129416153807238e+00
5.170461216490689349e-01
7.482028507603002421e-01
1.136834454568717678e+00
2.253226228224588290e+00
5.965368995063038859e+00
1.933024960692174998e+00
1.280204958746865573e+00
4.049966496932105642e+00
9.935412867183230912e-01
7.513674534597126753e-01
6.581844920463079118e-01
6.914020005137579972e+00
2.928494595783062593e+00
1.989652661407598000e+00
1.183603476090988593e+00
4.277404361720514636e+00
1.054004999465030323e+01
1.517531788866112841e+00
2.253125813491161367e+00
1.035971223270981589e+01
3.500639648864833919e+00
3.768809744530188688e+00
3.342499278233033166e+00
4.121804775110510910e+00
2.028402372328502956e+00
1.022804801874231950e+00
5.511185910283591838e+00
1.791454423149764441e+00
1.072751411877230332e+00
4.504369456971263896e-01
2.724103869586864679e+00
1.482479903290073731e+00
4.396187016416666538e+00
1.273667958805732026e+00
2.170078419833250116e+00
4.951451595501733749e+00
4.134548072333775970e+00
1.107099807651912515e+00
1.240975406026396000e+00
9.413645575495782625e-01
1.243300866171119345e+00
1.707466740385118253e+00
1.125421209510800491e+00
8.241010670510995340e+00
5.461838716054086440e+00
2.986116519127206992e+00
1.488408787955396662e+00
1.719715983150473360e+00
1.232520085970994383e+00
1.034872455023720716e+00
1.827729348350238148e+00
1.714743417335414799e+00
1.594421898903656931e+00
4.748133513138901862e-01
1.483242456852975844e+00
2.080484165630900328e+00
1.025986076681214776e+00
2.450586992731505820e+00
3.489924301000569162e+00
2.391845714897218311e+00
1.364788854990295119e+00
1.816000628664370398e+00
2.363080751506411392e+00
2.912041236375989772e+00
1.566302922903130224e+00
9.866660399916635793e-01
3.082245739198906875e+00
4.395700125003270120e-01
1.116916888428408638e+00
6.563888969649398497e-01
5.325551122865599396e-01
1.451878877271147728e+00
5.185705522940056156e+00
1.016138131840614189e+00
1.001115521032960087e+00
1.312551396038344809e+00
1.527333995191617388e+00
6.189233028327140174e-01
1.290495400453245178e+00
1.209082115495306864e+00
9.841158559302033426e-01
8.347683947417137151e-01
7.199619418400328152e-01
1.183278102055724812e+00
1.349376531398725376e+00
1.105233035688943710e+00
8.349142298887597402e-01
1.095518772347104486e+00
8.486346586285778981e-01
1.147238558407563058e+00
5.329005715686930822e-01
9.784742962133929911e-01
7.837551726268322527e-01
8.723667179835854490e-01
1.269582985760149940e+00
1.315724501703429805e+00
2.013202822383090229e+00
1.252291068553174069e+00
1.201542289190249413e+00
1.528822398268741445e+00
2.361379279617403792e+00
1.506360302641536864e+00
1.271093836090600337e+00
1.380727430247693066e+00
1.289218151032648141e+00
1.123745857254896396e+00
2.223982229294268809e+00
1.516757859930556895e+00
1.398023791185844633e+00
1.436728693157386383e+00
1.373556888859917224e+00
1.278259649382692098e+00
1.331902302984028008e+00
1.158712219131846410e+00
2.441229955121575479e+00
2.879163279275778642e+00
9.913598685242744901e-01
1.354802041852927408e+00
1.021024887260151504e+00
1.015372446513241877e+00
1.724143975223958014e+00
1.580441464825490305e+00
1.015118476403967129e+00
1.552013163253924022e+00
8.792506061991927080e-01
1.030685799332200947e+00
1.183643774661389925e+00
1.971255179387056744e+00
1.336512031500151521e+00
1.250527086328929505e+00
1.555444807430007126e+00
2.982740336701624528e+00
2.260568868536038778e+00
8.761549623120371555e-01
7.305997693806407511e-01
1.198878588050765970e+00
9.197552723276263276e-01
1.106070895407611498e+00
1.011778265671671617e+00
1.854326602841905203e+00
1.608357109797749152e+00
8.279296309111169316e-01
3.327021975138482190e+00
1.051146909532811202e+00
3.759563982926933612e+00
1.691636564572075896e+00
2.700532944339170793e+00
1.901597063292213008e+00
4.026604634552114703e+00
4.635478049737101536e+00
4.276051412084163950e+00
5.333835835626104860e+00
3.037781695389933478e+00
2.463271587623217407e+00
5.676464414873381159e-01
3.970540932584302851e+00
2.789135985721211242e+00
3.111588462140309375e+00
6.455230904583242335e-01
8.963428703410536436e-01
1.947756100664832513e+00
1.819405511579841983e+00
1.364737491328274821e+00
1.759496039731232031e+00
1.141001707788646735e+00
7.479621532457161326e-01
6.514977790708295302e+00
4.306421461651777527e+00
4.580474564661989767e+00
2.905244538456676295e+00
1.988937295593263599e+00
2.475473366085589877e+00
3.708172471966118877e+00
1.492883344980418769e+01
1.449537299989102745e+00
1.352937615229782509e+00
6.740720928989440974e-01
3.285997657179872800e+00
8.457084908113213784e-01
5.197379267471200492e+00
1.264775618748426256e+00
1.932759678230550193e+01
2.657836524543157442e+00
1.220287674090630103e+00
3.738629543803562161e+00
2.863084514340587639e+00
5.421186871803291396e+00
1.869175674122949049e+00
1.607340337110046535e+00
3.750164873858866432e+00
2.756745157193820184e+00
2.309780876793313897e+00
2.091712442585486720e+00
3.936809053914798628e+00
9.745157244886714087e-01
3.282121340186447522e+00
2.718324360267073914e+00
1.504122668944523511e+00
2.022798141686753759e+00
1.087215366245262604e+00
1.796291673344414308e+00
1.205569916900571137e+01
7.299094470438872717e-01
2.824510279308400040e+00
1.702146358656529967e+00
2.066491049348462283e+00
4.969369334855239795e-01
6.981933645534037503e-01
4.612299805729363378e+00
