id,0,1,2,3,4,5,6,7,8,9,10,11,12
W1,35552.50903912655,35790.06739394177,35775.54994096464,36264.291036804076,36065.88409615166,36374.65523118564,36481.88358265045,36501.01868903226,36518.73627933925,36559.49483405887,36542.61142651713,36360.5193681433,36374.136286948116
W10,5118.256695300321,5091.626071168204,5084.291437187327,5084.720644224632,5084.8075952885765,4979.930882001516,4970.073419870054,4971.2445453088,5016.6841235265865,5028.671454480641,5111.407547948673,5123.118323852823,5127.7109176477215
W100,11363.664492248714,11439.140602756606,11332.377227457582,11389.538843450415,11462.77536393534,11383.143248373051,11430.199280791323,11538.252100453188,11445.740755589422,11501.41695381961,11498.78243622146,11466.400105731074,11466.006998520796
W101,9881.885381885262,9900.075638393615,9837.540554049107,9826.645823736748,9917.624605395367,9936.201736616946,9945.067242438898,9951.599663906789,9974.731022381528,10032.395803904647,10061.853486087326,10053.62715677158,10045.013800749297
W102,15938.825012773737,15944.117299933725,15949.409587093716,15954.701874253704,15959.994161413691,15965.286448573679,15970.578735733667,15975.871022893654,15981.163310053642,15986.45559721363,15991.747884373617,15997.040171533608,16002.332458693596
W103,4151.3488310814355,4225.8255608044565,4168.51736926744,4074.7107899613793,4050.0726092576724,4042.372443646132,4016.7766440629466,4009.435745484121,4026.7897335945263,4018.089363240675,4013.473601588587,4008.8188370188564,4029.964451284329
W104,1028.138467107472,1036.9880163552805,1049.1841684260687,1044.6008740534025,1064.1796724412206,1061.5178038367349,1066.8416767031513,1067.7927436160787,1065.6483376124872,1062.5683133576908,1061.9772600065678,1058.4213769612647,1056.802570743032
W105,9168.958078568743,9179.983762291145,9184.19104268198,9193.108159984342,9191.709466540391,9194.099358419333,9198.82034787446,9204.772488667819,9206.865723075263,9215.485574065755,9216.031364561455,9218.136166935976,9221.770376326203
W106,2147.164433159943,2144.9645650462508,2139.4788858909005,2146.528040678603,2147.8665934846467,2143.49003887774,2142.7752735538556,2143.843339574086,2146.7177456352833,2144.2312355464287,2146.2897401821965,2145.9403653361383,2149.6257651208207
W107,23870.191980390126,23873.567436310826,23879.927755836034,23888.62021350075,23897.31267116547,23906.005128830187,23914.697586494905,23923.390044159623,23932.08250182434,23940.77495948906,23949.467417153777,23958.159874818495,23966.852332483213
W108,16054.790230192548,16173.348906085683,16106.549691096916,16055.602968346439,16068.532797305934,16116.851899143054,16164.534938898456,16111.001769527673,16098.984173246583,16125.53032796723,16196.560345492238,16136.848385349243,16082.277755495665
W109,14315.340952786193,14399.083396261189,14350.922881721548,14234.902741200578,14332.186384968745,14375.473680700885,14405.053695582585,14332.49179516674,14306.286537152722,14412.749690578883,14438.769650086631,14405.050433146054,14324.392105563527
W11,310.28086126251094,334.5200104641716,283.1493805193718,343.390396069433,396.14773720077585,368.40393178252805,376.8401754369362,388.6836412565423,439.21834695052655,461.93300604657986,413.1955397592633,495.7189489599981,401.82499907733836
W110,7215.993640039511,7235.971898246317,7250.334743777334,7276.086840302895,7371.739435974778,7233.080505699181,7348.753339365516,7348.125231397683,7319.009577692266,7245.190457131531,7288.424654075337,7287.37158712416,7267.697377908313
W111,1063.3622567045966,1061.7578873441144,1056.6836689235026,1053.1534421075621,1049.2413494408347,1045.7344206192497,1042.4321541931552,1038.7005508080015,1035.1703239920607,1026.7702384466709,1019.8808404275575,1022.3352095451277,1015.9138849094234
W112,9463.313960429292,9382.313571405797,9395.300184904885,9382.412409828581,9490.023927379581,9433.16163597185,9463.548566872953,9492.429997662657,9536.990549272497,9509.61829680941,9459.976149426187,9431.20340121867,9429.030446755014
W113,733.440685017038,732.0638437717078,698.4253219983195,694.4387982593246,681.0542847177167,708.3370558140768,732.6344972442703,705.7703699215903,706.612678212031,713.4840214637879,702.0335898030864,695.6358607089683,693.0313799861352
W114,10584.623836419327,10583.075133723501,10574.195731460064,10549.672030156922,10442.533826056015,10450.884755435976,10417.534218546358,10455.878730662607,10395.89197328627,10269.467741148172,10321.843000337734,10402.193984993506,10299.450623116012
W115,11218.395688277447,11245.119549506877,11144.443461649476,11109.884902770027,11172.077906283394,11208.281256931306,11162.834884344416,11125.543607078742,11150.995865085095,11138.130219808429,11134.67959583199,10989.422466184184,10923.245579525887
W116,14542.61681774064,14781.376881788681,14474.472165066185,14283.486177325045,14600.981660971294,15268.916527357638,15198.840815162388,14806.570233171205,14703.460853830358,15262.693057412074,15320.158665227162,14822.926086384887,14778.266184402168
W117,7110.697577897814,7147.700558667448,7141.447620761856,7124.894290214777,7044.899728862766,7056.676015156034,7068.788981341029,7050.155938826291,7047.441196955282,7081.386455285159,7116.002389486358,7139.692135162428,7158.486442879497
W118,1743.9324772924376,1731.0794186795579,1718.959240689578,1724.0279369638804,1732.06145990245,1714.8775910230906,1708.1736239676743,1719.9655010893878,1725.5847302231357,1713.5116626418987,1708.6916509109124,1714.9226606043171,1721.9097076323887
W119,978.7834186624398,971.890636501469,954.8212300861541,958.187835070193,986.4893243688015,946.0619579375818,971.7663269090164,934.1215609252088,967.9680974578152,962.8165472984394,998.8170007950911,992.3285542227993,1003.6706714957968
W12,1063.6664409524865,1059.0751448142016,1055.269340777168,1040.4594941260116,1031.5314282250151,1087.1529356328729,1084.2090053352606,1075.205522710724,1068.5525358713726,1062.605372928941,1056.7526084771898,1053.8430497773156,1046.5309830195831
W120,897.6746704643231,900.8830412875656,876.9923629417434,897.1050973030682,889.0815080671696,895.1340712146099,901.8475602937657,885.8461230008392,902.0973000365184,901.129759104415,905.1850246525819,904.1082969385669,899.70888030821
W121,10390.001073678872,10365.460459255308,10368.201697483953,10418.002451236614,10412.788185839656,10380.466218578253,10397.185482701621,10387.7844383527,10385.592174158777,10394.30027107584,10397.959380963062,10401.618490850287,10405.27760073751
W122,384.24577517438865,390.7318855728611,371.47031312048057,380.75714107152976,381.7830510339629,380.8197532216486,384.82429973541434,388.5040589164005,385.16977427015286,382.1923757451202,388.07450485915706,389.4700094427167,397.25618628054985
W123,450.10685123259077,457.5622894211483,462.3868509049746,479.07235610396606,461.78278814368673,482.0359724454588,469.5920498444043,493.41906538410853,467.8731456223534,471.2832753063785,467.64548167532666,493.23610929175675,489.37870307863477
W124,8557.19847088794,8613.843970667267,8592.480864590445,8594.074325322683,8533.891358589426,8555.896208630717,8614.842813596346,8620.363713958259,8585.053766584022,8628.19356152859,8567.012245015945,8576.681856510619,8600.934733227768
W125,10845.539330357029,10926.660607222235,10963.080953885335,10841.986394166954,10893.233202620306,10872.831799307847,11005.545925742921,10914.461667006008,10892.698670374491,10914.00696500752,10935.919216891245,11021.527895123707,10964.202805693238
W126,9618.506754166778,9632.311005234571,9576.088005346064,9561.063015268503,9637.951751876572,9633.656133663777,9655.038705379888,9591.41936467128,9652.556517203264,9701.948396694816,9705.955547376496,9641.090155295582,9677.040518531145
W127,11090.859069188798,10873.443672803223,10614.46939361596,11115.383640435883,11123.446099953077,10753.195191372886,10705.059647763192,10905.655862694113,11123.643925003913,11025.575568205242,10890.076250001293,10893.505700589294,10918.273930253334
W128,3701.6185015094748,3709.5503923288193,3554.856831993363,3674.1492405062922,3753.508720291624,3754.6372872598195,3706.1036284641327,3754.4281844509555,3744.5266772076734,3726.666412120968,3751.6363015720176,3732.2243429158216,3738.3897380073827
W129,1012.0277488610625,1000.2692930723197,985.1966551144826,990.4128886984463,993.6077921646254,988.5357701287849,993.628603043659,994.5786112539528,994.5539220188691,988.8144179960325,977.6821672566515,982.5500433916778,980.0495054100604
W13,2181.900310671989,2147.959438810834,2180.8816680600244,2164.1695896063698,2169.519613532495,2201.651840981459,2215.0961574912194,2159.6408752682296,2158.9856254076776,2233.7192459793373,2305.2085667292545,2325.5388527799305,2224.768482607248
W130,8148.47500632128,8151.31604089003,8140.674728988259,8136.5320880252375,8137.6450740145065,8138.769648032978,8139.844354465105,8147.730999232174,8151.08190708583,8154.432814939484,8161.389422711132,8165.083674755872,8168.434582609528
W131,2159.232981947801,2155.7105748971935,2159.633818531582,2160.31373764115,2160.8245677289256,2163.7129776059746,2167.9604083532686,2207.066274827948,2216.2724763178876,2186.986656835163,2188.7268121852253,2190.5096909822787,2191.2709124121848
W132,22616.73460624923,22624.85174825111,22632.968890252985,22641.086032254865,22649.20317425674,22657.32031625862,22665.437458260498,22673.554600262378,22681.671742264258,22689.788884266134,22697.906026268014,22706.02316826989,22714.14031027177
W133,13905.79420759141,13911.19977032304,13850.568332891511,13834.002351808613,13927.688891417858,13933.162562374471,13958.906767161567,13943.83803660126,13949.583575244307,13955.057246200919,13960.530917157532,13965.732720427708,13971.478259070755
W134,12169.15281526138,12120.222313056332,12075.344125801214,12074.532734315788,12179.070648384597,12184.239781029499,12193.998997884086,12139.633311691145,12198.056979407784,12202.429513241592,12207.176095997389,12211.922678753186,12217.043310430972
W135,6219.409367096317,6220.884282657223,6223.0176457243615,6195.350546049163,6191.930703656086,6184.690913545976,6182.330704203684,6169.686912492022,6190.666214658579,6161.08941523754,6191.318404460436,6174.464299724475,6158.638810025748
W136,6311.8263219938035,6372.810604611028,6375.244889949981,6379.044986321076,6382.845082692173,6386.645179063267,6390.445275434362,6394.245371805457,6398.045468176551,6401.845564547646,6405.645660918741,6409.4457572898355,6413.24585366093
W137,7039.405120194028,7016.592062264952,6989.351314696507,6988.561520699431,7007.866913264426,6939.219453233392,6972.2463947317865,6977.374050188899,7000.48490991881,7047.746612046899,7062.736087573678,7055.614570673364,7064.483196605482
W138,344.74526201083916,348.7922681920764,349.3433433031174,318.62576661001367,327.57509333833264,332.06788411251324,335.9996124677768,348.7853983442696,323.96513393368724,313.95335424972507,323.674911414542,320.8619699676087,317.3775351843757
W139,7864.736652296988,7777.824639191888,7790.443286308466,7757.158719284467,7759.030687260493,7767.545228029458,7680.437712646306,7639.503330677939,7663.8567993247725,7633.026551682646,7770.7949460213795,7802.484344849114,7867.948969493886
W14,2302.4823592204525,2272.8856705770536,2220.374946643437,2160.7071804203088,2163.7672228469933,2184.3165892599327,2270.1898351869786,2261.6348461086254,2223.6939941366845,2253.7279029092933,2327.401433708043,2336.4494916147796,2316.356580024761
W140,8199.305399957382,8122.241177430515,8077.677349408843,8045.320806717693,8086.855497635306,8161.949880039412,8141.845312989897,8115.936664967509,8114.2216730551645,8150.063325737998,8122.4525428094075,8047.277998372057,7998.775568346603
W141,11442.478968255658,11404.039431878973,10909.517952783339,10398.872520119507,11248.946728833773,11493.141223919029,11482.618933394037,10844.035962038828,10902.626148081099,11402.483621609052,11524.55642454847,11109.872829396358,10948.326239944436
W142,5439.446709308734,5419.090672056195,5408.101813883837,5399.492360819926,5406.427515349426,5411.053219571788,5407.947419829541,5415.714154567514,5416.794654491584,5426.638056444289,5438.377230658362,5430.192986337788,5448.379675676594
W143,11267.17189657585,11261.057460245127,11305.326908260284,11267.62621419329,11332.67497775511,11319.617588001953,11337.364428529641,11332.251974240735,11302.719766212165,11351.69836001332,11381.192593425832,11386.088971814608,11415.070577190176
W144,988.602220156307,999.6865864911256,999.6831256048197,996.4269972140339,989.2769614667272,1004.8340059081308,1004.72138848574,986.7489644032504,964.0784254724823,979.0877145249781,975.889561844623,978.325683782864,978.4713815768908
W145,8380.761569735638,8275.23447757403,8423.610957645862,8450.955836708474,8325.414524511147,8273.739027058975,8406.286694675471,8043.599113077148,8594.45372181181,8269.519101130807,8204.630406222674,8521.894711211362,8515.07139854527
W146,6759.528625544301,6762.4173558578195,6736.543870600455,6746.427040068369,6758.744187560758,6774.467841414913,6753.032586949994,6755.742252771538,6758.6845695735865,6786.761311435149,6765.172383321305,6767.283888119367,6770.453836781782
W147,122.91323066042276,123.66392235443959,129.44270922281396,128.502172930681,117.27315598105577,113.01178584427316,112.50695083400899,113.48548986208243,118.3354052545684,113.65427059306808,116.6577436433937,112.7935368120967,109.98830334688466
W148,229.16370816653557,224.7427840454593,224.29499332498813,222.0357838303771,214.25793563469847,208.8737757632482,205.8545021126124,207.5989406795204,204.59601416866008,208.11154856492885,209.19151482173584,207.49667086698378,213.62120877137704
W149,4434.849399563249,4449.4102297907375,4493.021194992124,4485.041012903113,4466.7973110343255,4472.061562478683,4496.165343572151,4525.433714329832,4488.355194033325,4513.079616555299,4521.781125534718,4499.3459243820735,4521.459288825554
W15,4919.957018085366,4948.9122154253455,4934.402443431109,4874.679707341713,4727.406776378388,4727.219559096512,4723.725592323519,4750.005848821615,4731.55009211605,4735.462342012316,4739.374591908582,4743.286841804847,4747.1990917011135
W150,8158.371558425352,8153.41847982436,8028.781277603123,8026.184025922137,8090.081798639748,8089.195666776302,8081.999088873981,8007.758696825622,8078.016273584425,8169.1908303624505,8144.934447668594,8144.680683407035,8176.627036725958
W151,6310.70221807181,6277.284447832795,6296.184265577787,6268.2558759848125,6315.010866711489,6279.988790186395,6296.404007852501,6278.255920051128,6341.655929225468,6291.154583713748,6300.143713815495,6296.469667029537,6307.538459036772
W152,8407.04770703023,8498.519068622149,8214.63084046592,8295.3026440847,8460.258373105362,8215.177196382894,8267.563779915008,8458.960054369198,8647.83972481344,8498.80248966823,8528.452436586183,8309.59826577192,8429.609090990922
W153,3113.50058650057,3063.615810446511,2900.1205702103316,2945.419297340651,3092.931830564821,3090.5630651777165,3046.9929158626483,2899.8086770067084,2925.6149480169997,2996.5629784070957,2955.404698931843,2807.9672905752577,2883.291332692269
W154,8716.997921748913,8640.455570907383,8651.758584111587,8663.061597315791,8674.364610519995,8685.667623724199,8696.970636928403,8708.273650132607,8719.576663336811,8730.879676541015,8742.18268974522,8753.485702949423,8764.788716153627
W155,4602.14621717479,4605.770156720061,4606.569761311095,4627.251398526018,4647.525897106863,4649.698288015485,4643.732524576101,4642.876205938193,4644.555576407183,4652.907622925571,4657.956238379093,4661.467844693356,4665.134330503202
W156,5445.033690509446,5447.803453640671,5452.758022417454,5464.904386871264,5462.594764563547,5465.017887315349,5464.5646587592855,5472.659213800242,5474.964469648965,5477.712992805269,5478.979923006796,5484.545165992079,5485.367053902206
W157,1439.1531322374897,1441.6860422144625,1441.1030424033027,1437.3466839055013,1443.3086818033903,1444.3434399366286,1443.552781152603,1438.7989457454619,1445.047960314752,1447.632471780868,1447.2169205106366,1443.7282518571765,1445.8980149304214
W158,16541.757930861128,16548.88983545964,16556.021740058146,16563.153644656657,16570.285549255164,16577.41745385367,16584.549358452183,16591.68126305069,16598.8131676492,16605.94507224771,16613.07697684622,16620.208881444727,16627.340786043234
W159,9287.681078813202,9318.716280826578,9185.75748615426,9196.918223683668,9242.597723656201,9244.506825709645,9215.503366821924,9215.720720698506,9255.104114321315,9260.206369063491,9240.327471364135,9246.849806134302,9260.110673867803
W16,4653.9829707943545,3585.2952587101554,3227.5693922434248,3158.127595184204,3137.3944458076207,2992.135306692655,2999.6831611652715,3133.2344892234837,3668.4506197157675,2884.241163952733,2796.4376298332295,2900.410619300142,2776.3121611060046
W160,8084.667157941751,8118.536428672152,8109.247051851776,8183.799813643956,8286.874895605553,8357.365961314154,8272.673211949097,8250.572640720222,8351.066259659236,8349.997362719525,8351.974028702492,8290.179796925255,8141.7700444404245
W161,12048.827564521685,12082.242630161663,12112.01466304354,12075.906523585694,12109.321589225672,12139.09362210755,12102.985482649703,12136.400548289683,12166.172581171559,12130.064441713714,12163.479507353692,12193.251540235568,12157.143400777722
W162,4412.516865541069,4371.50088642773,4342.780444227761,4345.241488831653,4345.781659985207,4336.0333474035,4337.463609781542,4339.2788255821315,4341.274058374316,4343.801035661504,4347.967244818814,4349.9624776109995,4352.132276267422
W163,3670.2350276507154,3594.096511525396,3434.231023375652,3167.380893492355,3080.6859990350786,3039.8595702671864,3029.269713573246,3021.5184616851525,3021.24148824797,3006.3266093197262,3011.7839359529703,3002.720071694337,2997.2799781742447
W164,24871.59755062285,24683.835354613217,24718.7650494752,24550.70011578681,24850.834308535275,24829.486742582532,24988.462870728734,24730.50501722762,24756.222419258134,24848.89656334794,25020.493851947598,24912.153850808627,24873.987403552637
W165,3784.424674385681,3690.743378422845,3757.4774862517525,3534.9222013933104,3600.041967811208,3605.6335001626585,3695.8117133327814,3690.593109081791,3607.8703750247223,3657.0231769938237,3773.253317705224,3823.828961305868,3925.15308440449
W166,2651.2050919363382,2654.5004574409772,2664.7303211639246,2668.8201037894737,2673.6778743224527,2656.607841977694,2664.4828983344805,2656.0620038763536,2656.8781491589953,2625.2062430284577,2588.748841878913,2600.771003306657,2630.494160092455
W167,3074.5738435940834,3071.3292473211695,3072.314842874598,3038.2177658986525,3062.9339949223418,3055.4184887057704,3087.235536826528,3101.820314486211,3149.263465830096,3149.5604855216948,3154.040192569436,3160.1218612279836,3167.062720394858
W168,3520.0214749326115,3353.7937772148302,3397.1507237169403,3463.9249198392577,3433.8133120612265,3337.178194886399,3391.320343618616,3507.554173638344,3579.390753093586,3486.357484209663,3477.5530937845383,3465.0500774474485,3579.745603502925
W169,1662.1129337647192,1647.239327252876,1642.645352292342,1648.895441933365,1632.133378469014,1621.7508274528477,1630.2487443579082,1633.6806307224767,1632.17585287725,1625.4315641024368,1618.4923618767239,1618.0585302495815,1614.4867796895196
W17,12053.290657019108,12062.968636462694,12096.957554511166,12102.302121020406,12114.883155286925,12118.11479679398,12132.380411486918,12149.595615320013,12166.960720683184,12182.702083518274,12197.893044552093,12212.334116506696,12226.775188461303
W170,3588.689903384211,3587.883960872391,3591.97219737954,3594.00393934918,3595.7752846708363,3597.546629992493,3599.3179753141494,3601.0893206358055,3602.860665957462,3604.6320112791186,3606.4033566007747,3608.1747019224313,3609.946047244088
W171,6050.28288269573,6047.591646072524,6099.169840449569,6130.799581751427,6061.750179794397,6163.537625130812,6257.682637091681,6150.423479082382,6188.974855830161,6285.4735333615245,6258.564621723906,6201.684327910696,6287.139091757408
W172,3659.896895343409,3676.1699140010815,3658.2609569910587,3661.920543712664,3663.179715921807,3664.4388881309505,3665.698060340094,3666.9572325492377,3668.216404758381,3669.4755769675244,3670.7347491766677,3671.993921385811,3673.253093594955
W173,3341.513616802056,3193.23574562826,3275.26431134836,3453.0067348810867,3505.338823518344,3291.7440771127044,3413.4172838632703,3314.4368542805455,3400.199228879543,3306.492974202183,3419.222145939697,3422.480214005289,3270.910846286784
W174,2787.4356959131283,2804.75635935272,2807.801910941307,2830.3538324662604,2808.782532126692,2800.235216307962,2815.516249980216,2815.7361942318494,2798.1300581198925,2815.977029223078,2798.5327814861125,2802.3718167428274,2804.218460742657
W175,3252.4361315832325,3242.739205887702,3244.1228379329214,3261.3987394494557,3259.3856877116577,3249.804022783721,3250.4924750332493,3252.2298640653557,3253.967253097462,3255.704642129568,3257.4420311616745,3259.179420193781,3260.916809225887
W176,2618.9034159831217,2552.8657170564093,2521.847279062345,2545.8846570473706,2596.6013567779482,2570.1339347518983,2554.911716493803,2535.381448349919,2560.030632493804,2573.4293658186302,2607.194997481055,2541.062906866567,2546.055477696139
W177,6616.156253158221,6511.804133563614,6540.011402941616,6340.039411170173,6352.983137555127,6367.820251313302,6357.080907776957,6378.679588990762,6359.73328745219,6402.260239086471,6353.684017470152,6480.915387854941,6494.632411858634
W178,1490.3481564194053,1482.0915623232277,1507.0717110598625,1495.22976175974,1486.940964589464,1514.975801824167,1531.905594617747,1533.9475566471076,1540.0940100182884,1524.504278680603,1525.2450888556327,1515.2162833728148,1521.7739068101127
W179,2683.6157084441993,2652.3698322821774,2589.0591994123756,2595.1402599532457,2595.0960593832942,2586.675180156744,2579.7572140177526,2576.8350315631365,2584.4267855936105,2584.4138927658614,2592.0315417612296,2602.955481912526,2598.202931956607
W18,4337.671529491684,4349.998553316255,4362.325577140827,4374.652600965398,4386.979624789969,4399.306648614543,4411.633672439114,4423.960696263685,4436.287720088257,4448.614743912828,4460.9417677373995,4473.268791561973,4485.595815386544
W180,7226.97489160424,7273.52123787793,7269.005489337458,7309.5627000811255,7358.838415685375,7333.8510667023,7406.724491903931,7510.3030058166705,7506.433818867683,7375.321293265939,7392.934946188363,7400.716256463336,7399.375037221114
W181,8817.57027123989,8805.55147937969,8831.675231430021,8830.825363622684,8804.085117929686,8800.87757120361,8828.183988967423,8779.570049225274,8816.535580601843,8818.61206137255,8839.659963582548,8791.2750398654,8771.630199798814
W182,1358.7638926787884,1352.7762010228887,1360.1818629983159,1352.2140734286875,1333.3636110161247,1321.1904868620638,1314.077451499002,1311.961704716052,1314.377618144665,1309.6134534534342,1276.2139582195807,1274.3407074244592,1270.7531010519415
W183,6104.4952447774385,6115.148622575379,6148.167137968287,6134.940671372857,6145.419103243358,6115.415055353202,6111.855155733166,6150.372596789907,6185.514382007183,6204.586277132619,6249.319262870905,6274.034557287778,6302.855312257571
W184,4620.603528789873,4614.0493045425765,4615.1603223006505,4628.117779078499,4631.111381720034,4629.196324366194,4632.477849920252,4639.628076495386,4644.541497850943,4642.232865810765,4646.849196124667,4653.9295702873615,4649.948128889828
W185,4072.4408467034027,4076.527933243331,4075.6936697037663,4092.038062672332,4098.279917573311,4090.3834036602757,4086.118063132139,4085.140068378312,4089.5085064681157,4093.3804007882045,4097.080074363888,4095.046069553032,4101.658595284968
W186,1738.2237912275248,1730.1795762655368,1726.89939284065,1723.852941028063,1728.247363380449,1728.3395932187473,1732.233794422892,1736.745892377712,1744.6769058699815,1745.9756656124175,1749.2004204312243,1752.342221049899,1758.0379860302166
W187,936.0337505202203,934.2244020657337,925.2479560674824,926.827668362087,924.8618708820371,923.6457841928107,920.5216596076334,921.1325367424049,920.6911262731694,915.2558670962893,922.5085954717732,920.0948413067117,906.043547320443
W188,2335.75345650063,2361.9890357323156,2337.421193109186,2317.667176517287,2287.677148282909,2321.834997708696,2336.8327585180045,2318.178887540342,2297.2643716544685,2247.9086664698902,2225.4602301208797,2256.044811001028,2197.1638345394804
W189,2056.9470345723603,2050.0716512769195,2007.623166455839,2098.7547225652715,2064.8908859077114,2099.5801049700367,2103.2709347360105,2129.720067653451,2081.679255220288,2078.9116135393606,2106.688504015357,2117.072732775515,2077.0909629615803
W19,2650.6774100815464,2730.1430448332812,2666.1460625028258,2700.0805214913235,2346.6476771694292,2448.2157293126693,3164.6477649847175,2618.018473237013,2396.073873835206,3359.0448144265806,3876.4232130798855,5561.621671535218,3825.298809453493
W190,451.69655866588664,451.6171762468637,451.15520241465157,445.921016702873,451.2667436721782,449.713708195807,443.3329193470641,434.723412941088,439.61228497744537,438.59044602728767,428.68085958449274,423.4519516417802,425.66811770189275
W191,6529.891678356599,7018.85855549737,6931.477174140986,7018.4493603406045,7065.277035185397,7159.966543775245,7133.472561348011,7275.40332477889,7116.100317520778,7071.665521317565,7054.996505665287,7090.368748664305,6972.515540966204
W192,1156.1997348062719,1162.6136607387512,1134.715097882839,1140.7754668593022,1154.6741054576294,1152.161323568228,1153.8449634365397,1124.9790774037197,1138.2523585943413,1166.6345199731256,1142.0436181864236,1154.672790004894,1117.7855966313223
W193,5923.552143709823,5938.4058908080615,5969.460334597334,6023.33081292252,6049.899201236739,6035.347907689393,6088.003482810308,6085.618223767807,6077.482047512726,6086.501962794025,6056.877324120422,6076.515387417662,6076.204097540211
W194,488.2887616987425,477.959837434142,478.67081014864874,474.96152775265614,481.80698938796377,486.71676667781423,502.83015888898615,512.3441363317653,481.6056928951916,495.89682254408143,480.5692438065001,485.6897243679008,495.02736133022404
W195,985.4541385764068,977.1422601753409,959.7258849777172,980.8393471081639,986.7149294887896,967.9784401750524,960.684411624669,990.0702737536083,988.7877147296169,988.5929226728693,991.7071425598847,993.5857098698124,995.6921571131386
W196,9456.227153665886,9460.980320546747,9649.632060793643,9447.345099649017,9354.241204214031,9196.099942337409,8873.631858345369,8753.062463968232,8811.603221074212,8810.988300737381,8700.527646429764,8695.537624904588,8551.349663131965
W197,3311.021575453355,3256.362537251828,3223.737304946465,3206.612690247204,3240.4753618320283,3315.2994321976144,3305.708842991793,3287.3211501339993,3308.4571142909763,3336.2162176773754,3356.9253036503305,3434.851658324034,3494.5777213389497
W198,2373.167996930598,2352.068798222799,2346.111295593478,2388.749128575013,2388.347120925478,2385.0449572600364,2323.78160840743,2372.611727600711,2344.411095511741,2299.368150181096,2348.9596932714107,2370.1201880906624,2421.6114694482676
W199,836.3710713051782,892.8039021192324,840.747352547628,866.5301222534395,885.2319524892398,884.8656700960626,878.338887148193,886.8391860725399,880.4914979607877,887.1281251662633,869.8906268004839,900.525600237956,869.1014994025882
W2,3494.963104148785,3509.690698527472,3567.212842553657,3483.22318730516,3441.893167420674,3447.8710675620896,3521.2832270021318,3503.732751826467,3491.2798404661876,3479.6228235557383,3487.5435047367264,3499.0602620271666,3510.00918145398
W20,4258.6060980090715,4465.040408083133,4101.280748914112,4445.3558465536535,3488.4517300721013,4001.9672600348667,3881.1072040814443,3978.757889739567,3856.881868302877,3725.1693244598882,3949.7469662474996,4161.754037911942,3825.319133527576
W200,1796.9907463678692,1868.962370214671,1734.4635898275064,1854.038125862041,1810.0771956532217,1873.2249672735952,1756.0337477146995,1672.8026180929592,1669.1495134251427,1683.519722046809,1642.8930591216504,1779.0180274425247,1962.138700532837
W201,1897.5512395063606,1899.814973815322,1902.0787081242838,1904.3424424332452,1906.6061767422066,1908.8699110511684,1911.1336453601302,1913.3973796690916,1915.661113978053,1917.9248482870148,1920.1885825959766,1922.452316904938,1924.7160512138994
W202,4165.303381747412,4160.281419478924,4117.377165650302,4129.528041782254,4196.187382445414,4163.596052001826,4123.848745355905,4098.6522818654785,4154.398194638146,4153.495620202127,4124.023839738677,4154.31848451567,4174.715551275134
W203,5446.457283647459,5404.385243768328,5472.060723473679,5459.076392695573,5470.282386261406,5316.542015427846,5529.508565883301,5556.529637653001,5508.87102694544,5599.839122704784,5643.124878997956,5693.503545004268,5773.222311095765
W204,7307.664342788263,7304.300726508288,7305.6260542091595,7310.474370577807,7318.22880597482,7320.13628180817,7320.015452820044,7328.342259816012,7327.829065949181,7339.910535831552,7340.918333573954,7341.6295172144555,7349.956324210424
W205,12639.470764419239,12781.837236989997,12790.83930195127,12789.548669051492,12790.6435786139,12786.576352899374,12870.790435670613,12880.331942640729,12894.174101412118,12899.92237485851,12907.259205792481,12830.780460121587,12838.043320746654
W206,958.1578812117767,899.9043061608279,890.2511928021179,987.518958053126,1011.8840804486115,1081.3962556629142,1125.8620086838741,1137.7139670711126,1181.4026664532303,1274.9174541143157,1250.6867955787577,1277.3761995902255,1304.3518392408505
W207,10943.476402485232,10798.760886095197,10926.779885946937,11288.168415844619,11756.789883423873,12251.19416766537,12582.577923666504,12519.310906790624,12910.941982206617,13094.167778947129,13047.885586499555,13074.519091132292,13069.596188830239
W208,27593.753622893775,25871.438582083545,23126.451343561283,22921.640735117588,26981.75715410775,27544.9916140851,26623.283457388236,27026.421148028177,27838.24998501734,30591.378224400683,28329.62792269939,24506.31638587365,26087.086035094602
W209,4185.447868389373,4187.381538273383,4187.566140250248,4186.279985394576,4186.870833776587,4224.158643808157,4245.581866355197,4315.258435402401,4386.553318595894,4395.710518350401,4393.005408697869,4389.859589302406,4392.0803823153
W21,2389.6748984160527,2382.87149611736,2198.5601016918554,2247.9519639391756,2683.7312056903625,2876.8386251561565,3027.753463740085,3042.930424633338,3172.5234258158625,3198.5407198979333,3003.0605741335103,3062.170572541184,3948.1387785071247
W210,7944.101855265675,8059.3069088970915,8062.967876808842,8066.628844720593,8070.2898126323435,8073.950780544094,8077.611748455845,8081.272716367595,8084.933684279346,8088.594652191097,8092.255620102847,8095.916588014598,8099.577555926349
W211,18964.83154053208,18976.751314948517,18988.67108936495,19000.590863781385,19012.51063819782,19024.430412614252,19036.35018703069,19048.269961447128,19060.18973586356,19072.109510279995,19084.02928469643,19095.949059112863,19107.8688335293
W212,5424.217137287116,5419.450908808367,5424.644297061986,5435.72893215128,5421.7195899336875,5396.012072591831,5610.145797230849,5620.5794194602695,5598.694684013903,5594.232779999984,5679.014281118795,5613.734350515436,5629.697181935413
W213,3170.5086707084547,3176.9445602387914,3156.7970341197806,3160.123199181029,3163.2446453505745,3199.9763347801786,3337.0866664374516,3335.916804099922,3347.317868489192,3363.6169807095002,3275.2146184526837,3325.333328669224,3339.754182144905
W214,1814.6196607358033,1830.3822245101087,1781.377668206106,1744.1081540713756,1808.9751527261033,1795.9934639915405,1750.7006016565979,1804.8105764517527,1795.5683194630606,1787.9186949659836,1771.685340673986,1758.7786878592376,1762.7036974447856
W215,2354.5227796310437,2349.8954001284937,2349.881263403362,2349.1751132298423,2347.954638477755,2353.068069108608,2352.3619189350884,2352.0017754857627,2347.3743959832127,2347.360259258081,2346.6541090845612,2350.9072084126537,2350.201058239134
W216,3120.9615133742154,3102.863493525753,3053.8120129679396,2969.4528730114043,2935.2434682302437,2938.447012598482,2973.6315307002124,2955.684784104761,2951.737021040393,2959.32242721479,2961.109607949952,2963.4549930155486,2925.406502092222
W217,9829.09823529256,9840.027560744453,9834.656792467986,9836.475576257737,9838.633059541096,9840.790542824456,9842.948026107813,9845.105509391173,9847.262992674532,9849.420475957892,9851.577959241251,9853.73544252461,9855.89292580797
W218,9860.393985008146,9873.121849464436,9874.41104696958,9870.359816465312,9871.488801799678,9872.617787134044,9873.74677246841,9874.875757802776,9876.00474313714,9877.133728471506,9878.262713805872,9879.391699140238,9880.520684474604
W219,1089.5495598819575,1085.0828264365746,1077.1905430734482,1070.726225363985,1063.7670786904728,1057.0571876398972,1086.5800917304969,1085.0003521421481,1077.8085692705824,1071.2835743492178,1064.0017945436055,1057.3221192072936,1053.006830773896
W22,3247.667326460588,3092.594950614121,3757.945168467972,4249.900052812709,4196.652207129054,4165.876012790951,4004.0680317732017,4361.793313981557,4347.490689280867,5099.378873926785,4612.225649425434,4875.27548436333,4516.769000192703
W220,1818.805900980155,1812.5321225178143,1805.5529678473722,1798.2128443623112,1791.3430325143172,1783.195769834087,1818.9157707993465,1812.2014918872796,1805.7400393439711,1798.7266668612615,1792.760604858255,1786.1836644453854,1778.8684971514049
W221,7571.819086229331,7636.657914799516,7484.112816301926,7458.4750776952715,7431.404654006212,7262.310272257542,7177.945434291591,7132.690720513538,7187.812789428066,7101.00260949686,7054.643679351408,7134.647768122121,7059.396280616856
W222,7813.4681690852485,7723.672704346593,7512.125145808799,7457.559763953877,7563.764817293915,7765.708277105274,7748.415999911549,7804.61531961342,8046.941883067098,8158.378267419199,8124.899724510336,8028.921613739547,7902.3151778750325
W223,27286.23807577935,26854.334799749464,27619.061413117037,27965.119401272914,27032.983583234964,25326.43916222392,25954.335714941168,25357.520278909917,25272.22829940176,25288.353392976267,25124.832167063738,25221.498556403243,25243.314136227185
W224,1756.4697796826244,1810.603623047632,1839.6308022848648,1840.119330290761,1840.6078582966566,1841.0963863025527,1841.5849143084488,1842.073442314345,1842.561970320241,1843.0504983261367,1843.5390263320323,1844.0275543379284,1844.5160823438246
W225,2033.0321030521454,2044.4582577978026,2114.5433833540474,2119.1102219414747,2144.50607872592,2123.3965661447637,2241.938655578272,2543.9551144321485,3041.2891006897635,2843.976218145588,2986.621508390492,3158.867462176859,2842.3576748369014
W226,2936.646550122709,3031.659301392645,3051.3589932126815,3106.112948572017,3220.851687017294,3307.3716699833344,3376.011870065894,3361.6772533639532,3366.821777581058,3360.502045497026,3399.7231620855664,3447.343908228522,3516.1795282639796
W227,1371.7272352105354,1386.7540251957796,1421.7916848085727,1426.6669369404667,1443.047601639121,1443.13293423047,1465.4420728195075,1409.0973261725378,1432.0195324884114,1449.2122394954222,1421.358796364267,1374.8215189484436,1370.2051185024166
W228,8179.772427374353,8037.154571572519,7924.904367108601,7461.95753796905,7886.371868427592,7286.038211608929,7971.058693111007,7187.158502125231,7755.958680564314,7122.335467719056,8020.318061376433,7506.551938106195,7795.600099759613
W229,453.71075947510747,458.5310648834594,463.51467167864007,463.2064528352579,490.7953216187077,470.50082748735576,495.75648699745625,521.4356367849379,541.8278460180779,538.9576331236464,567.9870201947542,587.9210783148476,585.9433237830482
W23,664.5412441819955,749.5559071690386,800.169014522479,803.4679154933955,751.9874512109818,714.669271513638,873.0874817699683,1015.2139740581264,989.1164731416046,869.2221889865457,896.1639610972294,1009.0761321847306,982.2870829478459
W230,3273.423833578042,3345.8131663432578,3419.2407030814293,3262.6166230556382,3498.194532109859,3251.1028700072984,3128.772099425666,3083.927980488078,3151.181615092227,3253.620467941456,3170.3339117814676,3342.1320433141645,3361.0898305795854
W231,599.3034060559903,598.8188504766022,602.8280629148894,599.3549091041707,600.8192139159241,600.2923463414313,621.3395790378761,679.1877949077261,718.7122410397054,801.2901456375649,889.8735104418514,1018.296628977085,1158.2192446799909
W232,1900.8249525442816,1902.5281207506705,1904.2312889570594,1905.9344571634492,1907.637625369839,1909.340793576227,1911.0439617826169,1912.7471299890067,1914.4502981953956,1916.1534664017845,1917.8566346081743,1919.5598028145632,1921.2629710209521
W233,1025.647083946856,1021.2151156286234,1026.3906099189633,1021.9586416007303,1027.1341358910702,1022.7021675728377,1027.877661863177,1023.4456935449446,1028.621187835284,1024.1892195170515,1029.364713807391,1024.9327454891584,1030.1082397794978
W234,1851.2509174517243,1840.1497944658554,1961.186397343932,2047.7844218153605,2179.046808322967,2220.066018667296,2198.622980243995,2056.4274279465308,2193.0672668963716,2370.535510576702,2466.1751521808133,2526.742644213272,2726.0484779724165
W235,411.9168627919586,399.0320103151266,416.9511771383691,443.33495800069704,478.9144710613376,522.5108742023842,527.0468505715031,582.8980048389668,689.0886334049482,828.1546554423743,937.7216114111297,957.0199818571245,1029.974968909858
W236,3277.1966602544776,3330.014427842557,3523.915693923368,3596.3607923956406,3724.1919975987657,3667.8388048492598,3555.4896732103443,3623.430958860881,3638.265909048502,3653.6986225393866,3619.1600632124982,3766.235235661144,3689.2609837807195
W237,1096.6323183961358,1161.7953370145813,1196.5332081951935,1242.7012642925893,1238.4007948509245,1285.11533643287,1381.3866548095186,1513.9764346380857,1645.3543078879366,1688.184165131955,1721.0390710190466,1776.3176129988897,1821.3353216977757
W238,371.8034759869902,372.06188505110754,372.3202941152251,372.5787031793425,372.83711224346007,373.0955213075774,373.353930371695,373.6123394358124,373.87074849992996,374.1291575640473,374.3875666281649,374.64597569228226,374.90438475639985
W239,3768.2796090455895,3763.5959493395567,3766.7189828583614,3769.842016377166,3772.965049895971,3776.0880834147756,3779.2111169335803,3782.334150452385,3785.45718397119,3788.5802174899927,3791.7032510087975,3794.826284527602,3797.949318046405
W24,6351.02759824076,8877.473473345777,7025.775435042521,8091.705680145664,8606.193533987514,8494.193241741457,9108.028749122263,8456.932478815294,7729.516204536591,7154.581300878515,8757.739930105541,7400.265139862622,7576.954901917231
W240,2444.4978714376684,2397.7563824035365,2394.1513866321557,2371.310881261562,2447.578442161051,2454.6779011856474,2516.9674331611423,2457.8237478291253,2405.862420158616,2382.9727234872616,2367.2025051625305,2455.6844799161304,2498.3684981606025
W241,1023.3651178461042,1036.8186140311086,1102.0847305643379,1176.759728925749,1283.1673719682908,1399.1194012831459,1347.2148249757558,1413.281546933063,1359.821581675073,1416.984235290362,1389.1533904137523,1399.8817020455936,1385.4958101837542
W242,1484.027624284463,1469.1920594236117,1487.9244124329339,1482.1482208374737,1471.9144613368094,1466.6805395174574,1469.9243120466836,1666.520757528152,1664.9168116591895,1647.7277329154012,1594.5612614387019,1568.5504465479758,1564.092096617709
W243,1151.9977702515193,1239.489895586035,1367.579550291014,1667.6190743516977,2063.0922574216233,2343.430501289191,2701.7782120268957,2971.4625972309827,3254.6996371061678,3533.5032874850613,3584.954746459861,3730.237726354417,3755.250765243372
W244,766.0322867084833,774.6589316189581,767.2451798816289,775.871824792104,768.4580730547748,777.0847179652496,769.6709662279202,778.2976111383953,770.883859401066,779.5105043115411,772.0967525742117,780.7233974846865,773.3096457473573
W245,2438.448333091942,2530.319822984207,2629.4662314107263,2636.274462072057,2715.0565597562504,2743.731249374998,3295.5268621634577,3358.156687925477,3405.357265402177,3775.874518617126,4143.570010323258,4509.32910935948,4243.705624775969
W246,1032.4893117198237,1017.7717598333955,999.3603861451377,999.3228481256355,1017.9413660476899,1044.9478976475284,1073.2871760883534,1146.2066983698157,1120.9049863162588,1331.141290153711,1573.7740994751987,1404.5834852569294,1383.6542675659853
W247,4319.023213973224,4522.21780245483,4491.290812831574,4542.285740449046,4742.955753907595,4963.799211690065,4952.357732154214,5093.994956846502,5438.682405258507,6062.394748930528,6390.261369890054,6830.657998708593,6676.954093269623
W248,16228.980272992274,17184.4863065888,17177.50960398949,15822.397179348916,15860.834273991628,17004.038109689518,16988.51405217529,16588.267881343752,16602.594543890966,16761.815544589816,16747.11065490033,16400.529424251115,16453.504802676285
W249,21478.189821347267,21542.860120021818,21540.069332418258,22179.72093945431,22187.702303248705,22198.230260361564,22191.33697052746,22199.318334321855,22131.762410052288,22068.263084932198,22175.02650894789,22183.007872742284,22206.540104210195
W25,1304.927602889842,1317.7144040211272,1326.7293043133786,1334.8471942140727,1703.822001661098,1661.457595313154,1813.0420457961154,1901.3890465520806,2135.4233493311253,2169.876461459183,2803.66467096425,3290.378220945605,3110.414816274802
W250,3328.444568940421,3172.9437765560115,3215.9066382431542,3389.8632304389757,3351.355061137855,3220.6129670626715,3246.924027900903,3296.9150941466846,3360.910160309833,3268.075344392819,3252.1541628753885,3310.2439311875437,3348.613997693691
W251,6735.7339767867525,6751.557520566922,6744.3742780278335,6759.766961650431,6740.894622716713,6657.804063638804,6653.570583575007,6654.266745413826,6658.173048227154,6692.365274385953,6722.027559336942,6763.891101967125,6724.914104608428
W252,8528.087488381148,8728.400569714968,8767.36805386594,8604.360879321339,8490.163057800957,8684.03161315705,8777.713090152694,8765.011530041378,8595.936184603157,8681.673789295946,8729.634548007874,8818.832470208894,8776.76236466737
W253,12402.751221903285,12411.856728927309,12417.954743102882,12415.500070548449,12425.697121466626,12430.626373770869,12435.555626075115,12440.484878379357,12445.414130683599,12450.343382987845,12455.272635292087,12460.201887596333,12465.131139900575
W254,5980.430401647971,5889.118784607423,5964.680209822729,5989.987033324242,5994.107927563022,5987.2198006167655,5969.512143589125,5983.953256683076,6005.875148999488,6000.897326531816,6000.407993278526,5991.45519381501,6016.373929129408
W255,1923.8946276247186,1926.1671929483498,1928.5848646050722,1931.0887161652042,1933.5615150475892,1936.039857666451,1938.3124229900818,1940.584988313713,1942.8575536373442,1943.3955884893821,1946.112544381067,1948.7331633136996,1951.728430283467
W256,2811.8931161042046,2940.2169497583254,3013.042563624153,3075.2494414122343,2860.4336662342157,2558.5490196595347,2593.6197675239564,2562.772915569911,2647.4283193642145,2714.4956153261346,2828.9035063957804,2883.9025608855327,2917.9126469074836
W257,4024.3989764870357,4030.250744784248,4036.1025130814605,4041.954281378673,4047.8060496758853,4053.657817973096,4059.5095862703083,4065.3613545675207,4071.213122864733,4077.0648911619455,4082.916659459158,4088.7684277563685,4094.620196053581
W258,2143.137327505631,2122.363303914934,2096.2071105727655,2085.1881077061753,2128.970045663711,2145.4098590375734,2141.483455426566,2112.257380601743,2096.889895753716,2104.9047636650257,2092.338140611867,2139.2743635233646,2163.6557312476275
W259,7446.902916259997,7121.70642297391,6609.338082187203,6712.1417999075275,7513.346581382251,7081.569159708485,7008.984128613854,6635.742591082595,7313.569725282142,8087.947902104826,7040.696850784071,7385.567622240767,7678.918667940558
W26,2851.083816519833,2983.46143377104,3110.0259990021013,2767.9145844269124,3353.558607247217,3182.204874592586,2948.626429774208,3118.873777309779,3342.3757034969394,3265.4422382397065,3034.3590457949267,3177.0238612298053,3155.5806053635133
W260,713.1232142967199,575.7582938902142,619.4451876306346,937.8797940717532,807.751517871297,886.5675209079932,348.61664675340603,700.0931791772289,630.5361176073161,780.4775442658756,647.9923032169154,659.7152282168893,600.5138968487331
W261,4918.978047737059,4869.327631035417,4764.818601254558,4677.82206610966,4780.331422753409,4964.268720059463,4898.901421799221,4774.417992145802,4801.424213037303,4913.839368491158,5037.6241065357835,4852.4278863408,4750.097533760472
W262,4377.460313867632,4385.642654221537,4390.036209680204,4397.900402569018,4404.566595558231,4402.981755527727,4387.46331320498,4394.432223874603,4403.9628841814965,4409.863288596022,4409.437177256163,4415.149181212744,4427.429510225842
W263,2366.675278267907,2324.9392997134973,2301.3292830785945,2285.2592939485826,2381.032212900783,2370.969450053372,2445.5189064382935,2415.5194013976643,2304.807518956817,2330.598361682747,2369.379694137937,2444.9675736713666,2474.785473250589
W264,3730.7556909664077,3946.473484784725,3753.649586083136,3864.0364972150705,3695.5153414486836,3907.443817936391,3646.198942383301,3794.8903507966284,3629.3880625599786,3780.145993803497,3637.884276851039,3710.757649200197,3615.4974590625893
W265,2177.995263401124,2188.4125931446492,2168.3140851027906,2196.2867706017637,2201.005326165001,2204.1291570011304,2183.3316720411963,2118.682343506259,2142.2608931015006,2104.7583936669,2174.1011348173033,2137.387600458117,2078.658869830896
W266,2279.124465620899,2241.265108244861,2336.510077854207,2331.4449424509353,2393.2369316314434,2354.992272371074,2373.2643871541873,2411.4092605596306,2470.8291045759534,2493.566266377727,2518.511950955935,2532.6376118483026,2518.7720432840892
W267,3303.875019175716,2944.9868364019403,3069.1486959264007,2890.423035806724,2970.9172269634773,2874.3581984974853,2996.335206519342,2816.5005357119812,2656.8503395833445,2532.172227574018,2407.079740515267,2567.2156240427944,2609.9114757900893
W268,1344.163829359233,1354.207801542265,1341.604893646747,1362.78636181336,1368.6026437542955,1324.3500001089953,1333.119408094873,1310.4172900144517,1432.2566051806439,1337.52071032958,1373.7046789468109,1311.853599869469,1336.8174429497399
W269,1343.5157751466081,1347.1997623142552,1347.1664832423928,1332.5605783867281,1342.4844923014732,1324.4063380436578,1342.0021134570375,1331.0304478083176,1336.574257294096,1304.70947442208,1268.9351669094244,1235.2232651560562,1270.068286078934
W27,1992.4538759389807,2467.2455818208355,2066.0020000128166,2209.5877899271222,2139.9101873401223,2299.976604417985,2365.0867010382894,2242.1158702790644,2348.3785055765816,2471.0170589214185,2432.552671619127,2654.561490936624,2368.656237994203
W270,7790.313608268274,7903.534508968691,8000.625106979562,8022.9356289497555,7847.40712558391,7859.449295452681,8007.229322231353,8151.94058896493,8107.90572042395,7909.640474371587,7785.343051958742,7932.751737539553,7846.589068432539
W271,7615.503241070437,7715.351268566925,7666.259295108115,7597.189480973393,7469.558402755629,7536.376119006103,7440.54219540752,7544.180343081525,7683.218213213551,7591.197853834821,7684.4401316693375,7482.5938115673,7544.74069311653
W272,966.1860236583794,968.3370777467045,962.8396524692678,956.1692379629893,951.3489398952996,946.8794855755262,939.380950720519,938.4431755955774,939.3224302756903,936.9607367708095,936.3932107120004,935.7239864680829,932.8287369624361
W273,6468.932039876654,6468.837499404308,6468.293235342855,6468.648418459617,6450.4306970292855,6461.085626501344,6452.951285669336,6467.820532981126,6452.762204724644,6467.631452036435,6467.536911564089,6467.442371091744,6467.347830619397
W274,827.21084565359,799.5498424388923,804.85457683947,845.6995657658524,846.5643723533964,850.2419019726487,846.2294359943048,828.5017782923649,830.9804748750964,819.0401775061079,825.2165962208932,805.4706416913505,807.318375758358
W275,8665.808481360662,8692.464236651727,8695.840592535962,8690.61668106737,8685.869118747221,8690.727840703064,8705.669196083347,8720.134202315181,8714.910290846588,8710.16272852644,8715.021450482283,8729.962805862564,8744.4278120944
W276,11296.779151402156,11319.538128508648,11322.672442636094,11249.135787373993,11252.270101501439,11332.075385018436,11335.209699145882,11261.67304388378,11264.807358011229,11344.612641528223,11347.74695565567,11274.210300393568,11277.344614521016
W277,3184.5262558839486,3219.4161794781016,3205.9886169236124,3202.7948243091114,3224.40168197468,3200.28728307827,3199.009268106893,3197.3372823512263,3188.8641865227273,3186.267316469134,3161.358725506124,3156.708377443936,3162.814189428982
W278,1271.7364213319197,1235.486287178628,1169.5605167147169,1154.0463224954278,1218.8000239005926,1145.0208530713705,1189.9459279381122,1251.6278533356042,1305.3811799081575,1271.5258661454727,1454.7883175892182,1418.5428723940431,1383.8580028496558
W279,1233.5835167174375,1252.0267547039712,1266.7644138190503,1213.8842711767697,1215.6691765921414,1234.1752325836733,1295.1944982588889,1273.5407132000455,1258.4639675693284,1292.5499139356052,1246.7355723886276,1220.4012479618966,1245.4399778095749
W28,4637.495895668254,3921.3236574486004,4958.033345786539,6042.053430047553,5643.555278154816,5151.936323019818,6978.203177163974,8515.06968105842,10243.161744868215,9049.60127782254,6805.183392080056,6516.834667552256,6952.8271293300895
W280,5380.750793322708,5380.9636840288285,5383.6418815713,5394.484652953634,5390.4930405496925,5403.497685468742,5403.066845091383,5400.468364170151,5414.175474922495,5412.73891285858,5410.14043193735,5423.847542689692,5422.410980625778
W281,1777.6179891329134,1810.3485747077486,1780.8290884432015,1820.2637281285708,1793.6594952285504,1841.8042861890806,1763.8904739762604,1770.5610210006146,1750.9789626331003,1788.9378342350237,1805.478715659424,1761.0270027659383,1798.8323825480393
W282,2141.042358168197,2138.5746321016713,2128.807107504829,2119.1044580694825,2106.320507035549,2112.177511558541,2103.276043510415,2094.0541387170574,2088.5052304174674,2080.2001722026616,2071.897919077636,2072.1233179304295,2058.963604231571
W283,345.788962944207,350.1208383078131,364.07103333513817,379.6930765233401,392.6672076338465,388.920720206087,387.6375996247059,383.55322090496077,389.92740252695603,383.9141457664957,376.6759155414652,370.8421608587104,367.67760207143624
W284,563.9186799540795,561.387155203093,560.9358145084335,546.3058074363697,543.8608896959618,543.4282115194402,544.2219273919724,547.2804327491646,556.3401899345411,560.320025840838,563.9515755320183,586.6170355509327,577.1624436819259
W285,717.8940605758057,713.4639401258387,710.9337081213248,722.6357246452171,731.4513641529461,719.377001404202,725.5017239512676,736.753514108003,736.2497184053886,735.519556570122,714.8010981617704,740.9851177294317,736.7993223488402
W286,10699.952431466243,10705.142611113595,10712.588629725853,10718.906728855658,10725.224827985463,10731.542927115268,10737.861026245073,10744.17912537488,10750.497224504685,10756.81532363449,10763.133422764295,10769.4515218941,10775.769621023905
W287,2214.83266124509,2256.8986621306526,2235.9640130889734,2237.832035227056,2250.348242033276,2246.5956955803167,2249.7003759315376,2246.088440762288,2244.736825045173,2239.5337913855055,2242.600753522556,2250.254777448393,2257.558382524195
W288,7836.314303111413,7845.081814386998,7850.279073333942,7858.288991693825,7866.298910053706,7874.308828413589,7882.318746773471,7890.328665133354,7898.338583493235,7906.348501853118,7914.358420213,7922.368338572883,7930.378256932764
W289,9834.360973197627,9807.62279195783,9811.982298985948,9696.752213872083,9728.29025007787,9794.766227976552,9849.694936377162,9954.571315940098,9882.76804776863,9819.902208673531,9811.550587640935,9794.197737681006,9726.71609488342
W29,668.6802537895865,780.6659269125869,602.9721252203962,673.5178611634819,704.0543639007903,661.3379375820971,725.1920329154734,721.4748848100858,754.3746074474527,707.867307586283,731.7383435279891,798.9186780045383,714.114365010078
W290,15603.397957311518,15518.190369222042,15275.880976292476,15793.246530636652,15788.015761861088,15776.990935235863,15513.043183791813,15333.768005768787,15768.422538190056,15905.513113460644,15808.584507076917,15945.413404567431,15425.163617917387
W291,8825.596904937423,8721.696727524952,8308.035866515003,8362.459752772796,8413.757105409779,8390.707171894528,8361.486669831711,8377.944033084368,8368.614786066259,8373.022333469724,8154.781070284301,7861.269979481764,7711.834549931624
W292,18301.886291244715,18219.99964491782,17844.317594169584,17750.99359385225,17696.55339114927,17926.35833723729,17901.913310905813,17656.908697995226,17507.383409843565,17401.846818895676,17447.677679321114,16507.84533197749,16225.222227523978
W293,1877.3621664598616,3286.6466801067027,2915.652398504437,1926.3589314140547,1818.5163260152144,2063.490428274808,2167.5125440289958,2260.9829483443264,1697.2517294760312,1850.2989331743377,2439.3652647381023,2321.655516387528,1855.138923335829
W294,1582.8321386565444,1595.3286106995295,1666.5486332450462,1669.4095835447256,1718.6420201292653,1743.4638403442048,1723.0216426751574,1666.1745015220797,1647.6603164911803,1701.1323904921899,1656.9118748912513,1672.5783613451292,1682.1772777897281
W295,2942.966805966218,2758.2989288162903,2884.3302152164138,2735.277368708655,2864.6291554576133,3111.036262131409,3109.593960381008,3062.8821645974804,3074.140659287246,2972.212609560196,3383.764277713538,3491.525976587597,3430.5882117371066
W296,2738.8522778641727,2353.979852504153,2604.5580601321662,3110.69761669796,2780.6982182905126,2680.501247704741,2021.9942374664297,2430.9422491905866,3017.052651079441,2721.5495550201226,2280.1132565814114,2393.287489028493,2576.4179953130256
W297,4256.348906187454,4703.072351590014,4625.8618404165345,4035.848826375034,4576.785517799006,3917.0027349467923,3842.281602064628,4032.9879756549303,4818.232890136336,4674.056560084679,4189.450619806048,5811.89547967455,5758.150992379262
W298,3536.7399895124704,3120.892909784507,3531.277728764162,3702.694952841464,3010.923858095889,2828.573604994756,2804.987936760162,3941.8330071345654,3352.536675685033,3229.2587388229886,3594.400607348245,3786.163926505756,3670.3776607730697
W299,3510.5689562732728,4114.020481907172,4286.745992691563,3759.997803626302,3692.8839885678976,3500.5057008001745,3504.9608495410093,3582.9095494994017,3719.5529242341336,3708.219389124288,3506.981689859127,3905.9986171712544,4004.0900562996676
W3,9666.805899363939,9734.659576982267,9700.695388320199,9577.940183215225,9664.599949773361,9736.728220367342,9813.242557609723,9703.947177350507,9625.879664060934,9717.982095422687,9807.691735288865,9786.807069016939,9720.221178383477
W30,3314.7745739105894,3989.975667230615,3583.040165307996,3993.296095142823,3466.9674795588508,4417.204565410712,3829.7756442130058,4222.708945145329,4293.172759417099,4650.032263926767,5864.873701837112,4419.836646713046,4661.844749973204
W300,1799.328209900948,1709.9006407230931,1737.2529721314995,1748.4698495440593,1651.7199675797112,1801.6580879433354,1771.2232027448333,1629.8613161230514,2069.9486634797922,1958.5804377416594,2067.9772678786453,1843.1877585998761,1916.2480877255803
W301,2715.5331532314326,2637.7928899577637,2762.9630351893206,2513.0405774540463,2511.731406786073,2482.6827282014406,2059.9308335341993,2251.9758273413286,1804.0878694497042,2135.7378495957405,2171.2294836267074,2374.1858767266567,2157.998823886605
W302,2647.970873057917,2636.15136837645,2636.003167803218,2591.622976990926,2583.0641230369843,2582.846950475861,2667.1339182716947,2472.522194165228,2190.1817479318815,2605.289717984451,2658.7028735631297,2474.195347812166,2083.7066549632473
W303,5011.422855638111,4708.786774798036,4769.464740841808,6260.002581147908,5056.144051846033,4533.838039336086,4426.938966013456,6079.041935762904,5555.0959975188425,5042.786122178763,4912.917301108038,6002.202350161928,6101.86070924845
W304,2898.1085713515736,2431.2396386984815,2564.936140627218,3334.3917372273113,3137.851386288014,3278.089750683262,3723.3677585788437,3739.0817170236146,3267.0156796522488,3415.04379185885,3432.9305800153597,3773.6407212258196,3519.5617560294877
W305,3390.87570824078,3453.5699979052247,3285.8596593222474,3413.103089286172,3583.9501959436766,3258.0890051461897,3361.6743945374706,3200.1179819236445,3347.1129564787525,3182.3914823634755,3178.5277876929995,3487.201292317368,3105.535258378302
W306,2439.188075127442,2082.5761985805525,2414.0681981590374,2604.5409213620355,2387.377537503213,2292.0487053141665,1991.6949429459246,2137.360462345281,2448.0853446081987,2092.856205879115,1882.9187693367048,2101.29566955109,2578.0244545772653
W307,3527.379899457289,3109.503565556022,3482.5300491947532,3433.6337108501175,3555.4356189475775,3286.878444646937,3097.576873748211,3603.963732762074,4048.3898944057296,3269.9128370198805,3312.352512986395,3264.263384524923,3776.5947818470713
W308,2055.831733437912,1859.8341234835175,2522.6637295116084,2325.1234290066723,2131.5501391009666,1952.9812277297142,2038.4092295275416,2230.2591646736423,2363.054692435402,1872.1855429438974,2027.834053133492,2232.1144487755787,2330.098051014461
W309,6460.826041714618,6649.925393136618,6903.003970717714,7395.201674598854,6112.389582152985,6298.776115338806,5662.291915250064,5690.127422788489,5684.022483107035,5979.615924414388,5024.369154342421,4844.823058326855,5002.770404106588
W31,1093.9696183545195,1077.7025689101524,1177.3692671557576,1158.8702879719385,1273.2055412991162,1212.6946024430297,1264.786514318715,1606.5243753336415,1470.3747893161687,1553.8622943648204,1604.7847260821172,1755.4776174667877,1673.8927563681577
W310,4511.27168977192,4934.813993078147,5520.407089893116,4751.786175945328,4861.448149138474,5517.025320075591,4546.319037657228,4980.197710700698,4629.990923543052,4687.65268837687,5276.209023071557,4497.787550299166,4831.257565337616
W311,4583.902002541301,4960.988443838905,4151.067572805131,5281.215907104523,4880.942740326919,4957.531049573538,4161.474542806293,5004.101607659008,4824.446968210976,5023.780015797875,4780.039203540169,4648.883924204393,4701.347180240779
W312,4258.760333251396,4470.790569203862,4261.362401195467,4644.945730736915,4780.899119635452,4811.794583112736,4779.5991106756655,4877.90254573663,4795.528690767047,4673.5361767719605,4564.719210116378,4599.830075905314,4432.562900662085
W313,1998.5635393956434,2198.0251576264645,1891.629095496222,2070.2174073158785,1647.623665752415,1800.7216721264012,1930.0423329885157,1879.7709091368456,1965.5867061349436,1917.632947375804,2114.3187230273084,1807.9226608970657,1986.5109727167226
W314,8117.893552687996,7905.414739349059,10757.873219449277,9119.004367452413,8073.231354743268,8535.799776544454,8886.09767617484,7563.189571130279,8597.145455614407,9318.812128399331,8010.343137824862,9890.777820796568,8377.894139506181
W315,5065.253469002485,5111.848546425317,5170.7216300029595,4747.989837512988,4748.777591101925,5178.567916491062,4674.9929505954,5533.384492315118,4957.989133878877,4797.296830901231,4845.001873682312,4833.921242837178,4590.774793070937
W316,2701.893229435149,2632.3890467500755,2918.7994822130536,2642.700678325966,2563.371211480258,2414.1790160240853,2166.7504967720483,2679.053441258931,2698.8074671354,2521.626418856787,2532.1856865129675,2957.620744366711,2983.738437057291
W317,3285.2399900394753,3276.4942668827034,3416.2931635350105,3664.5587497004835,2822.533910869763,2941.2461104164663,3730.760251853872,4094.928588333279,4095.396970226223,3612.1822866181597,4593.601136092357,3799.894312136271,4135.864620605733
W318,3741.54238734151,3194.313259250139,3164.735374268663,3231.933260477705,3116.5223519672245,3140.098521769697,2847.2356362302517,3921.275114618219,4167.211971430549,4359.968579104194,3908.305216524185,4025.052243402997,3787.608048944392
W319,2065.4914482481327,2382.267390024455,2245.9476122714154,2068.9537071534082,2269.2518914777984,2380.1519517624497,2423.295857868905,2106.2991334029953,2265.4260091651263,2285.7763006663467,2169.205755334244,2194.890830042565,2174.036987486312
W32,4453.320355415198,3890.584034039878,4651.918304832185,4674.264490238263,3848.398826830957,5108.070980212216,4831.517967585698,4131.591004092916,5537.616054752996,5811.740659303421,4899.570380666965,5906.877341477066,5891.486856415058
W320,2681.6366691524854,2709.3588704382514,2284.7169470265508,2214.3001564277297,1905.2537878459784,1797.7433563684585,1673.506735344014,1938.1356806038484,1939.3908997894637,1802.0941316365636,1781.996624510519,1736.4659471648315,1698.1873938030399
W321,5899.185950830917,5009.526441491477,4530.893045058021,5397.761778799079,4986.49465645541,5038.402326828456,4733.695727254709,5079.592200048782,5171.73981622048,4624.019609159215,5101.57787605404,4800.0768599197,5155.792634902458
W322,2208.9768306793653,2527.026063149686,2431.551713052023,2298.5476197405806,2298.4828797820887,2249.1734491580537,2676.872451801892,2535.014204866465,2585.4198909036386,2851.1895299613348,2637.014734270047,2755.8285191055184,2864.7609432691206
W323,3706.0289965088814,3890.119746692031,3565.174476295445,4318.406986685057,5370.807474135872,6750.345401913623,6662.245891464579,5334.592139458696,4834.097907013317,5123.183851955455,4903.741494063318,5437.403868721926,5172.008426048073
W324,2412.377712081791,2026.18129997185,2323.8351382110914,2210.5073373285863,2547.640548258389,2706.5107390423805,2499.3830362479744,2297.46343729484,2048.437607315891,2200.502218151667,2368.2527339275325,2005.649013747914,1842.7363209141488
W325,3962.9745817259786,3827.7794472410164,4280.489858524248,4076.176116221619,3544.8729684684013,4033.196660830039,3960.6865527714144,4386.422657978242,4083.2226312893636,4183.591759653286,3818.200209509507,4269.268478796216,4487.852284583539
W326,3399.2987834285586,3564.752063041593,3378.9807637107388,3677.8182182790165,3779.617684414469,3243.4118504195935,3330.506043214666,3358.2153838432746,3187.9708684211055,2871.224582806369,3070.579244333476,2980.971849565169,2974.116319112073
W327,8163.321947462502,9666.32898986072,7898.94122437595,7738.63057619453,7484.9807910287245,7658.557414656002,7400.7653815261165,8925.69923180462,6919.344021414812,10136.383883008728,9943.244314862492,8709.174273748195,9266.123591190088
W328,1990.0408561958716,2130.079416562103,1940.9149070953115,2225.9518443881393,2272.6158913642994,1782.7811897736653,2093.0669841379117,2416.697500338191,2259.056655879036,1779.19388057148,1966.0073654663988,1995.8115243672464,2147.494654932932
W329,9975.199812645773,7946.053901408561,8036.263883649618,9898.556676677355,9462.832899409781,7801.412955881413,7806.072300213276,9684.121638805418,10670.328662780723,10504.326262908107,9652.13986228018,9561.165853345103,11061.312256425299
W33,1537.8390219652833,1519.954036775739,1540.1978152195898,1585.9642392551793,1532.0238436076847,1513.4158597127234,1466.339221225554,1502.152242669461,1554.267396950311,1435.4151178892587,1532.565109804545,1489.8875305354645,1567.1099888962212
W330,3238.6493005850284,3354.762861321563,3070.5176932390928,2649.6954198727444,2928.159259679032,3189.3002939397566,3431.751802686784,2672.901266431334,2904.6655748169173,3313.825042466082,3182.9130263897546,3170.6167085607008,3092.1051343074832
W331,6479.578384348815,5794.246728952126,5579.259277522706,6413.618501871956,5651.945037588509,4770.432300822324,5167.460718807917,5561.096618046041,4702.877560008921,4587.778780108004,3636.078891961228,4765.720364655343,4885.728372451306
W332,2650.0888632537503,3019.6411757026335,2776.22481978886,2757.3569851348684,3019.6860055783814,2674.6938329169598,2706.621422526422,2473.390126022,2892.8601589328755,2967.487754400693,2709.499385880601,2453.9062598056,2753.489889858421
W333,2989.962733859778,3206.906772167704,3087.798247118839,3203.034384706347,3212.042304817201,3315.2689366465725,3621.262010282995,3351.3524487894038,3482.1629936275517,3475.243862758134,3475.4461346469698,3467.245527080684,3463.246359241959
W334,3870.1421644197253,3293.5895643221174,3166.9835690254067,3185.8568950406734,3449.032423154543,3249.7376796503163,2774.3073619797838,3540.165040868906,3970.755382346449,3691.1234544190843,4313.789758335772,3207.7597176455815,3935.1231306503414
W335,4524.629592200004,4328.559455928954,3989.4997260436785,4147.739750498341,4780.501649486524,3981.7349370797147,3864.374854882222,3824.838326912368,3961.2128227712456,3777.145071209525,3918.4934100322143,3541.0866947629943,4022.7430247739976
W336,1496.8357054929506,1582.812894823593,1571.5206891961677,1871.0615519553119,1732.8563682838198,1567.2262326663756,2072.357715052561,1782.8684005067466,1405.5003271338016,1570.1917481236696,2236.738220729036,1764.1183131415655,1500.0598840452076
W337,1630.5164716895429,1504.8324933287124,1453.4122381920467,1453.4547417538122,1977.2638849806713,1969.8791613508172,1972.0037556253267,2209.872474361975,2176.674891661987,2146.6834358001365,2237.300566980715,2310.136886243953,2037.7340106992183
W338,2212.1097556139835,2045.432324120457,1956.679438931248,2002.3021580068148,2022.2267376933967,1736.7498078120334,1687.7310180831391,1664.835451743865,1543.7426500189013,1775.3851182685037,1831.4839526899264,1684.634749984882,1724.9868079003252
W339,3742.9733936354974,3923.5758622908043,3955.6571595671985,4100.317221312204,3981.436764263676,4311.8861050581045,3722.202760519654,3744.6147717196686,3753.5379530581313,3616.346582120368,3263.036857770029,3055.8660014214183,3127.903034616835
W34,1381.8635606837815,1378.5682861480257,1700.935212595868,1542.4682622509508,2095.6884266071984,2159.620907301723,2005.45560677826,2181.967391453254,1995.73982293942,2318.735606791866,1976.3338491104837,2028.7439510587644,2216.5120477348114
W340,6454.036596768004,6474.413147445017,7434.3303422261515,6176.257947920306,6625.990813746496,7019.682646941533,6424.229264928276,6200.2444181828105,7013.305489426569,6068.357317500787,6553.445379651832,6488.9079903734055,6059.561668604065
W341,5032.7721002043845,5408.012305118417,6118.676927123624,5708.213570176829,5658.263471081202,5988.7069920132835,6826.041307466757,6666.888923794241,5398.332815518848,5137.382540769808,4863.162203468244,5626.334152385976,4986.870232125275
W342,1349.236864921657,1273.7165532167685,1112.4878791869774,986.1647882094553,1188.3224694975522,1189.897281262456,1114.0215815108845,1099.7184406766971,1060.224404086038,1078.6581689616119,974.2951922032923,925.1600234450252,879.6531472851591
W343,3430.968244538486,3378.106145789767,3140.490284310804,3632.4715689833833,3659.815848956369,3522.888338896274,3211.5045856151737,2533.171196122439,3418.006375877268,3521.2549727377263,2755.7206864753443,2786.524443622152,2521.0657427703677
W344,3520.5223622433696,3065.4432715132816,3591.2259141126806,3734.908645769232,3816.9904620122566,3649.155311248743,4132.116868497704,3456.019184235667,3695.9010516422086,3375.1789337936975,3299.5127099301235,3837.241295286514,3457.5711250324116
W345,3543.612145382698,2758.0001385821456,2998.9672503398697,2941.990542779462,2911.145460977422,3068.7729330808734,3336.700453525258,2631.8819536577344,2506.7409715975796,2653.5201125240765,2719.737025946992,2383.77897361257,2797.2727856419106
W346,5881.47446405292,5196.732820116452,4875.09904608752,6032.770653573586,6333.842664231791,5600.093198008927,5770.402856701576,5548.027785808478,5470.170125673969,5312.1052624831555,5015.978862181737,5146.674650969593,4952.100868891632
W347,3487.475117666867,2911.411004209318,3393.4762230695765,3430.5961514798637,3108.684465424537,3234.2116277483315,3323.904684880421,3083.0266934592746,3362.710501451309,3089.994458918094,3070.4220313792534,3468.2393852046075,3341.6266540253823
W348,4338.516772307813,4671.514095070972,4591.781248428582,4485.301347668841,4777.246398148446,3896.8381276043174,4455.66200316081,4392.9065945211105,4131.06409461223,3686.340800374639,4263.844186844249,4623.5778541722475,4316.839391614444
W349,3176.2170348802965,2887.2336598931524,2804.1368344527687,2787.8570118263756,2705.314379916347,2659.8862759514845,2610.3609298699303,2567.0190045722065,2518.2712950593386,2471.510523845086,2424.7497526308343,2377.9889814165817,2331.228210202329
W35,1123.8109922481121,1013.2719509194461,1174.8073505413433,979.3524367254371,1139.5318283203778,1075.1738857140986,880.4882879394131,966.1247557387353,1247.3858086270063,1565.7331764762648,1333.7017731875999,1374.0701811586914,1429.0832235327769
W350,5691.79016392001,5090.874654499826,4092.798856841869,4944.197789470335,3681.1472535173943,4750.4357853662505,3860.3167782128703,3142.395016413339,4484.0731462453405,3738.0872868450147,2952.283712540888,2379.652885745731,2004.5779033363178
W351,1791.1643576979939,2379.3418688605516,2329.3999445597,1922.991659419906,1801.6302260818227,1698.4878654096112,1573.6604403138558,1403.276659271687,1292.7795742009334,1309.7640943022361,1426.7082404547923,1441.9489455253179,1484.0948788054238
W352,1258.627340196289,1226.6841615746293,1194.7409829529697,1162.79780433131,993.0921857587157,923.4812037184179,891.5380250967582,859.5948464750986,827.651667853439,795.7084892317794,905.9828796109445,907.2523753580325,875.3091967363729
W353,1776.7578063870562,2027.0545521176416,2047.4093286797124,2132.330550200562,1980.0774533509878,2066.576787544027,2089.313939225418,2058.335606526231,1704.4164226520315,1998.1712685047228,1788.4065552326153,1980.561730646256,2049.8216388403757
W354,2880.12682035537,2560.0027803793755,3271.653767507969,2887.0564015043155,2838.5757977844664,2515.920172946474,2610.0974997326084,3562.3695713888505,3787.27381129125,3628.670827840602,3795.5482934350252,4146.422611449223,4282.623408923675
W355,3006.6890506536106,3168.109967439862,3062.5228597893383,3101.9022651575633,2999.957267716459,3057.2259154677004,2951.6388078171767,2897.2825524625705,2986.0996017728894,2913.1789624015164,2809.942872431846,2614.314935118099,2586.6727629652855
W356,4191.493591352553,4183.498439055794,4342.125958962753,3695.2570255533096,3528.684567176699,4100.982391216484,4408.466956319729,3981.9891751947043,3729.1259671763564,3728.4324934057663,2894.8802688149885,2774.0957342638976,3619.6357358447895
W357,3744.9070921904386,3050.602591591977,3294.3723501816307,3644.8856167795348,3775.380525531034,3310.8655807798255,3164.9387851310657,3278.922238008788,3517.2474837040463,3526.7104765387703,3316.795401816956,3313.101004031451,3437.1732608998063
W358,5715.528467557952,6489.874968387007,5523.564055267181,6589.202064339124,6092.905979094938,6177.789480767369,5629.306765034728,5931.874105442831,5329.560208304957,5400.710125763538,5108.594947113638,5329.286159440912,5067.403349935791
W359,3651.384715689088,3894.4081610044054,3988.566024333084,4778.306911494812,3931.911035133232,3804.2264835868564,3328.9352418108006,4215.553899899861,3684.6791478909067,3608.7220163178936,3532.398456304062,3350.7694190370953,3232.6533945935435
W36,17528.666890620752,14865.903149836195,14961.676500726686,15539.65375374542,16342.79271333999,15378.97798345138,14440.40359919429,14898.163990096695,15154.933981939179,14604.923749025254,14638.36556259527,15131.757124946424,15336.79047736027
W37,2937.1020074230005,2924.942093856662,2893.4533293841127,2878.445576969256,2863.2117448355793,2843.2360610923342,2851.784050940155,2851.3750392985144,2858.975266807729,2858.3519169238443,2861.96647608335,2865.658577240894,2856.90706956635
W38,3065.9923526414605,3041.678044459252,3073.18424921132,3047.3219612302805,3053.654854797209,3048.3528388683635,3057.9736970030126,3045.260946299773,3043.9870138668202,3057.935461675224,3048.7196466423015,3073.062130760608,3056.2739532060855
W39,5859.583854253867,5873.747803960814,5883.4268153027415,5865.481804428824,5848.6098717999685,5838.757783541435,5844.393735133928,5839.856306288976,5853.568140309772,5840.02059915996,5827.284443039909,5832.768523155139,5834.90793202495
W4,2289.2539479738366,2254.462833503197,2283.6195384789444,2287.7657148616045,2358.8162675519625,2474.41928147518,2497.5756129997835,2650.0342869527585,2650.1598035366706,2849.706676296509,2913.6826156753514,2947.1235404461936,3083.3524528361554
W40,5842.2833707256905,5862.205339865804,5859.369326167483,5827.026956268289,5816.79128895362,5846.44698785927,5849.322230717317,5884.5192841834805,5884.7118910569625,5866.2997465253475,5880.749570898636,5845.833047342659,5836.854294262574
W41,6184.515379903116,6199.246742390532,6182.325554761455,6229.762512962611,6217.438470965235,6164.508227474929,6198.253397016114,6169.3939570714265,6235.217150462542,6289.508635135634,6250.804843062341,6240.115834758886,6253.304088292085
W42,6246.116941337883,6259.68591411779,6267.71231845667,6332.832416489259,6368.602883873257,6402.540166343454,6402.510686825671,6321.844808010473,6228.581433658145,6225.146841511198,6243.523445671021,6274.797431741297,6368.682733512433
W43,6140.378362947284,6091.089478334215,5986.146318275526,5968.319592219432,5969.020310258519,5958.916996384261,5963.028168201059,5859.815275184733,5911.96208552999,5966.639237429679,5958.299325302425,5900.3422355251805,5823.75935663898
W44,5847.3318424411755,5857.625347137595,5851.023122962357,5821.608155649722,5848.942298039806,5847.708929725477,5847.455439343959,5865.646826715343,5870.36981877074,5857.805604214149,5864.166993630564,5880.946335699317,5873.5712644733885
W45,2980.36318736746,2943.1615882564456,2990.463900913678,2968.4222301340587,2981.195649877494,2928.455686087137,2974.55272053041,2953.90835544041,2951.901307424971,2983.1316929274403,2966.2018099374786,2960.7244256966483,2957.11742184393
W46,3261.1421155960334,3265.9337757261915,3251.7876341666174,3274.69533164333,3303.9905242951554,3287.691926397505,3277.6106194786285,3291.9429051708594,3307.49490676057,3248.6272105255457,3282.3966520518607,3270.37350595702,3261.8616415421407
W47,2934.8982629671973,2953.5838230880217,2972.4334800077118,2945.4484054691643,2934.748058521187,2937.9605689954087,2959.8262542787656,2930.5018129670225,2944.704917919702,2942.6055954131516,2930.3881503011617,2928.94331335129,2921.726095763713
W48,2977.627622851212,3019.9035719901053,2986.0451712513986,2937.926741837185,2973.6155003014355,2971.742610576761,2998.66580461353,3003.011378040877,3000.7247119728886,2975.269027887718,2976.9584760430316,2991.410225848213,2985.4857797518157
W49,3253.8802256722524,3264.82546096011,3262.9892379064554,3268.417584478013,3270.656528538157,3260.4942819872044,3238.000061177405,3260.646902946788,3247.904971903421,3237.9713312271424,3239.8810562159238,3285.12996685499,3293.1228496451986
W5,1577.328796145071,1800.7142516148351,1876.8434897705747,1753.3946306344724,2149.506196540406,2183.6968928932056,2136.2934208270217,2209.7435402331707,2950.8092593280335,2596.4111768916564,2589.3719295046762,2539.0126344203413,2160.877608569262
W50,3214.772036425455,3222.675087511673,3193.1523825848935,3153.7724161741394,3147.9133273273887,3128.930743426713,3055.414423158657,3075.4444132430476,3038.5154965257425,2992.035164114219,3058.542526320718,3094.8286676474795,3108.3361254656593
W51,6606.3319468764175,6677.390898220186,6720.4650485964075,6705.119002001064,6693.816519469036,6647.252483996646,6581.174715033991,6639.977766639512,6686.620057965016,6750.766821503956,6746.833031669991,6717.726949694188,6688.8655250956
W52,7029.410709175976,7028.7945385548865,7102.424000210854,7111.1132015629655,7106.431170214845,7132.326606877783,7218.340948973067,7293.003747265306,7330.700115702399,7300.915140786641,7341.065335575633,7281.329716268753,7284.826071128449
W53,1875.64319643798,1870.6259676820146,1849.2638302769506,1925.7711689278995,1972.297035140527,2090.67113109662,2083.5229944889215,2110.6574366687996,2103.2171944323927,2043.8344474901774,2058.873603075729,2037.4290907994896,2055.7011891087213
W54,2444.254244706597,2478.5080453976834,2470.2039937055524,2428.664780616869,2412.587825743404,2412.9466308183887,2438.4263239315114,2391.3002358387057,2382.8390681654914,2411.4552617898757,2407.2456419845844,2392.3629801713705,2349.2549878170175
W55,5057.297981213354,4937.904703061184,4827.28113169848,4778.777767000153,4745.907532493763,4741.181305361229,4824.689850121782,4805.011435786204,4740.096274109821,4909.439333661722,4904.317749066436,4788.657609213797,4827.915569153503
W56,3046.1444453193403,3106.785770474063,3161.1056477303428,3208.2301662440946,3275.6869957363856,3317.2513625090046,3353.1889959280356,3418.257933077601,3495.9473692047086,3570.5850538681675,3635.8845260455764,3697.1117780877016,3726.966609328963
W57,2064.9610089725766,1993.9257060724572,1882.6974690437414,1801.4794027910477,1748.380352382063,1676.316844606953,1603.1195761519255,1519.505244057304,1450.7997170166313,1436.8398646544565,1360.1481098746244,1339.868301860942,1338.050514100218
W58,3585.583608382631,3605.4438359418705,3680.5487221538833,3649.1583129712267,3715.859146710941,3783.0098756687375,3762.2793640903997,3739.721570391449,3726.872829459799,3696.2132780086813,3664.6510578045177,3593.27732620744,3500.0268961191587
W59,2018.2195759416534,1561.9059528177156,1760.4940778547343,1815.9804994570527,1930.180045761536,2091.0428901256537,1368.209316822705,1694.187567999983,1388.7210285122899,1600.8338350637255,906.3581078687139,1299.943913278738,1729.3877478600893
W6,538.882006337456,518.058700143901,434.96449160790326,449.343220968903,499.4750478936123,672.9668091317096,716.269739040562,966.0792079330402,1804.9653312864011,1342.68196167323,1221.6111264418846,925.1111522737513,1098.1889934869841
W60,8985.008531920463,8967.806962126144,9000.549466856386,9028.630090470946,9058.599310321863,9088.203520610967,9107.609258704406,9074.356721675544,9050.745426417776,9019.87135996883,9014.510411503108,8995.24246743406,9002.834762968432
W61,10245.56667766175,10902.201609157713,10082.513992009135,10068.026072115208,10190.519966875181,10831.564603823446,10127.629020448814,10319.87031406027,10304.045889595134,9931.37682964771,10033.31857845073,10108.740302655697,9857.731731753145
W62,7164.92140388989,7158.568745945301,7183.676066579136,7222.989172891411,7263.549114739707,7461.8560404006075,7414.1733930176415,7372.054740959164,7427.627848978489,7170.848471744227,7088.642992307403,7096.216523115903,6991.944989344806
W63,6101.472653840984,6015.175260123659,6016.522005656423,6121.0578364585435,6110.828541013735,5994.643889521842,6001.991849058121,6098.202887539792,6072.86987104769,5948.397168807293,5956.658286849872,6169.358424833713,6174.14355102391
W64,14197.722701904291,13125.047186837855,12901.72592326871,13753.06541053691,14587.21799100785,13078.4016200101,12600.526024821062,13424.812015099285,14142.739612095373,13783.327767881217,12854.307747181654,12897.639134159188,13822.982447101473
W65,18477.707346808456,17486.37459639766,18380.726005157358,19233.818893754215,19406.872111119883,17516.782874171065,17958.77709711628,19231.641812850095,19816.384838951573,17881.010366254504,18018.24072110864,19182.103859081813,19312.92556948117
W66,7288.318162079876,7487.55131792775,7478.5620545586025,7398.403187286563,7305.254493429395,7405.617977786846,7514.925091979023,7489.804866856553,7362.4033798155815,7421.522326289694,7471.320866191114,7511.804980102985,7503.588983983831
W67,13368.399081919582,13359.851848605544,13365.230157821448,13370.608467037353,13375.98677625326,13381.365085469164,13386.743394685069,13392.121703900975,13397.50001311688,13402.878322332785,13408.256631548691,13413.634940764596,13419.0132499805
W68,6927.64203514054,6941.8978454715825,6956.153655802623,6970.409466133663,6984.665276464705,6998.921086795745,7013.1768971267875,7027.432707457828,7041.68851778887,7055.94432811991,7070.200138450952,7084.455948781992,7098.7117591130345
W69,6935.371823160587,6949.777798176592,6964.183773192597,6978.589748208602,6992.995723224605,7007.40169824061,7021.807673256615,7036.21364827262,7050.619623288625,7065.02559830463,7079.431573320635,7093.83754833664,7108.243523352645
W7,2376.50159096178,3360.6919868820596,3962.450312131036,5194.941568356654,4303.724263354493,3159.027988129906,3853.8472653840963,3625.1731773717775,3931.9381429457476,5143.918306977165,6156.7017539703165,4104.661246981465,3368.8785599247576
W70,2580.4313922404617,2573.4432062496912,2560.914304282826,2548.3854023159615,2535.856500349096,2523.327598382231,2510.7986964153665,2498.269794448501,2485.740892481637,2473.2119905147715,2460.683088547907,2448.154186581042,2435.6252846141774
W71,1942.3549905451277,1933.7478291529787,1926.6677441941474,1965.516687448314,1931.5830883672743,1949.9186734620616,1919.7699362171068,1797.1318326793203,1681.8276331008387,1659.8812255527107,1690.6886841941787,1660.9346270045608,1705.2946712777307
W72,1878.573089772814,1723.5858184653157,1693.2499439881108,1683.989747164756,1663.3980121840318,1579.007489917764,1416.8317223637316,1151.799159191654,973.9396612089425,1238.5227997629058,1093.8708914964009,983.0097870011646,804.0481832697786
W73,1889.3091039671745,1857.6005442891696,1807.728921220119,1836.9750715397315,1785.8694181938406,1801.118934207675,1693.2934590231007,1744.764029879433,1636.1540695956246,1727.9107096175376,1740.7792798653059,1769.9184269269217,1810.1999662434555
W74,5885.3812692692045,5910.911273578367,5897.358509911348,5906.048591260118,5723.730888307911,5730.199224442081,5734.079843898233,5737.960463354384,5741.841082810536,5745.721702266688,5749.602321722839,5753.482941178992,5757.363560635144
W75,24290.60189465493,24373.383873881598,24866.377734919854,24847.878150837423,25117.84303424156,25016.547647341227,25608.820190683877,25644.6893075022,25262.742565896704,24670.785573187655,24912.010320729125,24705.229197272878,25109.30466007926
W76,427.9694170178409,425.4401125284894,436.05787034319746,376.5807005914403,381.0817185414362,364.42172784266586,348.2212691789364,332.21174927330685,310.29287274740636,328.3350116186566,367.1532363472279,350.49324564845665,347.54369317477267
W77,4061.317129244116,4118.051776890357,3962.1666640038084,3670.486515177845,3626.273702414512,3430.9584876065605,3247.7624567140556,3362.374663518242,3426.185634672947,3726.404421617187,4131.995995121046,4260.128964455709,4244.421281567013
W78,3741.795019811708,4064.66884472515,3786.4341678209485,3531.6767364983616,3251.7697142621673,3550.5001741892092,3467.4018394230416,3455.6728582896635,3769.4738574360417,3886.7467824818896,4330.175325480197,3786.7093777040377,3967.7704774901804
W79,1393.4704907126381,1286.6928997468867,1244.9145123522462,1180.4528479860385,1148.090364962663,1150.294164157844,1151.744314243283,1190.5647379940588,1221.498006400193,1218.4917432384418,1204.6557901023232,1235.189234817511,1205.359205053713
W8,4674.828445509453,4782.723470360145,6933.210630781192,4009.7250210766615,5982.608769552891,5549.527289597821,6273.81242300823,6678.769585973552,6372.109905842801,7179.279026630947,6104.172458995428,4600.06234765737,3932.479610837354
W80,1614.5027968461873,1686.709434361651,1865.4619466211625,1939.5590467252614,2030.2693313504565,1973.0397900039188,1933.0304756619817,1888.8280440054248,1878.6457514110725,1813.47048414014,1839.4060542897928,1807.901515819075,1897.8171566558892
W81,24636.598049679706,25225.34846228307,25384.958215910454,25173.014887423335,25024.449935062654,24525.12961643371,24545.29055541373,24623.616619048007,25791.259771377474,25468.587141496217,25528.272467084775,25093.89796397839,24842.88189525356
W82,4420.249943577838,4423.232908423427,4428.1633059808555,4431.146270826444,4434.129235672033,4437.112200517622,4440.095165363211,4443.0781302088,4446.061095054389,4449.044059899978,4452.027024745566,4455.009989591155,4457.992954436744
W83,5965.562543808915,5948.982363201595,5971.102288327848,5976.099683970245,5998.041736798514,6018.972590645809,6059.843820136306,6087.511340276674,6108.572867442861,6107.6352710792435,6075.247421647323,6090.256071205689,6075.870493998252
W84,5972.155709652387,5975.41503668587,5952.604728166281,5966.688468045867,6008.68419527574,6066.928201757632,6045.805349799639,6079.888232684031,6056.882051353263,6082.109531149594,6065.656111179098,6072.3356501829385,6055.1347992342135
W85,17278.15924016081,17285.165054357243,17269.90628982941,17238.170970187024,17249.196811964088,17273.904835903868,17307.45943567655,17325.09626698254,17355.27765626541,17378.234920906205,17402.281177530087,17418.188883392206,17451.156642859376
W86,17290.577717994107,17334.714607055215,17381.721601994555,17446.078433958253,17542.75968296222,17632.311559804235,17742.26027440574,17713.072312966626,17746.67868808646,17710.849528077553,17712.656110278385,17720.129476181883,17748.191681909
W87,1086.9646655246784,1078.4603495146127,1074.911210265815,1071.3611223679702,1070.498440719828,1065.7933809286094,1063.1388676601337,1060.7377102590992,1060.1455267331094,1052.4886039665992,1048.9385160687543,1045.3884281709093,1046.2045724057343
W88,11949.74678385885,12055.120282408756,11957.064227446719,12062.437725996624,11964.818544086738,12069.755169584492,11972.135987674606,12077.07261317236,11979.453431262476,12084.390056760229,11986.770874850345,12091.707500348097,11994.088318438213
W89,1238.6592725068074,1253.2705024472893,1204.9411195919572,1205.391046092624,1228.7267432677481,1215.4278325122273,1148.973548188393,1284.446163951654,1304.3540587492098,1344.652141254151,1269.377668121079,1270.4276665640461,1325.5464441128652
W9,9084.27834451601,10439.3826263418,10095.078542327017,10188.123691616327,10549.5157172942,10810.716605894302,11218.307768409975,11226.14692025239,10571.760368903802,10872.098879474348,9785.188181028221,11984.85745937932,11638.558562233293
W90,1837.7060393199004,1873.3402406682835,1863.3552860088066,1868.061493370921,1854.2892966053732,1851.3470676981565,1880.7910732989621,1871.2505376127801,1869.494599401994,1870.6863367439,1882.375912925644,1887.1172462301417,1880.8976923811783
W91,19505.907168853966,19536.788428269618,19523.653724979355,19478.193291472915,19510.18649211934,19612.985978824785,19707.09626650411,19609.110855480398,19675.630364221575,19795.26115968362,19970.434165653736,19801.85292032344,19833.147409783705
W92,23397.42488800354,23883.470223719993,23888.75620288161,24443.275835251843,24180.700041199932,24444.41523807803,25133.875337176127,25358.33153682497,25108.357411340017,25131.055735929825,25151.804780140083,24730.450904454592,23958.070863211222
W93,1743.2793601341787,1756.7492610963777,1752.0923422646968,1738.3106459239998,1751.466840485717,1769.8640036237327,1752.3525823392395,1735.8388974527986,1741.600350690537,1751.5295514827005,1764.9699779937157,1747.8208336841903,1733.8532521692816
W94,1760.112980415925,1782.4904686735413,1866.3376408177905,1867.9644352294538,1835.0237785006193,1855.80033031218,1844.6354460964571,1858.6176153243998,1826.800763359801,1837.9706486495347,1764.6497798534322,1798.13576394713,1845.3842269388904
W95,1836.8301731972092,1841.6684323589834,1850.6958727161498,1890.3797869661198,1888.342702362654,1894.4284386165843,1889.1788895597333,1883.1847365988028,1884.4482509977531,1825.1830525563705,1891.2768731763372,1890.6843545185347,1910.097964373374
W96,11351.958386725597,11383.163839806995,11270.085062212604,11321.309017554382,11380.072780001086,11440.100105820566,11409.13242072289,11330.727713654995,11397.26279358399,11457.101741150282,11366.94041225881,11337.846376242172,11399.072307416089
W97,481.4877964934378,518.4654259862866,527.0493702684919,493.11105414514805,504.9861034430928,536.0015622228393,536.3572182540624,541.9208741123482,515.3232948028992,513.8063660031594,516.805450320267,489.92143327337976,480.9611787899653
W98,635.3687176190592,655.5547530887557,657.8522870730953,647.5974958155707,664.1483517419597,649.1309352509061,680.8713751395762,678.244067443125,668.4924782260873,661.7036151676607,658.6678696307808,644.2022787326468,650.810135458531
W99,15101.262641094912,15114.931572021513,15067.67510572272,15110.961556094237,15099.59490176573,15144.583459022013,15117.508707856934,15121.637530279393,15115.351407106937,15118.606825188528,15075.566082204332,15052.115042093928,15052.649668109716
