1.569075040828413314e+00
2.566201551898109390e+00
1.749701789405745167e+00
9.235339225155226872e-01
1.674422250654966859e+00
1.195106659438713193e+00
1.326595358374093037e+00
1.523725016470657057e+00
9.208519664133695271e-01
6.772616689161105041e-01
1.210169637620058136e+00
9.190019286801718312e-01
1.093048266700364035e+00
9.199976359661395930e-01
1.734483585879109668e+00
1.131819004176794596e+00
1.246647658831978811e+00
1.603862277705634831e+00
9.034146072383140158e-01
6.992451081381674260e-01
2.323471545781690573e+00
6.155536741612966933e-01
3.579157789491083541e+00
4.783609504994098538e-01
1.167325537434072524e+00
1.416881412396308715e+00
1.284567237087188341e+00
8.159519614829719991e-01
1.355474007304298345e+00
1.176985084768369605e+00
1.292073158137723388e+00
1.391562560395025683e+00
1.830249858044395994e+00
3.201729158092839089e+00
1.873896767341201919e+00
4.251217676871056339e-01
1.057567445373807313e+00
2.764710283192781670e+00
3.436259953048914628e+00
8.416500413896391697e-01
5.697235596811530689e-01
3.073081581699716569e+00
1.219185891317676296e+00
7.796880121708200662e-01
6.221110673123581014e-01
2.470388757870900953e+00
1.620206945426846179e+00
2.865867440545258216e+00
7.799887204871815971e-01
1.096064175243585126e+00
1.003452845173552710e+00
6.826077861507570121e-01
4.972900207610442269e-01
2.727395669437037373e+00
1.052121394680462396e+00
9.765577701576340086e-01
5.987488356376096110e-01
8.064702815976894090e-01
1.513725136858331322e+00
4.630940956954054388e-01
3.054920810753588789e+00
6.000239591108745829e-01
1.420235701155136754e+00
6.837224690016767692e-01
1.063144060435367244e+00
1.392534882519120165e+00
1.324291712527457587e+00
7.418192255817953606e-01
1.691387163692715356e+00
1.238129319073771661e+00
1.488152214208507074e+00
4.276226892495234022e-01
1.941791997675178738e+00
2.363400682531114683e+00
3.244749435529417525e+00
4.761508828817869521e+00
1.499653842978810214e+00
1.853800635555799881e+00
1.134738701362824731e+00
1.163368838578207054e+00
2.076405303553698456e+00
7.230161243726906939e-01
1.080913522612293898e+00
1.156328477512983122e-01
8.227763723151100272e-01
7.348556679004838443e-01
5.005675497360442261e-01
6.220504422517048049e-01
5.398295998846309729e-01
8.672946877777081287e-01
5.055869575923260806e-01
1.254137044182414451e+00
2.575470251496095209e+00
5.328150269502320846e-01
9.934754402941669005e-01
6.483506790905042561e-01
4.913512730242313165e-01
2.537456483164429066e+00
4.587428097724419729e-01
7.350103190278982623e-01
5.913709479265890634e-01
7.072543417645363872e-01
4.061472203723830998e-01
5.350191317063819341e-01
1.801577042229253633e+00
7.184799563490650298e-01
5.115519540023580891e-01
9.905156018211341840e-01
6.996505503538777981e-01
4.381587044502698314e-01
4.673603118791471167e-01
2.145843210505647303e+00
8.854240282184026034e-01
6.512761115440476312e-01
7.112711797391683133e-01
1.158756100955075502e-01
6.451579044269307728e-01
9.940517584620679470e-01
7.336174407100272132e-01
4.999425683262718745e-01
6.101686653746398736e-01
4.941559515700938987e-01
1.777344663245112644e+00
1.272228410729839609e+00
8.484047767842274324e-01
5.470293467232764106e-01
1.077273749953017834e+00
1.333471436015944089e+00
6.510666008784988801e-01
7.362869479027619457e-01
5.514073500200932232e-01
7.109240035620865150e-01
3.106385019869284392e-01
1.116775332351211958e+00
3.736451176234159899e+00
5.193302564612630734e-01
7.248267984508891537e-01
1.161303367480754689e+00
4.522696803813447408e-02
8.550193512899428860e-02
3.547935728743861761e-01
8.662106354052935275e-01
1.011566890383633011e+00
1.611164536759230881e+00
1.243694372632337064e+00
1.696768347463676996e+00
1.002229740753407261e-01
1.156642761995638757e+00
5.646041032254159875e-01
2.753966682231621554e+00
5.388873813617988118e-01
5.652308673977043618e+00
5.554989094680536921e-01
1.840591708677714822e+00
8.555406138601335808e-01
7.744204805839410843e-01
1.354516773119549766e+00
1.966606172723222301e-01
3.812605928479712691e+00
1.825925094672719684e+00
5.603926945916037905e-01
3.793425013615664421e-02
7.903890371900101908e-01
7.664498733227956828e-01
5.019026255306602985e-02
9.513870401025893708e-02
6.705857739091335146e-02
2.590713338256918963e+00
8.305808927412682285e-01
8.998830370329540251e-01
3.937275646276094387e-01
7.418436236128991279e-01
2.496625470528896218e-01
6.285904129820069075e-01
1.188525883399924155e+00
4.680559707675804315e-01
4.951927986621280087e-01
5.720243175010055747e-01
8.072119509476952670e-01
1.170863360174458911e+00
3.821489835129947998e+00
1.544803162592014667e+00
8.891432063454950407e-01
1.226828934019860373e+00
1.058831441712568378e+00
9.625763352936926864e-01
1.990388890063762850e-01
4.370498779051498056e-02
2.007395525719125828e+01
1.294356597431867817e+00
1.406937579726571963e+00
4.484042771989605325e-01
1.115238045028844743e-01
6.429890323274248809e-01
5.259258307089552886e+00
1.981323777142119269e+00
1.105747265284726444e+00
1.113545259245094066e+00
8.192293760721064411e-01
1.909745343552859742e+00
2.497421328166517629e+00
1.997584360744693477e+00
4.637967494817525349e-01
1.231798167307372571e+00
5.503169531766386458e-01
1.772842667063745381e+00
6.278024223533689163e-01
8.859857227359703158e-01
3.577262645166535471e+00
1.239037626469608799e+00
1.437405351835648604e-01
1.294895783773789555e+00
6.126994914391532543e-01
1.219203449607174861e+00
7.773389570624953393e-01
7.560486096118382848e-01
8.490145757290826767e-01
7.338626092895150776e-01
1.004928381034469353e+00
9.230554168172258045e-01
6.359704315179706136e-01
4.845942844617152079e-01
2.792257834949506190e+00
9.116551089654741924e-01
5.529270922814167877e-01
1.349675871369808533e+01
5.039953835004589155e-01
9.630547350047781174e-01
6.942995175856283563e-01
7.541330952236425800e-01
5.458746957669327049e-01
4.871824756534864909e-01
1.691370137666763140e+00
4.235113616232266120e-01
8.068829951398498457e-01
8.529692738919529837e-01
6.097650415814575009e-01
4.798524457731631054e-01
1.197978151663307234e+00
1.076166330370408986e+00
2.044563628533655475e+00
2.359287043507485304e+00
4.110508913025581190e-01
5.139525744064550317e-01
4.532245065043205012e-01
1.193316275667462234e+00
8.209158323120396838e-01
3.444908491491698310e+00
8.142674956076076942e-01
5.879093211782315809e-01
8.561655319807756070e-01
1.161063186323714469e-01
1.077227150591513194e+00
1.010285263535968481e+00
1.019554701012933107e+00
8.502135353615619673e-01
2.317101260770117133e+00
5.902403536586571242e-01
1.387244009748355378e+00
8.038892260548754498e-01
2.762436659257279992e+00
6.033621259099243295e-01
7.600110625822602550e-01
9.991985622537044032e-01
2.317295955847740174e+00
6.370716983798595523e-01
9.351086871211835572e-01
3.348880393610867756e+00
8.172910765074943296e-01
2.300741297815303454e+00
1.841454817627007357e+00
1.704782905214716759e+00
1.114704482961653698e+00
1.084759388208659692e+00
1.098321984134196683e+00
2.346909248709188933e+00
9.887271427541036717e-01
2.087302612690208115e+00
2.733162818252169224e+00
1.625783051855409278e+00
6.352633549239996569e-01
1.542592967996254893e+00
1.720881166888505787e+00
1.170397901078839009e+00
8.868499955228956733e-01
2.982058160103937094e+00
1.150082430750253071e+00
7.571434911472639806e-01
3.263607965473848349e+00
1.448112318566624257e+00
1.010267783920006712e+00
2.031221414914742951e+00
4.368675799324014397e-01
1.166327118276703434e+00
6.994105930733942600e-01
1.143297850763225432e+00
1.096124310523218348e+00
1.214956478106068216e+00
1.057053866859718250e+00
1.946533639908796243e+00
4.099588484703723168e+00
1.687984096714059579e+00
1.012051290345906462e+00
1.657494187035542632e+00
1.369672350348080325e+00
2.815398245457770621e+00
1.177308857093425587e+00
1.558727540051913385e+00
5.934039296319847390e-01
9.114673861562551105e-01
1.207072120399553139e+00
4.066477290520259302e+00
1.153572083402569781e+00
1.420296731922611633e+00
1.077170451580189869e+00
7.451136839542531476e-01
8.385905078378455002e-01
1.804766258289893122e+00
1.324293523131485406e+00
1.269175677042990280e+00
9.494828616818370426e-01
1.422549399335624853e+00
1.077282111021306221e+00
1.022712928708424451e+00
1.844179911737553024e+00
1.221793445627162633e+00
6.933274820891139889e-01
1.342525772053968947e+00
2.101258983442388484e+00
1.942269841517169526e+00
1.290756126487211830e+00
1.235560867092071691e+00
1.961439174603525792e+00
9.245150949779202820e-01
1.513540908517805983e+00
2.666120693880319692e+00
1.084932964260170385e+00
1.080351443875487094e+00
8.074812678962380863e-01
1.032679392324298062e+00
1.745316941360661067e+00
8.617337197494268075e-01
1.147027876187671769e+00
1.269877395565413458e+00
7.400564259083486363e-01
3.063430889390768908e+00
1.262045814482454897e+00
1.138174014960587677e+00
1.322520374347342376e+00
1.340766880539545625e+00
3.847533046392186962e-01
7.712418885810834457e-01
1.066009170992499699e+00
1.728267996908125825e+00
1.004639663002229844e+00
9.232228237756215927e-01
9.010892680347235562e-01
1.800563714440650775e+00
1.432871029315928135e+00
2.360624349794544052e+00
1.555756211852842297e+00
7.342554373461589456e-01
1.816926493739109860e+00
1.085616692276564432e+00
1.136933487848803326e+00
3.427391980048003717e+00
1.843497312063197224e+00
8.774867807166948364e-01
1.996612644877056475e+00
1.305280177938842767e+00
1.551671468601697024e+00
7.891263300816808712e-01
1.629813361897156199e+00
2.153605789176849861e+00
8.480538587092973923e-01
1.320503326503902564e+00
4.856976504224747582e-01
3.392944127346858796e+00
8.831414060243971687e-01
1.564046412282528609e+00
8.271427335329764041e-01
2.170872448701568480e+00
6.306727766673496660e-01
4.980481445984077937e-01
1.018510294681571837e+00
1.240933124799989740e+00
7.409354710022278967e-01
1.137163458874181909e+00
1.536587196435853508e+00
1.690767482285145062e+00
1.164927311664985199e+00
7.509794401123375263e-01
1.016104444025037523e+00
7.364845661787121633e-01
1.164171950186090987e+00
1.160565781091841941e+00
7.299914365963583451e-01
1.055256994423166672e+00
2.155301502502618316e+00
7.599114130288865399e-01
3.937880196017287115e+00
3.868052305357863596e-01
1.649907003112623505e+00
1.693985696204715730e+00
6.840167939647459061e-01
6.823629868393131792e-01
2.288700791717954708e+00
2.211183568478787720e+00
1.729147629757570082e+00
1.135097967141421638e+00
3.348998392802454482e+00
1.035019665713212245e+00
8.251060011861495180e-01
1.095105099044437758e+00
