1.988577207587798046e-02
5.255960584037399491e-02
2.196557132163771964e-02
1.139748876024515925e-02
9.068372806121117666e-03
3.018464884904490178e-02
2.365288905769631633e-02
1.083049105618386770e-02
3.323805346052926320e-03
1.557193146143690150e-02
4.482915970639239633e-03
5.290860950418937655e-03
7.406186389401937797e-02
1.784121091790814850e-02
2.310443077463329026e-02
7.359272278350852819e-03
2.980175428955860947e-02
2.855856599378309851e-02
2.806599306510141473e-02
2.563613958756249395e-02
1.496890039164314005e-02
7.145234015575522950e-03
1.557622867145464496e-01
3.300734603148065827e-02
1.376920876960908147e-01
1.489760531031235520e-02
6.206270634292413574e-02
5.467800158485022766e-02
8.204748973253173788e-03
1.879796293966402160e-02
1.434504571252428855e-02
1.590636390865829072e-02
3.051335482764460857e-02
2.401835243437852249e-02
4.935187435703230346e-02
8.360810157561722120e-03
3.324001541265826035e-03
1.565634333742906351e-02
7.454954671794361207e-03
9.401243245079777752e-03
1.717932392576084974e-02
3.452321408030901984e-02
9.119274831650498597e-03
6.408390046183416733e-02
3.168878447516072783e-02
2.876860641397529020e-02
3.028487891204951349e-02
3.011282063753984578e-02
1.394748754861622510e-02
5.940152891588122534e-03
1.472967413573698370e-01
1.236786977847037228e-01
1.630398137382777293e-02
1.071928141745658591e-01
8.948867093359408331e-02
1.190958099349257240e-02
1.304867302211923374e-01
2.450544764771175540e-02
1.873034049103511692e-02
1.788341563044595212e-02
3.126744013715834769e-02
3.318670459568367342e-02
1.396981748005363816e-02
1.531017040756097597e-02
5.078977249724405361e-03
1.296342453846400372e-02
5.950618113179168694e-03
1.365879554209827040e-01
8.736754538860658573e-03
8.736565286715704953e-03
2.219175429398508384e-02
1.872497021088218722e-02
6.650848603305867940e-03
2.230382742390688358e-02
2.098635849967121769e-02
2.089874142314007352e-02
3.423897495933178603e-02
2.317480349150560087e-02
1.687333411140835154e-02
1.421285733681733505e-02
1.081697341047189488e-02
1.203839795915526492e-02
1.143249995170301514e-01
5.642392089648027263e-03
1.326304847064896722e-02
1.482539602893497184e-02
3.366341456327536646e-02
5.071246307925635077e-02
4.361009861083185550e-03
6.398941437387070663e-02
9.370970473210695623e-03
1.595943880189725633e-02
7.836730975053478321e-02
2.155154881584558577e-02
1.014917267871339075e-02
1.006963990958436271e-02
1.368769492513837241e-02
2.016226743303872054e-02
1.335845360836135018e-02
8.116950908639894435e-02
3.038805084939640855e-01
2.678693686983506239e-02
1.055279111375942852e-01
3.676398683592815159e-02
2.277967774016860861e-02
6.496547269171820682e-02
3.401107330979152160e-02
3.250845564849278585e-02
1.525515287218539955e-02
5.306639571391805893e-02
5.176808760209859750e-02
3.440218268539563251e-02
1.261612338235586772e-01
1.036862291423750193e-01
3.789378080953508671e-02
1.460384182967872958e-02
8.461878260130993590e-02
2.937138471743023279e-03
7.409777636439662807e-02
1.107291648117822713e-01
2.317453579921827933e-01
1.007612169946075636e-01
4.023419604322650556e-02
2.876811843728757645e-01
1.299708489161943981e-01
5.256871928610679784e-02
4.949887266738066394e-02
6.657775498588512642e-02
2.791964938961477571e-02
3.135275585089071504e-02
2.266668272537705059e-02
1.427862189188098402e-02
2.993132679954020950e-02
2.070828392523266573e-02
1.336892275093269633e-01
6.638152593090340323e-03
4.029571720069176355e-02
5.796417772621056952e-02
1.430397675262780506e-02
1.190398519125203253e-01
8.649427951626893762e-02
1.139956218537191840e-01
1.841374459338383507e-01
7.434580574752533422e-02
1.012261438555833865e-01
9.933366848671321137e-02
1.184686023395561533e-01
5.032250794808134087e-01
2.234830911651466967e-01
1.812654075024008327e-01
1.247549212107453009e-01
4.730458686653168932e-01
1.183599071829893323e-01
1.065438358070382452e-01
4.478773997546442454e-01
1.789639888564429904e-01
2.537756053012447111e-01
2.102304892470180375e-01
2.305860263598546178e-01
1.201492852379666409e-01
6.854232519767466947e-01
3.547164667361710766e-01
1.180677201267449627e-01
2.338416521276464599e-01
2.795895296159295884e-01
2.308228419051453623e-02
3.121147749897695833e-02
5.013749627865039526e-01
2.982199743342576689e-02
3.744797226549751584e-02
1.969404392227633999e-02
2.095786809953951654e-02
1.242494936027534538e-02
3.175815084594242610e-02
1.252483506044775041e-01
2.332694606407339881e-03
5.278069226422377191e-02
9.018970631696722473e-02
4.349313616927569237e-01
2.338430757011169259e-01
1.307618135724462373e-02
4.996123798221605017e-03
2.227507712827954400e-01
6.377240389915204977e-02
8.354392339243640886e-02
6.680441174943500815e-02
1.738075576826115520e-01
5.353010540047836024e-02
5.166023553206255947e-02
4.300414315767326912e-01
2.857797093460035659e-02
2.987022214940465020e-02
2.720539568480050824e-02
3.605348351345962626e-02
1.466821850258997195e-01
1.045483546648251771e-01
2.900303917756027333e-02
4.099056652566455961e-02
5.332555386265577790e-02
5.811589572976709472e-02
4.008606783553145259e-01
1.018911343891889913e-02
5.264359997482933456e-02
8.201543468166372364e-03
3.299365200047833790e-02
4.314789355201217869e-02
1.423453186609383719e-02
1.959753432103394921e-02
4.099473405590611796e-02
6.752914597764934392e-03
1.248117363570378988e-02
5.364462676628538595e-01
4.578047962388061970e-02
6.438314219080652767e-02
6.413784256162252673e-02
1.918027027583183719e-01
1.772037395569804885e-01
1.159888394187690575e-01
1.193323777099738608e-01
1.284004588196425434e-01
1.303092781001983780e-01
9.753868677659174868e-02
1.927365788612703593e-02
2.713555458836964251e-01
1.061771115399768317e-01
1.210841048272133513e-01
1.173173201651948189e-01
1.142023828204633135e-01
1.274642756724161385e-01
1.527372064878654012e-01
1.406590014571829361e-01
1.091625288072259892e-01
1.137092538215603993e-01
1.244628265005035261e-01
3.972476108511253656e-01
1.748418708733174287e-01
1.084518643803307758e-01
1.032665375950227865e-01
9.419558087237610289e-02
8.117984125048591237e-02
9.212576067601721541e-02
8.048164963180355624e-02
9.796181029272227336e-02
1.051630579491471817e-01
1.442028510156692644e-01
3.683898882930933261e-01
1.808809527057888833e-01
9.455135215911222857e-02
1.207221952470479975e-01
2.703079385289056669e-01
2.284726811256808932e-01
1.342179303155247583e-01
1.201740994746123281e-01
1.503755922255144983e-01
1.660803799609777975e-01
1.416833834591837704e-01
3.721786349832625906e-01
1.290043119131402127e-01
1.350195413780936882e-01
8.632511084933450207e-02
1.763534316248769607e-01
1.727993770951316288e-01
1.827910890924677179e-01
1.962121459699156523e-01
1.935730803678880618e-01
2.463482949199390648e-01
9.850958739998477709e-02
3.320763514159577046e-01
1.364997620468768880e-01
1.029820035077429752e-01
8.096156648305306847e-02
1.390471956441808044e-01
1.163683943127939158e-01
1.257004203573744150e-01
1.020231961606369031e-01
1.075823505443079531e-01
1.310016611347721849e-01
1.410553923252243214e-01
3.914465426051013663e-01
1.238002340721362643e-01
1.617091168372139787e-01
1.799812413914288201e-01
1.358810303846218481e-01
1.678032310111608749e-01
1.451837567737235268e-01
1.203432966018815609e-01
1.031201762886898854e-01
9.582388348946696555e-02
1.417282703800709642e-01
1.695851838898816411e-01
1.788728988492154642e-02
1.982809080052354983e-02
1.506996025668653691e-02
2.250333467238604390e-01
1.514288239597212302e-02
1.898172195476943366e-02
1.883325278999751703e-02
1.887782680395859447e-02
1.521605343784615885e-02
3.916318547401945183e-02
5.246266350443841431e-02
3.898976082969166090e-02
2.470047120547125968e-02
3.073298791108995329e-02
2.284622120915215937e-01
3.069775192439902836e-02
1.573912270634380411e-02
1.777023941696371373e-02
6.257056671607801046e-02
4.736212171834817269e-03
5.064025145558071622e-02
1.638768594862094474e-01
3.135321095629831079e-01
8.461127644831648031e-02
1.790206903882058664e-01
4.448186488448272469e-01
4.001359413181703600e-02
2.989672688393462535e-02
2.486504419761364354e-02
2.835238871580128203e-02
5.771837271852404971e-02
4.989496634572287287e-02
2.013047024550624481e-02
3.250629771800614409e-02
5.388311119576008612e-03
6.055893373735909968e-03
2.566785642317132576e-01
2.303493439284303931e-02
3.467305004986692696e-02
3.274367083838531506e-02
3.272075790489810398e-02
3.070143870045115020e-01
3.243267133047691986e-02
2.006836445115646184e-01
1.258127267469062172e-01
1.259560688349352087e-01
1.827425735805777718e-01
4.457245669143130029e-01
1.242954737245035024e-01
2.513346488678950413e-02
3.025469914008638121e-03
7.787938432674579650e-03
8.921996217772855051e-03
1.125335042226199844e-02
1.137890738497556072e-02
2.274015791164721995e-02
6.145713828953106375e-03
6.632446495761137872e-02
1.526139210806780055e-01
1.142349747036661145e-02
8.282986744303518986e-03
2.309707753347937931e-02
7.142761512539218607e-03
1.052469541771887535e-01
9.323005322505452386e-02
9.817728724894439138e-03
3.669486710826951048e-02
2.684832571308835500e-02
1.730966585044915046e-02
