1.107998162362319938e+01
4.743322152845174777e+00
4.602791915554927726e+00
2.324960128606809562e+00
2.323010589109075763e+00
2.788323729851617916e+00
2.330334910506155044e+00
4.805535493317758089e+00
6.506138590604065852e-01
8.403359913125564518e+00
2.340100111752373646e+00
2.436974164052116976e+00
1.997711706779714824e-01
2.842149944085782032e+00
2.580649599330475219e+00
2.403364976928458407e+00
3.131953951866072727e-01
2.279476616870686811e+00
3.228773193008508624e+00
2.190771947221812344e+00
3.153567801946030702e+00
1.134518144691348818e+00
3.399012581653647391e+00
2.746432812791482991e+00
2.822447214511105695e+00
5.370574956317940796e+00
3.390021790213266217e-01
3.722272948489155908e-01
2.388766813577338333e+00
4.049579666491022856e+00
2.856782095368164409e+00
3.398754736504174812e+00
2.882470066566987565e+00
2.390240662579573794e+00
5.391818011367757180e+00
4.009430499974537376e+00
6.501746403579024003e-01
8.712497830435623314e+00
3.551586101628763092e+00
3.838285187986711477e+00
2.725172618303951300e+00
6.598942752628214059e+00
2.580035159828689029e+00
4.932447404139352898e-01
2.438218015148093887e+00
2.476967060742316651e+00
2.815330355433633525e+00
2.059615073318828316e+00
2.879326808995992693e+00
1.044685373308257503e+00
3.135895362601157199e+00
2.455064098255687277e+00
4.506924632339485370e+00
2.481027224645639961e-01
3.445670785577024109e-01
1.953380671875486252e+00
5.673781474103789080e+00
3.708724285501677098e+00
5.073580337234180782e+00
3.067119673398746471e+00
2.494326856928968272e+00
2.881634030658686285e+00
3.141594108528875218e+00
5.064409562342841120e+00
1.108206959663777802e+00
5.600796023219441366e+00
2.038113163762272695e+00
6.106870620244578163e+00
2.761002101391896613e+00
2.308157389205612642e+00
4.569740586174813046e+00
2.456009819389518789e+00
1.314293849779671230e+00
2.485714187442440437e-01
1.377563466181532581e+00
1.189097143498255793e+00
2.333467054271065155e+00
3.313707670255001236e+00
5.740359901085257732e+00
5.344525861482706475e+00
1.995883695580379369e+00
4.026165744173318295e+00
1.322644496598304853e+00
9.900795346750135284e-01
3.913063562380751481e+00
1.853632240044746471e+00
1.372042607431010142e+00
5.631430500841120512e+00
1.480161868434917594e+00
8.660403374421850486e+00
2.008367360809071744e+00
5.311084759303404290e+00
6.202312777908472796e+00
5.590201441582113517e+00
4.339708862032179759e+00
3.314539545969365619e+00
2.564238472621473086e+00
1.605084897128204569e+00
4.225359002724156099e-01
3.522215459665071879e+00
7.233509024929800635e-01
1.126155133125843255e+00
2.777100420093856048e+00
8.604534269573288485e-01
1.359605819838352492e+00
8.211778087988761410e-01
1.115874650919509881e+00
1.730765014193085038e+00
6.919389520236647328e-01
3.101787189672099210e+00
8.191610407626089829e-01
1.009240852099133079e+01
8.774595537154746827e-01
7.160343615859090516e-01
1.979972583080734205e+00
6.760360765722698284e-01
4.127640642282091044e+00
6.795357330540003904e-01
6.211810874941735783e+00
1.361422413729359127e+00
1.210520945385966485e+01
2.220515966513500583e+00
1.109535165168994908e+01
9.095560996955710520e-01
6.075474596467040023e+00
3.885286078362400985e+01
1.973716547622186068e+00
1.431409196497827052e+00
9.612912348004315488e-01
4.811780946654052649e+00
4.220658548907639585e+00
4.401971983984915293e-01
1.014802515671009875e+00
1.734207014569760119e+00
4.141213264480386735e-01
9.087456704668445129e-01
1.932157105529133556e+00
2.590071383704621866e+00
1.120399721781032865e+00
2.416463288844409973e+00
9.512064779647967372e-01
2.766694031733336168e+00
1.777489035766049774e+00
1.396560354927864012e+00
7.627803834571852404e-01
4.962992460274413542e-01
1.294905266255479637e+00
4.544157036697706431e+00
2.432390294676213927e+00
2.271896424704574979e+00
7.998845597300536792e-01
3.373099045270819829e+00
1.802777640641047396e+00
1.142924750452121829e+00
5.982261060160334765e+00
1.938345739317501870e+00
1.133474392474786319e+00
3.426410699041067431e+00
2.891779597974430516e+00
9.525559109927368429e-01
7.463650816277884736e+00
6.741600878625926718e+00
1.384245187617178852e+00
2.402579102336348527e+00
4.868597549325452967e+00
2.716673853718509779e+00
1.123136340732338923e+01
2.714049686598061673e+00
3.689748005093287819e+00
8.990471928522003608e+00
5.275396075407153162e+00
6.188252709655306383e+00
4.601066979201167584e+00
3.710183676573988176e+00
2.512602397959201372e+00
3.473741119848170467e-01
5.535753948249889866e+00
8.664248746664324763e-01
1.316280666097553009e+00
3.175648983998725639e-01
7.884382809475051213e-01
1.794989377803714259e+00
4.451772425216059759e+00
9.715822263663721481e-01
2.508809302457617907e+00
1.883321601659828204e+00
2.794682504746830443e+00
1.271577528042278749e+00
1.119117344555214721e+00
1.539647127977026742e+00
1.071819594295471356e+00
1.099985088137054978e+00
3.725386363781458599e+00
7.793826582343169385e+00
5.383029438414602019e+00
2.929286914843375556e+00
1.639158120558601217e+00
2.583944679454065696e+00
1.249201536529290335e+00
1.215289512281130913e+00
1.408028831378096868e+00
1.500428440531460739e+00
1.844146901023948626e+00
3.369787839643348937e-01
3.818926586798018774e-01
1.352657582825832483e+00
4.925322613646060388e-01
2.198612155762776244e+00
4.042255412643919854e+00
1.730454202863338065e+00
1.523161197977086712e+00
1.830728117940868316e+00
2.688979158325125685e+00
3.114370625217028454e+00
4.076836915333846179e+00
8.573462061785233068e-01
1.953217944975325748e+00
7.271562817793632005e-01
7.936513033110301762e-01
7.530897569847604389e-01
7.741023558107515967e-01
6.880002575983105162e-01
5.677080504193004806e+00
1.676676641205607998e+00
7.331362294057375273e-01
9.668506997425356797e-01
9.338393862561993330e-01
6.783738529497561620e-01
8.085012489377769729e-01
9.981142997243340753e-01
8.651742264921121750e-01
7.102958974001936099e-01
7.072201453913092850e-01
1.071395214287047981e+00
1.961541120614907596e+00
1.251262045417438795e+00
8.311390566911343036e-01
1.039888957191106966e+00
6.643217437539246095e-01
7.408694441106239426e-01
7.413930346140081840e-01
6.336930814869270456e-01
5.408774983213205934e-01
7.644415801163917390e-01
1.271868673009507900e+00
2.081939607229801315e+00
1.572167357501968565e+00
7.577314427946574282e-01
1.079429217083603287e+00
2.009475074805122663e+00
1.986174960290364000e+00
9.331787656105122730e-01
1.045947076300447698e+00
1.226013032112025947e+00
9.962603119993759249e-01
1.172295150408272146e+00
2.435331078991924691e+00
1.003915419350549065e+00
1.026050439648117818e+00
7.423158766810220577e-01
1.506144462917195170e+00
1.250559502794988731e+00
1.608288005986520997e+00
1.268757652981894690e+00
2.057354698282840122e+00
2.231627403031053447e+00
7.316496946528355805e-01
2.350939942290002360e+00
1.350481239251363208e+00
9.431887804794176766e-01
7.091750347879871574e-01
1.057930355899188379e+00
8.416151366209712048e-01
9.585605333235691639e-01
7.137642039980840458e-01
7.714936728423399392e-01
1.051339721042445552e+00
1.010353078019522455e+00
1.675086805106769106e+00
4.579597084353280723e-01
8.863757172236513826e-01
1.719324987603901622e+00
1.140692267910633051e+00
1.165427674014256620e+00
1.225895589144909703e+00
7.900379772895013142e-01
8.405604199094957041e-01
7.987622948810949586e-01
1.256558454773458289e+00
2.224464200717747087e+00
2.876749839604353820e+00
1.674780769787662438e+00
3.226323612625908499e+00
1.805981566402636407e+00
3.329396278489746397e+00
1.571537596217455368e+00
1.540751067438230093e+00
1.565907654966218310e+00
3.350646922570029940e+00
5.718629310166170931e+00
4.271360033526006461e+00
5.692458012042488136e+00
3.485994284538796339e+00
2.566235814889174627e+00
5.544640927354765880e-01
2.562724917467852581e+00
1.786217720954700106e+00
1.458019623911072982e+00
6.798215096129295310e-01
2.499213791087512571e-01
1.930746537348782876e+00
6.834734850323640920e+00
1.421683197429750756e+01
3.676619725681050443e+00
7.878526731579577058e-01
1.377805835148886437e+00
6.546019297227299027e+00
2.553869820839826943e+00
2.881646662835897654e+00
2.667563458632822293e+00
3.833028857453510962e+00
3.604645815785417540e+00
5.145009866200981108e+00
1.453930638187084945e+01
1.214763740579400064e+00
1.077454864513651911e+00
5.512926438825201947e-01
1.806668578427697458e+00
5.263939810130512376e-01
5.979232440711322871e-01
5.974369690021988921e-01
1.840134458930503669e+01
2.724437848158324016e+00
1.135018037289428072e+00
2.961520976101255975e+00
2.376347555274949119e+00
3.188810333994608115e+00
2.247812064076731176e+00
2.042288935585359955e+00
2.515618541440336475e+00
1.657327903701617977e+00
1.322068174741078739e+00
1.414876370700537178e+00
3.423513477623140400e+00
3.327006105362136257e+00
2.572143949127492668e+00
2.179184254372799501e+00
8.816070923630463518e-01
1.167782875483198257e+00
1.280614622475745756e+00
1.322205073530372088e+00
2.732943061243251925e+00
1.134211110823515334e+00
3.165892052655062017e+00
2.723453502174447483e+00
3.890776656638427422e+00
2.604396084196208272e-01
2.328375185673563497e-01
5.336602276549330170e+00
