3.697491376061334128e-02
2.158922601728122462e-02
2.443279179831218950e-01
1.071787071678599740e-01
6.445219902166102188e-02
5.859939349163056921e-02
6.677124126554025152e-02
8.965871088862280291e-02
5.602882985050645220e-02
2.230492042359965774e-02
1.966677989749137934e-01
2.690474183523119608e-02
2.300793515347427654e-01
2.805942847072646559e-02
1.047557875788530657e-01
8.523857370384894938e-02
5.607490063428669652e-02
3.504174980302713488e-02
3.685458222855259036e-02
4.038252030257966779e-02
5.275666119949648514e-02
6.533368263108889351e-02
2.378609128315974652e-01
2.857905383509369221e-02
7.198278304962743568e-02
2.984353676524012858e-02
6.887350659620074256e-02
1.743399306470638788e-01
9.069507048972539343e-01
9.606027767025840935e-01
6.483088550439455311e-01
1.408846075049005053e+00
8.783466567082743870e-01
8.301160864360315195e-01
5.008959050846199107e-02
6.789149942465187992e-01
2.091156934850860738e-01
7.700030105627041488e-01
8.180197574799952243e-01
3.681951083964380977e-01
2.665142450161880894e-01
1.209664403185167325e+00
4.898766895865239168e-01
5.121205949714494610e-01
7.996412920795989976e-01
3.713563026954554841e-02
5.717814046648703741e-01
6.973786395780759984e-01
2.894446304256753089e-01
4.222661166571964331e-01
6.011616240479144002e-01
8.309713335156971858e-01
7.598610036411389546e-01
6.813572501116138547e-01
3.169278080082942317e-01
3.606203857360365528e-01
4.773371863598183801e-02
3.277599236577476982e-01
3.975750736432696608e-01
3.827692533654302731e-01
1.027787764157426231e+00
2.658733604268173623e-01
6.821036041480078582e-01
2.871992380911537190e-01
2.977528989042859120e-01
8.567986218682603905e-01
9.729874080941742776e-01
4.168204846207271969e-02
4.541444349049363893e-01
3.963632183364388939e-01
7.521237630304501431e-01
5.675169144943118527e-01
1.328461352827240871e+00
4.964899252698423138e-01
2.732275461800416361e-01
2.469648936289273733e-01
1.301163978865512272e+00
4.043871627905876731e-01
2.198549400491813313e-02
2.771862999586226575e-02
2.458177737897779824e-01
3.911846240353889642e-02
3.122918838898707319e-02
2.242789388077784107e-01
2.312660447635336500e-02
2.215772894034475152e-02
2.686997391343203326e-02
2.106727799436287560e-02
2.823568944824471696e-02
2.880336874427541494e-02
2.530535058135839274e-02
1.854917239592301578e-02
4.973199530376764405e-03
3.262445237289037653e-02
1.451208901216497447e-02
3.009842242110116403e-02
2.087618204176461267e-02
2.786945919294602555e-03
2.767308217524828626e-02
2.775160893288195971e-02
2.332125818767433537e-02
2.312619869758295033e-02
2.399306002346660027e-02
2.656119684392832525e-02
3.175086232185687224e-02
2.549958847837187001e-02
1.708133759313558778e-02
1.715758898523426709e-02
2.980053549425860579e-02
2.937826966989523850e-02
3.215103328729505133e-02
7.884652659216588588e-02
3.165519501580989908e-02
2.021406173750887880e-02
2.675308336652875221e-02
1.357429300671260386e-01
2.226151358695028018e-02
3.029581550894247868e-02
3.903626257004842032e-02
3.016468635497912554e-02
2.684228117720299789e-02
3.690879937329025196e-02
3.921840040142165335e-02
3.827489385856044923e-02
2.820416049019278115e-02
2.248211199593273465e-02
2.720887601999000607e-02
2.964705390317012509e-02
3.419643296748872685e-02
3.680807562766021807e-02
3.256734746975770839e-02
2.589977568104313843e-02
2.932344593954423415e-02
1.853438198161338341e-02
2.515233031154771523e-02
1.792516072980859798e-02
1.952357839314105073e-02
1.430295981580183007e-01
1.248480609766176030e-01
2.589803306720646625e-01
3.099122889892469770e-02
2.548256251530990266e-02
2.261083520465377930e-02
1.980397193670516698e-01
2.461848190628537769e-02
8.807398450687503599e-02
1.796633333110415620e-01
2.703355119080354599e-02
2.505696998448145307e-02
8.444363275929841345e-03
1.678110477877547274e-02
2.116223406631294324e-02
6.854627154738929425e-03
1.480521961970323284e-02
1.199705629545504137e-02
3.451999855977003206e-02
8.486908821818346660e-02
6.916854881845940772e-02
4.004878018520132386e-03
1.200314674737315047e-02
3.589199097297050139e-02
1.302328801195554442e-01
2.493329796414567312e-02
3.638371775997833318e-02
3.712479430989989448e-01
1.831381576894336727e-01
2.933922947010039195e-01
4.500015316578442198e-02
1.960493102765200821e-02
2.897249455438328722e-02
2.852082069212970653e-02
4.315279497357878830e-02
7.014656501285936041e-02
2.126773177126003722e-01
1.314524414954754312e-02
2.515915460316717547e-02
2.796797106161423574e-02
3.364899229557875154e-02
6.154989027047894773e-02
3.563034797984940966e-02
3.659170144227799071e-01
1.698995864380387424e-02
2.545930599416799597e-02
4.493371315451076195e-03
2.559093573516312350e-02
3.084739433374784814e-03
2.465326088457135134e-01
2.574371115763494644e-01
3.601160556132499812e-03
5.216510205447272980e-02
2.593758797042104366e-02
1.363009183124949952e-01
1.227302496294164907e-01
2.606567824373086026e-02
5.914318080343116714e-03
1.137480043394592348e-02
7.503494578925572721e-03
2.601280130726800130e-02
1.475397427581089105e-02
1.529127981448121128e-02
3.564299679269864601e-02
7.025925453673319103e-03
3.050107068494525842e-02
1.284361704673499249e-02
3.438251360275823565e-02
1.839356615139270401e-02
3.995028917343899227e-02
2.702718215950124583e-02
7.756553653772968286e-03
1.996258932836726327e-02
2.724594179282047723e-01
3.714499578909041810e-02
1.947810821024903438e-02
2.313169533442434311e-02
2.564405638277681906e-02
1.821506913145528803e-02
2.300804680094915844e-02
2.530327985041632907e-02
1.837831500127476078e-02
2.308673186990006787e-02
3.345315144141204622e-02
3.927792497046869030e-02
5.601793224455891423e-02
5.878898141794752091e-02
2.862189367791414044e-02
3.439949063465102402e-02
2.538005445986752859e-02
2.670127487244837797e-02
3.398499205082645275e-02
2.252027668268341207e-02
3.350836107122467933e-02
3.054248850909644861e-02
2.583101130709851770e-02
3.107852807564430789e-02
2.788934343482483633e-02
2.581690024781293710e-02
2.370282422970359029e-02
1.774064828611721101e-02
2.763921715169598281e-02
2.256274650315548067e-02
2.176270183720606724e-02
2.744605717338072237e-02
2.280647369029638674e-02
3.026628116643441044e-02
3.230106101260471485e-02
2.668512994635638402e-02
1.696584772358668280e-02
2.965404424763609312e-03
1.589954596890681346e-02
2.719420700518891329e-02
2.641484935438391177e-02
2.733840912160431791e-01
8.464359264164883837e-03
3.642865888214152220e-02
3.433602425089012783e-02
2.702960690989665848e-01
7.129669534348367921e-02
2.535103771788030924e-01
2.285560224966947940e-01
4.352132743932721759e-01
4.318884865011530239e-01
3.485058102524602464e-01
5.090513378750137763e-01
1.433000370982843441e-01
3.012104338200685683e-01
1.637592409367059632e-01
1.685278588985426873e-01
2.638524081123088880e-02
2.981790799276883286e-01
5.550457278418686746e-01
3.837672775608148013e-01
3.967276812802326691e-01
1.914963784726451124e-01
4.579386517273931756e-01
4.919113627653710630e-01
2.419600379490079722e-01
3.575214566171447950e-01
6.038155796794466568e-01
2.966537599318436191e-02
3.639684831564607426e-01
2.225754237351750542e-01
2.810404347227407063e-01
2.291288558718937995e-01
3.170162882759390288e-01
2.263889806862543208e-01
4.196052911833237364e-01
2.849121524650344295e-01
6.547735229917659439e-01
1.469345970172459548e-01
8.549798138546527149e-02
5.155191743611550192e-01
6.086017097972047374e-01
2.334181498066675020e-01
3.092983763138130726e-01
1.570250951476819534e-01
1.631119234459296186e-01
7.972882485952149656e-01
2.434099096507490456e-01
2.038759504770637221e-01
4.239075885902512386e-01
1.376670470517308564e-01
1.240540708912243106e+00
2.165737336106570154e-01
1.710049451534376430e-01
4.934462955475631962e-01
8.509039671529615712e-01
4.182509941182945279e-01
4.694401188311030371e-01
3.752406215481059459e-01
1.816056671345351869e-01
3.235258716152693559e-01
4.244599310711540813e-02
2.408033143627330563e-01
2.352272471366265716e-01
2.442468405503249451e-01
2.060013999883375246e-01
2.598977586835554132e-01
5.458081980092756025e-01
3.756322586909049410e-01
2.874233510256308244e-01
3.188633657844083813e-01
4.913336951233619465e-01
5.878591013480355398e-02
1.993792772640461397e-01
2.466738192098619498e-01
1.464807435119680479e-01
2.121355539951534641e-01
3.971423871476493228e-01
3.720248166154384584e-01
1.991016867926638234e-01
4.270419751511580486e-01
3.446177186919830437e-01
3.480231155165804946e-01
8.477437935373448308e-02
2.566862836097910661e-02
6.924352998538912951e-01
1.977332633278117979e-01
1.880470846823599773e-01
1.733125975750589021e-01
3.567614473523643137e-01
4.495739382514645222e-01
1.228381194409807198e-01
3.725363731150070912e-01
5.138335034813553692e-01
2.342980100804450405e-01
2.056971397353863501e-02
2.754346822615120760e-01
2.843580187049914998e-01
2.020335918823724652e-01
2.682044296023757268e-01
3.874783101660823625e-01
3.372739808324711624e-02
3.057241441619981334e-02
3.742834620323467337e-02
2.607017433785028745e-02
5.942179728976473840e-02
2.588099580624396087e-02
7.887780681852778197e-02
6.545375273175642328e-02
1.681047844129605340e-01
3.134059026113228397e-02
2.900193159158733283e-02
3.887862683506541212e-02
7.201642469940294777e-02
7.571704686478089585e-02
2.714782964730665105e-02
9.257521454951135598e-02
3.065974631457922539e-02
5.430116200161478474e-02
4.976279490932713351e-02
3.161272727442698827e-02
2.910818346763851747e-02
9.068412877415454876e-02
8.456260912201481184e-02
4.344501542324086946e-02
1.183236019226315827e-01
1.047643400288751359e-01
6.724890328560440000e-02
3.581249177920155929e-02
3.039683993547003318e-02
9.594495785751327999e-02
6.046607082169967035e-02
3.240452473856748061e-01
3.026335273062086273e-02
2.896103836940814857e-01
1.866583020819073402e-01
1.019515219091586822e-01
5.540671060819247346e-02
2.582475206915638144e-01
1.365848229651157875e-01
2.101764637133957114e-02
3.023332138859026116e-02
3.516202944770070032e-02
2.122661499973327315e-02
3.475951664407939817e-02
4.127335591271170945e-02
1.951388720500291107e-01
1.715409860174401391e-01
2.230585610819577902e-01
1.019756695965989696e-01
2.894066506755785598e-02
3.590677527771898858e-02
9.104336037491368716e-02
3.139968726105270974e-02
4.850580572978004795e-02
4.280763654289184567e-02
8.508194441506850003e-02
3.876309102398762391e-02
3.283379733883533269e-02
3.113939998035766474e-02
1.204901809770341364e-01
2.038371943585635601e-02
2.737737297268501291e-02
6.723193262158873307e-02
