1.986980438232421875e-02 6.524324417114257812e-03
1.487898826599121094e-02 4.565477371215820312e-03
2.094078063964843750e-02 6.436824798583984375e-03
1.965689659118652344e-02 6.365060806274414062e-03
2.173948287963867188e-02 6.458759307861328125e-03
1.617360115051269531e-02 5.161762237548828125e-03
1.302313804626464844e-02 4.073143005371093750e-03
1.576638221740722656e-02 5.199193954467773438e-03
1.612615585327148438e-02 5.129098892211914062e-03
2.001595497131347656e-02 7.175922393798828125e-03
1.059579849243164062e-02 3.541946411132812500e-03
1.358199119567871094e-02 4.755020141601562500e-03
1.557874679565429688e-02 4.769325256347656250e-03
1.517987251281738281e-02 4.810810089111328125e-03
1.439046859741210938e-02 4.781007766723632812e-03
1.187419891357421875e-02 3.839492797851562500e-03
1.925277709960937500e-02 5.897045135498046875e-03
1.140236854553222656e-02 3.534793853759765625e-03
1.997041702270507812e-02 6.324768066406250000e-03
1.049351692199707031e-02 3.522634506225585938e-03
1.105642318725585938e-02 3.741741180419921875e-03
2.003836631774902344e-02 6.382226943969726562e-03
1.064205169677734375e-02 3.531932830810546875e-03
1.949381828308105469e-02 7.242441177368164062e-03
1.010847091674804688e-02 3.320455551147460938e-03
1.150131225585937500e-02 3.893375396728515625e-03
1.675462722778320312e-02 4.965782165527343750e-03
1.926684379577636719e-02 5.898714065551757812e-03
1.626825332641601562e-02 4.942893981933593750e-03
1.298689842224121094e-02 3.778457641601562500e-03
1.520776748657226562e-02 4.955291748046875000e-03
1.759481430053710938e-02 7.292032241821289062e-03
2.032995223999023438e-02 6.162166595458984375e-03
1.612067222595214844e-02 5.280256271362304688e-03
1.932239532470703125e-02 3.781795501708984375e-03
2.010011672973632812e-02 6.282806396484375000e-03
1.459288597106933594e-02 4.673957824707031250e-03
1.405930519104003906e-02 4.405975341796875000e-03
1.797175407409667969e-02 3.413438796997070312e-03
1.766324043273925781e-02 5.376577377319335938e-03
1.961684226989746094e-02 4.146575927734375000e-03
1.076245307922363281e-02 3.734111785888671875e-03
1.014661788940429688e-02 3.345727920532226562e-03
1.531100273132324219e-02 5.172729492187500000e-03
1.283216476440429688e-02 7.450819015502929688e-03
1.305055618286132812e-02 3.807306289672851562e-03
1.468133926391601562e-02 3.662586212158203125e-03
1.511907577514648438e-02 3.397226333618164062e-03
1.172423362731933594e-02 3.801107406616210938e-03
1.987648010253906250e-02 6.680488586425781250e-03
1.331901550292968750e-02 4.426479339599609375e-03
1.094746589660644531e-02 3.704071044921875000e-03
1.512694358825683594e-02 4.575014114379882812e-03
1.055598258972167969e-02 3.539800643920898438e-03
1.042699813842773438e-02 3.441333770751953125e-03
1.148509979248046875e-02 3.813028335571289062e-03
1.243424415588378906e-02 3.991842269897460938e-03
1.133441925048828125e-02 3.679752349853515625e-03
2.005267143249511719e-02 5.639076232910156250e-03
1.072931289672851562e-02 3.646373748779296875e-03
1.936745643615722656e-02 7.195234298706054688e-03
2.048468589782714844e-02 7.212400436401367188e-03
2.091765403747558594e-02 7.064342498779296875e-03
1.836895942687988281e-02 6.205081939697265625e-03
2.032065391540527344e-02 6.256341934204101562e-03
1.681876182556152344e-02 5.573749542236328125e-03
1.792383193969726562e-02 5.824565887451171875e-03
1.500225067138671875e-02 5.161523818969726562e-03
1.913571357727050781e-02 6.065607070922851562e-03
1.663208007812500000e-02 5.480527877807617188e-03
1.910471916198730469e-02 6.270885467529296875e-03
1.673555374145507812e-02 5.333423614501953125e-03
1.782202720642089844e-02 5.845546722412109375e-03
1.617789268493652344e-02 5.108356475830078125e-03
1.719903945922851562e-02 5.295276641845703125e-03
1.449561119079589844e-02 4.750013351440429688e-03
2.398419380187988281e-02 6.673574447631835938e-03
2.107286453247070312e-02 7.166624069213867188e-03
1.944994926452636719e-02 6.363153457641601562e-03
1.677966117858886719e-02 5.682945251464843750e-03
1.615381240844726562e-02 5.411624908447265625e-03
1.400852203369140625e-02 4.803657531738281250e-03
1.540660858154296875e-02 5.281925201416015625e-03
1.351213455200195312e-02 4.555940628051757812e-03
1.456665992736816406e-02 5.000591278076171875e-03
1.262307167053222656e-02 4.381656646728515625e-03
1.324272155761718750e-02 4.930973052978515625e-03
2.064347267150878906e-02 6.688117980957031250e-03
2.052116394042968750e-02 6.718635559082031250e-03
1.638150215148925781e-02 5.127668380737304688e-03
2.004051208496093750e-02 6.372690200805664062e-03
1.920270919799804688e-02 6.614446640014648438e-03
1.475381851196289062e-02 5.034685134887695312e-03
1.281619071960449219e-02 4.278898239135742188e-03
1.270794868469238281e-02 4.298210144042968750e-03
1.057028770446777344e-02 5.294561386108398438e-03
1.185965538024902344e-02 4.087448120117187500e-03
1.090669631958007812e-02 3.988027572631835938e-03
1.163673400878906250e-02 4.022836685180664062e-03
1.069116592407226562e-02 3.930330276489257812e-03
1.397681236267089844e-02 4.563570022583007812e-03
1.259064674377441406e-02 4.405021667480468750e-03
1.871180534362792969e-02 6.434917449951171875e-03
2.030110359191894531e-02 7.172584533691406250e-03
1.983213424682617188e-02 6.571531295776367188e-03
1.607179641723632812e-02 5.481481552124023438e-03
2.063345909118652344e-02 6.704092025756835938e-03
1.636219024658203125e-02 5.607128143310546875e-03
1.999759674072265625e-02 6.579637527465820312e-03
1.607728004455566406e-02 5.493402481079101562e-03
1.207113265991210938e-02 4.251956939697265625e-03
1.031756401062011719e-02 3.433465957641601562e-03
1.823830604553222656e-02 5.613565444946289062e-03
1.667141914367675781e-02 7.215499877929687500e-03
1.999187469482421875e-02 6.626605987548828125e-03
1.643872261047363281e-02 5.546808242797851562e-03
1.976490020751953125e-02 6.600379943847656250e-03
1.615333557128906250e-02 5.516290664672851562e-03
1.704764366149902344e-02 6.901502609252929688e-03
1.802611351013183594e-02 7.169008255004882812e-03
1.994085311889648438e-02 6.638526916503906250e-03
1.270651817321777344e-02 6.552934646606445312e-03
1.546001434326171875e-02 5.220174789428710938e-03
1.697063446044921875e-02 8.044481277465820312e-03
1.500058174133300781e-02 4.932403564453125000e-03
1.297378540039062500e-02 4.446744918823242188e-03
1.762032508850097656e-02 5.897045135498046875e-03
1.457834243774414062e-02 5.112886428833007812e-03
1.179671287536621094e-02 4.100799560546875000e-03
1.128387451171875000e-02 4.052400588989257812e-03
2.052927017211914062e-02 5.115985870361328125e-03
1.164960861206054688e-02 4.141807556152343750e-03
1.600551605224609375e-02 3.605365753173828125e-03
1.005125045776367188e-02 3.743410110473632812e-03
1.212334632873535156e-02 4.093170166015625000e-03
1.153063774108886719e-02 4.036903381347656250e-03
1.906299591064453125e-02 6.535053253173828125e-03
1.637601852416992188e-02 5.522489547729492188e-03
1.835489273071289062e-02 4.817008972167968750e-03
1.264333724975585938e-02 4.443168640136718750e-03
1.937675476074218750e-02 6.607294082641601562e-03
1.542711257934570312e-02 5.528926849365234375e-03
1.091313362121582031e-02 3.814697265625000000e-03
1.050376892089843750e-02 3.800153732299804688e-03
1.095914840698242188e-02 3.827333450317382812e-03
9.998083114624023438e-03 3.385066986083984375e-03
1.190757751464843750e-02 4.124164581298828125e-03
1.113224029541015625e-02 3.990173339843750000e-03
1.581621170043945312e-02 5.243301391601562500e-03
1.379799842834472656e-02 4.699945449829101562e-03
2.025532722473144531e-02 6.668806076049804688e-03
1.627087593078613281e-02 5.622625350952148438e-03
1.250410079956054688e-02 4.358053207397460938e-03
1.135826110839843750e-02 3.960609436035156250e-03
1.086568832397460938e-02 3.752708435058593750e-03
1.011538505554199219e-02 3.606796264648437500e-03
1.035714149475097656e-02 3.456592559814453125e-03
1.054763793945312500e-02 3.728866577148437500e-03
1.908779144287109375e-02 5.417108535766601562e-03
1.230669021606445312e-02 4.014968872070312500e-03
1.131296157836914062e-02 4.024505615234375000e-03
1.108050346374511719e-02 4.030227661132812500e-03
1.780962944030761719e-02 6.268262863159179688e-03
1.708197593688964844e-02 5.719184875488281250e-03
2.037310600280761719e-02 6.440877914428710938e-03
1.014804840087890625e-02 3.596305847167968750e-03
1.125192642211914062e-02 3.634691238403320312e-03
9.319782257080078125e-03 3.396749496459960938e-03
1.035857200622558594e-02 3.696203231811523438e-03
1.005172729492187500e-02 3.642082214355468750e-03
1.356601715087890625e-02 4.312992095947265625e-03
1.657152175903320312e-02 6.223678588867187500e-03
2.000474929809570312e-02 8.088350296020507812e-03
1.895976066589355469e-02 6.382465362548828125e-03
1.193165779113769531e-02 3.742933273315429688e-03
1.026988029479980469e-02 3.736257553100585938e-03
1.707363128662109375e-02 4.095554351806640625e-03
1.467466354370117188e-02 4.251956939697265625e-03
9.838581085205078125e-03 4.596948623657226562e-03
1.961970329284667969e-02 7.079362869262695312e-03
1.667022705078125000e-02 3.667593002319335938e-03
1.045465469360351562e-02 3.722667694091796875e-03
1.259922981262207031e-02 3.702878952026367188e-03
1.060962677001953125e-02 3.719568252563476562e-03
1.599597930908203125e-02 3.858089447021484375e-03
1.046180725097656250e-02 3.690958023071289062e-03
1.905870437622070312e-02 6.775856018066406250e-03
1.851844787597656250e-02 6.817102432250976562e-03
1.324534416198730469e-02 4.435300827026367188e-03
1.097583770751953125e-02 3.719091415405273438e-03
2.065443992614746094e-02 6.685018539428710938e-03
1.687979698181152344e-02 5.589485168457031250e-03
7.805109024047851562e-03 3.651857376098632812e-03
1.009583473205566406e-02 3.756761550903320312e-03
1.814007759094238281e-02 5.857706069946289062e-03
1.504135131835937500e-02 5.157232284545898438e-03
1.896929740905761719e-02 6.312370300292968750e-03
1.381540298461914062e-02 3.725528717041015625e-03
1.155781745910644531e-02 4.052877426147460938e-03
1.088762283325195312e-02 4.068136215209960938e-03
1.050329208374023438e-02 3.606557846069335938e-03
1.125025749206542969e-02 4.056692123413085938e-03
1.822519302368164062e-02 6.615877151489257812e-03
1.816391944885253906e-02 6.671190261840820312e-03
1.119303703308105469e-02 3.890991210937500000e-03
1.001048088073730469e-02 3.475904464721679688e-03
2.833104133605957031e-02 9.280681610107421875e-03
1.033139228820800781e-02 3.782749176025390625e-03
2.860522270202636719e-02 5.614042282104492188e-03
1.360845565795898438e-02 4.767179489135742188e-03
1.300120353698730469e-02 4.086256027221679688e-03
1.041841506958007812e-02 3.698587417602539062e-03
1.338148117065429688e-02 4.518747329711914062e-03
1.154041290283203125e-02 4.149913787841796875e-03
2.033567428588867188e-02 6.567239761352539062e-03
1.930880546569824219e-02 7.321596145629882812e-03
1.271009445190429688e-02 4.140853881835937500e-03
1.080012321472167969e-02 3.961324691772460938e-03
1.143145561218261719e-02 3.585338592529296875e-03
1.015710830688476562e-02 3.974199295043945312e-03
1.194000244140625000e-02 4.044771194458007812e-03
1.100063323974609375e-02 3.953933715820312500e-03
1.784133911132812500e-02 4.942178726196289062e-03
1.266050338745117188e-02 4.339933395385742188e-03
1.131892204284667969e-02 4.016876220703125000e-03
1.080560684204101562e-02 3.945350646972656250e-03
1.814317703247070312e-02 6.624698638916015625e-03
1.842093467712402344e-02 4.645347595214843750e-03
3.285479545593261719e-02 4.172325134277343750e-03
1.087927818298339844e-02 3.854751586914062500e-03
1.965165138244628906e-02 6.539821624755859375e-03
1.656031608581542969e-02 5.836725234985351562e-03
3.180098533630371094e-02 6.087303161621093750e-03
1.495170593261718750e-02 5.425214767456054688e-03
1.948547363281250000e-02 6.202220916748046875e-03
1.669239997863769531e-02 5.705833435058593750e-03
2.055382728576660156e-02 5.108833312988281250e-03
1.601505279541015625e-02 7.135868072509765625e-03
1.790976524353027344e-02 7.860422134399414062e-03
1.863670349121093750e-02 6.242275238037109375e-03
2.073526382446289062e-02 4.513263702392578125e-03
1.144599914550781250e-02 4.089117050170898438e-03
1.984167098999023438e-02 6.820917129516601562e-03
1.662540435791015625e-02 5.619049072265625000e-03
1.761651039123535156e-02 4.762887954711914062e-03
1.031088829040527344e-02 3.964900970458984375e-03
1.512598991394042969e-02 5.185365676879882812e-03
1.324629783630371094e-02 4.568099975585937500e-03
1.091957092285156250e-02 3.734827041625976562e-03
1.041364669799804688e-02 3.740787506103515625e-03
2.074360847473144531e-02 6.674289703369140625e-03
1.764631271362304688e-02 5.838155746459960938e-03
2.048802375793457031e-02 5.072832107543945312e-03
1.344752311706542969e-02 4.785537719726562500e-03
1.966190338134765625e-02 5.093812942504882812e-03
1.321434974670410156e-02 4.435539245605468750e-03
1.930427551269531250e-02 6.168127059936523438e-03
1.739311218261718750e-02 5.598545074462890625e-03
2.089405059814453125e-02 6.633996963500976562e-03
1.732516288757324219e-02 5.548000335693359375e-03
1.940155029296875000e-02 6.872177124023437500e-03
1.903200149536132812e-02 4.346609115600585938e-03
1.547574996948242188e-02 4.960536956787109375e-03
1.294636726379394531e-02 4.461526870727539062e-03
1.141071319580078125e-02 5.423307418823242188e-03
1.345562934875488281e-02 4.398107528686523438e-03
1.325559616088867188e-02 4.289627075195312500e-03
1.090717315673828125e-02 3.778934478759765625e-03
1.249742507934570312e-02 4.209041595458984375e-03
1.162695884704589844e-02 4.394054412841796875e-03
2.064752578735351562e-02 6.556987762451171875e-03
1.206588745117187500e-02 5.828380584716796875e-03
1.454520225524902344e-02 4.848003387451171875e-03
1.294064521789550781e-02 5.328655242919921875e-03
1.404190063476562500e-02 4.810810089111328125e-03
1.277875900268554688e-02 4.749298095703125000e-03
1.357197761535644531e-02 4.152774810791015625e-03
1.210021972656250000e-02 4.142999649047851562e-03
1.200532913208007812e-02 3.848075866699218750e-03
1.197743415832519531e-02 7.056951522827148438e-03
1.302075386047363281e-02 4.794359207153320312e-03
1.072001457214355469e-02 3.709793090820312500e-03
1.984858512878417969e-02 7.185459136962890625e-03
2.115750312805175781e-02 6.521940231323242188e-03
1.339221000671386719e-02 4.058361053466796875e-03
1.156616210937500000e-02 3.997802734375000000e-03
1.659035682678222656e-02 3.998756408691406250e-03
1.089215278625488281e-02 3.968715667724609375e-03
1.384139060974121094e-02 4.759788513183593750e-03
1.134610176086425781e-02 5.640268325805664062e-03
2.051043510437011719e-02 7.072448730468750000e-03
1.495218276977539062e-02 8.246183395385742188e-03
1.314663887023925781e-02 4.361391067504882812e-03
1.101541519165039062e-02 3.973245620727539062e-03
2.008581161499023438e-02 6.583690643310546875e-03
1.671791076660156250e-02 5.450725555419921875e-03
1.598930358886718750e-02 4.000902175903320312e-03
1.095867156982421875e-02 3.963708877563476562e-03
2.110981941223144531e-02 6.674766540527343750e-03
1.753664016723632812e-02 4.397630691528320312e-03
1.164603233337402344e-02 3.429889678955078125e-03
1.922845840454101562e-02 6.301879882812500000e-03
1.751899719238281250e-02 4.099607467651367188e-03
1.147294044494628906e-02 4.140377044677734375e-03
1.964926719665527344e-02 7.124662399291992188e-03
1.820302009582519531e-02 6.576299667358398438e-03
1.942682266235351562e-02 6.501674652099609375e-03
1.095414161682128906e-02 3.777742385864257812e-03
1.226830482482910156e-02 3.925800323486328125e-03
1.108074188232421875e-02 3.857851028442382812e-03
2.064394950866699219e-02 6.210803985595703125e-03
1.241636276245117188e-02 3.668308258056640625e-03
2.144646644592285156e-02 6.629943847656250000e-03
1.824569702148437500e-02 5.449295043945312500e-03
1.474285125732421875e-02 4.874706268310546875e-03
1.241254806518554688e-02 4.328727722167968750e-03
1.900219917297363281e-02 4.223823547363281250e-03
1.163935661315917969e-02 4.000425338745117188e-03
1.879906654357910156e-02 6.678104400634765625e-03
1.202487945556640625e-02 4.143476486206054688e-03
2.091193199157714844e-02 6.865978240966796875e-03
1.722550392150878906e-02 5.625247955322265625e-03
1.850199699401855469e-02 6.188392639160156250e-03
1.570677757263183594e-02 4.563808441162109375e-03
1.316452026367187500e-02 4.100084304809570312e-03
1.174592971801757812e-02 4.101753234863281250e-03
1.186561584472656250e-02 3.799200057983398438e-03
1.587319374084472656e-02 3.799676895141601562e-03
1.931118965148925781e-02 6.839036941528320312e-03
1.201248168945312500e-02 3.678083419799804688e-03
2.149724960327148438e-02 7.082939147949218750e-03
1.163530349731445312e-02 4.034280776977539062e-03
2.090048789978027344e-02 6.665229797363281250e-03
1.546692848205566406e-02 3.684759140014648438e-03
2.125430107116699219e-02 6.733655929565429688e-03
1.901412010192871094e-02 6.297349929809570312e-03
1.215147972106933594e-02 4.151582717895507812e-03
1.588487625122070312e-02 7.065296173095703125e-03
1.676487922668457031e-02 4.886865615844726562e-03
1.329922676086425781e-02 4.091501235961914062e-03
2.102875709533691406e-02 4.186868667602539062e-03
1.199316978454589844e-02 4.890918731689453125e-03
1.721835136413574219e-02 6.933689117431640625e-03
2.232360839843750000e-02 7.244586944580078125e-03
2.079129219055175781e-02 7.964611053466796875e-03
1.997375488281250000e-02 5.647897720336914062e-03
1.280069351196289062e-02 4.115343093872070312e-03
1.450300216674804688e-02 4.432439804077148438e-03
1.703476905822753906e-02 4.459857940673828125e-03
1.782870292663574219e-02 6.774187088012695312e-03
1.080679893493652344e-02 2.309036254882812500e-02
1.276493072509765625e-02 5.659818649291992188e-03
1.830315589904785156e-02 6.234169006347656250e-03
1.884746551513671875e-02 6.438255310058593750e-03
1.117968559265136719e-02 3.841876983642578125e-03
1.139807701110839844e-02 3.898620605468750000e-03
2.139925956726074219e-02 6.831645965576171875e-03
1.705217361450195312e-02 3.703832626342773438e-03
1.825022697448730469e-02 3.759860992431640625e-03
1.024699211120605469e-02 3.646135330200195312e-03
1.526761054992675781e-02 5.282878875732421875e-03
1.353907585144042969e-02 4.639387130737304688e-03
1.968002319335937500e-02 6.366968154907226562e-03
1.321339607238769531e-02 3.816127777099609375e-03
1.064205169677734375e-02 5.880355834960937500e-03
1.767563819885253906e-02 6.139755249023437500e-03
1.034903526306152344e-02 3.491640090942382812e-03
9.928464889526367188e-03 3.547906875610351562e-03
1.928901672363281250e-02 6.055116653442382812e-03
1.436781883239746094e-02 3.663301467895507812e-03
1.904678344726562500e-02 6.409645080566406250e-03
1.706051826477050781e-02 6.804466247558593750e-03
1.103305816650390625e-02 3.825902938842773438e-03
1.743030548095703125e-02 6.467819213867187500e-03
1.146817207336425781e-02 3.873586654663085938e-03
1.086711883544921875e-02 3.917217254638671875e-03
1.253414154052734375e-02 4.222631454467773438e-03
1.126575469970703125e-02 3.886222839355468750e-03
1.948690414428710938e-02 6.700754165649414062e-03
1.090097427368164062e-02 3.722190856933593750e-03
1.112699508666992188e-02 3.887414932250976562e-03
1.061797142028808594e-02 3.727674484252929688e-03
1.073384284973144531e-02 3.403186798095703125e-03
1.292991638183593750e-02 7.455825805664062500e-03
1.813268661499023438e-02 3.805637359619140625e-03
1.019716262817382812e-02 3.354787826538085938e-03
1.091217994689941406e-02 3.808736801147460938e-03
1.116156578063964844e-02 3.818988800048828125e-03
9.602785110473632812e-03 3.306388854980468750e-03
1.134228706359863281e-02 3.771543502807617188e-03
1.940083503723144531e-02 3.922700881958007812e-03
1.080632209777832031e-02 3.338813781738281250e-03
1.836037635803222656e-02 5.730628967285156250e-03
1.106476783752441406e-02 3.707885742187500000e-03
1.109671592712402344e-02 3.781795501708984375e-03
1.170611381530761719e-02 3.742456436157226562e-03
9.826898574829101562e-03 3.235816955566406250e-03
1.555776596069335938e-02 8.039712905883789062e-03
1.723194122314453125e-02 5.716562271118164062e-03
1.945829391479492188e-02 7.369995117187500000e-03
1.073932647705078125e-02 3.689289093017578125e-03
1.924681663513183594e-02 6.060123443603515625e-03
1.562833786010742188e-02 4.311323165893554688e-03
1.226687431335449219e-02 3.961086273193359375e-03
1.037526130676269531e-02 3.175258636474609375e-03
9.857177734375000000e-03 3.564119338989257812e-03
1.951384544372558594e-02 6.273508071899414062e-03
1.964449882507324219e-02 6.395339965820312500e-03
1.050019264221191406e-02 3.629207611083984375e-03
1.216459274291992188e-02 3.942251205444335938e-03
1.172661781311035156e-02 4.097700119018554688e-03
3.084373474121093750e-02 9.092092514038085938e-03
1.075887680053710938e-02 3.592014312744140625e-03
3.060889244079589844e-02 9.261846542358398438e-03
