5.594460475695857138e-01
9.248694086891565691e-01
1.870731730654848546e+00
1.121160249361230044e+00
6.516775107014708412e-01
1.122818410910424003e+00
7.629008434143372819e-01
9.885814892070083904e-01
1.119500679351013384e+00
5.483951727875422399e-01
1.112913991758726961e+00
6.911975978579286695e-01
4.320887654271442280e+00
7.344390668084398444e-01
1.163136523344311390e+00
1.157171559701556385e+00
1.513236379832212597e+00
6.709085666635807854e-01
4.337713877801841478e-01
6.492959161316903538e-01
6.856707338817740194e-01
6.334262756746916745e-01
1.355538247298293753e+00
4.960109276848232995e-01
1.505501800873866536e+00
8.966023759652598235e-01
1.503290303906468450e+00
1.181383375765492127e+00
2.931348660893285274e+00
3.818395574632956091e+00
2.872207149162892659e+00
4.716279037743551505e+00
2.748142465137260348e+00
3.075371334010923885e+00
8.441496433772709418e-01
4.336253083225486415e-01
6.082592052406264882e-01
2.406699651792488570e+00
2.116227877013734382e+00
2.985998441608457288e-01
3.175745071810866516e-01
2.816404116191543405e+00
1.967091624276193107e+00
2.218045088672824239e+00
2.905908229372098361e+00
7.850150609071274710e-01
2.013572011496770564e+00
2.263219017454889403e+00
1.149574857294342278e+00
1.262359635925389911e+00
2.135708361022211399e+00
3.947326817512212038e+00
2.336769818972198376e+00
2.592313931729553378e+00
7.096271013284127793e-01
6.386431674126299418e-01
8.462227971942710703e-01
8.334491079991627194e-01
1.282616353380538587e+00
4.946518509218678084e-01
6.055270960626242704e+00
3.125717310780833369e-01
2.330246891027984546e+00
1.138897986673650831e+00
1.118720999811159800e+00
6.197906651921930354e+00
2.575060964308600209e+00
7.290543875347108571e-01
1.613487534625940301e+00
1.740304804769692959e+00
1.932339659932028608e+00
2.080166889259370766e+00
1.788312454290991838e+01
1.542092729091231407e+00
7.765403360762919149e-01
1.133657565787233867e+00
1.527750671045821562e+01
1.708149805668588206e+00
9.257993868305269825e-01
3.574652190058764667e+00
1.221270801612354262e+01
6.134829981161958656e+00
4.618012837569816398e+00
6.086244629474991008e+00
3.640986742909332996e+00
3.071157039380993492e+00
3.406410046332338570e+00
3.253822112793988364e+00
3.897039370048475337e+00
6.793400004452089247e-01
3.353323912073024271e+00
3.190772425084476005e+00
7.149251307650406062e+00
5.060425294423746223e+00
2.206527882705185295e+00
4.254553016651577479e+00
2.472612797460441048e+00
5.004726646643678833e+00
3.570966611850515005e+00
4.034176319249285214e+00
5.110104068147889311e-01
4.024247675183016071e+00
3.434587086316765792e+00
4.335398500549024092e+00
4.670635010825631817e+00
3.684437853344249447e+00
1.994649411498122360e+00
2.706727360200369414e+00
4.379545479011981435e+00
4.187491996996826060e+00
4.305959453019442940e+00
1.185978152195400481e+00
5.709227264627323439e-01
2.937667474845832238e+00
3.515949046574422088e+00
4.039822748668222552e+00
3.200935186429947787e+00
4.635256526550399769e+00
6.412744040927131906e+00
3.866817498037268930e+00
3.574553519365062382e+00
5.459218703669409756e+00
8.004973937628662384e+00
8.127465709962335971e-01
3.965487476427430380e+00
2.963393324626291125e+00
3.516477367515757457e+00
6.469163039953826910e+00
5.251628475247669847e+00
5.674895916919259875e+00
4.384311497229913535e+00
3.775054916334368293e+00
4.144761118046965009e+00
3.226024428778484054e+00
1.018889460454213802e+00
2.851260285981580100e+00
2.769201372853983489e+00
9.466320736865838636e-01
5.964106279430420043e-01
4.747868492701469378e+00
4.575614761441276990e+00
3.909996351255757396e+00
3.131912006000709070e+00
1.745175998730950795e+01
3.875354677501657186e+00
9.759385400130720090e-01
4.340280161969589656e+00
3.601110976068217617e+00
3.740281677777360869e+00
1.642784576925565565e+00
2.696071201999250100e+00
3.642312859555688842e+00
1.272443069759955137e+00
3.397953773577773173e+00
2.124164331638686676e+00
5.118544805403699272e+00
1.226964435857559321e+00
6.879340175024128978e-01
3.860994717367968843e+00
5.372029432433669704e+00
4.779246480573452693e+00
8.864082884250159555e-01
3.395246012149081061e+00
4.851112848117687726e+00
5.626998297179057751e+00
4.770510770035965464e+00
5.348598790629423227e+00
8.494261731606203014e-01
2.997948642612923820e+00
3.740576205363804085e+00
3.724666747465196881e+00
6.648942426732155297e+00
7.137507627760028228e+00
4.996888869930632637e+00
2.367488574193500561e+00
3.411501463659349032e+00
3.693976158754706862e+00
4.436140669316525731e+00
8.492382128723471313e-01
4.712493796477853714e+00
2.209442957571608801e+01
5.830063307949713725e+00
3.699214865786620177e+00
1.408089779159888755e+00
4.352766435596032935e+00
1.249613361834627234e+00
5.893198167266855414e+00
5.181765886963522583e+00
3.509736613269985650e+00
8.266103118018097717e-01
3.342199065491084031e+00
1.638890632393512181e+00
6.368528823412195061e-01
3.230428075176947189e+00
1.626414797546639646e+00
2.570759058335759573e+00
1.502233899012607177e+00
4.203207870555424996e+00
2.732320138069125104e+00
2.728436638643414458e+00
6.978163516433353308e-01
1.393713452166735811e+00
3.666336066493203649e+00
2.561450364638144794e+00
4.740830649441976519e+00
3.262172606883978254e+00
5.606393151479521997e+00
4.737863936114226071e+00
1.509429362122012508e+00
3.489126352743763704e+00
4.057761711842966967e+00
5.516478278353924569e-01
2.457504272501699560e+00
3.850603770962950367e+00
3.512301152491884348e+00
2.785708609235312494e+00
3.243630982307740940e+00
4.196637589488624975e+00
2.720035543858517091e+00
3.048455679621628445e+00
4.459248302589892354e+00
6.089710807467156428e+00
1.032061582700116054e+00
1.177929074480200677e+00
3.762252845992736017e+00
4.805824738503761573e+00
3.380672579423942725e+00
4.955615998956960588e+00
4.494230799677377597e+00
3.199838605824625315e+00
4.244718325502249812e+00
4.021398283524167283e+00
3.324231194617746965e+00
4.087151552854042968e+00
5.994933606774712764e-01
3.489210218875949732e+00
2.894115582108416795e+00
2.460835156456876671e+00
4.651585589393782527e+00
4.275993350735022958e+00
9.320746939256832064e+00
5.696239777849067210e+00
3.079525580127910445e+00
4.996932767161209377e+00
4.819280481597425059e+00
5.710644912719280430e-01
3.056017879856186781e+00
2.380951961072838241e+00
2.340481350080053868e+00
3.748708764872723531e+00
4.341572585552924579e+00
5.893317808083975429e+00
1.634310544755528394e+00
4.858796102477831447e+00
4.260781829054555381e+00
9.390473562220172932e-01
1.611524022567114356e+00
8.916938689860068878e-01
1.379736594667546390e+00
1.718476100291782549e+00
1.422957484673486261e+00
1.883469231327781879e+00
1.828589493267957833e+00
2.901919281395365369e-01
1.144392169413539495e+00
6.570082582584270137e-01
3.105152385868013565e-01
9.342898053402166614e-01
8.322701917874776312e-01
2.013667604000864308e+00
1.966328220649148140e+00
1.871914422602398265e+00
7.801991154473931767e-01
1.413158383509161009e+00
1.312081239964303592e+00
7.189657355762797408e-01
1.247469972190067056e+00
1.106447507100399186e+00
7.363729704367195650e-01
1.737051189272252660e+00
5.227035555212826701e-01
1.156641591576802686e+00
1.102561071180841790e+00
1.421054435071398725e+00
1.208925484775359438e+00
1.702338073173349065e+00
1.362821321068222291e+00
2.250687007695059361e+00
6.334336801828961416e-01
1.408110834107939358e+00
1.000638973270547183e+00
3.447972330919294226e+00
9.259140288381164652e-01
1.276528483590096519e+00
7.461668814729441879e-01
1.037344327512654152e+00
3.208093050159156245e+00
9.366698788824998623e-01
1.103966194645151111e+00
1.524410665539589260e+00
1.892681156583459146e+00
1.190686426207851412e+01
8.824835257773483432e-01
7.983894111919269676e-01
1.702295518265200647e+00
3.261031547530746089e+00
1.949654295101888923e+00
2.591817169668494181e+00
1.628986882460218499e+00
7.694032180637387919e-01
1.257546877123271178e+00
7.441121031233928207e-01
1.346752795816712478e+00
1.106649210656184934e+00
1.029042884022097537e+00
8.659146165079898427e-01
7.198363253588075938e-01
1.995559491710346967e+00
1.695766163310069352e+00
1.139311648356900353e+00
1.110327991545185577e+00
1.663946345377284475e+00
1.177553983812133831e+00
9.314998335193215295e-01
1.086433077389052704e+00
8.215109003440680402e-01
9.529477356343926120e-01
1.391801590552796508e+00
1.636031303432619266e+00
1.296786095893608604e+00
8.619635041326553226e-01
1.890052529301912587e+00
1.624256402063931626e+00
1.573006123105660015e+00
5.484480491672136804e-01
2.156401122517813462e+00
9.969822723241889006e-01
6.287613682421875350e-01
6.726552338995424041e-01
1.546230290111548999e+00
1.585895300068863145e+00
5.195882071280721881e-01
1.235635670023284449e+00
2.032808608183347854e+00
1.008727086255210237e+00
3.625152321867580185e-01
1.176951543467235295e+00
1.333315666813341238e+00
9.072484721285796194e-01
1.210054688619638386e+00
5.860110805787153154e-01
7.500322812821257346e-01
6.590094573883266138e-01
8.192503237081106837e-01
6.314349739237087311e-01
6.976368081267934063e-01
6.231959766096611952e-01
1.353090849055549327e+00
1.469043634258061282e+00
2.389182333970222949e+00
6.015610449113689695e-01
3.566552356644849819e-01
6.389287032776654884e-01
1.178872375229695457e+00
1.120119252876086380e+00
6.599659889050282224e-01
1.834862490095516385e+00
9.122209425297757024e-01
1.205188298387378065e+00
1.096774557430689745e+00
9.531285852041372353e-01
3.071000369770100491e-01
9.653220456145339412e-01
4.866073400699492124e-01
1.349500709072808613e+00
1.468883737342673523e+00
1.312407929744132673e+00
8.900084277919537712e-01
8.063354215223006438e-01
6.069468984109480658e-01
6.093594922009076820e-01
1.209696796030938826e+00
4.583743396739157205e+00
5.747509983801418754e-01
1.104032109601142508e+00
1.427494754762929308e+00
6.653149038392410786e-01
9.715939991733135717e-01
1.735720452811549075e+00
1.058593757614099795e+00
8.774327436740287922e-01
6.876352742427443987e-01
7.361255214678098513e-01
4.267818046717749558e-01
5.390542616256501773e-01
8.591037184391985271e-01
7.801727855564214442e-01
2.487832426205823122e+00
1.412560906629175994e+00
9.047467300970625237e-01
3.005918038917373969e-01
7.260883594305662658e-01
8.314274867209822117e-01
6.044829277081757990e-01
7.202296549050963836e-01
6.382345412180931987e-01
8.536925396641136254e-01
6.186945374776352535e-01
6.937820288532701163e-01
6.649420444099715111e-01
1.979069498051294840e+00
5.798367069908405558e-01
3.887531330875969582e-01
1.133694848644172692e+00
