1.818823814392089844e-02 9.029626846313476562e-03
1.529836654663085938e-02 7.133245468139648438e-03
1.843667030334472656e-02 9.810924530029296875e-03
1.377201080322265625e-02 5.799293518066406250e-03
1.925587654113769531e-02 9.295701980590820312e-03
1.554632186889648438e-02 1.040148735046386719e-02
1.136946678161621094e-02 5.239009857177734375e-03
1.843523979187011719e-02 9.210824966430664062e-03
1.323628425598144531e-02 4.113435745239257812e-03
1.594543457031250000e-02 8.186817169189453125e-03
1.573562622070312500e-02 8.113861083984375000e-03
1.581668853759765625e-02 1.054930686950683594e-02
1.099658012390136719e-02 5.373716354370117188e-03
1.298618316650390625e-02 5.932331085205078125e-03
7.488489151000976562e-03 3.285884857177734375e-03
1.198267936706542969e-02 5.477190017700195312e-03
1.101779937744140625e-02 7.342815399169921875e-03
1.364612579345703125e-02 6.263494491577148438e-03
9.796857833862304688e-03 5.074262619018554688e-03
1.512908935546875000e-02 5.122900009155273438e-03
9.763956069946289062e-03 4.657745361328125000e-03
7.859468460083007812e-03 3.730058670043945312e-03
6.752729415893554688e-03 2.846479415893554688e-03
9.400367736816406250e-03 3.911018371582031250e-03
6.588935852050781250e-03 2.885580062866210938e-03
1.013731956481933594e-02 4.989147186279296875e-03
1.126646995544433594e-02 5.651235580444335938e-03
1.003575325012207031e-02 5.146741867065429688e-03
1.082777976989746094e-02 5.526781082153320312e-03
1.518464088439941406e-02 8.779287338256835938e-03
7.413625717163085938e-03 6.891727447509765625e-03
2.080917358398437500e-02 9.406566619873046875e-03
9.239673614501953125e-03 4.914045333862304688e-03
7.270097732543945312e-03 3.404140472412109375e-03
1.135802268981933594e-02 4.028081893920898438e-03
9.515762329101562500e-03 5.072116851806640625e-03
7.346153259277343750e-03 3.481388092041015625e-03
1.127648353576660156e-02 8.619546890258789062e-03
1.057982444763183594e-02 5.529165267944335938e-03
1.580429077148437500e-02 5.228519439697265625e-03
1.001000404357910156e-02 4.596710205078125000e-03
6.708145141601562500e-03 3.133535385131835938e-03
8.590936660766601562e-03 4.264593124389648438e-03
1.522803306579589844e-02 7.111787796020507812e-03
7.760286331176757812e-03 3.604650497436523438e-03
1.110434532165527344e-02 6.245851516723632812e-03
1.584362983703613281e-02 5.416631698608398438e-03
1.645946502685546875e-02 8.580923080444335938e-03
7.142782211303710938e-03 3.593444824218750000e-03
7.500410079956054688e-03 6.493806838989257812e-03
1.582169532775878906e-02 7.750988006591796875e-03
1.295351982116699219e-02 6.082296371459960938e-03
8.598804473876953125e-03 4.399776458740234375e-03
1.080846786499023438e-02 4.912137985229492188e-03
8.970260620117187500e-03 4.287958145141601562e-03
1.229834556579589844e-02 6.244659423828125000e-03
7.415294647216796875e-03 3.319740295410156250e-03
1.481676101684570312e-02 6.980657577514648438e-03
9.516716003417968750e-03 4.904985427856445312e-03
8.503913879394531250e-03 4.389286041259765625e-03
8.820056915283203125e-03 4.397153854370117188e-03
9.745597839355468750e-03 4.878997802734375000e-03
1.437759399414062500e-02 6.869792938232421875e-03
8.269548416137695312e-03 4.415273666381835938e-03
8.452892303466796875e-03 4.236221313476562500e-03
8.849859237670898438e-03 4.780769348144531250e-03
1.523947715759277344e-02 7.804155349731445312e-03
1.189184188842773438e-02 5.218267440795898438e-03
8.772850036621093750e-03 5.265235900878906250e-03
1.462984085083007812e-02 6.913661956787109375e-03
9.618997573852539062e-03 4.688262939453125000e-03
7.280111312866210938e-03 3.602981567382812500e-03
1.683092117309570312e-02 7.708787918090820312e-03
1.127862930297851562e-02 5.797147750854492188e-03
1.368641853332519531e-02 6.348133087158203125e-03
1.230001449584960938e-02 6.325721740722656250e-03
8.890867233276367188e-03 4.556417465209960938e-03
8.825302124023437500e-03 6.080150604248046875e-03
7.259607315063476562e-03 3.541707992553710938e-03
7.602453231811523438e-03 4.282712936401367188e-03
1.238393783569335938e-02 6.424903869628906250e-03
1.732230186462402344e-02 8.833646774291992188e-03
1.188492774963378906e-02 4.415512084960937500e-03
5.995035171508789062e-03 2.884626388549804688e-03
1.063036918640136719e-02 5.064964294433593750e-03
8.713960647583007812e-03 4.528045654296875000e-03
1.098203659057617188e-02 4.992961883544921875e-03
1.135492324829101562e-02 5.477666854858398438e-03
1.133704185485839844e-02 5.770444869995117188e-03
7.972002029418945312e-03 4.053354263305664062e-03
1.302909851074218750e-02 6.393671035766601562e-03
8.823633193969726562e-03 4.761695861816406250e-03
1.126027107238769531e-02 4.304885864257812500e-03
1.867723464965820312e-02 1.420092582702636719e-02
1.759052276611328125e-02 8.835077285766601562e-03
2.244758605957031250e-02 1.129913330078125000e-02
1.249718666076660156e-02 5.821704864501953125e-03
1.607489585876464844e-02 1.028156280517578125e-02
1.394414901733398438e-02 6.619215011596679688e-03
1.016068458557128906e-02 4.861593246459960938e-03
1.073050498962402344e-02 5.059480667114257812e-03
7.454156875610351562e-03 3.987550735473632812e-03
9.153127670288085938e-03 3.972053527832031250e-03
7.427930831909179688e-03 3.818511962890625000e-03
2.016067504882812500e-02 8.506774902343750000e-03
9.943246841430664062e-03 5.076646804809570312e-03
1.187992095947265625e-02 4.568576812744140625e-03
9.587526321411132812e-03 6.170034408569335938e-03
8.020639419555664062e-03 3.968954086303710938e-03
7.198095321655273438e-03 3.872156143188476562e-03
1.374411582946777344e-02 7.654905319213867188e-03
1.509094238281250000e-02 8.194446563720703125e-03
1.786398887634277344e-02 7.930517196655273438e-03
1.101255416870117188e-02 5.408763885498046875e-03
1.384067535400390625e-02 3.831624984741210938e-03
7.263422012329101562e-03 3.693103790283203125e-03
1.288414001464843750e-02 6.480693817138671875e-03
1.218914985656738281e-02 6.455659866333007812e-03
9.644269943237304688e-03 4.193782806396484375e-03
8.168458938598632812e-03 3.985881805419921875e-03
1.431822776794433594e-02 6.782293319702148438e-03
1.256680488586425781e-02 5.917549133300781250e-03
1.365590095520019531e-02 6.546258926391601562e-03
2.484130859375000000e-02 1.064443588256835938e-02
1.028513908386230469e-02 5.041360855102539062e-03
8.753299713134765625e-03 4.534482955932617188e-03
1.234674453735351562e-02 7.310390472412109375e-03
1.195383071899414062e-02 5.784034729003906250e-03
1.925444602966308594e-02 9.125471115112304688e-03
1.584792137145996094e-02 7.480382919311523438e-03
1.155519485473632812e-02 4.190206527709960938e-03
7.863521575927734375e-03 3.461122512817382812e-03
7.548093795776367188e-03 4.219055175781250000e-03
1.169919967651367188e-02 6.319999694824218750e-03
9.993076324462890625e-03 7.690668106079101562e-03
1.391363143920898438e-02 6.168603897094726562e-03
1.455354690551757812e-02 7.682323455810546875e-03
9.745836257934570312e-03 4.475831985473632812e-03
1.247906684875488281e-02 4.249095916748046875e-03
1.466727256774902344e-02 1.071715354919433594e-02
1.030421257019042969e-02 5.112409591674804688e-03
1.032686233520507812e-02 4.985332489013671875e-03
1.223754882812500000e-02 6.847858428955078125e-03
1.125550270080566406e-02 5.425453186035156250e-03
1.420545578002929688e-02 6.706237792968750000e-03
1.561689376831054688e-02 9.090185165405273438e-03
1.061177253723144531e-02 4.980802536010742188e-03
9.489297866821289062e-03 4.955530166625976562e-03
1.465296745300292969e-02 7.593154907226562500e-03
8.827447891235351562e-03 4.408359527587890625e-03
1.660037040710449219e-02 8.563518524169921875e-03
1.533412933349609375e-02 8.386373519897460938e-03
1.874184608459472656e-02 5.090475082397460938e-03
8.664846420288085938e-03 4.806995391845703125e-03
9.271621704101562500e-03 4.842519760131835938e-03
8.692026138305664062e-03 4.633665084838867188e-03
1.073408126831054688e-02 4.772663116455078125e-03
8.629798889160156250e-03 4.715442657470703125e-03
8.290052413940429688e-03 4.316568374633789062e-03
7.024765014648437500e-03 3.674030303955078125e-03
1.583313941955566406e-02 7.588624954223632812e-03
1.249265670776367188e-02 6.658554077148437500e-03
1.610803604125976562e-02 7.846593856811523438e-03
1.386857032775878906e-02 6.736993789672851562e-03
1.704192161560058594e-02 7.777929306030273438e-03
1.577115058898925781e-02 1.029729843139648438e-02
1.553058624267578125e-02 8.023023605346679688e-03
1.437282562255859375e-02 6.895780563354492188e-03
1.854538917541503906e-02 9.630441665649414062e-03
1.714468002319335938e-02 9.108304977416992188e-03
1.862835884094238281e-02 1.077389717102050781e-02
1.579403877258300781e-02 8.531570434570312500e-03
1.480937004089355469e-02 6.611108779907226562e-03
9.866714477539062500e-03 5.083322525024414062e-03
1.490139961242675781e-02 6.910085678100585938e-03
1.401782035827636719e-02 6.278753280639648438e-03
1.390171051025390625e-02 6.934404373168945312e-03
1.288747787475585938e-02 6.296396255493164062e-03
1.643991470336914062e-02 7.531404495239257812e-03
1.096558570861816406e-02 5.130290985107421875e-03
1.171541213989257812e-02 5.095720291137695312e-03
8.988142013549804688e-03 4.562616348266601562e-03
9.147405624389648438e-03 3.546714782714843750e-03
7.129669189453125000e-03 3.247022628784179688e-03
1.155948638916015625e-02 5.004644393920898438e-03
9.116888046264648438e-03 4.386901855468750000e-03
1.126646995544433594e-02 4.860401153564453125e-03
9.226799011230468750e-03 4.621505737304687500e-03
1.044225692749023438e-02 4.825592041015625000e-03
1.396989822387695312e-02 6.191492080688476562e-03
1.102161407470703125e-02 5.555152893066406250e-03
9.991407394409179688e-03 5.060672760009765625e-03
1.304602622985839844e-02 6.033658981323242188e-03
1.339507102966308594e-02 6.949663162231445312e-03
9.294986724853515625e-03 4.317522048950195312e-03
1.084542274475097656e-02 8.378028869628906250e-03
8.571386337280273438e-03 3.842830657958984375e-03
9.700536727905273438e-03 5.115747451782226562e-03
9.324789047241210938e-03 4.293680191040039062e-03
1.075696945190429688e-02 4.814624786376953125e-03
1.136159896850585938e-02 5.767583847045898438e-03
1.020503044128417969e-02 5.243301391601562500e-03
7.899761199951171875e-03 4.023790359497070312e-03
8.002042770385742188e-03 4.575490951538085938e-03
1.369309425354003906e-02 4.164457321166992188e-03
7.384777069091796875e-03 3.795862197875976562e-03
9.539365768432617188e-03 4.656791687011718750e-03
9.120941162109375000e-03 4.328250885009765625e-03
1.117634773254394531e-02 5.352497100830078125e-03
9.613752365112304688e-03 6.173849105834960938e-03
9.518861770629882812e-03 4.473209381103515625e-03
9.194374084472656250e-03 4.503250122070312500e-03
7.769584655761718750e-03 3.833532333374023438e-03
7.433414459228515625e-03 4.000186920166015625e-03
7.805824279785156250e-03 3.951072692871093750e-03
8.136034011840820312e-03 3.873825073242187500e-03
9.859561920166015625e-03 4.565000534057617188e-03
6.369590759277343750e-03 2.971887588500976562e-03
6.540298461914062500e-03 2.964019775390625000e-03
6.278991699218750000e-03 2.653121948242187500e-03
7.768154144287109375e-03 3.436565399169921875e-03
6.992578506469726562e-03 3.241300582885742188e-03
9.047746658325195312e-03 4.933118820190429688e-03
8.330583572387695312e-03 4.299879074096679688e-03
6.549835205078125000e-03 2.769708633422851562e-03
5.799055099487304688e-03 2.689599990844726562e-03
6.084203720092773438e-03 2.749919891357421875e-03
5.550146102905273438e-03 2.715349197387695312e-03
6.512880325317382812e-03 2.747058868408203125e-03
5.772590637207031250e-03 2.610206604003906250e-03
6.237745285034179688e-03 2.771854400634765625e-03
7.127285003662109375e-03 2.971410751342773438e-03
6.526708602905273438e-03 2.719402313232421875e-03
5.945205688476562500e-03 2.694606781005859375e-03
1.102805137634277344e-02 5.421638488769531250e-03
6.716012954711914062e-03 3.468275070190429688e-03
6.584882736206054688e-03 2.806901931762695312e-03
7.860660552978515625e-03 4.766941070556640625e-03
6.056070327758789062e-03 2.633810043334960938e-03
5.949020385742187500e-03 2.643823623657226562e-03
5.987167358398437500e-03 2.617359161376953125e-03
5.840539932250976562e-03 2.602815628051757812e-03
1.217627525329589844e-02 2.957582473754882812e-03
5.983829498291015625e-03 2.893209457397460938e-03
6.803750991821289062e-03 2.750158309936523438e-03
7.974624633789062500e-03 7.237911224365234375e-03
6.050825119018554688e-03 2.589702606201171875e-03
5.311250686645507812e-03 2.697706222534179688e-03
6.168365478515625000e-03 2.714633941650390625e-03
5.944967269897460938e-03 2.673625946044921875e-03
6.779909133911132812e-03 2.906560897827148438e-03
6.030082702636718750e-03 2.743482589721679688e-03
6.338357925415039062e-03 2.648830413818359375e-03
5.799531936645507812e-03 2.715587615966796875e-03
6.198167800903320312e-03 2.796649932861328125e-03
5.637407302856445312e-03 2.660989761352539062e-03
9.001493453979492188e-03 4.328489303588867188e-03
5.840778350830078125e-03 2.701759338378906250e-03
6.562709808349609375e-03 2.685546875000000000e-03
5.556821823120117188e-03 2.621889114379882812e-03
6.184577941894531250e-03 2.755403518676757812e-03
5.793571472167968750e-03 2.670764923095703125e-03
7.115364074707031250e-03 3.123998641967773438e-03
6.248235702514648438e-03 2.711057662963867188e-03
7.272243499755859375e-03 3.547430038452148438e-03
7.297515869140625000e-03 3.044605255126953125e-03
6.070613861083984375e-03 2.702713012695312500e-03
8.553266525268554688e-03 4.434108734130859375e-03
1.253771781921386719e-02 5.372285842895507812e-03
1.044249534606933594e-02 5.185365676879882812e-03
6.307363510131835938e-03 2.702951431274414062e-03
5.888223648071289062e-03 2.670049667358398438e-03
6.151676177978515625e-03 2.742290496826171875e-03
6.119251251220703125e-03 2.673625946044921875e-03
6.181240081787109375e-03 2.684116363525390625e-03
5.681991577148437500e-03 2.656936645507812500e-03
6.786584854125976562e-03 2.839803695678710938e-03
6.206512451171875000e-03 2.874135971069335938e-03
1.527237892150878906e-02 4.754304885864257812e-03
6.606578826904296875e-03 2.957344055175781250e-03
6.450891494750976562e-03 2.768993377685546875e-03
5.717754364013671875e-03 2.756118774414062500e-03
6.088972091674804688e-03 2.681732177734375000e-03
5.845069885253906250e-03 2.614498138427734375e-03
6.438255310058593750e-03 2.769470214843750000e-03
5.775213241577148438e-03 2.692222595214843750e-03
1.209330558776855469e-02 5.146026611328125000e-03
9.740829467773437500e-03 4.440546035766601562e-03
6.046056747436523438e-03 2.677202224731445312e-03
6.871938705444335938e-03 3.503322601318359375e-03
6.793975830078125000e-03 3.135204315185546875e-03
6.257295608520507812e-03 3.247976303100585938e-03
8.007764816284179688e-03 4.172086715698242188e-03
9.262084960937500000e-03 5.415916442871093750e-03
7.984638214111328125e-03 4.161834716796875000e-03
6.918191909790039062e-03 3.775596618652343750e-03
7.228612899780273438e-03 3.851413726806640625e-03
6.984233856201171875e-03 3.854513168334960938e-03
9.470462799072265625e-03 5.378723144531250000e-03
1.152133941650390625e-02 4.913806915283203125e-03
7.608413696289062500e-03 3.865480422973632812e-03
7.291793823242187500e-03 3.931045532226562500e-03
8.315801620483398438e-03 5.227088928222656250e-03
1.227974891662597656e-02 6.883144378662109375e-03
1.530599594116210938e-02 7.308483123779296875e-03
1.069092750549316406e-02 5.381107330322265625e-03
1.570820808410644531e-02 7.393360137939453125e-03
8.592128753662109375e-03 3.979444503784179688e-03
7.339954376220703125e-03 3.868103027343750000e-03
6.500244140625000000e-03 3.637313842773437500e-03
8.989095687866210938e-03 4.829645156860351562e-03
1.344347000122070312e-02 7.725477218627929688e-03
6.441354751586914062e-03 3.108501434326171875e-03
6.501436233520507812e-03 3.368139266967773438e-03
7.775068283081054688e-03 3.553152084350585938e-03
8.946180343627929688e-03 4.812240600585937500e-03
1.633238792419433594e-02 1.004028320312500000e-02
1.642107963562011719e-02 4.884481430053710938e-03
1.760339736938476562e-02 1.017618179321289062e-02
9.998559951782226562e-03 5.830526351928710938e-03
1.300501823425292969e-02 5.445003509521484375e-03
1.126003265380859375e-02 5.449056625366210938e-03
1.272201538085937500e-02 6.631374359130859375e-03
1.369476318359375000e-02 4.457712173461914062e-03
1.183247566223144531e-02 6.201028823852539062e-03
6.434679031372070312e-03 3.002882003784179688e-03
9.081125259399414062e-03 4.725694656372070312e-03
7.770061492919921875e-03 3.751993179321289062e-03
1.341891288757324219e-02 5.855321884155273438e-03
7.386445999145507812e-03 3.479719161987304688e-03
1.426124572753906250e-02 6.642580032348632812e-03
1.193332672119140625e-02 5.733966827392578125e-03
1.395654678344726562e-02 5.945920944213867188e-03
1.199769973754882812e-02 5.537748336791992188e-03
1.329350471496582031e-02 6.489276885986328125e-03
6.905078887939453125e-03 3.381967544555664062e-03
1.187539100646972656e-02 5.865573883056640625e-03
1.425480842590332031e-02 6.652593612670898438e-03
1.162743568420410156e-02 5.716085433959960938e-03
1.362943649291992188e-02 6.474256515502929688e-03
1.471638679504394531e-02 7.745742797851562500e-03
7.136106491088867188e-03 3.461360931396484375e-03
7.776021957397460938e-03 3.766775131225585938e-03
1.403117179870605469e-02 6.711244583129882812e-03
9.761095046997070312e-03 4.873037338256835938e-03
1.282596588134765625e-02 5.848646163940429688e-03
1.831698417663574219e-02 9.911060333251953125e-03
1.294875144958496094e-02 5.995988845825195312e-03
1.162886619567871094e-02 4.890918731689453125e-03
1.600503921508789062e-02 7.071495056152343750e-03
1.874589920043945312e-02 1.017951965332031250e-02
1.109313964843750000e-02 5.967617034912109375e-03
1.091551780700683594e-02 5.246877670288085938e-03
1.171350479125976562e-02 5.238056182861328125e-03
1.362156867980957031e-02 5.710601806640625000e-03
1.902294158935546875e-02 9.863376617431640625e-03
1.698279380798339844e-02 1.013159751892089844e-02
1.054120063781738281e-02 5.795001983642578125e-03
1.627635955810546875e-02 8.169174194335937500e-03
