1.366376876831054688e-02 1.731634140014648438e-03
1.060080528259277344e-02 1.556634902954101562e-03
1.207542419433593750e-02 1.680374145507812500e-03
1.225972175598144531e-02 1.860380172729492188e-03
1.277756690979003906e-02 1.780986785888671875e-03
1.362824440002441406e-02 2.462148666381835938e-03
1.300764083862304688e-02 1.840591430664062500e-03
1.438379287719726562e-02 1.854658126831054688e-03
1.309680938720703125e-02 1.702785491943359375e-03
1.339507102966308594e-02 1.627922058105468750e-03
1.159787178039550781e-02 1.465320587158203125e-03
1.170492172241210938e-02 1.498937606811523438e-03
8.117198944091796875e-03 1.221895217895507812e-03
9.763956069946289062e-03 1.386642456054687500e-03
1.175022125244140625e-02 1.638412475585937500e-03
1.197576522827148438e-02 1.531124114990234375e-03
1.135540008544921875e-02 1.517534255981445312e-03
1.078271865844726562e-02 1.505136489868164062e-03
1.386666297912597656e-02 1.594781875610351562e-03
1.306962966918945312e-02 1.377105712890625000e-03
4.423379898071289062e-03 8.492469787597656250e-04
1.006531715393066406e-02 1.347541809082031250e-03
1.202630996704101562e-02 1.750469207763671875e-03
1.203346252441406250e-02 1.277446746826171875e-03
9.836912155151367188e-03 1.309633255004882812e-03
1.020336151123046875e-02 1.314163208007812500e-03
1.063299179077148438e-02 1.363754272460937500e-03
1.304721832275390625e-02 2.321481704711914062e-03
1.299762725830078125e-02 1.705408096313476562e-03
7.036924362182617188e-03 1.320362091064453125e-03
1.341533660888671875e-02 1.906394958496093750e-03
1.225900650024414062e-02 1.898288726806640625e-03
7.281303405761718750e-03 1.131296157836914062e-03
6.517887115478515625e-03 1.219034194946289062e-03
3.954410552978515625e-03 7.681846618652343750e-04
6.197929382324218750e-03 1.264572143554687500e-03
9.658098220825195312e-03 1.352310180664062500e-03
6.679058074951171875e-03 1.410722732543945312e-03
7.671117782592773438e-03 1.011133193969726562e-03
8.313417434692382812e-03 1.349449157714843750e-03
5.397796630859375000e-03 1.406431198120117188e-03
5.852699279785156250e-03 1.112461090087890625e-03
5.239725112915039062e-03 9.179115295410156250e-04
3.807306289672851562e-03 7.057189941406250000e-04
4.393339157104492188e-03 8.239746093750000000e-04
1.089239120483398438e-02 1.482248306274414062e-03
5.557060241699218750e-03 9.019374847412109375e-04
7.243156433105468750e-03 1.280069351196289062e-03
5.888462066650390625e-03 1.067638397216796875e-03
3.798723220825195312e-03 7.081031799316406250e-04
7.241010665893554688e-03 1.179695129394531250e-03
4.966735839843750000e-03 1.367330551147460938e-03
6.599664688110351562e-03 7.793903350830078125e-04
1.052093505859375000e-02 1.396656036376953125e-03
4.367828369140625000e-03 7.405281066894531250e-04
6.028890609741210938e-03 1.285076141357421875e-03
6.075143814086914062e-03 8.785724639892578125e-04
5.774974822998046875e-03 9.670257568359375000e-04
5.654335021972656250e-03 9.098052978515625000e-04
3.910303115844726562e-03 6.935596466064453125e-04
4.231691360473632812e-03 7.662773132324218750e-04
3.791332244873046875e-03 7.047653198242187500e-04
4.369497299194335938e-03 7.984638214111328125e-04
6.565809249877929688e-03 1.205682754516601562e-03
5.043506622314453125e-03 9.229183197021484375e-04
4.855155944824218750e-03 8.678436279296875000e-04
4.104137420654296875e-03 6.887912750244140625e-04
3.538846969604492188e-03 7.038116455078125000e-04
4.268169403076171875e-03 8.993148803710937500e-04
3.741741180419921875e-03 6.928443908691406250e-04
5.276918411254882812e-03 1.085519790649414062e-03
5.769014358520507812e-03 1.069068908691406250e-03
4.635334014892578125e-03 1.090288162231445312e-03
6.003618240356445312e-03 1.078367233276367188e-03
6.242275238037109375e-03 1.099109649658203125e-03
6.416797637939453125e-03 1.113414764404296875e-03
4.794597625732421875e-03 8.466243743896484375e-04
4.159927368164062500e-03 7.929801940917968750e-04
6.105184555053710938e-03 1.115560531616210938e-03
5.546808242797851562e-03 6.880760192871093750e-04
6.262779235839843750e-03 1.138925552368164062e-03
6.896734237670898438e-03 1.128673553466796875e-03
5.295276641845703125e-03 1.083135604858398438e-03
5.743026733398437500e-03 1.067876815795898438e-03
4.554986953735351562e-03 6.971359252929687500e-04
3.749847412109375000e-03 6.797313690185546875e-04
6.538867950439453125e-03 1.100301742553710938e-03
5.732536315917968750e-03 8.535385131835937500e-04
6.784200668334960938e-03 1.152276992797851562e-03
5.954504013061523438e-03 7.216930389404296875e-04
6.001472473144531250e-03 1.080751419067382812e-03
6.294250488281250000e-03 1.044034957885742188e-03
5.862236022949218750e-03 1.094818115234375000e-03
6.167173385620117188e-03 1.053094863891601562e-03
7.671594619750976562e-03 1.090049743652343750e-03
6.234169006347656250e-03 1.048326492309570312e-03
6.625175476074218750e-03 1.074314117431640625e-03
5.719661712646484375e-03 1.048564910888671875e-03
4.736423492431640625e-03 7.107257843017578125e-04
3.533601760864257812e-03 6.704330444335937500e-04
6.771087646484375000e-03 1.180171966552734375e-03
5.719184875488281250e-03 1.039266586303710938e-03
6.908655166625976562e-03 1.271009445190429688e-03
6.070852279663085938e-03 1.070499420166015625e-03
6.829023361206054688e-03 1.293420791625976562e-03
6.060600280761718750e-03 1.070499420166015625e-03
6.856203079223632812e-03 1.287698745727539062e-03
6.140470504760742188e-03 1.072645187377929688e-03
6.816387176513671875e-03 1.239776611328125000e-03
5.990982055664062500e-03 1.081705093383789062e-03
6.862640380859375000e-03 1.254320144653320312e-03
6.499767303466796875e-03 1.063823699951171875e-03
1.018452644348144531e-02 1.638412475585937500e-03
8.337974548339843750e-03 1.446962356567382812e-03
3.889560699462890625e-03 7.140636444091796875e-04
3.606081008911132812e-03 6.744861602783203125e-04
8.925437927246093750e-03 1.606464385986328125e-03
8.532285690307617188e-03 1.401662826538085938e-03
4.323720932006835938e-03 7.691383361816406250e-04
6.506443023681640625e-03 1.129388809204101562e-03
4.172563552856445312e-03 6.997585296630859375e-04
3.548860549926757812e-03 6.637573242187500000e-04
1.001453399658203125e-02 1.877069473266601562e-03
6.067037582397460938e-03 1.019001007080078125e-03
3.731966018676757812e-03 6.937980651855468750e-04
3.550767898559570312e-03 6.752014160156250000e-04
3.907680511474609375e-03 7.495880126953125000e-04
3.625869750976562500e-03 7.035732269287109375e-04
5.381107330322265625e-03 7.872581481933593750e-04
5.855083465576171875e-03 1.029014587402343750e-03
9.457826614379882812e-03 1.169919967651367188e-03
5.559444427490234375e-03 1.069068908691406250e-03
5.361795425415039062e-03 9.839534759521484375e-04
5.103826522827148438e-03 9.384155273437500000e-04
6.969928741455078125e-03 1.086711883544921875e-03
3.425836563110351562e-03 6.542205810546875000e-04
3.799676895141601562e-03 7.061958312988281250e-04
3.593206405639648438e-03 6.728172302246093750e-04
3.850936889648437500e-03 6.918907165527343750e-04
4.038810729980468750e-03 6.644725799560546875e-04
6.154298782348632812e-03 1.070261001586914062e-03
3.753423690795898438e-03 6.618499755859375000e-04
6.334543228149414062e-03 1.124858856201171875e-03
5.719900131225585938e-03 1.001358032226562500e-03
6.399154663085937500e-03 1.091241836547851562e-03
3.829479217529296875e-03 8.568763732910156250e-04
6.342649459838867188e-03 1.125812530517578125e-03
5.727529525756835938e-03 1.140832901000976562e-03
5.961656570434570312e-03 1.055479049682617188e-03
5.377292633056640625e-03 9.310245513916015625e-04
6.351232528686523438e-03 1.129150390625000000e-03
5.696535110473632812e-03 1.007318496704101562e-03
4.003047943115234375e-03 7.355213165283203125e-04
3.837347030639648438e-03 6.771087646484375000e-04
7.862091064453125000e-03 1.299142837524414062e-03
7.118225097656250000e-03 1.187562942504882812e-03
7.810115814208984375e-03 1.285791397094726562e-03
7.016420364379882812e-03 1.170158386230468750e-03
6.466627120971679688e-03 1.131534576416015625e-03
6.186246871948242188e-03 1.076221466064453125e-03
5.369186401367187500e-03 9.343624114990234375e-04
4.853963851928710938e-03 8.556842803955078125e-04
6.582498550415039062e-03 1.097202301025390625e-03
6.264925003051757812e-03 1.056671142578125000e-03
4.910230636596679688e-03 6.570816040039062500e-04
3.911972045898437500e-03 6.556510925292968750e-04
4.096984863281250000e-03 7.057189941406250000e-04
3.758668899536132812e-03 6.818771362304687500e-04
6.464242935180664062e-03 1.097440719604492188e-03
5.826950073242187500e-03 9.801387786865234375e-04
5.281925201416015625e-03 8.523464202880859375e-04
4.641056060791015625e-03 7.796287536621093750e-04
6.849288940429687500e-03 8.699893951416015625e-04
4.244327545166015625e-03 8.037090301513671875e-04
7.874250411987304688e-03 1.266002655029296875e-03
6.322860717773437500e-03 1.145124435424804688e-03
7.232904434204101562e-03 1.220941543579101562e-03
6.244659423828125000e-03 1.123189926147460938e-03
8.469104766845703125e-03 1.397132873535156250e-03
5.918264389038085938e-03 1.108169555664062500e-03
5.348443984985351562e-03 9.832382202148437500e-04
4.683732986450195312e-03 8.962154388427734375e-04
4.266023635864257812e-03 8.358955383300781250e-04
3.904819488525390625e-03 7.734298706054687500e-04
6.321191787719726562e-03 1.168489456176757812e-03
5.660533905029296875e-03 1.050710678100585938e-03
3.535270690917968750e-03 7.078647613525390625e-04
3.346443176269531250e-03 6.642341613769531250e-04
4.709959030151367188e-03 1.257896423339843750e-03
6.923437118530273438e-03 1.178026199340820312e-03
4.075765609741210938e-03 7.388591766357421875e-04
3.772258758544921875e-03 6.904602050781250000e-04
6.860256195068359375e-03 1.245021820068359375e-03
6.092309951782226562e-03 7.410049438476562500e-04
3.597736358642578125e-03 6.926059722900390625e-04
4.232645034790039062e-03 6.816387176513671875e-04
4.206657409667968750e-03 8.580684661865234375e-04
4.125595092773437500e-03 6.933212280273437500e-04
3.436088562011718750e-03 6.597042083740234375e-04
3.615856170654296875e-03 6.709098815917968750e-04
4.989385604858398438e-03 8.776187896728515625e-04
4.591941833496093750e-03 8.018016815185546875e-04
4.100799560546875000e-03 7.674694061279296875e-04
3.970861434936523438e-03 7.274150848388671875e-04
3.875732421875000000e-03 7.472038269042968750e-04
3.531694412231445312e-03 6.752014160156250000e-04
3.582477569580078125e-03 6.587505340576171875e-04
3.569602966308593750e-03 6.453990936279296875e-04
4.222393035888671875e-03 8.232593536376953125e-04
3.968238830566406250e-03 7.534027099609375000e-04
3.886938095092773438e-03 8.206367492675781250e-04
5.814313888549804688e-03 7.517337799072265625e-04
3.775835037231445312e-03 7.095336914062500000e-04
3.642797470092773438e-03 6.647109985351562500e-04
3.631591796875000000e-03 6.635189056396484375e-04
3.635168075561523438e-03 6.506443023681640625e-04
3.824234008789062500e-03 6.940364837646484375e-04
3.242015838623046875e-03 6.473064422607421875e-04
3.219604492187500000e-03 6.492137908935546875e-04
3.242254257202148438e-03 6.799697875976562500e-04
6.134033203125000000e-03 1.157283782958984375e-03
3.369331359863281250e-03 6.921291351318359375e-04
4.046678543090820312e-03 6.825923919677734375e-04
3.756284713745117188e-03 6.651878356933593750e-04
6.006240844726562500e-03 1.141309738159179688e-03
4.980802536010742188e-03 6.647109985351562500e-04
3.248453140258789062e-03 6.589889526367187500e-04
3.242731094360351562e-03 6.706714630126953125e-04
6.221532821655273438e-03 1.249551773071289062e-03
5.590200424194335938e-03 1.111984252929687500e-03
5.306959152221679688e-03 9.856224060058593750e-04
4.870176315307617188e-03 9.303092956542968750e-04
6.258964538574218750e-03 1.271963119506835938e-03
5.559682846069335938e-03 1.047849655151367188e-03
5.937099456787109375e-03 9.930133819580078125e-04
4.770278930664062500e-03 9.360313415527343750e-04
5.454778671264648438e-03 1.101970672607421875e-03
5.234241485595703125e-03 1.055717468261718750e-03
4.968643188476562500e-03 1.004934310913085938e-03
4.643678665161132812e-03 9.322166442871093750e-04
5.111217498779296875e-03 1.036882400512695312e-03
4.635810852050781250e-03 9.357929229736328125e-04
4.366159439086914062e-03 8.876323699951171875e-04
4.172086715698242188e-03 8.454322814941406250e-04
4.605293273925781250e-03 9.279251098632812500e-04
4.827022552490234375e-03 8.499622344970703125e-04
3.981113433837890625e-03 7.956027984619140625e-04
3.893136978149414062e-03 7.696151733398437500e-04
6.103038787841796875e-03 1.144170761108398438e-03
5.436897277832031250e-03 1.061201095581054688e-03
5.053758621215820312e-03 9.849071502685546875e-04
4.794836044311523438e-03 9.398460388183593750e-04
6.115198135375976562e-03 1.219034194946289062e-03
5.551099777221679688e-03 1.062154769897460938e-03
5.199193954467773438e-03 9.889602661132812500e-04
4.898309707641601562e-03 9.531974792480468750e-04
1.035857200622558594e-02 1.716375350952148438e-03
8.067607879638671875e-03 1.475095748901367188e-03
3.422021865844726562e-03 7.011890411376953125e-04
3.277778625488281250e-03 6.620883941650390625e-04
8.830308914184570312e-03 1.692295074462890625e-03
7.829904556274414062e-03 1.432657241821289062e-03
4.298686981201171875e-03 8.823871612548828125e-04
4.308938980102539062e-03 8.568763732910156250e-04
5.797147750854492188e-03 9.491443634033203125e-04
4.966497421264648438e-03 1.092195510864257812e-03
5.415916442871093750e-03 1.067399978637695312e-03
6.281852722167968750e-03 1.089811325073242188e-03
3.624200820922851562e-03 7.276535034179687500e-04
3.245353698730468750e-03 6.701946258544921875e-04
3.262996673583984375e-03 6.709098815917968750e-04
3.247022628784179688e-03 6.697177886962890625e-04
3.526926040649414062e-03 7.231235504150390625e-04
3.242969512939453125e-03 6.566047668457031250e-04
3.268480300903320312e-03 6.625652313232421875e-04
3.262996673583984375e-03 6.680488586425781250e-04
3.849506378173828125e-03 7.772445678710937500e-04
3.352165222167968750e-03 6.892681121826171875e-04
3.932714462280273438e-03 7.047653198242187500e-04
5.415439605712890625e-03 1.067161560058593750e-03
3.537654876708984375e-03 7.123947143554687500e-04
3.249645233154296875e-03 6.861686706542968750e-04
5.339860916137695312e-03 1.067876815795898438e-03
5.424499511718750000e-03 1.063108444213867188e-03
4.005670547485351562e-03 7.424354553222656250e-04
5.410909652709960938e-03 1.064300537109375000e-03
5.614280700683593750e-03 1.082181930541992188e-03
5.506992340087890625e-03 1.051425933837890625e-03
3.936529159545898438e-03 1.079559326171875000e-03
5.801916122436523438e-03 1.050233840942382812e-03
5.581140518188476562e-03 1.038551330566406250e-03
5.481719970703125000e-03 1.020908355712890625e-03
4.450321197509765625e-03 7.984638214111328125e-04
4.356384277343750000e-03 7.207393646240234375e-04
3.917455673217773438e-03 6.961822509765625000e-04
3.676891326904296875e-03 6.742477416992187500e-04
6.263494491577148438e-03 1.114368438720703125e-03
6.111621856689453125e-03 1.082897186279296875e-03
3.784179687500000000e-03 6.661415100097656250e-04
3.638029098510742188e-03 6.647109985351562500e-04
6.032228469848632812e-03 1.109123229980468750e-03
6.147146224975585938e-03 1.074314117431640625e-03
6.124019622802734375e-03 1.067399978637695312e-03
3.582954406738281250e-03 6.484985351562500000e-04
6.595849990844726562e-03 1.133441925048828125e-03
5.977869033813476562e-03 1.062870025634765625e-03
4.261732101440429688e-03 6.711483001708984375e-04
3.574132919311523438e-03 6.499290466308593750e-04
6.384849548339843750e-03 1.114130020141601562e-03
5.906105041503906250e-03 1.031160354614257812e-03
3.781557083129882812e-03 6.628036499023437500e-04
3.595829010009765625e-03 6.570816040039062500e-04
4.676580429077148438e-03 8.835792541503906250e-04
4.478693008422851562e-03 8.482933044433593750e-04
4.183530807495117188e-03 8.187294006347656250e-04
4.451274871826171875e-03 8.010864257812500000e-04
5.554199218750000000e-03 9.377002716064453125e-04
4.873514175415039062e-03 8.516311645507812500e-04
4.810810089111328125e-03 8.394718170166015625e-04
4.607200622558593750e-03 7.734298706054687500e-04
5.022048950195312500e-03 8.566379547119140625e-04
4.804372787475585938e-03 8.192062377929687500e-04
7.697105407714843750e-03 8.852481842041015625e-04
5.424976348876953125e-03 9.748935699462890625e-04
7.243156433105468750e-03 1.452207565307617188e-03
4.218816757202148438e-03 8.366107940673828125e-04
4.509210586547851562e-03 7.758140563964843750e-04
4.252433776855468750e-03 8.039474487304687500e-04
6.423950195312500000e-03 1.377105712890625000e-03
4.795312881469726562e-03 9.334087371826171875e-04
4.123449325561523438e-03 8.077621459960937500e-04
4.097223281860351562e-03 7.843971252441406250e-04
3.949642181396484375e-03 7.643699645996093750e-04
4.492521286010742188e-03 8.869171142578125000e-04
4.108190536499023438e-03 7.848739624023437500e-04
7.308244705200195312e-03 1.326560974121093750e-03
4.749059677124023438e-03 8.957386016845703125e-04
4.504680633544921875e-03 8.044242858886718750e-04
4.159450531005859375e-03 8.089542388916015625e-04
3.981590270996093750e-03 7.278919219970703125e-04
4.179000854492187500e-03 7.755756378173828125e-04
3.920316696166992188e-03 7.491111755371093750e-04
4.414796829223632812e-03 8.580684661865234375e-04
4.201173782348632812e-03 8.056163787841796875e-04
3.968477249145507812e-03 7.543563842773437500e-04
3.634929656982421875e-03 7.157325744628906250e-04
5.070209503173828125e-03 8.587837219238281250e-04
4.111766815185546875e-03 7.655620574951171875e-04
4.395246505737304688e-03 7.956027984619140625e-04
3.993034362792968750e-03 7.362365722656250000e-04
4.307508468627929688e-03 7.359981536865234375e-04
4.890918731689453125e-03 8.313655853271484375e-04
6.554365158081054688e-03 1.255273818969726562e-03
4.162073135375976562e-03 7.150173187255859375e-04
6.492137908935546875e-03 1.157045364379882812e-03
4.765510559082031250e-03 8.065700531005859375e-04
4.162073135375976562e-03 6.995201110839843750e-04
4.577159881591796875e-03 7.677078247070312500e-04
7.432937622070312500e-03 1.234769821166992188e-03
