2.077770233154296875e-02 1.598358154296875000e-03
1.732850074768066406e-02 1.374959945678710938e-03
2.203512191772460938e-02 1.786708831787109375e-03
2.079439163208007812e-02 1.702785491943359375e-03
2.705240249633789062e-02 2.665758132934570312e-03
2.052569389343261719e-02 1.700639724731445312e-03
1.939392089843750000e-02 1.616239547729492188e-03
2.009820938110351562e-02 1.576662063598632812e-03
2.460670471191406250e-02 1.914739608764648438e-03
2.120304107666015625e-02 1.638174057006835938e-03
2.721142768859863281e-02 2.080440521240234375e-03
2.504396438598632812e-02 1.968383789062500000e-03
2.697896957397460938e-02 1.927852630615234375e-03
2.088975906372070312e-02 1.791000366210937500e-03
2.795529365539550781e-02 2.063989639282226562e-03
1.969647407531738281e-02 1.556873321533203125e-03
2.234435081481933594e-02 1.353740692138671875e-03
2.630305290222167969e-02 1.935720443725585938e-03
2.430105209350585938e-02 2.187728881835937500e-03
1.968955993652343750e-02 1.269578933715820312e-03
2.002096176147460938e-02 1.584291458129882812e-03
2.743887901306152344e-02 2.040386199951171875e-03
2.573394775390625000e-02 2.119302749633789062e-03
2.737259864807128906e-02 1.942157745361328125e-03
2.809906005859375000e-02 1.690864562988281250e-03
1.669406890869140625e-02 1.298427581787109375e-03
1.022982597351074219e-02 7.989406585693359375e-04
2.826070785522460938e-02 1.795530319213867188e-03
2.041268348693847656e-02 1.636266708374023438e-03
2.105164527893066406e-02 2.028942108154296875e-03
1.954841613769531250e-02 1.582622528076171875e-03
2.161717414855957031e-02 1.661300659179687500e-03
1.269245147705078125e-02 1.178503036499023438e-03
1.281595230102539062e-02 1.195192337036132812e-03
1.258277893066406250e-02 1.140356063842773438e-03
1.540112495422363281e-02 1.413822174072265625e-03
1.402306556701660156e-02 1.192569732666015625e-03
1.327562332153320312e-02 1.149654388427734375e-03
1.559233665466308594e-02 1.217365264892578125e-03
2.009844779968261719e-02 1.332998275756835938e-03
1.295876502990722656e-02 1.118421554565429688e-03
1.216387748718261719e-02 1.336812973022460938e-03
1.310658454895019531e-02 7.321834564208984375e-04
1.684308052062988281e-02 1.340150833129882812e-03
1.888155937194824219e-02 1.528978347778320312e-03
1.298499107360839844e-02 1.231908798217773438e-03
1.172065734863281250e-02 1.145601272583007812e-03
1.460480690002441406e-02 1.019716262817382812e-03
1.371335983276367188e-02 1.171588897705078125e-03
1.156568527221679688e-02 1.091480255126953125e-03
1.344776153564453125e-02 1.137018203735351562e-03
1.046752929687500000e-02 7.934570312500000000e-04
7.710456848144531250e-03 7.343292236328125000e-04
1.607203483581542969e-02 9.005069732666015625e-04
1.051735877990722656e-02 7.107257843017578125e-04
1.126122474670410156e-02 7.977485656738281250e-04
1.111698150634765625e-02 1.064062118530273438e-03
7.304906845092773438e-03 7.116794586181640625e-04
1.106190681457519531e-02 1.075983047485351562e-03
1.151800155639648438e-02 1.090526580810546875e-03
1.176476478576660156e-02 1.089334487915039062e-03
1.054072380065917969e-02 1.014471054077148438e-03
1.095104217529296875e-02 1.055479049682617188e-03
1.945090293884277344e-02 1.616716384887695312e-03
1.318597793579101562e-02 9.620189666748046875e-04
8.790254592895507812e-03 7.908344268798828125e-04
1.915454864501953125e-02 1.588582992553710938e-03
9.428501129150390625e-03 8.976459503173828125e-04
9.212017059326171875e-03 8.544921875000000000e-04
8.445978164672851562e-03 8.003711700439453125e-04
7.315397262573242188e-03 7.252693176269531250e-04
6.999015808105468750e-03 6.985664367675781250e-04
7.761240005493164062e-03 7.791519165039062500e-04
7.261276245117187500e-03 7.019042968750000000e-04
7.208108901977539062e-03 7.266998291015625000e-04
6.950855255126953125e-03 6.928443908691406250e-04
7.208824157714843750e-03 7.233619689941406250e-04
9.665250778198242188e-03 1.066684722900390625e-03
8.069753646850585938e-03 7.784366607666015625e-04
7.697343826293945312e-03 7.119178771972656250e-04
7.587432861328125000e-03 7.200241088867187500e-04
7.099628448486328125e-03 6.906986236572265625e-04
1.025867462158203125e-02 1.132011413574218750e-03
7.704257965087890625e-03 6.756782531738281250e-04
1.184201240539550781e-02 7.150173187255859375e-04
7.105350494384765625e-03 6.854534149169921875e-04
1.098418235778808594e-02 7.004737854003906250e-04
7.102727890014648438e-03 6.737709045410156250e-04
8.981466293334960938e-03 8.473396301269531250e-04
7.921934127807617188e-03 7.598400115966796875e-04
1.529073715209960938e-02 1.430511474609375000e-03
1.508045196533203125e-02 1.276493072509765625e-03
1.367783546447753906e-02 1.234531402587890625e-03
1.156830787658691406e-02 1.054525375366210938e-03
8.589982986450195312e-03 1.002788543701171875e-03
1.353883743286132812e-02 1.117706298828125000e-03
1.370358467102050781e-02 1.258850097656250000e-03
1.151442527770996094e-02 1.057863235473632812e-03
1.800465583801269531e-02 1.415967941284179688e-03
1.506853103637695312e-02 1.240730285644531250e-03
1.703190803527832031e-02 1.370906829833984375e-03
1.472568511962890625e-02 1.237154006958007812e-03
1.735258102416992188e-02 1.331806182861328125e-03
1.249718666076660156e-02 9.496212005615234375e-04
9.630203247070312500e-03 7.672309875488281250e-04
7.401227951049804688e-03 7.288455963134765625e-04
1.435613632202148438e-02 1.194715499877929688e-03
1.266884803771972656e-02 1.139640808105468750e-03
1.574110984802246094e-02 1.225948333740234375e-03
1.348996162414550781e-02 1.152992248535156250e-03
1.492094993591308594e-02 1.216650009155273438e-03
1.303124427795410156e-02 1.151084899902343750e-03
7.259607315063476562e-03 7.324218750000000000e-04
7.333040237426757812e-03 6.883144378662109375e-04
9.222269058227539062e-03 8.237361907958984375e-04
1.273417472839355469e-02 1.118421554565429688e-03
1.344776153564453125e-02 1.209497451782226562e-03
1.137375831604003906e-02 1.036405563354492188e-03
1.916170120239257812e-02 1.789569854736328125e-03
1.855897903442382812e-02 1.516819000244140625e-03
2.181077003479003906e-02 1.795291900634765625e-03
1.883006095886230469e-02 1.542329788208007812e-03
8.181571960449218750e-03 7.653236389160156250e-04
7.227420806884765625e-03 7.212162017822265625e-04
1.913547515869140625e-02 1.772165298461914062e-03
1.873207092285156250e-02 1.526594161987304688e-03
7.548332214355468750e-03 7.097721099853515625e-04
7.167100906372070312e-03 6.897449493408203125e-04
1.367831230163574219e-02 1.122474670410156250e-03
1.271319389343261719e-02 1.081705093383789062e-03
2.230620384216308594e-02 1.668930053710937500e-03
1.829051971435546875e-02 1.366376876831054688e-03
2.129054069519042969e-02 1.652002334594726562e-03
1.637649536132812500e-02 9.405612945556640625e-04
1.120543479919433594e-02 7.405281066894531250e-04
7.724523544311523438e-03 7.157325744628906250e-04
9.762525558471679688e-03 8.249282836914062500e-04
9.480237960815429688e-03 7.243156433105468750e-04
2.125144004821777344e-02 1.636266708374023438e-03
1.650452613830566406e-02 9.348392486572265625e-04
9.108543395996093750e-03 6.990432739257812500e-04
7.117033004760742188e-03 6.806850433349609375e-04
1.323342323303222656e-02 1.124858856201171875e-03
1.108145713806152344e-02 6.928443908691406250e-04
1.612019538879394531e-02 1.456737518310546875e-03
1.512694358825683594e-02 1.254796981811523438e-03
1.062583923339843750e-02 1.021385192871093750e-03
9.841918945312500000e-03 9.393692016601562500e-04
1.681375503540039062e-02 1.380920410156250000e-03
1.410484313964843750e-02 7.925033569335937500e-04
1.306772232055664062e-02 1.131534576416015625e-03
1.286602020263671875e-02 1.110553741455078125e-03
1.335573196411132812e-02 1.131534576416015625e-03
1.296925544738769531e-02 1.070261001586914062e-03
7.793903350830078125e-03 7.410049438476562500e-04
1.225543022155761719e-02 1.127481460571289062e-03
1.004958152770996094e-02 9.522438049316406250e-04
1.293277740478515625e-02 1.112461090087890625e-03
7.666826248168945312e-03 7.498264312744140625e-04
1.174187660217285156e-02 1.096725463867187500e-03
7.516384124755859375e-03 7.557868957519531250e-04
7.165670394897460938e-03 7.014274597167968750e-04
7.488727569580078125e-03 7.367134094238281250e-04
7.155895233154296875e-03 6.973743438720703125e-04
1.010155677795410156e-02 1.116275787353515625e-03
1.005125045776367188e-02 6.859302520751953125e-04
1.331424713134765625e-02 1.133918762207031250e-03
7.235765457153320312e-03 6.999969482421875000e-04
1.361083984375000000e-02 1.241922378540039062e-03
1.907420158386230469e-02 1.622676849365234375e-03
1.038002967834472656e-02 9.474754333496093750e-04
9.344577789306640625e-03 8.821487426757812500e-04
1.307582855224609375e-02 1.121282577514648438e-03
7.581710815429687500e-03 7.052421569824218750e-04
7.426738739013671875e-03 7.152557373046875000e-04
7.124423980712890625e-03 6.861686706542968750e-04
9.322643280029296875e-03 8.094310760498046875e-04
9.493112564086914062e-03 6.985664367675781250e-04
1.736950874328613281e-02 1.686334609985351562e-03
1.713609695434570312e-02 9.491443634033203125e-04
9.375333786010742188e-03 8.566379547119140625e-04
8.613586425781250000e-03 8.087158203125000000e-04
9.304761886596679688e-03 8.525848388671875000e-04
8.590698242187500000e-03 8.244514465332031250e-04
9.081840515136718750e-03 8.835792541503906250e-04
1.037073135375976562e-02 1.287698745727539062e-03
1.989197731018066406e-02 1.384735107421875000e-03
1.074242591857910156e-02 1.149177551269531250e-03
1.917815208435058594e-02 1.516580581665039062e-03
1.240420341491699219e-02 1.086950302124023438e-03
1.217079162597656250e-02 1.056432723999023438e-03
7.240056991577148438e-03 7.209777832031250000e-04
4.767656326293945312e-03 8.442401885986328125e-04
8.390903472900390625e-03 8.044242858886718750e-04
8.058309555053710938e-03 7.402896881103515625e-04
7.716178894042968750e-03 1.068830490112304688e-03
1.288104057312011719e-02 1.110315322875976562e-03
1.372766494750976562e-02 1.130342483520507812e-03
1.298022270202636719e-02 1.079797744750976562e-03
1.312398910522460938e-02 1.135110855102539062e-03
1.266360282897949219e-02 8.499622344970703125e-04
1.273775100708007812e-02 1.088142395019531250e-03
1.050114631652832031e-02 1.130342483520507812e-03
1.303076744079589844e-02 1.149892807006835938e-03
1.036643981933593750e-02 1.118183135986328125e-03
1.012229919433593750e-02 6.990432739257812500e-04
7.245540618896484375e-03 6.942749023437500000e-04
1.275396347045898438e-02 1.107692718505859375e-03
1.395654678344726562e-02 1.261949539184570312e-03
1.244926452636718750e-02 7.195472717285156250e-04
8.179903030395507812e-03 1.110076904296875000e-03
1.288604736328125000e-02 1.115083694458007812e-03
8.706331253051757812e-03 7.405281066894531250e-04
7.182359695434570312e-03 7.147789001464843750e-04
7.178306579589843750e-03 9.210109710693359375e-04
1.318931579589843750e-02 1.128435134887695312e-03
1.296830177307128906e-02 1.217365264892578125e-03
1.128959655761718750e-02 1.052141189575195312e-03
1.030492782592773438e-02 9.992122650146484375e-04
9.662628173828125000e-03 8.993148803710937500e-04
1.322793960571289062e-02 1.350879669189453125e-03
1.544451713562011719e-02 1.312971115112304688e-03
1.446294784545898438e-02 1.232624053955078125e-03
1.372027397155761719e-02 1.181840896606445312e-03
8.651018142700195312e-03 7.321834564208984375e-04
7.195472717285156250e-03 7.009506225585937500e-04
7.182836532592773438e-03 6.966590881347656250e-04
7.173776626586914062e-03 7.030963897705078125e-04
1.341986656188964844e-02 1.129627227783203125e-03
1.285147666931152344e-02 1.115083694458007812e-03
1.279330253601074219e-02 1.112461090087890625e-03
1.292419433593750000e-02 1.126289367675781250e-03
1.733565330505371094e-02 1.703500747680664062e-03
1.735281944274902344e-02 1.452684402465820312e-03
1.541137695312500000e-02 1.344680786132812500e-03
1.455068588256835938e-02 1.253604888916015625e-03
1.330304145812988281e-02 1.102209091186523438e-03
1.289677619934082031e-02 1.075744628906250000e-03
1.288199424743652344e-02 1.071453094482421875e-03
1.307630538940429688e-02 1.095056533813476562e-03
1.302146911621093750e-02 1.209735870361328125e-03
1.130080223083496094e-02 1.076936721801757812e-03
1.030683517456054688e-02 9.939670562744140625e-04
1.367831230163574219e-02 1.418590545654296875e-03
7.432937622070312500e-03 7.143020629882812500e-04
1.239323616027832031e-02 1.123666763305664062e-03
1.272010803222656250e-02 1.100540161132812500e-03
1.285862922668457031e-02 1.127004623413085938e-03
8.235454559326171875e-03 1.076221466064453125e-03
1.272392272949218750e-02 1.086711883544921875e-03
1.276540756225585938e-02 1.097440719604492188e-03
1.297450065612792969e-02 1.119375228881835938e-03
1.907968521118164062e-02 1.479864120483398438e-03
1.643276214599609375e-02 1.362085342407226562e-03
1.511788368225097656e-02 1.256942749023437500e-03
1.273441314697265625e-02 1.172780990600585938e-03
1.782536506652832031e-02 1.523017883300781250e-03
1.594185829162597656e-02 1.333475112915039062e-03
1.461410522460937500e-02 1.229047775268554688e-03
1.340055465698242188e-02 1.126766204833984375e-03
1.797413825988769531e-02 1.387596130371093750e-03
1.572585105895996094e-02 1.257658004760742188e-03
1.445603370666503906e-02 1.210689544677734375e-03
1.320934295654296875e-02 1.129150390625000000e-03
1.347661018371582031e-02 1.137971878051757812e-03
1.274847984313964844e-02 1.104354858398437500e-03
1.339602470397949219e-02 1.122236251831054688e-03
7.649183273315429688e-03 1.061201095581054688e-03
1.314568519592285156e-02 1.136541366577148438e-03
1.276397705078125000e-02 1.100301742553710938e-03
1.281571388244628906e-02 1.130819320678710938e-03
1.279091835021972656e-02 1.123666763305664062e-03
1.245832443237304688e-02 1.132965087890625000e-03
1.690793037414550781e-02 1.352071762084960938e-03
1.514267921447753906e-02 1.238107681274414062e-03
1.364850997924804688e-02 1.124858856201171875e-03
1.574611663818359375e-02 1.287698745727539062e-03
1.501989364624023438e-02 1.105308532714843750e-03
1.266360282897949219e-02 1.109600067138671875e-03
1.259613037109375000e-02 1.052141189575195312e-03
9.248256683349609375e-03 8.735656738281250000e-04
1.351475715637207031e-02 1.118898391723632812e-03
1.291036605834960938e-02 1.113414764404296875e-03
1.273107528686523438e-02 1.096248626708984375e-03
1.307392120361328125e-02 1.135826110839843750e-03
1.326084136962890625e-02 1.138925552368164062e-03
1.289463043212890625e-02 1.103639602661132812e-03
1.276826858520507812e-02 1.098394393920898438e-03
1.282310485839843750e-02 1.139640808105468750e-03
1.276969909667968750e-02 1.119375228881835938e-03
1.308631896972656250e-02 1.091718673706054688e-03
1.297926902770996094e-02 1.140356063842773438e-03
1.288676261901855469e-02 1.116991043090820312e-03
1.320767402648925781e-02 1.157283782958984375e-03
9.768724441528320312e-03 7.135868072509765625e-04
7.241725921630859375e-03 7.131099700927734375e-04
1.298809051513671875e-02 1.142263412475585938e-03
1.306390762329101562e-02 1.107454299926757812e-03
1.299285888671875000e-02 1.096963882446289062e-03
9.364128112792968750e-03 7.023811340332031250e-04
1.309800148010253906e-02 1.124143600463867188e-03
1.201200485229492188e-02 1.120328903198242188e-03
8.728027343750000000e-03 8.831024169921875000e-04
7.172346115112304688e-03 7.007122039794921875e-04
1.332616806030273438e-02 1.130580902099609375e-03
1.290202140808105469e-02 1.098155975341796875e-03
1.281714439392089844e-02 1.085758209228515625e-03
7.055759429931640625e-03 6.735324859619140625e-04
1.720857620239257812e-02 1.344442367553710938e-03
1.462674140930175781e-02 1.204967498779296875e-03
1.330447196960449219e-02 7.238388061523437500e-04
6.856441497802734375e-03 6.759166717529296875e-04
1.447439193725585938e-02 1.199722290039062500e-03
1.274514198303222656e-02 7.386207580566406250e-04
7.565975189208984375e-03 7.157325744628906250e-04
1.166796684265136719e-02 7.033348083496093750e-04
1.284980773925781250e-02 1.150369644165039062e-03
1.273274421691894531e-02 1.097917556762695312e-03
7.381916046142578125e-03 7.038116455078125000e-04
7.086038589477539062e-03 6.737709045410156250e-04
1.320147514343261719e-02 1.100540161132812500e-03
1.648378372192382812e-02 1.473426818847656250e-03
1.309990882873535156e-02 1.136064529418945312e-03
1.179432868957519531e-02 1.113891601562500000e-03
1.503038406372070312e-02 1.125574111938476562e-03
1.093673706054687500e-02 7.064342498779296875e-04
1.381015777587890625e-02 1.182079315185546875e-03
1.366448402404785156e-02 1.136302947998046875e-03
1.188206672668457031e-02 1.216411590576171875e-03
1.195216178894042969e-02 1.154422760009765625e-03
1.312518119812011719e-02 1.138448715209960938e-03
1.207947731018066406e-02 8.189678192138671875e-04
8.070945739746093750e-03 6.706714630126953125e-04
1.072192192077636719e-02 1.179218292236328125e-03
1.158785820007324219e-02 7.410049438476562500e-04
7.199048995971679688e-03 6.899833679199218750e-04
7.009029388427734375e-03 6.680488586425781250e-04
7.262945175170898438e-03 6.954669952392578125e-04
7.167577743530273438e-03 7.286071777343750000e-04
7.236719131469726562e-03 6.887912750244140625e-04
1.049757003784179688e-02 7.193088531494140625e-04
7.260560989379882812e-03 7.090568542480468750e-04
7.460594177246093750e-03 7.078647613525390625e-04
7.419586181640625000e-03 7.219314575195312500e-04
1.277923583984375000e-02 1.105308532714843750e-03
1.250791549682617188e-02 1.118421554565429688e-03
8.764028549194335938e-03 1.117229461669921875e-03
6.965398788452148438e-03 6.594657897949218750e-04
7.004261016845703125e-03 6.821155548095703125e-04
8.395195007324218750e-03 1.127481460571289062e-03
9.890794754028320312e-03 1.086235046386718750e-03
8.969306945800781250e-03 7.338523864746093750e-04
9.547710418701171875e-03 7.281303405761718750e-04
9.178876876831054688e-03 7.145404815673828125e-04
7.191419601440429688e-03 7.114410400390625000e-04
1.159095764160156250e-02 1.155853271484375000e-03
6.582260131835937500e-03 6.496906280517578125e-04
1.265740394592285156e-02 7.240772247314453125e-04
7.163524627685546875e-03 6.964206695556640625e-04
1.328349113464355469e-02 1.148462295532226562e-03
7.292270660400390625e-03 7.033348083496093750e-04
7.417678833007812500e-03 7.059574127197265625e-04
8.106708526611328125e-03 7.281303405761718750e-04
7.642507553100585938e-03 7.016658782958984375e-04
1.270747184753417969e-02 7.090568542480468750e-04
1.017403602600097656e-02 7.832050323486328125e-04
7.130622863769531250e-03 6.904602050781250000e-04
7.011890411376953125e-03 6.980895996093750000e-04
1.225638389587402344e-02 1.039266586303710938e-03
1.216506958007812500e-02 1.085758209228515625e-03
1.263666152954101562e-02 1.079797744750976562e-03
7.187843322753906250e-03 7.073879241943359375e-04
1.275396347045898438e-02 1.108169555664062500e-03
7.289409637451171875e-03 9.942054748535156250e-04
7.098436355590820312e-03 7.157325744628906250e-04
6.863117218017578125e-03 6.709098815917968750e-04
1.248693466186523438e-02 1.085281372070312500e-03
1.230049133300781250e-02 1.087427139282226562e-03
1.267409324645996094e-02 1.108407974243164062e-03
1.404333114624023438e-02 1.139402389526367188e-03
1.165080070495605469e-02 1.112222671508789062e-03
1.242756843566894531e-02 1.119375228881835938e-03
1.240301132202148438e-02 1.115083694458007812e-03
1.242637634277343750e-02 1.122474670410156250e-03
1.160359382629394531e-02 7.059574127197265625e-04
8.327484130859375000e-03 1.108169555664062500e-03
1.253938674926757812e-02 1.107215881347656250e-03
1.250934600830078125e-02 1.111984252929687500e-03
1.531600952148437500e-02 1.108646392822265625e-03
1.060461997985839844e-02 7.004737854003906250e-04
1.238918304443359375e-02 1.110553741455078125e-03
9.750127792358398438e-03 7.081031799316406250e-04
6.870031356811523438e-03 6.966590881347656250e-04
1.262831687927246094e-02 1.202583312988281250e-03
1.257252693176269531e-02 1.169443130493164062e-03
1.253795623779296875e-02 1.176834106445312500e-03
1.282453536987304688e-02 1.214027404785156250e-03
1.256632804870605469e-02 1.186609268188476562e-03
1.269388198852539062e-02 1.178264617919921875e-03
1.307511329650878906e-02 1.197814941406250000e-03
1.909422874450683594e-02 1.546144485473632812e-03
1.857185363769531250e-02 1.519680023193359375e-03
1.061511039733886719e-02 1.111745834350585938e-03
1.231074333190917969e-02 1.078367233276367188e-03
8.064746856689453125e-03 1.089334487915039062e-03
7.143735885620117188e-03 7.295608520507812500e-04
1.247930526733398438e-02 1.040697097778320312e-03
1.166391372680664062e-02 7.004737854003906250e-04
1.221442222595214844e-02 1.096248626708984375e-03
1.214814186096191406e-02 1.037597656250000000e-03
1.108598709106445312e-02 1.038074493408203125e-03
7.154703140258789062e-03 6.942749023437500000e-04
7.076978683471679688e-03 6.980895996093750000e-04
9.144306182861328125e-03 6.983280181884765625e-04
