3.807667313641445450e-02
2.173511441167292821e-02
2.389972630562127998e-01
1.069013419047398633e-01
6.521849277946065171e-02
5.550617189781078403e-02
6.385050366117053788e-02
8.932555761367737268e-02
5.635557139887422545e-02
2.176611468546238437e-02
1.933768508244729512e-01
2.468534585795689740e-02
2.306452043595667301e-01
2.567136341441040095e-02
1.060598894946267606e-01
8.496326329486077189e-02
5.606478767212364628e-02
3.103251034044539336e-02
3.812242843554593946e-02
4.122188486439103822e-02
5.279579478877870907e-02
6.503005953258811367e-02
2.520414045422213478e-01
2.852426057565824943e-02
6.845868354695842928e-02
2.730263229871883815e-02
6.503899866306432631e-02
1.697246633762836410e-01
9.203961525715493863e-01
9.615913369498635399e-01
6.531634141799447235e-01
1.440527049781107793e+00
8.846992972342810901e-01
8.311540821422834791e-01
4.806815548275401168e-02
6.719839698493349500e-01
2.087271358686587364e-01
7.619112457449928044e-01
8.445432326694328751e-01
3.521571723906491980e-01
2.658619397381243310e-01
1.201991845296390027e+00
4.905529774324728365e-01
5.134486749111720760e-01
8.244084097936977829e-01
3.783078247028528324e-02
5.721446650833983405e-01
6.947497073876078844e-01
2.535453457685316603e-01
4.224072196238089494e-01
5.988305246246233837e-01
8.336754022418476628e-01
7.637457251309803796e-01
6.816251600519457332e-01
2.732233716377257537e-01
3.614971344721467084e-01
4.756867755292425864e-02
3.517665703683403033e-01
3.954335175682396897e-01
3.863393293104473436e-01
1.028039148794644531e+00
2.668588386341901320e-01
6.860593122534291988e-01
2.910168194472793624e-01
3.059226185649097096e-01
8.564603072449346044e-01
9.752928149642811073e-01
4.226124486078738918e-02
4.711901381905981290e-01
3.952760587754842736e-01
7.236029365985682249e-01
5.534965784213463635e-01
1.328466762797634315e+00
6.265766192795391154e-01
3.113635241323670089e-01
1.846679162276944897e-01
1.301230515776409025e+00
4.438606662082966725e-01
2.005973649442809731e-02
2.565224510464110194e-02
2.436594868669547942e-01
3.827465988333260405e-02
3.070684152606278916e-02
2.224041069597028075e-01
2.252700260618881178e-02
2.017048651512412874e-02
2.566535192426678755e-02
1.966940245474498375e-02
2.657322225895977774e-02
2.924044821220330229e-02
2.514154931632641213e-02
2.005108456749075951e-02
4.485714936015120467e-03
3.201230617356186359e-02
1.590905612853660278e-02
2.938207971636169411e-02
1.946760284427785995e-02
3.243872935735336947e-03
2.716193331583398665e-02
2.565055882411112695e-02
2.333670711765190031e-02
2.165303100259778277e-02
2.348472617456837455e-02
2.596367427062913971e-02
3.095101733377799216e-02
2.408894218057633374e-02
1.663602535684494468e-02
1.825061455126805385e-02
2.825846547957748534e-02
2.898937899375630955e-02
3.100815707204008717e-02
7.444967696446001815e-02
3.174996862351742860e-02
1.882541467908755914e-02
2.501171765274392764e-02
1.369006183009840172e-01
2.058625361718070465e-02
2.957507018603651103e-02
3.800145883858578599e-02
2.937524907269527599e-02
2.576418466878549474e-02
3.635102017654066181e-02
3.755301654323053850e-02
4.107012817738001087e-02
2.638593664538256903e-02
2.144162994369168407e-02
2.688270439540826548e-02
2.786291451009107953e-02
3.323589571527671427e-02
3.601817965901542989e-02
3.164588814820831764e-02
2.531640971048877350e-02
2.909903175683773227e-02
1.789536353192547335e-02
2.327121122435850745e-02
1.825170635976030784e-02
1.861748232276144374e-02
1.424978229472705360e-01
1.256256535847149747e-01
2.600178672907116351e-01
3.041255584699193923e-02
2.443350135130559209e-02
2.045148465819392539e-02
1.977825001656103032e-01
2.181245007989434173e-02
9.052675691097640531e-02
1.789927641947507420e-01
2.490250618151251816e-02
2.346664544179404011e-02
9.009658116648363094e-03
1.698425156515783949e-02
2.151891526892159637e-02
6.864970124555380519e-03
1.341244106921465028e-02
1.148946666975112808e-02
3.401229764946508971e-02
8.595462555892098566e-02
6.521052951563080513e-02
3.946228677751693718e-03
1.200845643921488563e-02
3.443228349014692408e-02
1.352010087109908332e-01
2.301678831100140155e-02
3.477355548501644827e-02
3.736877810620494178e-01
1.852281916133371453e-01
2.923692595271115691e-01
4.292466937796385329e-02
1.755904579898059231e-02
2.727968671830830957e-02
2.648465183021209146e-02
4.204497698582506521e-02
7.010456667165634870e-02
2.119057534492040651e-01
1.336291078488504279e-02
2.446099929970710352e-02
2.728728143288100191e-02
3.241159287036531750e-02
5.980290813090059082e-02
3.362937475480844846e-02
3.663800737135322616e-01
1.699024486589496494e-02
2.278124839437016200e-02
4.573974127385072724e-03
2.361889149288895137e-02
3.283785047179665125e-03
2.462831084040827123e-01
2.585188681832099045e-01
3.293675109222485905e-03
5.117510726357588080e-02
2.535422997245116716e-02
1.363372819768901290e-01
1.234836821550174407e-01
2.619987261831546732e-02
5.978007452166739406e-03
1.128869360972080925e-02
7.655999392458398382e-03
2.632610554018966278e-02
1.437717474940277025e-02
1.458863557046908253e-02
3.634273740031148531e-02
6.237651232552785495e-03
2.985681569419501233e-02
1.267578563919003094e-02
3.308183667678540191e-02
1.623017178971344551e-02
3.913018440297394429e-02
2.599005920843803011e-02
8.034372003237684121e-03
1.731450835483877571e-02
2.730526056846391270e-01
3.439015130339218712e-02
1.847087962353524682e-02
2.125475080279426443e-02
2.524608457338865450e-02
1.910945685381423495e-02
2.104669195698700979e-02
2.336143058865399261e-02
1.666554309056900857e-02
2.208791488128694636e-02
3.371178118212175834e-02
3.827404828005843973e-02
5.439369322689437819e-02
5.551080132889121832e-02
2.835052033139862093e-02
3.405306059233026428e-02
2.623319266339811662e-02
2.440762509897143051e-02
3.269032303725007832e-02
2.076179949379437784e-02
3.231125652158436945e-02
2.895355848303479696e-02
2.557009605127652518e-02
2.966362349696303677e-02
2.437919394339415138e-02
2.423588211964699049e-02
2.213930478520160713e-02
1.694254773023901040e-02
2.500700183063237284e-02
2.096986305617933380e-02
2.170262607395967436e-02
2.618450785515393300e-02
2.210929264382243201e-02
2.931012961054768953e-02
3.188774200742116455e-02
2.325884321999622736e-02
1.702765854182359401e-02
2.709793104874346024e-03
1.410973800134548116e-02
2.621393390219979233e-02
2.500981284102526958e-02
2.750243594252478885e-01
7.770728552587255651e-03
3.378683669607931983e-02
3.276146020218281135e-02
2.723261963789240792e-01
6.895840638271108491e-02
1.975689882301025213e-01
2.858504392929860916e-01
4.867454577706806229e-01
4.329922700522603751e-01
4.336669256992167210e-01
4.637532586769174681e-01
1.430641373886719914e-01
3.327959824533854305e-01
1.627602122250368377e-01
1.601822983387209132e-01
2.615794255425893736e-02
2.850519637193752454e-01
6.209674570287224693e-01
4.223061135507409358e-01
4.420532123306020189e-01
1.931135575184329267e-01
4.603684706410710592e-01
4.797837232109576910e-01
2.387127274154575984e-01
4.108387861824144838e-01
5.763233259697772004e-01
2.811365050411464631e-02
3.459370900153446726e-01
2.211763167250762885e-01
2.880656903931959056e-01
2.528930415636621021e-01
3.093058985691386487e-01
1.682882957613703045e-01
4.213147411780495122e-01
3.599623875988310906e-01
6.419802749023379995e-01
1.458343092985548151e-01
8.274001413904308322e-02
5.495441911495595466e-01
6.312293516355153011e-01
3.011673288559173489e-01
3.098469035959466877e-01
1.475863404463242101e-01
1.325301673673038028e-01
8.981904994933019859e-01
2.297218435599031050e-01
1.905407699423244949e-01
4.215501567609186151e-01
1.340376185183444480e-01
1.294294727953456015e+00
2.171390716908275509e-01
1.708397722391314655e-01
6.108599825540671491e-01
8.501037576586409905e-01
2.964321023125378596e-01
5.071297521409536824e-01
3.843188917555573902e-01
2.035585893823238235e-01
4.299843385563165143e-01
4.183648646205571225e-02
2.496157170703598160e-01
2.682716740227485963e-01
2.442095219816542429e-01
1.813114885783927432e-01
2.665562147599735976e-01
7.101635852717734787e-01
3.753360267189064792e-01
2.704134399925265941e-01
3.073366105016155925e-01
4.848340735390723744e-01
5.550841500359108421e-02
1.978961753594502271e-01
2.369133530484952566e-01
1.296370342029082023e-01
1.893477644590413622e-01
3.923903877511613625e-01
3.639048219404005802e-01
2.239314862933458328e-01
4.269986101311133986e-01
3.298246315785742788e-01
3.400875876314854440e-01
8.503661319611328928e-02
2.624004376508530870e-02
6.932006202577957188e-01
1.979529841687954761e-01
1.952469605117979901e-01
1.909829223619158023e-01
4.071995816383807143e-01
4.583865261838694916e-01
1.218383484033045416e-01
3.732768640622762812e-01
5.192080099542580873e-01
2.380668080463154979e-01
2.019844785509495103e-02
2.750734332180924113e-01
3.752381157834549508e-01
2.019161126761405134e-01
3.926414676462789966e-01
3.862653346874047600e-01
3.346996191129865406e-02
2.973062634062365039e-02
3.669040413280787866e-02
2.618487956073886624e-02
5.943631252206899029e-02
2.601135296047991582e-02
7.916146712663417462e-02
6.584720414441791458e-02
1.682456062026955745e-01
2.782258894133637916e-02
2.997985432025451757e-02
3.950552356907014590e-02
7.231146380083507130e-02
7.605689524449910088e-02
2.679224491656316889e-02
8.882104066307601464e-02
2.814211180578377047e-02
4.692893608731098926e-02
5.095819145302853820e-02
3.171758936983565258e-02
3.065006991337947129e-02
8.876452645444798950e-02
8.685619476986516929e-02
4.401937361688493255e-02
1.199696258531208759e-01
1.063342809843195180e-01
6.798865325725141073e-02
3.549391716600017177e-02
2.655326141582066424e-02
9.653823353369141158e-02
5.996319044667666048e-02
3.225593718949533173e-01
2.866887856449334970e-02
2.881142885132488840e-01
1.869822588105167771e-01
1.021508281071544649e-01
5.516668790436032171e-02
2.533140203136608481e-01
1.370500154575227947e-01
1.870553429887926791e-02
3.094884528970370807e-02
3.503106455995794871e-02
2.122632370705797300e-02
3.474388171713627821e-02
4.612020827156524533e-02
1.976847625673868458e-01
1.715045527006005821e-01
2.195576725119125217e-01
1.060417781362033574e-01
2.947765574242611208e-02
3.590738949396690000e-02
9.104071226816323747e-02
2.788960186578924583e-02
4.728286521741611320e-02
4.135502806606410758e-02
8.466044161499795828e-02
3.617541791380093213e-02
2.860014765505642861e-02
2.705255925945376783e-02
1.179138752765835907e-01
2.082129864516506224e-02
2.735628027709561053e-02
6.484249603553939034e-02
