1.145961440936219411e+01
5.138299519336768206e+00
5.371115998975017902e+00
3.214847644270077964e+00
2.454278779149496437e+00
2.831446912574199004e+00
3.198915194289134956e+00
4.018711349401235644e+00
9.430515907501154649e-01
9.099819739895144366e+00
3.421902768192738087e+00
3.608646796170685178e+00
1.893764266048760525e-01
3.378173548867623222e+00
1.110306199275701067e+00
2.329261954526615330e+00
3.183520694138219365e-01
2.038831166471861245e+00
2.776324507504215333e+00
2.465001622987626817e+00
3.440507597608544632e+00
1.420041032415255478e+00
3.417198819118853148e+00
2.796951753803669671e+00
2.717921810603621147e+00
5.872297725698121695e+00
3.072249579870906522e-01
3.198307483982075206e-01
1.938419984037847099e+00
4.784320358603888046e+00
3.636957864909625027e+00
4.641730693537414965e+00
2.973524829048645124e+00
3.173729385890552646e+00
5.227527967030261458e+00
3.295301817388724519e+00
9.446641450480300906e-01
9.372663067210289967e+00
4.161687439346845707e+00
4.355708291166180857e+00
3.301409522503199856e+00
7.044415009247048332e+00
2.582385636450279520e+00
4.955943305705720059e-01
2.181437474676311883e+00
2.596505738217885995e+00
2.522918244659587028e+00
2.105917968687530006e+00
3.039134816564653896e+00
1.294790726221366040e+00
3.284674155572062659e+00
2.547416453156716276e+00
5.053914605734606269e+00
3.121752174932133084e-01
3.841182115612830628e-01
1.767391634309586790e+00
1.029118270013868042e+01
4.348101544774099381e+00
5.472311019119461051e+00
4.067952300453527847e+00
2.537380958620946814e+00
2.436679158144048341e+00
2.486381087569652593e+00
4.358147136700946334e+00
1.021307281870735162e+00
6.157265500400283642e+00
2.583767431559711891e+00
1.057645192078870799e+01
3.264812358957311478e+00
2.972143815355056340e+00
4.898236939524141853e+00
1.551993177704421578e+00
1.244181724847671200e+00
2.264920347674438394e-01
1.322996758801905814e+00
1.099237142549080781e+00
2.760399328818441411e+00
3.596753638080557369e+00
6.729539319602877434e+00
6.046763393621968241e+00
2.187332457909507699e+00
4.217476553490834945e+00
1.403444641672471960e+00
1.070903908388107117e+00
4.302134668424983488e+00
2.395638001374278847e+00
1.700744203634033669e+00
6.236263011246305332e+00
2.012784286016314095e+00
7.238938532193963660e+00
2.195241532558600550e+00
6.067327683087247792e+00
4.897842877081034274e+00
6.175618203810062212e+00
5.160877417140839363e+00
3.915835244575490037e+00
2.787663924426559081e+00
1.446289836404687001e+00
5.151540740145026387e-01
3.431620085085431704e+00
7.308502365696195602e-01
1.435771488745707147e+00
2.834852918412164247e+00
9.018553183072683943e-01
1.355131741340270812e+00
4.312097161593453909e-01
1.649097674424022664e+00
1.958286552830832417e+00
6.681448534275029605e-01
3.136349500775658772e+00
8.120061616503871926e-01
1.039766273477996705e+01
8.492840502044546325e-01
7.744766026012696036e-01
2.270136839146235985e+00
6.334354714569930822e-01
3.918873863888273412e+00
9.724318796681969967e-01
6.371522988185415848e+00
1.460372676972856665e+00
1.228895999055198551e+01
2.293240939613462093e+00
1.004254761964245901e+01
8.806507914733505693e-01
6.100862065122765188e+00
4.064432635230460988e+01
2.160452371759419510e+00
1.469576090518903255e+00
1.029207651199763873e+00
4.706241678080086643e+00
4.304757873136118462e+00
4.061895906187185101e-01
9.761652725796207131e-01
1.741996351971822010e+00
4.791940281845524230e-01
1.719694913414038240e+00
1.969132358599462229e+00
2.619608375555230850e+00
1.059258127353998713e+00
2.467042975569691876e+00
9.521911337100658068e-01
2.678434840876032563e+00
1.698399256774493882e+00
1.150107701160583806e+00
4.249691787376374541e-01
4.869428565839581946e-01
1.332512989849037099e+00
4.538856202606289969e+00
2.457953539559405876e+00
2.297142181934808569e+00
9.826658828759510245e-01
3.297589332597305134e+00
1.914993055276197342e+00
1.143455771515319297e+00
6.006501506614295494e+00
1.965357558280103056e+00
1.159512361484734688e+00
3.403761918266587472e+00
2.992551295077582107e+00
9.813940316696587729e-01
7.463763705609501642e+00
6.758963736863318417e+00
1.410960642912656660e+00
2.423410782060051005e+00
4.805591785048060949e+00
5.077690622769614137e+00
1.147353549075236323e+01
2.475182466641753010e+00
3.618254108094614008e+00
9.537875649186242200e+00
8.367054920603806067e+00
6.654545949006736905e+00
4.166484919054080471e+00
3.150352342038253983e+00
2.493977838445479378e+00
5.232861303241373996e-01
5.427813415091017113e+00
8.250641930360971266e-01
1.352744564979031949e+00
2.976154213271604565e-01
6.051158814650221540e-01
5.823542582296514780e-01
4.468709964810804181e+00
9.069434758016241549e-01
2.684416795031594027e+00
2.005228326483579515e+00
2.714470505095719410e+00
1.300261197855540729e+00
1.182312136287217985e+00
1.472721906422891802e+00
1.159613410150285517e+00
1.200918498754703689e+00
4.252022327917044819e+00
7.781480424069244783e+00
5.657132023636083140e+00
2.845144980479179964e+00
1.736531206118226756e+00
2.323309448934860466e+00
1.267253932071613631e+00
1.190695093296466167e+00
1.231268613083271291e+00
1.962324064635527110e+00
1.767269758733595486e+00
4.703984677277731064e-01
4.246212308569450866e-01
1.300622180057144694e+00
6.767832096200490088e-01
2.074809931808346608e+00
4.424705528365402429e+00
1.914701622996981545e+00
1.393097430079846433e+00
1.589496458884896990e+00
2.723877558288954059e+00
2.930142502149894579e+00
3.927135802576368739e+00
7.611160273333305026e-01
1.987760574320241558e+00
4.372842485696618597e-01
1.690854797765342532e+00
1.207053549286483118e+00
1.062146187146187248e+00
1.718091075284514879e+00
8.867960451897204166e+00
1.601472943990662534e+00
1.202546460226467717e+00
9.110794794329536428e-01
9.071536917734872585e-01
1.241057143094000503e+00
1.713948508131555304e+00
1.265553903478914943e+00
1.368609890109890204e+00
1.592796364009158250e+00
1.004061273520090003e+00
8.510091455370077940e-01
1.627004577945666330e+00
6.755707682488023558e-01
9.710358066164062052e-01
9.213427616410551080e-01
4.854362002400804399e-01
7.434502862353504771e-01
1.133870633964479735e+00
5.751231240246480469e-01
4.813631419872773654e-01
5.021398364101394840e-01
9.034702619895316200e-01
1.980805871554260023e+00
1.324065103662080967e+00
8.190569426289830979e-01
8.515956507130462150e-01
1.543967464845866555e+00
1.328200783846433142e+00
8.238605148766782182e-01
9.347030774711573287e-01
1.026095306459667622e+00
6.705927220572718284e-01
7.781743954778603811e-01
2.383396872858535520e+00
9.353889495578717739e-01
7.217790289558351224e-01
8.607949839105617507e-01
8.411691835771589743e-01
5.416422453380369539e-01
9.888466340151733647e-01
1.052253239750366998e+00
1.861675333344552374e+00
1.841749033089815191e+00
1.646352264032341361e+00
2.022677009578264684e+00
7.963527358058607453e-01
1.199562169589417637e+00
7.159240732681072528e-01
9.190141395814432901e-01
1.554204787287494227e+00
1.003816320910592808e+00
1.171874664460262672e+00
1.044269801691795063e+00
1.028997866208864576e+00
5.067250775010864183e-01
1.718690638860266073e+00
5.410566278487113356e-01
8.794564463108786034e-01
6.874085990055570639e-01
2.521517948717948876e+00
1.149351672665611890e+00
5.967546170923907489e-01
1.195146075803332097e+00
9.950940656521156669e-01
1.467751251443973892e+00
1.537793661359771358e+00
2.298686937667874464e+00
2.523673134088185055e+00
1.618009490324869182e+00
2.805900821661759359e+00
1.639399355475561038e+00
2.897850702225272634e+00
1.497472098060193435e+00
1.477467969892541477e+00
1.499205193494315136e+00
2.918651185849219676e+00
5.893367308726418230e+00
4.007997774602404029e+00
5.867418200645031945e+00
3.284111540948984498e+00
2.580283920557218114e+00
5.754703791505467736e-01
2.576808149322564745e+00
1.794509725134015410e+00
1.398776502960472179e+00
7.048550671037916437e-01
6.831824860358214346e-01
1.988757776217904727e+00
6.877124094971224899e+00
1.417096336499321474e+01
3.679067721441397154e+00
1.557558795023438858e+00
1.419694646945462990e+00
6.446994532771386233e+00
4.375915869765979238e+00
2.912065585137208590e+00
2.781618488226744290e+00
4.229884583796162723e+00
3.864401523177762421e+00
8.354710175386440341e+00
1.521457187218463147e+01
2.385343422590175955e+00
1.826025123431512576e+00
5.571068881477899692e-01
5.915914762688060380e-01
1.944208218428554180e-01
2.336350046212153919e-01
2.336067480191648671e-01
2.073981730601787277e+01
2.969336822397591114e+00
1.309555496406707320e+00
3.007513733154155933e+00
2.435797744165957290e+00
3.083983478659935606e+00
2.019214860067545914e+00
1.947624575341590392e+00
2.576442716031952074e+00
7.494807917056762747e-01
1.051562988285874356e+00
1.049896858886179896e+00
5.056803963765577059e+00
4.896982473132830194e+00
1.094312261085401250e+00
2.189833343840124513e+00
6.672242812500911446e-01
9.045870581099066943e-01
1.833542332379726636e+00
2.232305530315140896e+00
2.851842062864774707e+00
1.417908485328849277e+00
2.973857126525621730e+00
2.511997441977682044e+00
4.644495536488691734e+00
5.502044629952373977e-01
4.517248220876481923e-01
4.645421412192416000e+00
