1.305290007591247559e+01 1.384377479553222656e-02
5.398854255676269531e+00 1.400423049926757812e-02
1.342531681060791016e+01 1.425909996032714844e-02
2.226230859756469727e+00 1.311492919921875000e-02
1.348361468315124512e+01 1.371932029724121094e-02
1.352936673164367676e+01 1.365661621093750000e-02
2.335117101669311523e+00 1.364946365356445312e-02
1.370474672317504883e+01 1.355814933776855469e-02
4.204697132110595703e+00 1.446676254272460938e-02
1.350880289077758789e+01 1.332950592041015625e-02
1.362778949737548828e+01 1.402258872985839844e-02
1.369553279876708984e+01 1.399517059326171875e-02
5.629213571548461914e+00 1.406550407409667969e-02
2.316893815994262695e+00 1.335716247558593750e-02
2.367967605590820312e+00 1.364874839782714844e-02
1.369499778747558594e+01 1.402139663696289062e-02
6.165144443511962891e+00 1.365351676940917969e-02
6.119588136672973633e+00 1.307535171508789062e-02
1.334224534034729004e+01 1.402497291564941406e-02
1.360104346275329590e+01 1.364064216613769531e-02
5.028922796249389648e+00 1.229333877563476562e-02
3.881544828414916992e+00 1.331925392150878906e-02
1.774344682693481445e+00 1.391434669494628906e-02
2.781217098236083984e+00 1.347613334655761719e-02
1.953914880752563477e+00 1.499795913696289062e-02
1.372906470298767090e+01 1.432085037231445312e-02
1.361490917205810547e+01 1.356816291809082031e-02
1.379794549942016602e+01 1.426243782043457031e-02
1.329700899124145508e+01 1.329803466796875000e-02
1.355895113945007324e+01 1.263976097106933594e-02
2.504233360290527344e+00 1.384639739990234375e-02
1.359939026832580566e+01 1.366233825683593750e-02
1.390416193008422852e+01 1.484179496765136719e-02
2.486360073089599609e+00 1.475787162780761719e-02
4.260213375091552734e+00 1.387882232666015625e-02
1.349150419235229492e+01 1.353931427001953125e-02
3.819935083389282227e+00 1.318955421447753906e-02
1.359274268150329590e+01 1.353478431701660156e-02
1.350364804267883301e+01 1.373934745788574219e-02
1.348395895957946777e+01 1.363492012023925781e-02
2.359859228134155273e+00 1.371312141418457031e-02
2.491554021835327148e+00 1.484513282775878906e-02
1.045178580284118652e+01 1.523184776306152344e-02
6.104258537292480469e+00 1.339435577392578125e-02
6.342920064926147461e+00 1.399135589599609375e-02
4.368911266326904297e+00 1.433634757995605469e-02
9.783738374710083008e+00 1.352286338806152344e-02
9.709996461868286133e+00 1.376962661743164062e-02
4.991410017013549805e+00 1.349949836730957031e-02
6.273576974868774414e+00 1.442170143127441406e-02
5.604778528213500977e+00 1.335000991821289062e-02
6.001814603805541992e+00 1.460385322570800781e-02
9.882799625396728516e+00 1.340079307556152344e-02
9.653303861618041992e+00 1.370906829833984375e-02
9.742995738983154297e+00 1.348876953125000000e-02
9.864024639129638672e+00 1.371312141418457031e-02
4.295666217803955078e+00 1.337409019470214844e-02
1.000744700431823730e+01 1.414680480957031250e-02
1.041007494926452637e+01 1.500868797302246094e-02
9.677698373794555664e+00 1.378679275512695312e-02
9.780596971511840820e+00 1.389312744140625000e-02
6.128614902496337891e+00 1.358985900878906250e-02
6.187526702880859375e+00 1.373171806335449219e-02
9.668928384780883789e+00 1.364541053771972656e-02
6.328744888305664062e+00 1.379728317260742188e-02
9.926136732101440430e+00 1.269054412841796875e-02
9.845960617065429688e+00 1.308393478393554688e-02
4.402352094650268555e+00 1.374006271362304688e-02
9.934942483901977539e+00 1.367306709289550781e-02
6.266716480255126953e+00 1.424288749694824219e-02
6.280098438262939453e+00 1.389527320861816406e-02
2.329252719879150391e+00 1.399922370910644531e-02
9.800185203552246094e+00 1.422238349914550781e-02
6.198185920715332031e+00 1.356315612792968750e-02
6.313214778900146484e+00 1.421594619750976562e-02
9.836645364761352539e+00 1.351499557495117188e-02
1.029987764358520508e+01 1.438617706298828125e-02
4.955607414245605469e+00 1.370716094970703125e-02
4.481161355972290039e+00 1.402711868286132812e-02
9.655235767364501953e+00 1.341891288757324219e-02
3.853080749511718750e+00 1.312041282653808594e-02
1.351800608634948730e+01 1.451206207275390625e-02
3.914033651351928711e+00 1.414656639099121094e-02
2.334243774414062500e+00 1.373004913330078125e-02
9.706210374832153320e+00 1.373028755187988281e-02
9.704183816909790039e+00 1.361584663391113281e-02
9.863515138626098633e+00 1.427459716796875000e-02
2.290510654449462891e+00 1.349425315856933594e-02
9.665000438690185547e+00 1.355409622192382812e-02
4.311747789382934570e+00 1.373147964477539062e-02
3.945130586624145508e+00 1.427817344665527344e-02
9.781810522079467773e+00 1.368093490600585938e-02
2.378578186035156250e+00 1.388049125671386719e-02
9.920406818389892578e+00 1.427102088928222656e-02
9.837244510650634766e+00 1.455283164978027344e-02
9.843289136886596680e+00 1.322579383850097656e-02
2.459287405014038086e+00 1.182603836059570312e-02
5.019837617874145508e+00 1.378560066223144531e-02
5.062079668045043945e+00 1.320290565490722656e-02
4.870347261428833008e+00 1.300191879272460938e-02
9.533310651779174805e+00 1.288652420043945312e-02
4.843485355377197266e+00 1.311039924621582031e-02
4.912984609603881836e+00 1.325035095214843750e-02
4.987375497817993164e+00 1.425743103027343750e-02
4.995195388793945312e+00 1.471781730651855469e-02
4.951498031616210938e+00 1.385688781738281250e-02
4.972355127334594727e+00 1.366138458251953125e-02
5.142704010009765625e+00 1.405692100524902344e-02
4.975541830062866211e+00 1.386666297912597656e-02
4.890473604202270508e+00 1.389694213867187500e-02
5.355673789978027344e+00 1.466774940490722656e-02
1.027897500991821289e+01 1.410937309265136719e-02
9.467329978942871094e+00 1.397705078125000000e-02
4.949861049652099609e+00 1.346158981323242188e-02
4.960368156433105469e+00 1.368927955627441406e-02
5.061146259307861328e+00 1.415610313415527344e-02
5.046760320663452148e+00 1.403808593750000000e-02
7.654266357421875000e+00 1.357412338256835938e-02
5.617010831832885742e+00 1.390409469604492188e-02
5.948319911956787109e+00 1.444411277770996094e-02
5.729355335235595703e+00 1.412081718444824219e-02
5.593782663345336914e+00 1.379156112670898438e-02
5.509924888610839844e+00 1.341533660888671875e-02
9.457065343856811523e+00 1.422595977783203125e-02
5.546139717102050781e+00 1.356768608093261719e-02
5.633836030960083008e+00 1.297068595886230469e-02
5.612730741500854492e+00 1.294970512390136719e-02
5.671350955963134766e+00 1.444172859191894531e-02
5.647399187088012695e+00 1.346039772033691406e-02
5.649180650711059570e+00 1.383233070373535156e-02
5.556461572647094727e+00 1.321077346801757812e-02
2.783215522766113281e+00 1.419162750244140625e-02
2.804180860519409180e+00 1.327681541442871094e-02
3.474056959152221680e+00 1.351475715637207031e-02
9.569714069366455078e+00 1.427626609802246094e-02
2.626770496368408203e+00 1.343154907226562500e-02
6.899891614913940430e+00 1.504564285278320312e-02
6.513024806976318359e+00 1.359009742736816406e-02
7.192118406295776367e+00 1.349735260009765625e-02
1.579188919067382812e+01 1.414513587951660156e-02
9.353387594223022461e+00 1.373028755187988281e-02
9.482126474380493164e+00 1.387977600097656250e-02
9.505045413970947266e+00 1.354956626892089844e-02
9.674680471420288086e+00 1.386666297912597656e-02
9.514049053192138672e+00 1.393342018127441406e-02
9.625781297683715820e+00 1.294231414794921875e-02
9.448003053665161133e+00 1.349258422851562500e-02
9.777218341827392578e+00 1.421189308166503906e-02
9.764352560043334961e+00 1.380968093872070312e-02
9.654527902603149414e+00 1.380300521850585938e-02
9.738893270492553711e+00 1.357936859130859375e-02
9.414637088775634766e+00 1.349186897277832031e-02
9.410980701446533203e+00 1.357841491699218750e-02
9.481974363327026367e+00 1.363873481750488281e-02
1.010889887809753418e+01 1.437211036682128906e-02
9.459961175918579102e+00 1.367783546447753906e-02
9.401223421096801758e+00 1.358270645141601562e-02
9.445342540740966797e+00 1.386690139770507812e-02
9.509000062942504883e+00 1.326370239257812500e-02
9.534691333770751953e+00 1.379680633544921875e-02
9.663143634796142578e+00 1.406884193420410156e-02
9.522782325744628906e+00 1.348400115966796875e-02
9.643041133880615234e+00 1.426267623901367188e-02
9.526027917861938477e+00 1.380252838134765625e-02
9.552899360656738281e+00 1.416444778442382812e-02
1.298696255683898926e+01 1.446676254272460938e-02
1.299754095077514648e+01 1.360797882080078125e-02
9.450231552124023438e+00 1.388454437255859375e-02
1.383646392822265625e+01 1.489496231079101562e-02
1.126711130142211914e+01 1.357817649841308594e-02
1.297755837440490723e+01 1.388525962829589844e-02
1.098597884178161621e+01 1.332998275756835938e-02
7.748520374298095703e+00 1.364588737487792969e-02
4.326675653457641602e+00 1.349806785583496094e-02
4.363783359527587891e+00 1.384520530700683594e-02
4.318198204040527344e+00 1.364827156066894531e-02
4.430110454559326172e+00 1.369428634643554688e-02
4.291365861892700195e+00 1.349115371704101562e-02
9.689270496368408203e+00 1.406693458557128906e-02
4.306288957595825195e+00 1.427006721496582031e-02
4.378342151641845703e+00 1.345109939575195312e-02
4.283170700073242188e+00 1.362204551696777344e-02
1.690271377563476562e+00 1.352334022521972656e-02
1.675785541534423828e+00 1.334261894226074219e-02
2.367294549942016602e+00 1.406741142272949219e-02
2.320894241333007812e+00 1.365685462951660156e-02
1.729579210281372070e+00 1.360106468200683594e-02
2.311668395996093750e+00 1.372981071472167969e-02
2.322503089904785156e+00 1.367712020874023438e-02
9.566986560821533203e+00 1.506280899047851562e-02
5.989573001861572266e+00 1.452350616455078125e-02
5.633639574050903320e+00 1.400232315063476562e-02
2.324451684951782227e+00 1.356482505798339844e-02
8.550441026687622070e+00 1.299428939819335938e-02
2.312607765197753906e+00 1.341652870178222656e-02
6.389415502548217773e+00 1.407027244567871094e-02
2.310959815979003906e+00 1.251769065856933594e-02
9.641231775283813477e+00 1.366519927978515625e-02
2.334400653839111328e+00 1.395606994628906250e-02
6.150147438049316406e+00 1.321482658386230469e-02
9.609856843948364258e+00 1.429605484008789062e-02
9.776067972183227539e+00 1.375913619995117188e-02
4.934787034988403320e+00 1.353096961975097656e-02
4.912276029586791992e+00 1.349711418151855469e-02
4.958699464797973633e+00 1.755285263061523438e-02
5.659742593765258789e+00 1.371097564697265625e-02
5.662046194076538086e+00 1.390099525451660156e-02
5.521385192871093750e+00 1.361107826232910156e-02
5.559892654418945312e+00 1.354551315307617188e-02
5.780339241027832031e+00 1.378202438354492188e-02
6.494893550872802734e+00 1.308178901672363281e-02
9.456097841262817383e+00 1.436972618103027344e-02
6.502205371856689453e+00 1.419115066528320312e-02
7.170810222625732422e+00 1.374268531799316406e-02
7.470477581024169922e+00 1.355099678039550781e-02
7.142737865447998047e+00 1.474237442016601562e-02
7.197799444198608398e+00 1.394701004028320312e-02
5.643565654754638672e-01 1.354122161865234375e-02
5.631189346313476562e-01 1.336050033569335938e-02
5.798239707946777344e-01 1.402187347412109375e-02
5.521581172943115234e-01 1.317644119262695312e-02
5.692255496978759766e-01 1.350426673889160156e-02
1.327753686904907227e+01 1.318454742431640625e-02
9.577020883560180664e+00 1.401376724243164062e-02
5.798563957214355469e-01 1.370477676391601562e-02
5.562722682952880859e-01 1.324057579040527344e-02
5.673558712005615234e-01 1.291513442993164062e-02
5.675799846649169922e-01 1.339912414550781250e-02
5.541749000549316406e-01 1.350021362304687500e-02
6.269717216491699219e-01 1.276135444641113281e-02
5.758852958679199219e-01 1.315760612487792969e-02
5.985977649688720703e-01 1.317453384399414062e-02
5.696089267730712891e-01 1.328945159912109375e-02
5.608568191528320312e-01 1.334500312805175781e-02
9.492600679397583008e+00 1.369333267211914062e-02
5.678191184997558594e-01 1.333427429199218750e-02
5.690941810607910156e-01 1.360464096069335938e-02
5.620660781860351562e-01 1.346445083618164062e-02
5.682048797607421875e-01 1.339006423950195312e-02
5.972208976745605469e-01 1.337981224060058594e-02
6.039588451385498047e-01 1.341032981872558594e-02
6.111435890197753906e-01 1.373600959777832031e-02
5.657362937927246094e-01 1.341938972473144531e-02
6.072120666503906250e-01 1.319646835327148438e-02
5.542588233947753906e-01 1.330995559692382812e-02
9.515479087829589844e+00 1.369094848632812500e-02
6.250886917114257812e-01 1.340150833129882812e-02
5.893714427947998047e-01 1.375937461853027344e-02
5.746092796325683594e-01 1.360106468200683594e-02
5.526850223541259766e-01 1.335740089416503906e-02
5.657868385314941406e-01 1.349425315856933594e-02
5.640664100646972656e-01 1.339483261108398438e-02
6.115257740020751953e-01 1.306819915771484375e-02
6.012012958526611328e-01 1.353096961975097656e-02
5.743799209594726562e-01 1.350307464599609375e-02
6.174240112304687500e-01 1.457738876342773438e-02
9.616777420043945312e+00 1.373338699340820312e-02
7.192645072937011719e-01 1.328349113464355469e-02
5.685033798217773438e-01 1.322603225708007812e-02
5.646457672119140625e-01 1.282167434692382812e-02
5.722320079803466797e-01 1.366400718688964844e-02
6.123180389404296875e-01 1.273107528686523438e-02
5.874009132385253906e-01 1.398277282714843750e-02
5.638122558593750000e-01 1.353883743286132812e-02
5.718839168548583984e-01 1.196813583374023438e-02
5.772678852081298828e-01 1.333165168762207031e-02
5.757820606231689453e-01 1.336479187011718750e-02
9.606025457382202148e+00 1.386237144470214844e-02
5.812528133392333984e-01 1.377534866333007812e-02
5.674693584442138672e-01 1.340103149414062500e-02
5.795717239379882812e-01 1.441073417663574219e-02
5.538272857666015625e-01 1.265144348144531250e-02
5.195994377136230469e-01 1.324939727783203125e-02
5.775718688964843750e-01 1.347064971923828125e-02
5.766181945800781250e-01 1.345133781433105469e-02
6.464650630950927734e-01 1.338529586791992188e-02
5.715794563293457031e-01 1.324844360351562500e-02
5.864613056182861328e-01 1.373767852783203125e-02
9.501941204071044922e+00 1.306915283203125000e-02
5.610947608947753906e-01 1.329326629638671875e-02
6.518480777740478516e-01 1.370525360107421875e-02
6.518194675445556641e-01 1.334381103515625000e-02
7.307729721069335938e-01 1.353478431701660156e-02
5.874521732330322266e-01 1.417255401611328125e-02
5.733025074005126953e-01 1.395487785339355469e-02
5.746998786926269531e-01 1.329040527343750000e-02
6.736605167388916016e-01 1.441049575805664062e-02
5.710163116455078125e-01 1.376056671142578125e-02
5.623095035552978516e-01 1.282358169555664062e-02
5.579457998275756836e+00 1.369762420654296875e-02
3.158763647079467773e+00 1.411700248718261719e-02
3.040626287460327148e+00 1.363158226013183594e-02
9.059096336364746094e+00 1.378846168518066406e-02
1.508821940422058105e+01 8.692026138305664062e-03
8.977721929550170898e+00 1.325869560241699219e-02
6.101428270339965820e+00 1.428437232971191406e-02
6.132376909255981445e+00 1.435327529907226562e-02
6.118595838546752930e+00 1.397848129272460938e-02
8.968084335327148438e+00 1.358580589294433594e-02
8.070900917053222656e+00 1.383280754089355469e-02
6.157751560211181641e+00 1.411747932434082031e-02
7.618786573410034180e+00 1.386117935180664062e-02
7.734244823455810547e+00 1.330780982971191406e-02
6.010393857955932617e+00 1.371860504150390625e-02
9.721076250076293945e+00 1.336979866027832031e-02
6.359422922134399414e+00 1.600384712219238281e-02
6.091611146926879883e+00 1.357674598693847656e-02
6.095687627792358398e+00 1.409339904785156250e-02
7.167958736419677734e+00 1.378369331359863281e-02
4.894810199737548828e+00 1.351785659790039062e-02
9.617372989654541016e+00 1.362538337707519531e-02
6.739840030670166016e+00 1.379585266113281250e-02
2.219725131988525391e+00 1.354289054870605469e-02
4.002914428710937500e+00 1.366257667541503906e-02
2.091492652893066406e+00 1.370096206665039062e-02
9.797707796096801758e+00 1.408410072326660156e-02
1.195824170112609863e+01 8.613586425781250000e-03
9.423808574676513672e+00 1.119184494018554688e-02
1.086778664588928223e+01 8.687019348144531250e-03
1.096713781356811523e+01 7.779836654663085938e-03
1.062513971328735352e+01 8.451461791992187500e-03
1.043839049339294434e+01 8.044958114624023438e-03
1.048238229751586914e+01 8.656263351440429688e-03
7.643611431121826172e+00 9.597063064575195312e-03
4.024592161178588867e+00 1.422882080078125000e-02
3.051887750625610352e+00 1.350426673889160156e-02
8.575723648071289062e+00 8.821725845336914062e-03
2.983752012252807617e+00 1.337671279907226562e-02
2.951086997985839844e+00 1.354479789733886719e-02
3.163107872009277344e+00 1.464676856994628906e-02
2.941390752792358398e+00 1.325893402099609375e-02
4.327117204666137695e+00 1.327228546142578125e-02
4.321693181991577148e+00 1.401376724243164062e-02
1.544443130493164062e+00 1.300144195556640625e-02
4.336449623107910156e+00 1.391673088073730469e-02
4.290120124816894531e+00 1.358866691589355469e-02
4.324376583099365234e+00 1.373529434204101562e-02
8.314671039581298828e+00 8.097648620605468750e-03
4.266819953918457031e+00 1.361680030822753906e-02
4.266210079193115234e+00 1.351451873779296875e-02
6.485488176345825195e+00 8.240938186645507812e-03
2.935559034347534180e+00 1.394128799438476562e-02
2.916364192962646484e+00 1.307511329650878906e-02
4.327977180480957031e+00 1.443243026733398438e-02
4.164100170135498047e+00 8.595705032348632812e-03
2.324567079544067383e+00 1.318550109863281250e-02
9.266626834869384766e+00 7.961034774780273438e-03
5.089100360870361328e+00 1.379966735839843750e-02
7.096709728240966797e+00 8.197069168090820312e-03
5.318681955337524414e+00 8.377313613891601562e-03
8.737563610076904297e+00 7.748365402221679688e-03
8.743233919143676758e+00 7.335424423217773438e-03
3.427726030349731445e+00 1.366901397705078125e-02
1.692218780517578125e+00 1.363635063171386719e-02
1.492794275283813477e+00 1.359868049621582031e-02
7.527284622192382812e+00 7.202386856079101562e-03
7.842817783355712891e+00 6.968736648559570312e-03
7.560609579086303711e+00 6.869792938232421875e-03
7.263384103775024414e+00 7.391929626464843750e-03
