id,0,1,2,3,4,5,6,7,8,9,10,11,12
W1,35410.776918804826,35424.39383760964,35438.01075641446,35451.62767521927,35465.24459402409,35478.8615128289,35492.47843163372,35506.09535043853,35519.712269243355,35533.32918804817,35546.946106852985,35560.5630256578,38087.03927801393
W10,5130.143803202872,5138.147606405743,4895.595931317717,4895.595931317718,4895.595931317718,4895.595931317717,4895.595931317718,4955.465931317719,4955.215931317718,4955.215931317719,4955.215931317719,4913.475931317718,4913.475931317718
W100,11293.753688261995,11373.063688261995,11514.633688261996,11533.653688261995,11520.623688261996,11433.683688261995,11466.963688261996,11504.463688261996,11524.303688261996,11428.163688261995,11663.973688261996,11776.213688261996,11628.663688261995
W101,9898.972764195449,9902.671764195451,9911.539764195451,9847.53676419545,9899.36376419545,9901.76076419545,9906.313764195449,9881.75076419545,9885.112764195448,10082.159764195449,10076.549764195452,10022.96776419545,9992.67076419545
W102,15941.502287159987,15792.199148639951,15838.139148639952,15957.379148639951,15962.671435799939,15779.630584439892,15818.660584439891,15864.600584439891,15983.840584439891,15989.132871599879,15839.829733079843,15885.769733079844,16005.009733079843
W103,3951.3407185208007,4039.8933882033634,4052.332646668721,4123.992646668721,3992.0326466687206,4178.9626466687205,4095.3026466687206,4008.8426466687206,3941.042646668721,3997.8626466687188,3993.512646668719,4109.652646668719,3957.0926466687188
W104,1027.7771366234408,1025.5642732468814,1023.3514098703222,1021.138546493763,1018.9256831172038,986.838036383836,975.088036383836,972.8751730072768,977.4551730072767,977.9451730072767,989.7651730072765,955.9251730072766,908.3651730072766
W105,9154.814518528245,9151.607410096787,9151.847410096785,9140.287410096786,9156.087410096787,9157.027410096787,9155.537410096786,9159.317410096786,9155.387410096788,9158.717410096788,9167.447410096785,9183.217410096786,9184.967410096788
W106,2163.6018841943446,2150.405884194345,2147.2708841943454,2153.050884194345,2150.5888888992426,2139.4168888992426,2140.2328599478287,2131.6918599478286,2143.1648599478285,2147.0138599478287,2140.855859947829,2137.840859947829,2146.6828599478285
W107,23887.25245766472,23895.944915329437,23904.63737299415,23913.32983065887,23922.022288323587,23930.714745988305,23939.407203653023,23948.09966131774,23956.79211898246,23965.484576647177,23974.177034311895,23982.869491976613,23991.56194964133
W108,16207.14513649667,16199.206136496668,16000.67213649667,15948.62713649667,16132.442557117507,16239.241557117508,16231.302557117504,16032.768557117506,15980.723557117506,16264.918693614176,16256.979693614174,16058.445693614176,16006.400693614176
W109,14451.720914932079,14440.753914932078,14238.325914932077,14186.686914932077,14410.802223529252,14414.798223529255,14404.186223529254,14355.481223529254,14400.166223529255,14502.962223529254,14491.995223529253,14289.567223529251,14237.928223529254
W11,325.204120657517,324.0182413150344,322.83236197255155,321.6464826300687,320.4606032875861,319.27472394510323,318.0888446026204,316.90296526013753,315.7170859176549,314.53120657517206,313.3453272326892,312.1594478902066,310.97356854772374
W110,7180.823862933502,7182.193862933502,7221.463862933503,7115.063862933503,7113.683862933502,7144.073862933502,7081.773862933502,7133.083862933501,7216.993862933501,7223.8438629335005,7268.123862933502,7320.143862933502,7431.723862933502
W111,1066.6597731840595,1048.770367506277,1046.8103675062769,1045.7303675062767,1038.7303675062767,1005.6203675062766,967.1203675062768,965.9803675062769,977.6703675062763,962.7403675062765,954.5903675062766,986.1003675062766,984.5703675062764
W112,9477.560969946318,9531.28096994632,9451.44096994632,9518.630969946318,9521.193712432898,9490.374682379219,9544.09468237922,9464.254682379218,9531.444682379217,9469.380167352378,9554.345652325539,9474.505652325537,9541.695652325536
W113,733.4352781756099,719.4911127024395,752.6611127024396,725.1411127024392,722.376390878049,708.4322254048786,705.6675035804885,738.8375035804886,711.3175035804886,682.8086162829281,694.6086162829281,727.7786162829282,700.2586162829282
W114,10417.5229976892,10520.860999229735,10389.740999229733,10376.649358524595,10437.959358524597,10490.629358524597,10476.859358524598,10474.239358524595,10409.289358524595,10449.949358524596,10448.229358524597,10446.179358524598,10210.639358524597
W115,11281.941293676959,11288.542587353915,11089.5690848071,11280.6090848071,11005.439084807102,11052.5490848071,10730.699084807098,10768.169084807101,10855.2990848071,10929.9990848071,10786.2890848071,10869.2890848071,11109.399084807099
W116,15086.693135961244,14597.763135961244,14363.723135961243,14477.973135961245,15434.913135961244,15242.433135961244,15501.073135961244,14811.283135961245,14627.713135961245,15894.453135961245,15718.023135961244,14252.683135961244,14165.733135961244
W117,7071.885846270928,6964.486846270538,6943.886846270538,6961.906846270536,6995.706846270537,6954.476846270537,6946.386846270538,6966.526846270537,6981.286846270537,6995.9968462705365,6967.086846270537,6963.796846270538,7039.916846270537
W118,1734.7012411198143,1733.8379644792562,1731.2129644792562,1737.0539644792564,1737.8382055990705,1764.8367977138887,1742.526627635562,1735.5116276355618,1756.2866276355617,1770.692627635562,1752.806493077979,1734.6914930779792,1751.9934930779793
W119,1008.9547671446294,969.4347671446294,957.1347671446294,977.8547671446292,998.0147671446296,933.4647671446294,983.8247671446295,1028.9047671446294,1004.1447671446294,964.0347671446295,964.4147671446294,919.4547671446295,931.8047671446295
W12,1027.7203605700442,1078.6551888018898,1071.65518880189,1064.65518880189,1057.65518880189,1050.65518880189,1043.6551888018898,1036.6551888018898,1030.6551888018898,1022.6551888018901,1016.6551888018901,1008.6551888018901,1001.6551888018901
W120,877.8828060125212,876.9056120250425,875.9284180375638,825.6169648423299,980.06696484233,963.8769648423299,949.66696484233,1042.30696484233,1003.6969648423299,980.9969648423298,1063.32696484233,1050.3069648423302,1108.58696484233
W121,10467.143439548896,10477.577439548895,10313.924439548897,10374.923439548897,10378.582549436122,10485.438988985015,10495.872988985016,10332.219988985016,10393.218988985016,10396.878098872241,10510.509428533911,10346.856428533913,10407.855428533912
W122,357.2868751150504,349.4168751150503,399.70687511505025,399.0268751150502,362.45687511505025,343.85687511505034,365.83687511505036,345.7868751150504,340.10687511505034,338.5568751150497,381.6768751150503,391.5168751150504,373.28687511504995
W123,462.13952725276135,453.3995272527616,511.1895272527611,509.97952725276105,476.2695272527608,456.7595272527608,478.9795272527613,458.7095272527613,448.6295272527616,451.5195272527617,495.3195272527612,504.51952725276146,484.95952725276106
W124,8478.540191352206,8482.200382704414,8485.860574056622,8573.826986015232,8604.066986015232,8587.096986015233,8422.707405662375,8416.517405662375,8390.687405662376,8343.067405662376,8332.217405662373,8318.217405662373,8295.757405662374
W125,10759.400429880207,10963.690429880207,10935.720429880206,10837.000429880205,10905.670429880205,10911.380429880208,11118.800429880206,10876.850429880207,10863.160429880207,10933.198398715855,10905.572499414597,11125.753057709397,11106.353057709395
W126,9637.92727490494,9596.658274904941,9533.70327490494,9561.697274904938,9645.82527490494,9658.86327490494,9664.47227490494,9591.892274904938,9634.846274904941,9752.70127490494,9728.622274904941,9654.77927490494,9684.553274904942
W127,11182.266865110645,10810.127460442583,10827.987460442582,11192.157460442582,10629.629246438393,10552.389246438393,10551.379246438393,10606.789246438393,11206.819246438392,10808.259246438392,10839.799246438395,10857.659246438394,11221.829246438394
W128,3614.5146986597956,3579.3846986597955,3619.6846986597957,3583.544698659795,3579.4846986597954,3581.784698659796,3572.954698659795,3590.2846986597956,3603.804698659795,3558.9959679278745,3630.004698659796,3652.364698659795,3648.1446986597957
W129,1008.9982019626902,1007.0564039253807,1005.114605888071,1003.1728078507614,961.9072143220849,969.8336182474657,967.8918202101561,956.081820210156,960.6718202101559,960.6918202101558,973.1218202101561,940.561820210156,892.7218202101559
W13,2506.3918421387525,2221.831947803784,2223.1079478037836,2204.0619478037843,2143.367947803784,2139.953843411352,2185.3658434113513,2116.595843411352,2084.4708434113513,2036.5701190273207,2038.4889611660733,2189.5746855501043,2197.3866855501037
W130,8196.08759907147,8266.707599071471,8287.85759907147,8361.00759907147,8388.497599071472,8339.667599071472,8405.257599071472,8431.81759907147,8405.417599071472,8423.897599071472,8378.837599071472,8384.25759907147,8379.637599071471
W131,2162.471491013007,2149.2684910130074,2146.1354910130067,2151.979491013007,2152.801363766259,2152.5559820260146,2130.555930961752,2131.3778037150037,2142.9388037150043,2146.6158037150044,2140.594803715004,2137.541803715004,2146.1158037150035
W132,22618.97714200188,22627.09428400376,22635.211426005637,22643.328568007517,22651.445710009393,22659.562852011273,22667.67999401315,22675.79713601503,22683.91427801691,22692.031420018786,22700.148562020666,22708.265704022542,22716.382846024422
W133,13935.42468382645,13942.404683826448,13780.91768382645,13833.276683826447,13838.750354783058,13962.79303860951,13969.773038609508,13808.28603860951,13860.645038609508,13984.687722435958,13991.667722435957,13830.180722435958,13882.539722435955
W134,12184.282331023189,12187.616331023186,12022.409331023187,12075.059331023187,12079.805913778984,12208.015244802173,12211.349244802172,12046.142244802171,12098.79224480217,12227.00157582536,12230.335575825358,12065.12857582536,12117.77857582536
W135,6197.598371163177,6203.9167423263525,6071.349052100348,6029.989052100348,6021.679052100347,6026.359052100349,6064.959052100347,6146.3390521003475,6135.149052100349,6144.589052100347,6128.4190521003475,6100.819052100348,6100.639052100348
W136,6332.00019274219,6376.00019274219,6339.600385484379,6383.600385484379,6347.20057822657,6391.20057822657,6354.800770968759,6398.800770968759,6362.400963710948,6406.400963710948,6370.001156453138,6414.001156453138,6377.601349195328
W137,7032.673109082879,6995.685109082879,6964.7201090828785,6962.532109082879,6998.116109082878,6974.321109082878,6947.048109082879,6947.085109082878,7044.386109082878,7010.9791090828785,7064.975109082879,7033.542109082879,7080.839109082878
W138,330.12658003119367,318.3765800311932,345.78658003119364,359.27658003119365,334.1865800311932,328.02658003119313,335.3065800311937,343.94658003119366,369.3865800311932,306.9965800311932,310.3565800311937,369.34658003119364,350.8265800311932
W139,7970.1372654397455,7897.8671388230205,7829.602138823023,7865.568138823019,7844.418138823019,7720.711138823023,7506.509138823021,7514.783138823019,7562.107138823021,7771.585138823021,7839.8711388230195,7935.01313882302,7977.967138823021
W14,2443.8364166464,2233.5404164032016,2202.7324164032016,2134.5354164032015,2156.899416403202,2201.366416403201,2203.314416403202,2297.2634164032015,2148.0754164032014,2202.9584164032017,2373.738416403202,2437.4164164032013,2466.8934164032016
W140,8130.286363729914,8241.258135184664,8216.212135184664,8110.187057936286,7869.5830579362855,7898.8240579362855,7952.054057936285,8157.642057936286,8196.648057936285,8280.040057936285,8350.404057936285,8357.488057936285,8241.432057936287
W141,11189.662002028144,11319.018002028144,11000.013002028145,10940.468002028145,10988.823002028146,11178.786002028144,11563.657002028143,11292.718002028145,11613.347002028142,11466.523002028145,11571.349002028144,11581.996002028143,11632.555002028144
W142,5415.15772048613,5383.682720486129,5379.77272048613,5385.476720486129,5408.64072048613,5408.931720486131,5389.445720486129,5386.24672048613,5422.42672048613,5452.409720486129,5445.40672048613,5433.99072048613,5459.34872048613
W143,11398.313072122513,11310.426072122513,11292.488072122513,11318.564072122512,11327.09959015314,11344.568144245024,11326.630144245026,11352.706144245025,11361.241662275652,11369.77718030628,11210.578140787158,11195.706694879042,11204.24221290967
W144,1028.2328345970843,1016.292834597084,1049.802834597084,995.2828345970843,1034.2256691941684,1022.2856691941681,1055.795669194168,1001.2756691941684,1040.2185037912525,1028.2785037912522,1061.7885037912524,1007.2685037912524,1046.2113383883366
W145,8601.629365566376,8591.262719354208,8139.662719354208,8662.66271935421,8437.26271935421,8304.962719354207,8481.462719354207,8509.462719354211,7993.16271935421,7945.7627193542085,8305.962719354207,7959.362719354208,7700.86271935421
W146,6790.219367208196,6803.7556672081955,6676.580667208195,6716.150267208195,6753.27025121844,6804.930951218441,6818.46725121844,6691.2922512184405,6730.861851218439,6816.700218426637,6830.2365184266355,6703.061518426636,6742.631118426635
W147,133.2287559081292,132.96751181625837,127.14382680568008,132.51382680568008,135.3002363251694,135.0389922332986,119.06899223329856,112.33899223329854,116.98023632516947,116.71899223329865,101.7689922332986,113.03899223329859,108.7789922332986
W148,233.81818324069627,233.57636648139282,233.33454972208938,233.0927329627857,232.85091620348226,232.6090994441788,232.36728268487514,232.1254659255717,231.88364916626824,231.64183240696457,231.40001564766112,231.15819888835767,230.916382129054
W149,4495.910275696909,4451.920275696909,4421.79127569691,4384.399155854339,4491.98215585434,4467.909155854339,4475.46415585434,4508.65515585434,4582.144155854339,4589.023155854339,4586.090155854339,4600.7211558543395,4627.545155854339
W15,5369.792249896265,3167.5199958506387,3386.2299958506383,3247.539995850638,3079.1999958506385,3083.1122457469046,2984.1222457469044,3023.2499958506382,3070.7399958506385,2990.8199958506384,3012.328924896554,3008.5089248965537,3002.7666750002877
W150,8110.577978604796,8042.371978604797,8069.064978604795,8047.678978604796,8046.295978604796,8071.053978604797,8049.929978604795,8082.571978604796,8071.535978604796,8166.5489786047965,8065.662978604795,8132.672978604795,8040.700978604796
W151,6333.1151512287615,6355.284751228762,6226.916251228761,6274.876851228762,6277.623664035952,6346.849215264713,6369.018815264713,6240.650315264714,6288.610915264713,6357.836466493474,6380.0060664934745,6251.637566493475,6299.598166493475
W152,8647.758505055936,8193.17656572716,8087.191565727163,8090.905070783098,8100.357565727162,8074.502565727163,8082.229565727163,8126.936565727162,8572.61756572716,8284.040565727162,8335.026565727163,8401.063565727163,8692.320565727163
W153,2987.129266305945,2966.589266305945,2856.518266305945,2889.7442663059446,2970.399266305945,3080.361266305945,2902.5012663059447,2893.689266305945,3144.2542663059453,3229.733266305945,3039.135266305945,2853.873266305945,2944.323266305945
W154,8624.603013204203,8635.906026408407,8647.209039612611,8658.512052816815,8669.81506602102,8681.118079225223,8692.421092429428,8703.724105633632,8715.027118837836,8726.33013204204,8737.633145246244,8748.936158450448,8760.239171654652
W155,4608.602818316836,4642.497818316836,4635.734818316836,4599.821818316836,4676.817818316836,4637.580818316836,4644.037818316837,4628.5138183168365,4573.860818316836,4554.217818316836,4523.306818316836,4534.191818316836,4512.381818316837
W156,5455.604565447705,5458.79813089541,5436.9217783595905,5465.18526179082,5439.997343807295,5436.749343807295,5452.99417104582,5456.187736493524,5454.111736493525,5459.276736493525,5459.158736493525,5455.910736493524,5454.892736493525
W157,1437.9488216515526,1428.6074216515526,1426.4260216515527,1428.8035216515527,1444.7191453675462,1444.6387690835397,1439.1171690835397,1435.9629690835397,1449.7738670190988,1454.526067019099,1443.2805670190987,1444.0929670190988,1449.8751670190986
W158,16543.597904598508,16550.72980919702,16557.86171379553,16564.993618394037,16572.125522992545,16579.257427591052,16586.389332189563,16593.521236788074,16600.65314138658,16607.78504598509,16614.9169505836,16622.048855182107,16629.18075978062
W159,9308.178935702443,9322.379535702443,9191.845035702441,9229.03893570244,9251.786368372812,9226.853168372812,9229.63656837281,9227.431404075254,9270.477704075252,9245.544504075253,9248.327904075253,9246.122739777695,9289.169039777693
W16,5369.805008543011,3168.0303417204227,3386.7403417204227,3248.0503417204227,3079.710341720423,3083.6353502634333,2984.645350263433,3023.7603417204227,3071.250341720423,2991.3303417204224,3021.5661851396508,3017.7461851396506,3011.99117659664
W160,8096.9153208539865,8107.739020853986,7974.1977208539865,8010.138320853986,8036.802467775459,8032.893067775459,7904.846269758243,7969.148569758243,8052.657688629447,8048.7482886294465,8059.984788629446,7999.070588629446,8063.923988629446
W161,12094.566319688005,12076.60995906401,12085.636278752012,12121.645278752014,12130.671598440016,12112.715237816023,12121.741557504025,12157.750557504027,12166.77687719203,12148.820516568036,12157.846836256038,12193.855836256038,12202.882155944042
W162,4452.921232792185,4454.916465584371,4456.911698376556,4458.906931168741,4460.902163960926,4462.897396753112,4464.8926295452975,4466.887862337483,4468.883095129668,4470.878327921853,4472.873560714039,4474.868793506224,4476.86402629841
W163,3763.75354569361,3757.007091387219,3750.260637080829,3743.5141827744383,3736.767728468048,3730.021274161658,3723.274819855267,3716.528365548877,3709.7819112424863,3703.035456936096,3696.2890026297055,3689.5425483233153,3682.7960940169246
W164,25143.320766562312,24958.09076656231,24955.330766562307,24471.26076656231,24670.190766562308,24996.443379812157,25006.03153312462,25003.271533124615,24519.20153312462,24718.13153312462,25044.384146374465,25053.972299686928,25051.212299686926
W165,3723.917972651011,3896.023507718192,3888.623507718192,3895.323507718192,3808.023507718192,3899.323507718192,3935.723507718192,3780.723507718192,3758.123507718192,3642.523507718192,3580.723507718192,3583.123507718192,3572.923507718193
W166,2660.1252171826654,2724.6375385471106,2787.7155385471106,2795.78153854711,2885.4575385471103,2843.1055385471104,2796.88253854711,2795.47453854711,2787.1805385471107,2658.80653854711,2650.19753854711,2662.82453854711,2728.31053854711
W167,2991.445224670849,3000.116224670849,2998.5672246708486,2986.242224670849,2942.417224670849,2965.4932246708486,2971.2772246708487,2973.267224670849,2983.576224670849,2978.739224670849,3018.266224670849,3101.4302246708485,3191.1402246708485
W168,3209.7235532398995,3450.8847916636378,3424.677791663638,3332.1027916636376,3213.7927916636377,3287.7917916636375,3391.9047916636378,3417.2587916636376,3436.1457916636377,3589.887791663638,3542.8287916636377,3430.3037916636376,3476.609791663638
W169,1659.8455970970026,1647.5003883880102,1649.40638838801,1662.9073883880103,1663.9279854850126,1651.5827767760204,1653.4887767760201,1654.509373873023,1668.010373873023,1669.0309709700257,1656.685762261033,1658.591762261033,1672.0927622610332
W17,12036.30964759145,12203.259647591449,12203.39964759145,12222.35964759145,12222.279647591447,12222.19964759145,12222.12964759145,12222.049647591448,12157.08964759145,12166.2792951829,12333.229295182899,12333.369295182898,12352.329295182899
W170,3596.0563453216564,3597.8276906433125,3588.6933812866255,3590.464726608282,3592.236071929938,3604.9130719299383,3606.684417251595,3608.455762573251,3599.321453216564,3601.0927985382204,3602.8641438598765,3615.5411438598767,3617.3124891815332
W171,6056.331701305429,6106.030276211893,6106.657276211893,6114.057276211892,6231.503276211893,6218.801276211892,6212.423276211893,6308.174276211891,6308.316276211893,6167.907276211892,6219.524276211892,6226.991276211892,6281.002276211893
W172,3657.1651722091433,3658.4243444182866,3639.513288836574,3660.942688836574,3662.201861045717,3663.4610332548605,3664.720205464004,3665.9793776731476,3667.238549882291,3668.4977220914343,3669.7568943005776,3671.016066509721,3672.275238718865
W173,3374.800963931394,3175.900963931395,3180.1009639313947,3243.6009639313947,3009.900963931395,3252.400963931395,3651.900963931395,3252.7009639313937,3225.1009639313947,3516.000963931394,3346.900963931395,3713.2009639313937,3451.000963931395
W174,2788.750605991232,2798.0146059912327,2797.0456443985963,2812.8576443985967,2827.719371283751,2804.399371283751,2809.6793712837516,2798.4663712837514,2803.996371283751,2803.150371283751,2818.9623712837515,2804.4723712837517,2789.511371283751
W175,3250.6467890321064,3270.679056128425,3234.8505561284246,3255.8589561284252,3257.5963451605317,3259.3337341926376,3241.80011225685,3262.8085122568505,3264.545901288957,3266.283290321063,3268.0206793531693,3269.7580683852757,3271.4954574173817
W176,2542.4826202081877,2491.0976202081874,2482.360620208188,2493.0636202081873,2647.4126202081875,2537.4296202081878,2517.9836202081874,2469.806620208188,2542.7196202081877,2651.742964768292,2541.759964768292,2522.3139647682915,2474.1369647682923
W177,6525.563091722147,6769.333847758216,7150.253847758216,6712.873847758216,6788.403847758216,6749.503847758216,6514.853847758216,6622.783847758217,6525.0438477582165,6598.433847758217,6258.573847758217,6372.713847758217,6223.963847758217
W178,1494.1294980833788,1492.1589961667578,1490.188494250137,1488.2179923335161,1486.2474904168953,1484.2769885002742,1482.3064865836532,1480.3359846670323,1478.3654827504115,1476.3949808337907,1474.4244789171696,1472.4539770005485,1419.812973167307
W179,2715.1964620222384,2734.823567964394,2738.062708269821,2737.496708269821,2746.328708269821,2757.165708269821,2760.0547082698213,2754.6127082698213,2759.591708269821,2778.155708269821,2789.2177082698213,2790.629708269821,2801.627708269821
W18,4346.85702382457,4359.184047649142,4371.511071473713,4383.838095298284,4396.165119122856,4408.492142947429,4420.819166772,4433.146190596572,4445.473214421143,4457.800238245714,4470.127262070286,4482.454285894859,4494.78130971943
W180,7251.0237327996765,7294.512590232528,7297.1665902325285,7300.093590232528,7425.6265902325285,7413.036590232528,7408.801590232529,7507.618590232528,7508.772590232528,7343.973590232528,7396.4785902325275,7405.281590232528,7458.593590232528
W181,8792.870053408718,8850.501563618494,8898.158563618494,8908.404563618493,8929.014563618497,8944.609563618495,8951.505563618495,8981.824563618495,8998.706563618496,8999.266563618497,8990.766563618497,8944.794563618496,8934.100563618496
W182,1338.465719730284,1355.135719730284,1372.905719730284,1375.275719730284,1323.275719730284,1331.885719730284,1332.695719730284,1333.9957197302838,1341.0357197302842,1345.7457197302838,1350.465719730284,1355.8757197302841,1357.3857197302843
W183,6069.228043127127,6092.586043127128,6112.814043127128,6128.844043127127,6183.208043127128,6201.728043127127,6219.622043127128,6235.333043127128,6236.254043127127,6307.538043127128,6289.802043127128,6276.201043127127,6265.570043127127
W184,4603.625665219531,4606.216930439063,4608.808195658594,4611.399460878125,4613.990726097656,4616.581991317187,4619.173256536718,4601.35682939514,4612.7328293951405,4606.5393598342025,4617.915359834203,4620.506625053734,4623.097890273265
W185,4064.058762961486,4066.3276259229724,4054.1559518459444,4070.8653518459446,4073.1342148074305,4065.853401418945,4068.1222643804313,4070.391127341917,4062.7474273419175,4065.0162903034034,4061.277175495973,4063.546038457459,4063.6859495730014
W186,1743.1301155364226,1741.4621155364225,1744.238231072845,1742.570231072845,1745.3463466092674,1743.6783466092675,1746.4544621456898,1744.7864621456897,1747.5625776821123,1745.8945776821122,1748.6706932185346,1747.0026932185347,1749.778808754957
W187,948.7521059135039,949.152105913504,964.752105913504,949.4521059135039,950.2521059135039,956.4521059135038,962.8521059135037,956.8521059135039,971.6521059135041,978.552105913504,973.4521059135042,939.6521059135039,962.1521059135041
W188,2344.606793338903,2446.606793338903,2491.6067933389027,2451.6067933389027,2476.6067933389027,2497.6067933389027,2556.6067933389027,2422.6067933389027,2427.606793338903,2468.606793338903,2502.606793338903,2388.606793338903,2430.6067933389027
W189,2122.8924459305986,2074.8924459305986,2032.8924459305986,2177.8924459305986,2177.8924459305986,2230.8924459305986,2140.8924459305986,2201.8924459305986,2214.8924459305986,2268.8924459305986,2188.8924459305986,2023.8924459305986,2097.8924459305986
W19,4509.229825264071,3398.229825264071,3809.229825264071,3712.229825264072,3487.229825264071,2607.229825264071,3574.2298252640703,2545.2298252640703,6450.22982526407,4028.229825264071,4262.229825264071,3516.229825264071,7132.229825264071
W190,457.61739948940146,467.5085885894015,457.1820739894015,463.2018577894014,475.58032858940146,488.00646168940136,481.7175486894014,461.0168291894014,460.7602823894015,471.7802662894014,461.8489617894014,443.76826768940134,456.0799968894014
W191,6617.272432670935,6589.489282670936,6704.707312670936,6492.506382670936,6270.548812670934,6355.104942670935,6353.124482670935,6240.075302670934,5987.089352670935,6268.007842670935,6106.763162670935,6188.761582670934,6019.036892670935
W192,1209.527850502001,1207.5238915020013,1151.873732502001,1144.140259502001,1144.997441502001,1230.2230875020011,1184.7763995020011,1193.9068405020012,1169.254900502001,1193.5772225020014,1262.485628502001,1199.986157502001,1166.437060502001
W193,5982.952948138866,5985.836796277733,5816.296968796565,5878.172148796566,5798.7827287965665,5745.026068796566,5582.242688796566,5712.781408796565,5465.1068287965645,5474.822798796566,5542.2269987965665,5382.909898796566,5336.466098796565
W194,478.0753980594153,474.35156611883065,470.627734178246,466.9039022376613,463.1800702970762,459.45623835649155,544.6614929022307,486.703697021061,537.2138290210614,513.9620020210615,502.55307502106086,473.982276021061,513.2060560210609
W195,930.5021722160185,931.7076444320372,932.9131166480557,934.1185888640742,935.324061080093,936.5295332961117,937.7350055121302,938.9404777281487,940.1459499441675,1248.331885759049,1249.5373579750676,1250.7428301910863,1251.948302407105
W196,10714.46874489247,10662.79234489247,10323.451044892467,10190.691344892468,9876.092730877863,9841.335244892467,10284.095030877863,10395.61873087786,9918.422106174763,9929.004449998989,10725.733930877863,11300.680130877863,11294.76973087786
W197,3360.195051425742,3300.957330524738,3348.2347905247375,3473.326575524738,3500.9346235247376,3555.564179524738,3624.091906524738,3724.761507524738,3696.6685875247376,3731.8924305247374,3784.3442085247375,3880.2850555247373,3713.9465415247373
W198,2384.348226301324,2433.091868377388,2433.792386678712,2491.570825678712,2492.2713439800355,2641.236583980035,2582.981875980036,2540.4323409800354,2677.775380980036,2690.112248980036,2752.065307980036,2678.0399949800358,2713.929282980035
W199,791.4742871819369,880.2530001819364,868.5109241819368,829.6284581819364,840.4125841819368,839.3813031819366,844.932669181937,805.1913341819363,795.7535451819369,820.7682901819364,843.952081181937,834.5478521819364,852.8661091819367
W2,3473.5732696368823,3475.487539273764,3477.401808910646,3479.316078547528,3481.23034818441,3483.144617821292,3485.058887458174,3486.9731570950557,3488.887426731938,3490.8016963688196,3445.8321130624154,3447.746382699297,3449.6606523361797
W20,3991.2789951364057,3965.2789951364057,3787.2789951364066,5285.278995136406,3194.2789951364066,4306.278995136405,4438.278995136407,4241.278995136406,3967.2789951364057,3182.2789951364066,3947.2789951364057,4634.278995136407,4547.278995136406
W200,1673.7013633830957,1750.3979386082092,1755.2124219913057,1886.3471586082078,1756.2605952251124,1832.9190752251125,1870.9689052251124,1731.878305225112,1927.2868752251125,1793.6335852251123,1671.609075225113,1092.9773952251126,1319.9927652251126
W201,1897.2637343089614,1899.5274686179228,1901.7912029268846,1904.054937235846,1906.3186715448073,1908.5824058537692,1910.846140162731,1913.1098744716924,1915.3736087806537,1917.6373430896156,1919.9010773985774,1922.1648117075388,1924.4285460165001
W202,4132.779334415776,4131.5586688315525,4130.338003247328,4475.8476136859645,4389.847613685964,4388.62694810174,4422.626948101741,4370.62694810174,4479.288944854412,4550.288944854413,4644.288944854412,4685.288944854412,4741.288944854413
W203,5465.72142732281,5148.907084172066,4998.907084172065,4558.907084172065,4568.907084172066,4738.907084172066,5228.907084172066,5348.907084172065,5398.907084172065,5298.907084172066,5228.907084172066,5318.907084172066,5198.907084172065
W204,7311.922812878883,7313.535478907321,7308.43547890732,7314.467040270673,7368.632046332791,7378.932046332791,7325.932046332791,7316.2320463327915,7319.932046332791,7348.7320463327915,7367.532046332792,7338.2320463327915,7367.532046332792
W205,12622.577044479649,12630.354088959299,12632.698177918599,12645.908177918598,12653.68522239825,12661.462266877897,12833.675452717722,12911.12363063632,12699.273630636319,12496.445452717722,12290.679096880522,12047.829096880523,11694.182052400873
W206,1008.2472816082027,1156.0472816082026,975.6472816082028,1047.8472816082028,971.3472816082028,1023.6472816082028,1035.9472816082025,1252.8472816082026,1179.2472816082027,1174.2472816082027,1257.5472816082026,1337.5472816082026,1277.0472816082026
W207,11276.52362842382,13499.223628423822,14421.02362842382,15739.12362842382,16656.323628423823,17750.92362842382,17769.92362842382,16749.823628423823,20002.723628423817,20094.52362842382,21278.123628423822,20746.62362842382,19807.823628423823
W208,29102.500025966045,24214.00002596604,25937.80002596604,27117.600025966043,27540.425084389637,26280.525084389632,26607.225084389633,27873.82508438964,30588.525084389632,29230.525084389636,24342.025084389636,26065.825084389635,27245.625084389634
W209,4185.288078068305,4185.288078068306,4185.288078068306,4185.288078068305,4185.288078068305,4533.128078068305,4533.338078068306,4533.338078068306,4533.338078068306,4533.338078068306,4533.208078068305,4533.218078068305,4533.218078068305
W21,3268.73448078172,2971.73448078172,2770.73448078172,3581.73448078172,4193.73448078172,3660.73448078172,2850.73448078172,3437.73448078172,4369.73448078172,4350.73448078172,4685.73448078172,3003.73448078172,2328.7344807817194
W210,8028.42096791175,8032.081935823502,8035.742903735252,8039.403871647002,8043.064839558754,8046.725807470504,8050.386775382254,8054.047743294006,8057.708711205756,8061.369679117506,8065.030647029258,8068.691614941008,8072.352582852758
W211,18967.359774416436,18979.27954883287,18991.199323249304,19003.119097665738,19015.038872082176,19026.95864649861,19038.878420915047,19050.79819533148,19062.717969747915,19074.63774416435,19086.557518580787,19098.47729299722,19110.397067413658
W212,5356.4955897506115,5353.815589750612,5333.5755897506115,5332.065589750612,5348.305589750612,5614.115589750611,5571.015589750612,5556.255589750612,5561.175589750612,5571.525589750611,5540.015589750613,5526.025589750612,5537.445589750612
W213,3249.9214461695456,3342.664584882264,3409.764584882265,3654.740588963958,3657.8620351335035,3707.9620351335025,3776.1620351335037,3843.1620351335037,4024.9620351335034,4400.462035133503,4327.062035133504,4090.8620351335035,4117.362035133503
W214,1975.3236253235953,1913.8236253235953,1833.8236253235953,1864.1236253235952,1812.2236253235951,1774.8236253235953,1731.1236253235952,1849.5236253235953,1993.4472506471905,1931.9472506471905,1851.9472506471905,1882.2472506471904,1830.3472506471899
W215,2363.319856550674,2362.9597131013484,2350.3689958547193,2328.8189958547196,2344.3289958547193,2358.4989958547194,2361.1589958547193,2360.7988524053935,2360.438708956068,2326.6581351587647,2326.297991709439,2341.8079917094383,2355.9779917094384
W216,3139.645941483511,3133.0759414835106,3134.03594148351,3117.7659414835107,3131.585941483511,3145.665941483511,3148.885941483511,3142.731882967021,3136.1618829670215,3137.121882967021,3120.8518829670215,3134.6718829670212,3148.7518829670216
W217,10096.361978785697,10095.726978785699,10086.330978785698,10083.064978785698,10071.330978785698,10082.458978785698,10079.420978785696,10071.330978785696,9094.92926446781,9994.03326446781,9984.92926446781,9994.92926446781,9996.92926446781
W218,9705.644926671828,9005.644926671828,9940.686926671828,9938.504926671829,9944.334926671829,9996.83622272138,10000.83622272138,10003.98622272138,9889.836222721378,9999.836222721378,10004.33622272138,9998.54222272138,10000.75322272138
W219,1090.312878757819,1083.312878757819,1076.312878757819,1069.312878757819,1062.312878757819,1055.312878757819,1090.312878757819,1083.312878757819,1076.312878757819,1069.312878757819,1062.312878757819,1055.312878757819,1048.312878757819
W22,3467.319694705213,3547.319694705212,3137.319694705211,3227.319694705213,2617.319694705212,3477.319694705211,2647.319694705212,3617.319694705212,2577.319694705211,2437.319694705212,3927.319694705212,3257.319694705211,2847.319694705212
W220,1819.5335710228644,1812.5335710228644,1805.5335710228642,1798.5335710228642,1791.5335710228642,1784.5335710228644,1819.5335710228644,1812.5335710228642,1805.5335710228642,1798.5335710228642,1791.5335710228644,1784.5335710228644,1777.5335710228642
W221,7169.349226615761,7295.349226615761,7186.049226615761,7215.849226615761,7686.14922661576,8069.94922661576,8132.54922661576,7701.249226615761,7748.14922661576,7824.64922661576,7474.749226615761,7577.94922661576,7493.749226615761
W222,7722.742074449375,7602.242074449375,7449.342074449376,7850.842074449375,7793.642074449374,8030.742074449375,7901.742074449375,8104.842074449375,8293.742074449376,8425.942074449376,8276.442074449375,8150.642074449374,8044.442074449375
W223,28901.614332340614,28005.614332340614,27939.614332340614,26889.614332340614,28114.61433234061,28030.614332340614,27905.614332340614,27536.614332340614,27393.61433234061,27567.614332340614,27531.614332340614,23780.614332340614,27784.614332340614
W224,1710.462528005896,1710.9510560117922,1711.4395840176878,1711.928112023584,1931.3624563065905,2031.4284563065908,1916.6004563065908,2324.8204563065906,2231.9254563065906,2312.1284563065906,2217.0854563065905,2527.860456306591,2828.7294563065902
W225,1921.7945531944408,1957.4529362499034,1949.9529362499034,1967.7529362499035,2263.369276666581,2283.0692766665807,2263.3583830554626,2261.5638298610215,2290.5638298610215,2328.763829861022,2763.3638298610217,2487.2638298610223,2414.7638298610223
W226,2917.413619089407,2919.327238178813,2921.2408572682198,2719.3945735597317,2876.7945735597314,2746.6945735597315,2777.2945735597314,2850.9673353809185,2873.1673353809188,2802.6673353809188,2884.567335380919,2820.7673353809187,2832.067335380919
W227,1327.9593766904413,1328.3187533808832,1328.6781300713246,1329.0375067617665,1329.396883452208,1329.7562601426494,1330.1156368330912,1330.4750135235327,1330.8343902139745,1331.193766904416,1331.5531435948574,1331.9125202852993,1332.2718969757407
W228,7601.021031840851,7607.021031840852,7492.021031840852,7521.021031840853,7124.021031840852,7781.021031840853,7493.170300437758,7421.170300437757,7460.170300437758,7376.170300437757,8057.170300437758,8711.170300437758,8005.170300437759
W229,500.2637456238116,459.8537456238116,483.18618435717553,489.53618435717567,471.2761843571759,467.64618435717557,464.5061843571758,481.4961843571758,473.7661843571757,488.186184357176,496.8661843571756,512.6261843571758,535.3361843571759
W23,755.3818504984578,801.345551495374,756.3455514953738,756.8274019938316,1127.7651229290661,999.6651229290662,916.364411962991,902.9644119629912,1042.964411962991,948.0644119629912,859.7644119629911,833.964411962991,865.7644119629911
W230,3152.9432230891016,2867.3161154455156,2944.0161154455145,3004.2161154455152,3163.116115445514,3165.659338534617,2880.03223089103,2956.732230891029,3016.9322308910305,3175.8322308910283,3178.375453980131,2892.748346336545,2969.448346336544
W231,562.665186215299,562.9303724305978,563.1955586458967,563.4607448611957,563.7259310764946,563.9911172917937,564.2563035070925,564.5214897223914,564.7866759376905,565.0518621529895,565.3170483682884,565.5822345835873,565.8474207988863
W232,1913.8031682063902,1915.506336412779,1917.209504619168,1918.9126728255578,1920.6158410319476,1922.3190092383356,1924.0221774447255,1925.7253456511153,1927.4285138575042,1929.131682063893,1930.834850270283,1932.5380184766718,1934.2411866830607
W233,1019.9717629860534,1020.3435259721068,1020.7152889581607,1021.0870519442137,1021.4588149302676,1021.8305779163211,1022.2023409023745,1022.574103888428,1022.9458668744815,1023.3176298605349,1023.6893928465884,1024.0611558326418,1024.4329188186953
W234,1839.6819047191161,1813.8819047191162,1814.222857078674,1814.5638094382323,1814.9047617977901,1815.2457141573484,1815.5866665169067,1815.9276188764645,1816.2685712360228,1816.6095235955806,1816.950475955139,1817.2914283146972,1817.632380674255
W235,413.24483733795967,413.08967467591935,361.16307902276367,368.7397427979764,307.8108868006997,279.4108868006997,269.3108868006999,243.01088680069995,299.2108868006999,333.4108868006999,5345.4108868007,359.9108868006997,447.9108868006997
W236,3234.0291676555867,3235.158335311174,3236.2875029667607,3237.416670622348,3238.5458382779348,3239.6750059335222,3240.804173589109,3241.9333412446963,3243.062508900283,3244.1916765558703,3245.320844211457,3246.4500118670435,3247.579179522631
W237,1079.4206758489818,1228.2751441470343,1207.4751441470344,1204.754468298053,1391.9544682980527,1297.9544682980531,1328.4544682980527,1319.254468298053,1571.1544682980525,1656.154468298053,1443.9544682980531,1401.4544682980527,1423.554468298053
W238,371.8584090641176,357.1336362564699,366.73363625646994,372.6336362564699,372.8920453205875,358.1672725129398,367.7672725129398,373.6672725129398,373.9256815770574,359.2009087694097,368.8009087694097,374.7009087694097,374.9593178335273
W239,3769.1230335188047,3772.2460670376095,3767.492134075217,3770.615167594022,3773.7382011128266,3784.7382011128284,3787.861234631633,3790.984268150438,3786.2303351880455,3789.3533687068484,3792.476402225653,3803.476402225655,3806.599435744458
W24,8723.375371317328,6199.375371317328,6926.375371317328,6561.375371317328,9070.375371317328,7519.37537131733,7778.375371317328,5523.375371317328,13798.37537131733,8026.375371317328,7166.375371317328,6144.37537131733,18283.37537131733
W240,2550.658005393583,2551.8160107871663,2552.9740161807485,2554.1320215743317,2555.290026967915,2556.448032361497,2557.6060377550803,2478.3700809037427,2434.170080903743,2408.770080903743,2363.4700809037427,2480.1540701165763,2481.3120755101595
W241,999.252697109961,999.6153942199226,1243.860249717994,1240.1802497179938,1356.390249717994,1486.0102497179942,1503.040249717994,1397.320249717994,1585.2802497179941,1941.740249717994,1807.900249717994,1852.960249717994,1748.030249717994
W242,1479.647600335098,1480.7952006701971,1481.9428010052952,1483.0904013403933,1710.0472073721648,1780.1472073721648,1781.2948077072629,1782.442408042361,2034.0424080423609,1861.0424080423609,1819.0424080423618,1838.842408042362,1832.1424080423608
W243,1228.1109407236636,1269.1109407236638,1401.1109407236638,1990.110940723664,2213.110940723664,2781.1109407236636,2802.1109407236636,2878.110940723664,2949.110940723664,3394.110940723664,3735.110940723664,3837.110940723664,3743.1109407236636
W244,782.4064465865727,783.0128931731454,783.6193397597183,784.2257863462912,784.8322329328641,785.4386795194368,786.0451261060095,786.6515726925825,787.2580192791554,787.8644658657283,788.470912452301,789.0773590388737,789.6838056254467
W245,2326.3374343439814,2606.746585887029,2646.746585887029,2578.846585887029,2867.946585887029,2828.5465858870293,2876.746585887029,2958.246585887029,3398.446585887029,3624.946585887029,3655.846585887029,3404.0465858870293,3412.0465858870293
W246,1109.7351508795448,1109.5703017590895,1109.4054526386342,1109.240603518179,1109.0757543977236,1108.9109052772683,1108.746056156813,1108.5812070363577,1108.4163579159024,1108.251508795447,1108.0866596749918,1107.9218105545365,1107.7569614340812
W247,4773.879115375259,5109.279115375259,5189.979115375259,5787.87911537526,6614.27911537526,5853.179115375259,6111.279115375259,6186.579115375259,7178.679115375259,6654.379115375259,6652.779115375259,6746.279115375259,6369.579115375259
W248,15947.504489524761,17680.004489524763,17680.004489524763,16202.20448952476,15959.308979049521,17691.80897904952,17691.80897904952,16214.008979049519,15971.11346857428,17703.61346857428,17703.61346857428,16225.813468574277,15982.917958099039
W249,21262.7013637944,21270.682727588795,22822.25320884172,22830.234572636116,22838.21593643051,22838.215936430515,23556.405936430518,23556.405936430514,23761.295936430513,23761.295936430513,24356.675936430518,24356.675936430518,24687.265936430515
W25,924.8906603423279,950.8906603423284,997.8906603423279,1079.890660342328,966.8906603423284,854.8906603423279,938.8906603423279,970.8906603423279,1074.890660342328,1031.8906603423284,871.8906603423279,906.8906603423279,986.8906603423279
W250,3282.0709319592393,3169.7709319592395,3212.484596908289,3315.384596908289,3447.384596908289,3287.2845969082887,3174.9845969082885,3236.984596908289,3369.584596908289,3291.4555288675283,3179.155528867528,3241.155528867528,3373.7555288675285
W251,6740.104720541754,6744.775906093939,6707.775906093941,6697.775906093941,6649.775906093941,6650.775906093941,6666.775906093941,6652.775906093941,6675.775906093939,6637.775906093941,6741.775906093939,6749.775906093941,6743.775906093939
W252,8420.581087725277,8694.981087725278,8849.68108772528,8762.381087725276,8538.781087725278,8437.062175450556,8711.462175450557,8866.162175450558,8778.862175450555,8555.262175450556,8453.543263175834,8727.943263175835,8882.643263175836
W253,12404.717009216973,12420.717009216976,12394.717009216976,12330.717009216973,12424.434018433949,12440.434018433949,12414.434018433953,12350.434018433949,12444.151027650922,12460.151027650925,12434.151027650925,12370.151027650925,12463.868036867898
W254,5903.29878012992,5828.998780129919,5946.99878012992,6003.19878012992,6005.8234751624,5916.422255292321,5842.122255292321,5960.122255292322,6016.322255292322,5926.921035422241,5852.621035422241,5970.621035422241,6026.821035422241
W255,1922.2690024435128,1929.2690024435128,1910.2690024435133,1889.2690024435133,1880.2690024435128,1891.2690024435128,1896.2690024435128,1915.2690024435133,1905.2690024435133,1893.2690024435128,1920.2690024435128,1948.2690024435128,1951.2690024435128
W256,2651.070979838456,2699.570979838456,2749.070979838456,2387.570979838456,2374.570979838456,2423.570979838456,2463.2709798384562,2496.1709798384563,2542.870979838456,2527.870979838456,2577.670979838456,2597.070979838456,2649.370979838456
W257,4023.4517682972123,4029.3035365944247,4035.155304891637,4041.0070731888495,4046.858841486062,4052.7106097832725,4058.562378080485,4064.4141463776973,4070.2659146749097,4076.117682972122,4081.9694512693345,4087.821219566545,4093.6729878637575
W258,2117.9392410958408,2132.4392410958408,2120.1392410958415,2136.8392410958413,2142.1392410958415,2170.8392410958413,2202.6392410958415,2219.239241095841,2230.3392410958413,2223.739241095841,2222.239241095841,2233.739241095841,2224.739241095841
W259,7504.590328017284,7083.9228619581645,6955.587929839929,6357.168665147796,5941.168665147796,6984.168665147796,8825.168665147794,7101.168665147796,6373.168665147797,6464.168665147796,7658.758993165078,7238.09152710596,7109.756594987724
W26,2687.725134915764,2688.450269831528,2465.075944410346,2689.9005396630555,3167.075944410347,2771.075944410346,2692.075944410347,2772.526214241874,2693.526214241874,2694.2513491576383,2774.7016189891656,2695.7016189891656,2575.602158652221
W260,420.25969308170716,413.25969308170716,497.25969308170716,1257.2596930817072,541.259693081709,652.259693081709,256.259693081709,647.259693081709,452.259693081709,603.9306677846907,207.93066778468892,388.5193861634143,1148.5193861634143
W261,4911.167454174526,4740.467454174528,4668.467454174528,4677.967454174528,4685.30931771816,4947.876771892684,4777.176771892686,4705.176771892686,4714.676771892686,4722.018635436318,4984.586089610843,4813.886089610845,4741.886089610845
W262,4389.157624970609,4390.885624970608,4379.629624970609,4373.358624970609,4378.101624970608,4409.959624970609,4414.984624970608,4387.495624970609,4378.861624970608,4367.267624970609,4376.336624970609,4376.0276249706085,4378.938624970609
W263,2376.8829641960706,2375.765928392141,2374.6488925882118,2373.5318567842824,2372.4148209803525,2371.297785176423,2370.1807493724937,2369.0637135685643,2367.946677764635,2366.829641960705,2365.7126061567756,2364.595570352846,2363.4785345489167
W264,4096.174040852831,4577.074040852831,4119.374040852831,4206.474040852832,3820.474040852832,3948.0740408528313,4287.874040852832,4291.774040852832,3478.1740408528317,3454.074040852832,3227.1740408528317,3064.6740408528317,3254.5740408528313
W265,2192.249483920884,2189.138967841768,2186.028451762652,1847.6312940663006,1910.4212940663003,1853.0112940663003,1811.3112940663002,1935.858137917353,2002.046589680005,1931.3465896800049,1926.526589680005,1866.3465896800044,1867.1765896800046
W266,2112.035608533207,2089.1856085332065,2466.1756085332067,2597.9756085332065,2624.2656085332064,2776.5456085332066,2593.7756085332067,2465.0956085332064,2296.815608533207,2347.3656085332063,2327.285608533207,2682.4056085332068,2508.245608533206
W267,2970.279448832982,3050.379448832982,2929.379448832982,2920.69276685612,3122.6927668561207,2596.8927668561205,2595.9927668561204,2387.29276685612,2210.8927668561205,2398.9927668561204,2395.9927668561204,2366.5927668561203,2516.19276685612
W268,1363.702768846038,1352.750382283766,1351.240382283766,1349.5531511298036,1359.530382283766,1434.2603822837657,1381.0603822837659,1333.7203822837657,1384.9003822837658,1343.4703822837657,1370.8303822837659,1342.2603822837655,1274.4003822837656
W269,1333.0075674983414,1315.9559179170442,1286.0217427076927,1368.1117427076929,1295.7617427076927,1243.4817427076928,1288.321742707693,1367.021742707693,1248.9917427076928,1240.661742707693,1195.8817427076929,1198.8517427076931,1214.811742707693
W27,1918.6450162870296,2047.6450162870296,1758.6450162870296,1778.6450162870296,1901.6450162870296,2031.6450162870296,2656.64501628703,3021.64501628703,1911.64501628703,2080.64501628703,3037.64501628703,2804.64501628703,2678.64501628703
W270,7514.7458885248625,7645.945888524862,7501.844738799272,7679.97533114918,8040.276480874773,7558.822369399636,7690.022369399636,7545.921219674044,7724.051812023952,8084.352961749545,7602.898850274408,7734.098850274408,7589.997700548817
W271,7548.203497257215,7611.603497257214,7588.603497257218,7698.433400974249,7287.432235221846,7313.332235221846,7236.132235221845,7304.632235221845,7174.332235221846,7194.032235221844,7053.832235221846,7158.032235221845,7119.232235221843
W272,978.6671819301993,977.7443638603985,967.4687400427191,958.658740042719,955.4487400427192,952.608740042719,953.6031039031178,936.8387400427191,942.1687400427189,947.338740042719,948.7487400427191,951.2787400427192,948.378740042719
W273,6477.8054595276535,6477.710919055308,6477.616378582962,6477.521838110617,6477.427297638271,6477.332757165925,6477.238216693579,6477.143676221232,6477.049135748887,6476.954595276542,6476.860054804196,6476.76551433185,6476.670973859504
W274,828.5467150748464,827.1234301496927,825.700145224539,824.2768602993852,822.8535753742316,821.4302904490779,820.0070055239242,818.5837205987706,817.1604356736168,815.7371507484631,799.4005808981557,812.8905808981558,811.467295973002
W275,8668.358721955843,8829.416410347996,9070.216410347995,8886.093798617852,8927.316410347996,8770.393798617853,9301.393798617853,9422.693798617853,9524.493798617852,9537.893798617853,9615.893798617853,10035.093798617852,9979.193798617853
W276,11238.634314127446,11241.768628254895,11244.902942382341,11248.037256509788,11251.171570637234,11254.305884764683,11257.440198892129,11260.574513019576,11263.708827147024,11266.84314127447,11269.977455401917,11273.111769529363,11276.246083656812
W277,3147.752008347716,3144.247016695432,3234.3591252157403,3272.97012521574,3269.465133563456,3265.9601419111723,3215.2351419111724,3201.3921419111725,3256.0651419111723,3272.323141911172,3296.958141911172,3228.703141911172,3162.0251419111723
W278,1283.924850202683,1368.332850202683,1271.1068502026835,1288.364850202683,1256.9688502026831,1347.3818502026832,1406.2078502026832,1443.663850202683,1452.5358502026832,1452.7868502026831,1516.7708502026835,1492.847850202683,1518.652850202683
W279,1255.21388865564,1230.89388865564,1299.77388865564,1288.0638886556399,1269.7638886556401,1305.06388865564,1206.5838886556403,1220.4338886556402,1152.4438886556402,1165.42388865564,1176.16388865564,1149.24388865564,1161.07388865564
W28,3744.0371528039095,3253.0371528039095,3808.0371528039095,2596.0371528039095,2453.0371528039095,2469.0371528039095,1886.0371528039095,2110.037152803909,2625.0371528039095,4707.0371528039095,2913.0371528039095,3556.0371528039104,2933.0371528039095
W280,5395.669022589066,5398.893045178132,5402.117067767198,5405.3410903562635,5408.56511294533,5411.789135534395,5318.04392269594,5329.174922695939,5329.8599226959395,5359.299922695939,5383.95492269594,5389.835922695939,5405.91492269594
W281,1691.8234529453844,1609.5953901351158,1594.5953901351158,1597.5953901351158,1618.5953901351158,1594.2952811330044,1681.2952811330044,1613.5953901351158,1603.595390135116,1618.5953901351158,1617.595390135116,1626.595390135116,1588.5953901351158
W282,2103.5941888141033,2130.8268188141037,2137.3785818141046,2116.5908918141045,2092.4589880817343,2066.667156081733,2093.8997860817335,2100.4515490817344,2079.6638590817342,2037.1255298958376,2064.358159895838,2070.909922895839,2050.122232895838
W283,343.06002416984506,341.0578585095351,341.9976685095353,341.4664906793803,340.9353128492253,340.4041350190704,339.8729571889155,339.3417793587605,338.8106015286056,338.2794236984507,337.7482458682957,337.2170680381407,336.68589020798595
W284,567.282770516153,561.7132461938387,562.2832461938387,538.8432461938387,545.2632461938385,544.2132461938387,544.8632461938386,545.5532461938387,566.8632461938388,563.2332461938386,563.0832461938387,561.8132461938385,561.3160167099918
W285,730.6507363359883,692.3707363359886,718.4927363359889,704.6197363359884,711.1987363359881,743.5534726719766,705.2734726719768,731.3954726719771,717.5224726719771,724.1014726719768,756.4562090079648,718.1762090079651,744.2982090079654
W286,11159.690495649025,10458.790495649026,10563.290495649026,10844.290495649026,10687.290495649026,11191.28099129805,10490.38099129805,10594.880991298052,10875.880991298052,10718.880991298052,11222.871486947077,10521.971486947077,10626.471486947077
W287,2227.4479083991023,2211.8079083991024,2224.4779083991025,2237.2479083991025,2255.8479083991024,2335.7079083991025,2277.6279083991026,2281.7379083991023,2312.2679083991025,2232.9879083991023,2224.9379083991025,2237.8979083991026,2241.6379083991023
W288,7829.309918359883,7837.319836719765,7845.329755079648,7853.339673439531,7861.349591799412,7869.3595101592955,7877.369428519177,7885.37934687906,7893.389265238941,7901.3991835988245,7909.409101958706,7917.419020318589,7925.42893867847
W289,9617.542554090816,9337.542554090818,9397.542554090816,9657.542554090818,9757.542554090816,9797.542554090818,9857.542554090816,9957.542554090818,9967.542554090816,10007.542554090818,10167.542554090816,10007.542554090818,9967.542554090816
W29,782.2166806217701,781.4333612435403,1298.4840729538184,1142.4840729538184,1258.4840729538187,1143.4840729538187,1982.4840729538187,1457.4840729538187,1495.4840729538187,1209.4840729538184,1921.4840729538184,2712.484072953818,1531.4840729538184
W290,14662.999280492057,15137.699280492056,14208.657677992847,13621.357677992848,13750.157677992847,14100.757677992848,14028.557677992849,13970.157677992847,13610.557677992849,14771.257677992848,14972.857677992848,15367.157677992845,14929.457677992848
W291,9079.611108275378,9106.311108275379,9093.111108275378,9240.411108275377,9279.311108275379,9124.811108275379,9227.311108275379,9235.01110827538,9545.811108275379,9705.911108275377,9686.011108275377,9497.911108275377,9474.411108275377
W292,18294.249635579654,17057.38856178623,17006.98856178623,16813.98856178623,16747.88856178623,16396.388561786225,17097.388561786225,16657.98856178623,16314.888561786229,16318.788561786228,16276.18856178623,15721.48856178623,15415.08856178623
W293,1909.4149256242695,1820.4149256242695,1981.4149256242695,1598.4149256242695,1833.41492562427,1688.4149256242695,1783.4149256242695,1639.4149256242695,1782.4149256242695,1587.4149256242695,1817.4149256242695,1541.41492562427,1781.4149256242695
W294,1496.7992500339242,1408.999250033924,1452.2992500339242,1457.6992500339243,1529.6992500339243,1558.8992500339239,1670.7992500339242,1672.3992500339239,1896.8992500339239,1880.099250033924,1744.399250033924,1699.2992500339242,1879.499250033924
W295,2953.568401312705,2928.1368026254104,2902.7052039381156,2877.2736052508203,2851.8420065635255,1203.1252695733706,1177.6936708860758,2131.693670886076,1755.6936708860758,2593.693670886076,2589.693670886076,2476.693670886076,3161.693670886076
W296,2784.4690342240974,2567.4690342240974,2332.9593881856536,3045.9593881856536,2979.9593881856536,2452.9593881856536,2169.959388185654,2353.9593881856536,3334.9593881856536,2806.9593881856536,2873.959388185654,3446.9593881856536,3084.959388185654
W297,5613.289439756212,4305.289439756212,4926.289439756211,4960.289439756212,3892.2894397562122,3017.2894397562122,5410.289439756212,6408.289439756212,4859.289439756212,5130.289439756212,4449.289439756211,5681.289439756212,5932.289439756212
W298,3657.0270159399893,2694.0270159399897,3367.0270159399893,3084.0270159399893,2579.0270159399893,1842.0270159399897,3696.0270159399893,4248.02701593999,3160.0270159399893,3210.0270159399897,3199.0270159399893,4155.02701593999,3906.0270159399893
W299,3445.4508321612752,3240.4508321612752,3318.450832161275,2677.4508321612752,3051.4508321612752,3262.4508321612752,2694.4508321612752,2069.450832161275,3441.4508321612752,4499.450832161276,3209.4508321612752,3499.4508321612752,3119.450832161275
W3,9477.466908481076,9749.966908481076,9906.466908481076,9816.466908481076,9593.166908481078,9497.133816962154,9769.633816962154,9926.133816962154,9836.133816962154,9612.833816962155,9516.80072544323,9789.30072544323,9945.80072544323
W30,3877.905297046558,3934.4038169288015,3372.4038169288015,4061.4038169288015,3613.4038169288015,4858.4038169288015,4116.4038169288015,4476.403816928802,5200.403816928802,8541.403816928803,8005.403816928802,5290.403816928802,5257.403816928802
W300,2158.4838842006557,1930.4838842006561,2088.4838842006557,1613.4838842006561,1705.483884200656,1756.4838842006561,1574.483884200656,1109.483884200656,1958.483884200656,2182.4838842006557,1783.483884200656,1817.483884200656,1755.483884200656
W301,2904.4439170182845,2509.443917018284,2734.443917018284,2729.443917018284,2697.443917018284,2030.4439170182845,2442.443917018284,2871.443917018284,2466.443917018284,2579.443917018284,2293.443917018284,2660.443917018284,2553.443917018284
W302,2597.2639474917955,2767.2639474917955,2391.2639474917955,2687.2639474917955,3237.2639474917955,2252.8506329113925,1572.850632911392,3010.8506329113925,3423.8506329113925,2802.850632911392,2699.8506329113925,2410.8506329113925,2902.850632911392
W303,4043.4753867791833,2959.4753867791833,4153.475386779183,5625.475386779183,5098.475386779183,5218.475386779182,4952.475386779183,5934.475386779183,6265.475386779183,5493.475386779183,4890.475386779183,4717.475386779183,6393.475386779183
W304,2111.4306024378807,1446.4306024378807,3010.4306024378807,3454.4306024378807,2766.4306024378807,2599.4306024378807,2195.43060243788,2901.4306024378807,3015.4306024378807,2708.4306024378807,2375.4306024378807,2388.4306024378807,3383.4306024378807
W305,2834.2668541959683,2482.266854195969,1955.240459446789,2631.240459446789,2625.240459446789,2414.240459446789,2549.240459446789,2510.2404594467894,2431.2404594467894,2755.240459446789,2193.240459446789,2414.240459446789,3012.240459446789
W306,2315.2804149085796,2378.28041490858,2376.811650257853,2666.8116502578528,2369.811650257853,2535.811650257853,2034.8116502578528,2352.811650257853,2048.811650257853,1696.8116502578528,1294.8116502578532,2620.811650257853,2985.8116502578528
W307,3508.145569620253,3050.2183544303793,2690.2183544303793,3124.2183544303793,3080.456751054852,3046.456751054852,2686.456751054852,3120.456751054852,3202.4567510548513,2547.4567510548513,1888.4567510548518,3510.456751054852,4116.456751054851
W308,2468.197491795593,1879.1974917955931,2295.1783872480073,2571.1783872480073,2129.1783872480073,2472.1783872480073,1883.1783872480073,2222.1783872480073,2176.1783872480073,1857.1783872480078,1394.1783872480078,2513.1783872480073,2681.1783872480073
W309,6559.456973745896,5663.456973745896,6982.456973745896,7521.456973745896,7394.456973745896,5753.456973745896,7873.456973745896,7466.456973745896,5784.456973745896,6015.456973745896,5160.456973745896,5904.456973745896,6189.456973745896
W31,1182.711248166,1273.7112481659997,1456.711248166,1261.7112481659997,966.7112481659999,946.7112481659997,844.7112481659999,1422.7112481659997,1684.711248166,834.7112481659997,748.7112481659997,726.7112481659999,805.7112481659999
W310,3931.2632911392393,4147.263291139239,3603.238255977495,4134.511392405062,4170.511392405062,4196.511392405063,2902.511392405062,3989.511392405062,5215.511392405063,4113.511392405062,4010.511392405062,3656.5113924050625,4253.511392405063
W311,3992.1019456165022,3931.1019456165022,4267.101945616501,5107.101945616502,4696.101945616501,5202.101945616502,4636.101945616501,5082.101945616502,5182.101945616501,4933.101945616502,3681.1019456165013,4900.101945616502,6404.101945616501
W312,4883.437189404594,4093.437189404595,4491.437189404595,4945.437189404594,4652.437189404595,3728.437189404595,4747.437189404595,4825.437189404594,4377.437189404595,4633.437189404594,3922.437189404595,4290.437189404595,4479.437189404594
W313,2029.699285044538,2020.3985700890767,1700.1456633849039,2392.5585325832158,2332.5585325832158,2920.5585325832158,2251.558532583216,2472.5585325832158,2353.5585325832158,2377.558532583216,1748.5585325832162,1529.5585325832158,1483.5585325832158
W314,9517.975164088139,8273.975164088137,8337.975164088139,7450.865236755742,7503.865236755743,7550.865236755742,7085.865236755743,7105.865236755742,6863.865236755743,8872.865236755742,7924.865236755743,9294.865236755742,12717.865236755744
W315,4700.526324425692,4252.526324425692,4712.526324425691,3728.526324425692,5288.526324425691,4351.526324425692,5760.526324425691,4853.526324425692,4986.526324425691,5507.526324425692,5241.526324425691,4091.526324425692,5346.526324425692
W316,2846.037423816221,2499.0374238162203,2508.037423816221,2696.037423816221,2668.0374238162203,2010.0374238162208,2614.037423816221,3527.0374238162203,2719.037423816221,2980.037423816221,2827.0374238162203,3084.037423816221,3102.037423816221
W317,3838.862447257384,4451.245757149554,3773.683169245195,5486.683169245196,3904.683169245195,4323.683169245195,4634.683169245196,4552.683169245195,2961.6831692451956,3648.683169245195,3541.6831692451956,5131.683169245194,4472.683169245195
W318,3505.5740506329116,3707.572784810127,4746.572784810126,3855.5727848101264,4098.572784810127,3844.572784810127,4022.572784810126,2978.5727848101264,3786.572784810127,4142.572784810127,3558.572784810126,3697.5727848101264,2977.572784810127
W319,2267.892369901547,1984.8923699015472,2226.892369901547,2506.892369901547,2668.892369901547,1920.8923699015468,2542.892369901547,2844.892369901547,2436.892369901547,2265.892369901547,2127.892369901547,2286.892369901547,2336.8923699015468
W32,4238.920564723435,4239.841129446869,3914.3133186826117,4735.219765320193,4647.219765320193,3625.219765320194,3474.219765320193,3903.219765320193,3845.219765320193,3280.219765320193,3373.219765320193,5255.219765320193,3555.219765320194
W320,1958.5576183778712,2279.246413502109,2989.246413502109,2518.246413502109,2296.246413502109,2339.246413502109,2127.246413502109,2090.246413502109,1995.2464135021094,2721.2464135021096,3439.2464135021096,2150.2464135021096,1915.2464135021096
W321,6377.471729957806,7495.471729957806,5990.471729957806,5481.471729957806,6380.471729957806,5903.471729957806,5384.471729957806,4985.471729957806,4002.471729957806,4677.471729957806,6111.471729957805,5378.471729957806,4709.471729957806
W322,2417.7630098452883,2591.7630098452883,2655.7630098452883,2092.7630098452883,2554.7630098452883,2897.7630098452883,2321.7630098452883,2261.7630098452883,2293.7630098452883,2258.7630098452883,2514.7630098452883,2508.7630098452883,2357.7630098452883
W323,5286.211849507736,3550.2118495077357,4359.211849507736,4578.211849507736,4451.211849507736,3456.2118495077348,4606.211849507736,5944.211849507736,4763.211849507736,5162.211849507736,4925.211849507736,5972.211849507736,5300.211849507736
W324,2624.730719643694,1875.7281411157992,2012.5764767932487,1784.8457571495546,2242.8457571495546,1923.8457571495546,2246.8457571495546,2622.8457571495546,2622.5764767932487,2633.728141115799,2010.4222339428034,2346.422233942804,1782.4222339428034
W325,4147.60900140647,3945.7319268635724,4327.731926863573,4306.731926863573,4097.731926863573,3030.7319268635724,4259.731926863573,4860.731926863573,3618.731926863573,3743.731926863573,3313.731926863573,4214.731926863573,4073.731926863573
W326,3845.494749179559,3376.4947491795597,3656.4947491795597,3954.4947491795597,3912.494749179559,2950.494749179559,3992.4947491795597,4546.494749179559,4262.494749179559,4099.494749179559,3723.494749179559,4031.4947491795597,3948.4947491795597
W327,8593.796624472574,9136.265541490859,8273.265541490859,7035.265541490857,8257.265541490859,7970.265541490859,6832.265541490859,7368.265541490859,5492.265541490859,7176.265541490857,9958.265541490859,8273.265541490859,6418.265541490859
W328,1778.3964135021101,1706.3964135021101,1605.3964135021097,2188.39641350211,2219.39641350211,1687.3964135021097,1946.3964135021101,2282.39641350211,2133.3964135021097,2282.39641350211,1703.3964135021101,1744.3964135021097,2609.39641350211
W329,11204.508966244724,10031.508966244724,11575.508966244726,9011.508966244726,9995.508966244724,10129.508966244724,9878.508966244724,7143.508966244726,9418.508966244726,11752.508966244724,10044.508966244724,9569.508966244726,9166.508966244726
W33,1954.7158924431162,1956.1158924431156,2056.8158924431164,2067.015892443116,3269.115892443116,2313.715892443116,2185.715892443116,2720.715892443116,3842.3158924431164,4268.815892443116,2733.9158924431163,2098.615892443116,2504.1158924431156
W330,3049.2271917487105,2762.227191748711,3174.2271917487105,3861.2271917487105,2985.2271917487105,3406.227191748711,2861.2271917487105,3182.2271917487105,3089.2271917487105,2836.2271917487105,2245.2271917487105,3564.2271917487105,4436.2271917487105
W331,4883.7676511955,5060.7676511955,5949.7676511955,7274.7676511955,5898.7676511955,5539.234739803094,5213.234739803094,5612.7676511955,6046.7676511955,5702.7676511955,5510.234739803094,4312.234739803094,6794.234739803094
W332,2551.803680262541,2613.803680262541,2446.803680262541,2823.803680262541,3424.803680262541,2541.0895686826066,2651.089568682607,2981.089568682607,2617.089568682607,3007.8932489451477,2581.8932489451477,2691.8932489451477,3021.8932489451477
W333,1964.048265353962,2205.0482653539616,2744.048265353962,2711.0482653539616,2333.048265353962,2743.0482653539616,2200.048265353962,2678.0482653539616,2678.048265353962,2609.048265353962,1904.048265353962,2563.048265353962,3058.0482653539616
W334,3285.852906704172,3185.852906704172,3572.852906704172,3417.852906704172,3256.852906704172,2451.852906704172,3887.8529067041723,4695.852906704173,4014.8529067041723,4317.852906704173,3348.8529067041723,4504.852906704173,4625.852906704172
W335,3734.317088607595,3271.317088607595,3047.3170886075945,3711.317088607595,3243.317088607595,3678.317088607595,3227.317088607595,3740.317088607595,4305.317088607595,3685.63417721519,3222.6341772151895,2998.6341772151895,3662.63417721519
W336,1527.6316455696199,1900.6316455696199,1245.6316455696199,1572.6316455696199,1892.6316455696199,1974.6316455696199,1253.6316455696199,1630.6316455696199,2282.6316455696196,1606.6316455696199,1388.6316455696199,1283.6316455696199,1618.6316455696199
W337,1589.1097046413502,1355.2194092827003,1372.2194092827006,1744.2194092827006,1890.2194092827006,1748.2194092827006,1456.2194092827003,1610.2194092827006,1593.2194092827006,1600.2194092827003,1455.2194092827006,1487.2194092827006,1537.2194092827006
W338,1828.195616502578,1933.195616502578,2215.195616502578,2355.195616502578,2082.195616502578,2645.195616502578,2234.195616502578,2217.195616502578,2511.195616502578,2472.195616502578,1813.195616502578,2250.195616502578,2668.195616502578
W339,4105.499156118143,4691.499156118143,5534.499156118143,4316.499156118143,4553.499156118143,4987.499156118143,5844.499156118143,5179.499156118143,3860.499156118143,3899.499156118143,4539.499156118143,3736.499156118143,3780.4991561181428
W34,1435.2035067400743,1224.203506740074,1709.203506740074,1262.2035067400743,2373.203506740074,1833.203506740074,1679.2035067400743,1939.2035067400743,1609.2035067400743,1884.2035067400743,2063.203506740074,1829.2035067400743,1514.203506740074
W340,6294.166455696201,7108.166455696202,6244.166455696202,6576.166455696202,6904.166455696202,6754.166455696202,5392.166455696202,7039.166455696202,7445.166455696202,6312.166455696202,6376.166455696202,6128.166455696202,6429.166455696202
W341,5162.153164556962,5927.153164556962,4798.153164556961,5942.153164556962,5769.153164556962,5228.153164556961,4013.153164556962,4926.153164556962,5927.153164556961,4693.153164556962,4702.153164556962,4241.153164556961,4522.153164556962
W342,1475.5009552273793,1649.4009552273794,1445.800955227379,1789.8009552273793,2125.7009552273794,1869.300955227379,2002.0009552273793,1294.1009552273792,1218.2009552273794,1185.3009552273793,1355.9009552273792,1305.5009552273793,1266.1009552273792
W343,3967.7140412564454,3266.714041256446,3426.7140412564454,3829.7140412564454,3501.7140412564454,2775.7140412564454,3679.714041256446,4855.714041256446,3526.714041256446,3560.7140412564454,3207.714041256446,3543.7140412564454,3694.7140412564454
W344,3275.861134552274,3134.8611345522745,3558.8611345522745,3902.8611345522745,3619.861134552274,3797.8611345522745,3167.861134552274,3465.8611345522745,3268.861134552274,2747.8611345522745,2030.861134552274,3734.8611345522745,4207.861134552274
W345,3316.1203586497886,2254.6446202531642,3445.6446202531642,2422.6446202531642,2593.6446202531642,3769.6446202531642,2800.644620253164,2725.6446202531642,2822.644620253164,3054.6446202531642,3210.6446202531642,2979.6446202531642,2193.6446202531642
W346,6526.085267229252,6098.085267229253,6763.085267229253,5404.085267229252,5516.085267229253,5948.085267229253,4802.085267229253,3509.085267229253,6250.085267229253,7301.085267229253,5583.085267229253,6105.085267229253,5392.085267229253
W347,3498.485407876231,2873.485407876231,3703.4854078762305,3457.4854078762305,3271.485407876231,3016.485407876231,2817.485407876231,3703.485407876231,3304.4854078762305,3325.4854078762305,2784.485407876231,3505.485407876231,4079.485407876231
W348,3935.8981012658223,5147.898101265822,3701.8981012658223,4238.898101265822,4459.898101265822,3781.8981012658223,2753.8981012658223,4614.898101265822,4954.898101265822,4467.898101265822,4753.898101265822,4252.898101265822,4539.898101265822
W349,3279.239228785748,3232.4784575714957,3185.7176863572436,3138.956915142991,3092.196143928739,3045.4353727144867,2998.6746015002345,2951.9138302859824,2905.1530590717302,2858.3922878574776,2811.631516643226,2764.8707454289734,2718.1099742147208
W35,1110.9468460351154,990.9468460351156,1407.9468460351154,980.9468460351154,2523.9468460351154,2813.9468460351154,1843.9468460351156,1443.9468460351154,1112.9468460351154,1860.9468460351154,3461.9468460351154,2128.9468460351154,1914.9468460351154
W350,6011.810536802625,5932.621073605252,5853.431610407877,5774.2421472105025,6922.221870604783,6843.032407407409,3946.032407407408,411.03240740740875,1866.0324074074078,3946.0324074074088,6843.032407407408,3946.0324074074088,1866.0324074074076
W351,2473.9034224097513,1841.2841068917019,1818.2841068917019,2445.284106891702,1732.284106891702,1276.2841068917019,1811.284106891702,1778.284106891702,2445.284106891702,1732.2841068917019,1276.2841068917019,2030.284106891702,1766.2841068917019
W352,1260.0568213783404,1228.1136427566807,1196.1704641350211,1164.2272855133615,1132.2841068917019,1100.3409282700422,1068.3977496483826,1036.454571026723,1004.5113924050634,972.5682137834037,940.6250351617437,908.681856540084,876.7386779184244
W353,1991.7037974683544,1926.7037974683544,2254.7037974683544,1776.7037974683544,1906.7037974683544,1824.7037974683544,1769.7037974683544,1774.7037974683544,1668.7037974683544,1549.7037974683544,1853.7037974683544,1674.7037974683544,1525.7037974683544
W354,2020.9536216596352,1635.9536216596348,3453.9536216596352,4001.9536216596352,3120.953621659635,3502.9536216596352,3772.953621659635,4286.953621659635,3802.9536216596352,3323.953621659635,2916.9536216596352,2827.953621659635,3877.953621659635
W355,2645.5123183309893,2613.0246366619785,2580.536954992968,2548.049273323957,2515.5615916549464,2483.0739099859356,2450.586228316925,2418.0985466479137,2385.610864978903,2855.152871542429,2476.152871542429,2788.152871542429,2926.1528715424292
W356,4115.20262541022,4110.741256446319,4712.170557899671,4745.170557899672,4096.170557899672,4950.170557899672,4087.170557899671,4064.170557899671,4091.1705578996716,3390.1705578996716,2504.170557899671,4094.1705578996716,5005.170557899672
W357,3287.2202531645557,3602.2202531645557,2999.220253164556,3260.220253164556,3155.220253164556,2679.220253164556,1996.2202531645562,3633.2202531645557,4003.2202531645557,3253.2202531645557,3563.220253164556,3268.220253164556,3566.220253164556
W358,4062.4056962025315,3774.4056962025315,4696.4056962025315,4669.4056962025315,4793.405696202532,4416.405696202532,4279.4056962025315,4999.4056962025315,4473.4056962025315,4804.4056962025315,3971.4056962025315,4956.4056962025315,6417.4056962025315
W359,3307.215611814346,3361.2156118143466,4391.215611814347,4959.780977496484,4081.7809774964844,3527.7809774964844,2990.780977496484,4030.780977496484,3575.7809774964844,3597.780977496484,3633.780977496484,3163.7809774964844,2738.780977496484
W36,18795.727549497835,16194.927549497836,17651.948014594178,17235.127549497833,18429.399928743427,13998.099928743426,15559.199928743426,16334.599928743428,18808.999928743426,17256.499928743426,14538.299928743427,14424.199928743428,14543.399928743427
W37,2899.4461444258095,2901.19228885162,2824.0998775355324,2828.399877535532,2824.899877535532,2826.6460219613423,2852.3460219613426,2873.0998775355324,2883.7998775355322,2931.7998775355322,2937.1998775355323,2917.5998775355324,2920.3998775355317
W38,3048.583900591698,3086.829874723267,3049.6098747232672,3028.5098747232673,3171.6598747232674,3171.939874723267,3164.729874723267,3205.539874723267,3276.1798747232674,3252.549874723267,3235.7798747232673,3309.649874723267,3294.649874723267
W39,5891.82876128836,6080.8287612883605,6070.8287612883605,6133.8287612883605,6158.8287612883605,6155.82876128836,6152.8287612883605,6125.82876128836,6141.8287612883605,6142.8287612883605,6141.8287612883605,6141.8287612883605,6141.82876128836
W4,2049.6535311657676,2269.6535311657676,2199.653531165768,2499.653531165768,2469.6535311657676,2549.6535311657676,2459.653531165768,2739.653531165768,3039.653531165768,2869.6535311657676,3349.653531165768,3779.653531165768,4029.653531165768
W40,5881.927690506908,6062.927690506908,6061.427690506908,6116.927690506908,6148.927690506908,6147.927690506908,6146.427690506909,6116.427690506908,6135.427690506908,6137.427690506908,6136.927690506909,6137.427690506908,6136.927690506908
W41,6203.0410612099295,6204.602122419859,6166.24530604965,6167.80636725958,6214.48636725958,6216.04742846951,6212.407428469511,6213.968489679441,6178.042734519161,6177.17273451916,6223.852734519161,6220.21273451916,6221.773795729091
W42,6211.41078389662,6212.88156779324,6178.563919483099,6180.03470337972,6225.11470337972,6226.585487276339,6220.23548727634,6221.7062711729595,6189.559406759439,6188.8594067594395,6233.939406759439,6227.589406759439,6229.06019065606
W43,6171.6984510655,6195.431218725325,6199.726218725325,6176.246218725325,6284.926218725325,6252.461218725325,6188.4362187253255,6246.956218725326,6299.371218725325,6292.246218725326,6283.106218725326,6235.241218725325,6244.096218725324
W44,5830.198217708266,5817.084511433111,5817.603422891778,5820.243422891777,5825.733422891778,5825.919858308312,5831.409858308311,5816.959858308312,5833.549858308312,5815.309858308312,5814.529858308311,5812.169858308312,5814.379858308312
W45,2912.3479092518273,2906.7779092518267,2897.1079092518266,2897.7379092518267,2880.518964361573,2899.6339401699292,2866.586979820625,2841.676979820624,2843.5169798206243,2838.0669798206245,2825.8969798206244,2794.4369798206244,2804.2269798206244
W46,3400.461532365815,3294.096532365815,3258.866532365815,3278.9615323658154,3263.691532365815,3248.246532365815,3376.956532365815,3321.2415323658156,3384.231532365815,3428.226532365815,3341.1265323658154,3344.791532365815,3229.5215323658153
W47,2911.4167234358724,2906.0867234358725,2896.6567234358727,2897.466723435873,2871.37024693592,2899.3621578303682,2873.2656813304156,2832.987964133168,2840.9879641331677,2836.1579641331678,2824.8879641331678,2790.7979641331676,2802.0279641331676
W48,3207.5304272552567,3194.295427255257,3134.210427255257,2959.5704272552566,3001.0454272552574,2997.7204272552567,2993.680427255257,2925.680427255257,3145.5904272552566,3154.3954272552573,3172.1054272552565,3173.460427255257,3221.480427255257
W49,3222.2944761577123,3217.8644761577125,3162.524476157713,3099.464476157712,3056.954476157712,2984.404476157712,2943.344476157712,2883.6044761577123,2936.1944761577124,2951.6144761577125,2990.444476157712,3023.454476157712,3040.0244761577123
W5,1877.478372638339,2509.478372638339,3723.4783726383384,1966.478372638339,1524.478372638339,1448.4783726383394,1632.478372638339,1232.478372638339,1295.478372638339,944.4783726383389,728.4783726383389,1004.4783726383394,993.4783726383389
W50,3289.8978360989695,3309.077836098969,3264.1578360989693,3274.6778360989692,3243.1778360989697,3221.957836098969,3249.627836098969,3264.737836098969,3227.857836098969,3223.4078360989697,3169.167836098969,3104.6978360989697,3061.8878360989693
W51,6745.8482900230665,6569.748290023067,6587.348290023067,6666.248290023067,6705.3482900230665,6663.948290023067,6513.048290023067,6503.748290023067,6560.148290023068,6679.448290023066,6740.348290023067,6772.148290023068,6751.348290023067
W52,7055.166670471514,7005.103264558598,7154.603264558598,7072.603264558598,7092.603264558597,6985.103264558598,6950.103264558598,6985.603264558598,7036.503264558598,6890.603264558598,6875.603264558598,6817.603264558598,6948.553264558597
W53,1912.4536722330236,1915.007344466047,1848.2779518469865,1794.7779518469865,1813.977951846986,1656.3779518469855,1728.3779518469855,1920.2779518469847,1866.6779518469857,1725.7779518469856,2092.7779518469856,1772.7779518469865,1865.4779518469868
W54,2482.083395259202,2474.166790518404,2478.333581036807,2458.333581036807,2450.416976296009,2442.50037155521,2434.5837668144122,2426.6671620736142,2418.7505573328162,2410.8339525920173,2402.9173478512193,2395.0007431104214,2387.0841383696225
W55,5034.121565018115,5039.243130036228,4704.066605307928,4647.066605307926,4531.066605307926,4270.066605307928,4320.442945960006,4174.188170326041,4403.188170326041,4808.188170326039,4797.188170326041,4603.188170326041,4688.188170326041
W56,3017.0535579194084,3075.053557919409,3138.330505959993,3179.046415081496,3210.046415081496,3237.6933712218092,3277.6933712218097,3331.6933712218092,3389.693371221809,3492.6933712218092,3565.6933712218097,3639.6933712218092,3724.6933712218092
W57,2236.2723488054717,2156.2723488054717,2066.2723488054717,1956.272348805472,1866.272348805472,1786.272348805472,1706.2723488054717,1596.272348805472,1516.272348805472,1466.272348805472,1386.272348805472,1326.272348805472,1276.272348805472
W58,3611.709223414125,3734.709223414125,3870.709223414125,4027.709223414125,3971.709223414125,3968.709223414125,3983.709223414125,3980.709223414125,4169.7092234141255,4235.7092234141255,4145.7092234141255,4096.7092234141255,4054.709223414125
W59,2651.53899818364,1641.5389981836402,1051.5389981836402,2541.53899818364,2491.5389981836397,1491.5389981836402,1221.5389981836397,1911.5389981836402,1451.5389981836402,1751.5389981836402,1641.5389981836402,1691.5389981836402,511.53899818364016
W6,601.558356239196,665.5583562391957,658.5583562391957,739.558356239196,804.5583562391957,658.043499695513,674.0434996955128,631.043499695513,1022.043499695513,2533.0434996955128,1053.043499695513,856.0434996955128,911.0434996955128
W60,9032.749930473517,8953.949374261669,8952.549304735188,8895.719304735187,8990.68930473519,8973.409304735189,8982.959304735188,9030.129304735186,8996.34930473519,9020.149304735187,9021.358678996858,8939.948678996858,8883.118678996856
W61,9603.41611529992,10878.31611529992,10878.31611529992,9611.17417294988,9611.17417294988,10886.07417294988,10886.07417294988,10139.774172949881,10139.774172949881,11565.17417294988,11565.17417294988,10151.57417294988,9626.690288249802
W62,7101.419491304292,7151.5194913042915,7151.519491304292,7019.919491304291,7019.919491304292,7143.5194913042915,7143.519491304292,7052.819491304292,7052.819491304292,7096.0194913042915,7096.019491304292,7323.5194913042915,7323.519491304292
W63,6001.923943470306,5710.473230044977,5710.473230044977,5848.873230044976,5848.8732300449765,5765.573230044976,5765.573230044976,5842.073230044976,5842.073230044976,5806.973230044976,5806.973230044976,5884.173230044977,5884.173230044977
W64,13405.660930896605,12512.660930896605,12963.660930896605,13445.898025413968,14180.898025413968,12657.898025413968,12890.898025413968,13722.898025413968,14915.898025413968,13431.898025413968,12538.898025413968,12989.898025413968,14150.898025413968
W65,18805.55738192102,17687.55738192102,18139.004109322297,18830.561491243316,19687.561491243316,17900.561491243316,18158.561491243316,19187.561491243316,20502.561491243316,18849.561491243316,17731.561491243316,18364.561491243312,19687.561491243316
W66,7197.233631705837,7453.933631705837,7606.933631705837,7522.433631705837,7305.133631705837,7211.167263411674,7467.867263411674,7620.867263411674,7536.367263411674,7319.067263411674,7225.100895117511,7481.800895117511,7634.800895117511
W67,13189.51323686362,13176.51323686362,13215.404782943147,13295.026473727241,13211.026473727243,13198.026473727241,13279.026473727241,13424.026473727243,13232.539710590863,13219.539710590861,13258.43125667039,13338.052947454484,13254.052947454484
W68,6925.98581033104,6940.241620662082,6954.497430993122,6968.753241324162,6983.0090516552045,6997.264861986245,7011.520672317287,7025.776482648327,7040.032292979369,7054.2881033104095,7068.543913641452,7082.799723972492,7097.055534303534
W69,6933.475975016005,6947.88195003201,6962.287925048015,6976.6939000640195,6991.099875080023,7005.505850096028,7019.911825112033,7034.317800128038,7048.7237751440425,7063.1297501600475,7077.535725176052,7091.941700192057,7106.347675208062
W7,2350.555651211829,2324.555651211829,2891.55565121183,3011.555651211829,2877.55565121183,2478.730432033799,5919.241487619525,5320.241487619525,3976.2414876195253,1272.2414876195257,14621.241487619525,18205.241487619525,11453.241487619525
W70,2564.743294099405,2562.033294099406,2571.813294099405,2527.156588198811,2524.446588198811,2534.22658819881,2489.569882298216,2486.859882298216,2496.639882298216,2451.983176397621,2449.2731763976217,2459.053176397621,2414.3964704970267
W71,1926.8600610406083,1926.8600610406083,1922.8600610406083,1920.8600610406083,1917.8600610406083,1917.8600610406083,1916.8600610406083,1916.8600610406065,1910.8600610406083,1910.8600610406065,1902.8600610406083,1901.8600610406065,1893.8600610406083
W72,1908.7939577154157,1995.0549851699761,1955.6429006008057,1952.6429006008057,1952.6429006008057,1951.6429006008057,1951.6429006008057,1945.6429006008057,1945.6429006008057,1937.6429006008057,1936.6429006008057,1928.6429006008057,1932.6429006008057
W73,1908.7943607255565,1995.0646574133298,1955.6533788644392,1952.653378864441,1952.6533788644392,1951.653378864441,1951.653378864441,1945.6533788644392,1945.653378864441,1937.653378864441,1936.6533788644392,1928.653378864441,1933.6533788644392
W74,3322.9341587899235,3237.6041587899235,3092.8741587899235,3367.6341587899233,3000.5741587899233,3048.6741587899232,3186.364158789923,3171.7041587899234,3044.904158789923,2954.734158789923,3142.664158789923,3193.4341587899235,3573.494158789923
W75,24301.983531337286,24348.10235786195,25437.60235786195,25135.10235786195,24691.30235786195,24901.50235786195,24848.10235786195,25010.902357861953,26594.60235786195,26040.00235786195,25654.402357861953,25437.30235786195,24676.402357861953
W76,423.34000930122875,406.6800186024584,390.02002790368715,373.3600372049168,356.70004650614555,626.7801581208973,626.7801581208969,560.200279036877,550.2002790368765,510.220306940565,493.5603162417947,493.56031624179377,483.5603162417942
W77,4333.681116643807,4035.7511166438067,4026.471116643807,4062.4211166438067,4075.571116643807,3652.861116643807,3149.1511166438067,2796.751116643807,2612.5911166438073,2249.8411166438073,2056.8711166438065,2218.1511166438067,1728.3311166438066
W78,3385.370486011592,3525.1004860115927,3389.140486011592,3849.6904860115924,3418.9804860115923,4135.830486011592,3724.4904860115926,4378.110486011593,3511.4704860115926,3503.5204860115928,3703.6704860115924,3585.980486011593,3688.370486011592
W79,1406.4418573900261,1416.4418573900261,1466.4418573900261,1586.4418573900261,1686.4418573900261,1716.4418573900261,1706.4418573900261,1776.441857390026,1876.4418573900261,1916.4418573900261,1896.4418573900261,1926.441857390026,1976.4418573900261
W8,4853.376566399249,6353.376566399249,6053.376566399248,4093.376566399248,5913.376566399248,4703.376566399248,5313.376566399248,8323.376566399249,7543.376566399248,10893.376566399249,6773.376566399249,3953.3765663992485,4773.376566399248
W80,1417.2554658875088,1457.2554658875088,1577.2554658875088,1687.2554658875088,1717.255465887509,1697.2554658875088,1767.255465887509,1867.2554658875088,1927.255465887509,1887.2554658875088,1917.255465887509,1967.2554658875088,1987.2554658875088
W81,24651.336853323908,24667.07238665135,24445.668426661952,24221.468426661955,24901.168426661952,25197.368426661953,24296.668426661952,24732.268426661954,24840.405279985862,24856.140813313305,24634.736853323906,24410.53685332391,25090.236853323906
W82,4421.301964845589,4424.284929691178,4427.267894536767,4430.250859382356,4433.233824227945,4436.216789073534,4439.1997539191225,4442.182718764711,4445.1656836103,4448.148648455889,4451.131613301478,4454.114578147067,4457.097542992656
W83,5982.383166156609,5991.0663323132185,6017.281508548906,6089.481508548906,6083.681508548906,6023.415176235687,6029.615176235687,6026.615176235687,6019.015176235687,5995.615176235687,6010.515176235687,6047.09934545264,5952.733013139421
W84,5971.851810587848,5958.8518105878475,5934.851810587848,5948.651810587848,5965.551810587847,6058.151810587848,6058.251810587848,6061.751810587848,6092.551810587847,6037.751810587848,6031.051810587847,5982.951810587848,5968.451810587848
W85,17284.53469509876,17308.069390197517,17331.604085296276,16947.60017951752,16905.600179517518,17206.43346027946,17229.968155378217,17247.968155378217,17265.968155378217,17289.502850476976,17308.502850476976,17328.502850476976,17349.502850476976
W86,17296.551826039296,17320.10365207859,17203.308838012243,17199.308838012243,17222.860664051535,17227.860664051535,17251.412490090832,17277.412490090832,17295.412490090832,17312.41249009083,17330.41249009083,17351.412490090832,17371.412490090832
W87,1080.839912102155,1077.2898242043102,1073.7397363064654,1070.1896484086205,1066.6395605107757,1063.0894726129306,1059.5393847150858,1055.989296817241,1052.4392089193962,1048.8891210215513,1045.3390331237065,1020.3424000767088,987.0824000767088
W88,12068.483383321147,11983.803383321145,11900.903383321145,11844.598496145409,12018.03849614541,11983.348496145409,11856.633383321145,11859.233383321145,12032.673383321147,11997.983383321147,12068.873383321146,11989.463383321145,12065.003383321146
W89,1180.2317036996672,1293.831703699667,1256.4817036996672,1228.641703699667,1176.681703699667,1206.371703699667,1236.8517036996666,1265.7217036996672,1151.081703699667,1195.9591275661858,1226.4391275661853,1255.3091275661855,1140.6691275661858
W9,9443.184043793546,9254.61674731212,11442.61674731212,8817.61674731212,16229.61674731212,9714.61674731212,7986.61674731212,11374.61674731212,11947.61674731212,11673.61674731212,10333.61674731212,10991.61674731212,8982.61674731212
W90,1835.7709706829926,1843.8919706829925,1858.8929706829927,1854.4805301329156,1852.8695354746928,1864.8445354746932,1854.2185354746928,1858.2275354746926,1844.3695354746928,1832.1855354746926,1798.3825354746928,1831.8825354746928,1835.5075354746932
W91,20381.049299307353,20600.189299307352,20693.259299307352,20741.099299307352,20783.499299307354,20679.03929930735,21008.769299307354,20801.15929930735,20705.439299307352,20770.159299307354,20936.349299307352,21239.90929930735,20865.48929930735
W92,24494.008065609836,24454.168065609832,24296.62806560983,24621.028065609833,25255.048065609833,25061.51806560983,25121.758065609833,24704.928065609834,23909.858065609835,25296.298065609837,24873.128065609835,23123.978065609834,22272.83806560983
W93,1735.402475522999,1734.5909020919967,1731.9639020919967,1737.7409020919965,1738.5203776149956,1767.9357479048022,1742.9526499967985,1736.1306499967986,1755.2899297037911,1770.75546819781,1751.599747904802,1733.3257479048018,1752.5154681978097
W94,1723.8168443610973,1744.8568443610977,1693.8568443610975,1665.8968443610975,1692.5068443610976,1758.5368443610973,1681.8268443610973,1718.8968443610977,1770.9768443610974,1750.6268443610975,1706.5668443610975,1714.3168443610973,1665.6168443610975
W95,1650.436926568766,1648.6738531375322,1646.9107797062982,1566.0723311098927,1730.3523311098934,1725.572331109893,1703.8823311098927,1861.4323311098933,1831.362331109893,1857.0123311098928,1932.7223311098933,1942.742331109893,2018.602331109893
W96,11437.417338386475,11427.813338386475,11262.706338386477,11311.475338386475,11407.188011369572,11458.354011369569,11448.75001136957,11283.643011369571,11332.41201136957,11475.103349756046,11465.499349756044,11300.392349756046,11349.161349756047
W97,519.6272727954379,554.4072727954381,578.3572727954383,585.3772727954379,547.287272795438,539.257272795438,558.8372727954379,574.967272795438,538.207272795438,520.0672727954382,521.997272795438,517.3372727954379,493.17727279543806
W98,591.304629701749,669.0446297017488,678.6046297017488,644.7946297017488,661.0246297017493,692.6546297017494,667.2146297017493,648.4746297017491,647.3646297017494,685.6946297017494,662.2646297017495,587.0646297017493,601.5592594034983
W99,15109.43558088293,15117.841161765855,15361.950728687312,15355.635147804387,15339.175147804386,15346.305147804385,15100.484919858049,15131.484919858049,15117.784919858046,15116.574919858049,15088.394919858049,15142.512824272679,15173.512824272682
