1.393575788563718332e+00
2.551692245300880568e+00
1.539268838250359206e+00
8.782806002306127180e-01
1.418968857278824824e+00
2.448717650672733726e+00
2.216853040652867257e+00
6.131753862792873599e-01
1.130949319367431816e+00
7.049266825698811134e-01
1.109000768236382939e+00
7.997723685612093680e-01
1.194742234437590200e+00
6.372610510897287472e-01
7.270903069824198317e-01
1.048216914364147767e+00
1.644575178629132939e+00
1.687574683176394252e+00
3.754616439707053832e+00
1.163811052184497319e+00
1.546886147826279423e+00
8.518740105366785498e-01
3.086280422795713907e+00
6.269982764718230461e-01
1.947596303016840835e+00
6.949443566140430795e-01
1.425336494686035849e+00
1.171737353124779668e+00
1.528693749025814341e+00
1.296432110350044464e+00
5.757130118086953852e-01
6.081914720732030100e-01
2.103647293767952231e+00
4.018626071313165515e-01
5.924440987886676613e-01
3.776039845588113897e-01
1.027975649454687224e+00
3.751851304412476273e-01
1.429723953199994346e+00
3.146810981438037946e-01
7.777766597250477254e-01
2.607748056408019099e+00
6.538631958570770841e-01
5.422982560260933838e-01
3.343125748555898502e-01
3.926877039922306967e+00
2.825165603488646870e-01
2.089811141098562308e-01
6.158679558229475104e-01
1.340616215958169155e+00
6.680142641048749663e-01
7.114102279065248613e-01
4.516770556753234578e-01
3.156210259780037664e+00
1.132841551741074593e+00
9.916938283184668634e-01
1.555170738039794109e+00
3.585447048751989052e-01
1.501421406416020066e+00
6.736013739843291770e-01
2.152858423803508892e+00
4.646860206628193324e-01
1.534536814717081032e+00
3.856820066190042584e-01
8.561035375869017194e-01
1.679844459656755662e+00
1.569875495853116920e+00
1.281964187106885200e+00
2.950756350057980093e+00
1.784354929525583167e+00
1.814984566910080810e+00
4.829618528499524666e-01
7.068415874140147048e-01
4.969433471009854775e-01
5.441620295258394746e-01
5.447049228287484945e-01
1.295121823708950348e+00
5.202093442383947108e-01
7.580470427752018514e-01
4.352062571169084570e+00
2.932620428022713055e-01
3.896321891867667309e-01
7.323612949881410650e-01
1.033847264645160052e-01
4.807923314416336358e-01
8.503015906067074026e-01
9.195623791668172675e-01
6.351431856049106983e+00
5.224723025068679361e-01
1.015215802590851535e+00
4.172207595235012945e-01
7.980594640402129958e-01
8.675391274379405937e-01
6.012443274870602483e-01
5.849080633237112581e-01
1.166073975221943337e+00
5.151684808764227519e-01
2.011039763497998845e+00
3.657601484304991990e-01
8.567686694195242314e-01
1.588551601658040324e+00
4.323920510944067597e-01
3.424460886536795368e-01
3.712212678849108105e+00
3.809792979792733014e+00
4.712417310653654878e-01
5.806310279263355856e-01
8.889271281644390843e-01
7.021905241674519793e-01
3.438332728415867123e-01
5.055476352850749588e-01
2.035070573100562275e+00
1.635320388457277341e+00
5.648321224519315287e+00
1.074759178794150172e+00
1.286652754154559986e-01
6.225169023394616641e-01
7.981619983910838156e-01
4.959317098254658052e-01
3.525782098393765440e-01
5.335022442558209343e-01
4.915526731623734991e-01
1.471760431919084766e+01
8.451687024992056152e-01
1.128427093633428191e+00
8.992936926459741187e+00
1.361042462857788404e+00
1.363420962591240793e+00
1.117652079079206828e+00
5.792079207920791672e-01
3.902777884581229983e-01
4.353395016097258430e-01
3.621388557146317244e-01
8.424115412102115563e-01
1.684439145534583737e+00
3.423461761329864572e-01
5.295195319505854314e+00
3.712673753360322126e-01
4.673287801846574829e-02
5.242828362106282530e-02
4.899242996158183483e-01
1.813378799434110400e+00
1.155944032741168526e+00
3.904181973352327972e+00
6.578040389368351448e+00
1.252508677461759756e+00
7.601703949577486019e-02
9.875237972966028899e-01
4.914902872785498644e+00
1.448609814078945179e+00
1.004446245058852716e+00
3.460255437642992260e-01
4.056918289671555544e-01
2.328382086845852683e+00
8.684198216154004335e-01
6.826680195860798106e-01
9.422768993310222108e-01
1.944458568793726028e-01
4.601816348213236374e+00
9.868165786198506151e-01
6.028462280271732476e-01
2.366871572173585153e-02
7.575103394966586912e+00
7.530472419710946275e-01
3.932415416828680815e-02
9.281566410313388249e-02
7.202404435408525651e-02
3.082635218291473134e+00
8.475272060306684452e-01
9.927915859548427369e-01
3.529756134423798763e-01
7.761136927551428588e-01
1.078188604930684802e+00
3.888604284023104429e-01
1.377667609739170240e+00
4.264528273976660455e-01
4.061180413613107443e-01
4.107984417158399570e-01
1.084983771647210604e+00
1.175752575525829124e+00
8.097693378637266237e-01
1.310591182949176980e+00
1.567503060641888046e+00
1.342402434132463851e+00
6.997892427348185507e+00
1.381410155857489830e+00
2.313967998764359935e-01
4.387214055614285790e-02
8.057325935932484029e+00
9.507340731111691978e-01
3.508734419376190461e-01
5.799371504653064724e-01
6.051272009101336946e-02
7.777356423174907052e-01
1.206886185476743645e+00
1.055942526625725186e+00
1.512052899196659528e+00
1.422051558709446883e+00
1.494404476764770173e+00
7.882257593881290880e+00
7.056835494951047005e-01
1.049178769049449400e+00
4.559770772619318180e-01
1.298827527453844111e+00
1.435316430180909597e+00
2.074235027336115866e+00
5.563165095428109774e-01
8.665299622463765727e-01
1.378967726862553755e+00
1.318663408590530883e+00
2.970557810160182055e-01
7.531488534779967603e-01
4.256004999576219472e-01
7.282474328600661018e+00
6.560456906962827128e-01
1.668709495188989811e+00
1.192125324033627365e+00
7.710937776486361805e+00
6.437206606435926126e+00
3.960869806553321548e-01
5.992372965265352347e-01
1.938815156807282003e+00
2.596148966270917846e+00
1.439581174018683019e+00
9.848614601300079707e-01
5.978764005876490151e-01
4.201651717963743593e-01
7.948229924597842277e+00
3.584371832070395447e-01
8.572755569677045218e-01
3.622547794062775384e-01
4.581431078704916726e-01
1.586134143808203278e+00
4.429433164066205464e-01
1.637750492791525847e+00
7.796801947118847664e-01
1.059418777812511703e+00
3.956490165838730810e-01
1.475518439961415851e+00
1.054519346958276982e+00
2.108520939838417707e+00
3.262390422596721073e+00
5.451140082028802514e-01
4.874065218935120791e-01
4.658132710027914070e-01
1.492813240904311334e+00
8.021500228059431636e-01
6.111889329035753882e+00
6.076478218466341286e-01
3.405538910256386553e-01
8.755765246326659978e-01
1.280069601890740094e-01
9.032405445514015696e-01
1.060512337407980787e+00
9.330697547520497848e-01
7.142128461066125089e-01
4.355857237052820352e+00
1.712763342119620891e+00
1.405573991573797921e+00
1.501472401161811687e+00
2.683767874530775366e+00
6.148116932150171632e-01
2.494321583559144795e+00
1.087309223590887886e+00
2.435357306460847138e+00
9.397830763421768374e-01
1.188120663919587594e+00
3.720416824779308129e+00
1.598828661386318961e+00
1.642503193979968357e+00
2.441582131207445716e+00
1.832339146866212909e+00
2.562600476745356293e+00
1.138478531500739521e+00
6.836457102421599208e-01
1.994480583955574815e+00
1.274556687149126288e+00
2.942816770149319083e+00
2.115573395329253703e+00
5.093630313498687112e-01
9.470702497419031252e-01
1.067786403988460586e+00
2.388463144284234563e+00
1.942425441578818468e+00
1.288736627247504929e+00
1.660162745625850533e+00
8.537951853889711451e-01
2.191651788806958656e+00
6.160903076467640904e-01
1.496394215561965391e+00
8.500488215407411285e-01
2.752666708891430059e+00
5.060169604231040674e-01
1.134142353325872987e+00
1.175774449633238961e+00
1.186066780831571910e+00
1.046414324407284324e+00
8.341507390264214505e-01
8.635560951262254425e-01
1.728936402668508565e+00
1.958216287582680737e+00
1.225867846607809009e+00
3.896957807717879585e-01
9.463182697989152015e-01
4.232723150558400094e-01
2.798520875546019582e+00
1.226578543528503928e+00
2.090903855816987456e+00
2.312921424941378756e+00
2.512264750726681317e+00
1.090262097515731998e+00
4.622299280739722072e+00
8.819535997961914786e-01
1.609586711166715034e+00
1.362762060298103206e+00
8.001312248846710329e-01
9.611492114549381460e-01
9.629473227929349344e-01
1.426977861234423273e+00
1.646200294865064695e+00
1.312188903167195830e+00
1.080147467017634755e+00
1.438787309136693615e+00
1.189057810866352538e+00
1.830209416327492233e+00
7.213407260157608247e-01
7.158793578676754255e-01
1.568976071311433351e+00
2.314200642056592372e+00
2.341422511236643356e+00
1.379871547847458801e+00
7.239357967442379138e-01
2.212377422858692988e+00
1.205732160514411344e+00
1.288867352926881038e+00
2.294486412220900107e+00
1.169951184320377591e+00
7.828425139747575701e-01
9.317458048780123958e-01
9.969349780715053289e-01
1.269511841922507100e+00
1.584508337259447508e+00
1.502604949542512003e+00
2.121981012554392532e+00
6.358926405174577523e-01
1.858751907211077192e+00
8.212126667636007182e-01
9.339171405533129855e-01
1.275544401804503236e+00
1.544426247118040330e+00
1.247466356363616136e+00
1.098567097755170696e+00
1.507155620426630538e+00
2.017212966874386559e+00
1.105198960449004897e+00
1.091136048542884929e+00
1.097419262419091934e+00
2.795686570243896885e+00
2.442952107914354798e+00
1.216082712302695157e+00
1.566372170598861580e+00
2.002836231904198794e+00
5.814534600221424876e-01
7.389007003639239679e-01
5.603717284199206672e-01
3.344673542906495101e+00
3.178136105722021654e+00
6.856679149918044613e-01
1.274450415442877960e+00
1.670960597478815091e+00
9.413126804145942605e-01
6.635718696050346699e-01
2.071854719658566157e+00
3.110058860829761684e+00
1.686596443049554139e+00
1.769344457857464192e+00
4.927571454348113056e-01
2.573213278927727554e+00
6.530829639421625865e-01
1.649482488026155158e+00
1.023795181036929014e+00
1.067479003029019990e+00
3.592597470213705346e+00
7.348088553641868304e-01
2.623606136614959450e+00
1.464087635858177805e+00
1.422814430220620263e+00
1.394661473190814904e+00
1.360789477139034753e+00
1.383379398414517070e+00
7.881073788595556184e-01
1.074985943194225690e+00
7.492109191741821439e-01
5.483716130317929371e-01
1.197302752394316494e+00
1.893510462162547592e+00
9.199903015572328258e-01
3.124412503700917387e+00
1.348675750233918835e+00
1.170498633478327610e+00
1.243488137780207614e+00
3.420207518438577843e+00
1.364219565057562145e+00
1.566718738963805757e+00
7.749350784451350949e-01
1.185581679768464847e+00
1.988494609032990912e+00
8.518816109313355200e-01
1.955375627626953827e+00
1.730004248717727622e+00
2.578100651232944074e+00
1.632489922761265699e+00
8.205752051650520018e-01
7.515075672563185094e-01
