9.355031566908594831e-02
6.067981963572951359e-02
2.471488362437114505e-01
7.590389628612691231e-02
1.530576770263475939e-01
1.217926173836957754e-01
1.964821416316575586e-01
5.695310027452412521e-02
5.892302962397708010e-02
3.109908547072432958e-02
2.372594433252236124e-01
3.203168291543898732e-02
6.070187671731788054e-02
2.762676156881768708e-02
6.751998706187302413e-02
7.912570247919742394e-02
6.224865821191547660e-02
8.601397130903598587e-02
3.135970061223100624e-01
7.177662584365314402e-02
1.205715612305680029e-01
8.767348126175873724e-02
6.920462444980283179e-01
3.826207510864276795e-02
9.307350816906391489e-02
2.438597346510054664e-02
6.643751588828186727e-02
1.994096211744959823e-01
5.219597795765800186e-01
3.641818880107313139e-01
1.434943266430140085e-01
1.862088760101278384e-01
6.439758923225604725e-01
1.354363642412057811e-01
3.708061276310096327e-02
8.464598564099312661e-01
2.828509800700504395e-01
6.370503467638379824e-01
6.084512411966120915e-01
7.354612896924317411e-01
7.312693786442624466e-01
9.961291882947843623e-01
2.568639467791579145e-01
1.834645987094230823e-01
1.089504286959642049e-01
1.814337492729427848e-01
1.666668292080918379e-01
4.286675124168301543e-01
2.351951089712772947e-01
4.490141520537241360e-01
3.727416567055996111e-01
2.593263572269755013e-01
2.302618829453192406e-01
1.018137417410628798e+00
5.789993491062688236e-01
3.351963542401023566e-01
8.828073389128732185e-02
2.051893886989610838e-01
4.521557151777205186e-01
9.232535618708904712e-01
8.009111058914871739e-01
4.041408925367882543e-01
8.193777112662256057e-01
1.290578287120029977e-01
2.430235730480061473e-01
4.682356709873786715e-01
5.921464978433547133e-01
7.407119698295812349e-02
8.999573639239392131e-01
3.381241388312172802e-01
6.386971575154319902e-01
1.898214036494822732e-01
2.999044834094639067e-01
2.131058437258999960e-01
6.680987699822269477e-01
4.121025056473763826e-01
5.395286623438863005e-01
2.502226222625694718e-01
1.655837409215180425e-02
3.541064866848456227e-02
6.718951053198428218e-03
2.846418159781002096e-03
4.647964920290113301e-03
4.093136228587573172e-03
3.395103312079820763e-03
7.281902946077094090e-03
7.763207823664992381e-03
4.464700786750593758e-02
4.102609334923353925e-03
5.281764095026131312e-02
3.305041567128501594e-03
4.263036050018737845e-03
6.201131535829274531e-04
4.202284870816228729e-03
4.060741765184003489e-03
8.892835521744761954e-03
4.489322651230171803e-03
1.142973248455880471e-03
2.942916900900626517e-03
6.174538900181132141e-03
7.205006586923093370e-02
2.838192023317617167e-03
2.644640159246278242e-03
2.371064182600727752e-02
2.590172170727518888e-02
3.751659146218181296e-03
5.156699616961482602e-03
5.741760145352985123e-03
5.367656724842531646e-03
2.572659940746724588e-03
4.186808664131561573e-03
1.210976255025130177e-01
9.564694915311948431e-02
4.337278569393348410e-02
8.043943219731860758e-03
4.064662108656931679e-03
4.533358525249592437e-03
5.131796771832556302e-03
3.504539254772419399e-03
2.887190537532908358e-03
4.633284368940213983e-03
3.396882401526054533e-03
7.609976959271989860e-02
3.786331165015177636e-02
8.859886517884016030e-03
6.857749877461875865e-02
1.015699565622235102e-02
6.966772876010694955e-03
8.393281529800065630e-03
4.096190376507233798e-03
3.329928633213084192e-03
3.260787279928785681e-03
2.431424069933318423e-03
4.598989629871686434e-03
4.335192418357908251e-02
2.487217324478558072e-03
3.740744864283750831e-02
6.038814779915400305e-02
9.878673464159789738e-03
2.829674931687937208e-03
3.453799589328527403e-03
1.307959656688486953e-02
9.297310449963470599e-03
4.297123915896223362e-02
4.653873508254483676e-02
1.049476887850494117e-01
3.201133959137268409e-03
8.180315559057247179e-03
3.602683183849204190e-02
7.361259454953119653e-03
6.570950424256552513e-03
1.948116346442719518e-03
2.316978309970378277e-03
9.232642544084639427e-03
5.441295910957626679e-03
4.903513053255277761e-03
6.907350603812385803e-02
1.954337224867051456e-02
4.663898104519712852e-03
2.231855243707190749e-03
4.999478719907481626e-03
3.384165027878785828e-03
5.980871018898600150e-02
5.735145973730297435e-03
2.498078190584442689e-03
3.611550355494287049e-03
3.915958641017470640e-03
1.840078727444821316e-01
6.339996764572928926e-03
8.231628408962294099e-03
3.112171072644585174e-03
5.167650899738293613e-03
1.083337284095633145e-02
1.724510784220858670e-02
8.261691952870684960e-03
3.099920183714305420e-03
3.119956672049916269e-03
3.262803966065163513e-03
7.920408347600341181e-02
9.314092970654667264e-03
1.262542187182567194e-02
3.859040970604646348e-03
1.134365006898616253e-02
4.312745887739878776e-03
5.076297843115033098e-02
3.394605333084293412e-03
1.036424299791053293e-02
2.252003175835755495e-03
8.206623190619306493e-03
6.215601127876039383e-02
2.859595420227166365e-03
5.045222073190072654e-02
1.185973747679597810e-02
6.114969913711260779e-03
4.734588298186937459e-03
4.762455940273275547e-03
8.245593564828537086e-03
9.459455285631005253e-03
8.192097386607784595e-03
4.049632325472946048e-02
3.862891066660750772e-02
5.974964284122597120e-03
3.836945038407079626e-03
6.183261869086039038e-03
1.182955109571472152e-02
1.485195378960198209e-02
4.480046895594763830e-03
5.347197999209073703e-03
7.399249598013593610e-03
8.762019525588206001e-03
2.241417033281577556e-02
4.794549952834273321e-02
3.595970991105878773e-03
4.795028741861645516e-02
4.973558574525228058e-03
9.824810814946577028e-03
8.940170320192055917e-03
4.962454594140072034e-02
4.574315829550809620e-02
3.286914945203818581e-03
4.645958208194057859e-03
1.442662963190145115e-02
1.538233575615045312e-01
6.926517475914593935e-02
7.085029514088282861e-03
4.631845579533830533e-03
3.017527980768965057e-03
4.929001562256563052e-02
2.868237355610096101e-03
7.163057355681395379e-03
3.147714652103068833e-03
3.770656340639609670e-03
1.158078105242931442e-02
3.658701787447742743e-03
7.382256647568617713e-02
6.370248543342316681e-03
9.269037820393344340e-03
3.570571920737928423e-03
9.645435383699134044e-03
6.521396041159785266e-03
5.289682035263876432e-03
1.589253247516772896e-02
4.333640539541452029e-03
3.089556842777565430e-03
3.268315057136916228e-03
6.799019757933506825e-02
4.621005961165164898e-03
7.487484481824506488e-03
4.840574212173404112e-03
2.662724231569595090e-03
5.808584431208289010e-03
6.057454623750044113e-03
5.015079621791578707e-03
8.458853649783349207e-03
7.720801745217212818e-03
1.724020077865638656e-01
2.050260057328714136e-01
4.562546169293880127e-01
2.602468497559033422e-01
3.569841368421299843e-01
7.429053962822625978e-01
1.537064363823370805e-01
6.302284942214589902e-01
6.417697687712734522e-01
5.549456510872391446e-01
2.430584335374117444e-01
5.529525155585240936e-01
1.101433066918345444e-01
4.307881649083452058e-01
4.928544986323515342e-01
5.151677335800901592e-01
4.324423603654219406e-01
7.364133856263602729e-01
3.639870767898601422e-01
2.926863302302470382e-01
5.855757505137123564e-01
3.820663348872568865e-01
1.008306943572305103e+00
8.969188108515963043e-02
1.215358556916276561e-01
3.513155537567895226e-01
2.362155625439417150e-01
5.614921869383816544e-01
4.129805978464506921e-01
2.495040987288700551e-01
3.954302119393156012e-01
1.717033413059538549e-01
6.882873179493893545e-01
1.424554881072609969e-01
8.940984659754376562e-02
3.452200682271091559e-01
6.707951771277196329e-01
1.767788281860139532e-01
2.501451467766707126e-01
2.333541163027898213e-01
1.950191885637360956e-01
4.044076566842637610e-01
1.925402063682222220e-01
2.321285365710032134e-01
4.521947456066061632e-01
1.564915898292763285e-01
4.165887533030520617e-01
1.286539184202139807e-01
2.116089945642865844e-01
1.385552668058562809e-01
6.659258121242331852e-01
2.808709943303942524e-01
3.671974171483426974e-01
4.652411761450656047e-01
5.817392573062796224e-01
2.719421621263969358e-01
3.038403125492849521e-01
1.713456188017637161e-01
3.463257967018993355e-01
3.754922331284765158e-01
1.965781450504217320e-01
3.531879372755637458e-01
2.442010789220103728e-01
3.340964734197197639e-01
4.638005126478931817e-01
4.022784753265611912e-01
2.407197330462770013e-01
6.924412584394450121e-02
2.631491213162734932e-01
3.836631083228477235e-01
1.509132622810658575e-01
1.633050426702380431e-01
3.659574779983331694e-01
4.379393106319176554e-01
4.208467587041542224e-01
4.773436063014169228e-01
1.375452075954554931e-01
4.493627222013316103e-01
6.418164963323391703e-02
5.539886852744510537e-02
5.594200748508356691e-01
2.364946910737944774e-01
2.110860559694092975e-01
2.293423316977186988e-01
2.490569103724013245e-01
2.831948149543641047e-01
3.648050991242291485e-01
3.510693769846315315e-01
5.454726962901211840e-01
1.630363984691804158e-01
1.122830997054439228e-01
1.798288717621916444e-01
1.806391949051055212e-01
2.563708922441538252e-01
2.983712777705294084e-01
4.340953242476975338e-01
4.949647396223246648e-02
7.221613135331939048e-02
9.539078270679883509e-02
4.827241843220272249e-02
8.686628119688076521e-02
4.823951764948295612e-02
1.737498218041926556e-01
1.117258786321013164e-01
8.913169638546092344e-02
8.017005465289135657e-02
1.527200715504981876e-01
3.501519124635854574e-02
4.434827652538136239e-02
3.998641748897759779e-02
1.424160782648549728e-01
1.567254782729196050e-01
2.431926526652758436e-02
5.682793347848585919e-02
7.788819791512567592e-02
3.099302400026068480e-02
6.261858674877941733e-02
1.623642709407447648e-01
4.665030424256971231e-01
5.388310111377259126e-02
1.595978691882869727e-01
4.068069535669956854e-02
1.849319800904757061e-01
3.048167398461912314e-02
8.068460684478916123e-02
1.689836739733345805e-01
4.722878189450596675e-02
2.428929772654832842e-01
4.075756832378923944e-02
6.691366886708070005e-01
1.961124051964450443e-01
2.648641301244656909e-01
8.736192174905275942e-02
2.010612634901450535e-01
1.770005015609984189e-01
1.740153083525550551e-02
5.477658943279451603e-02
3.546000833083531173e-02
2.673901202797715482e-02
7.466061737248692876e-02
9.199789598080075625e-02
2.930765120134790069e-01
2.152146007494819269e-01
2.028471579747650466e-01
1.301451082180497820e-01
1.116734237059418405e-01
1.847936822952287728e-01
1.393246788178093276e-01
7.996699772647193616e-02
5.247429984086651733e-02
8.619942259769997062e-02
1.806875523021416186e-01
5.268849697892771106e-02
9.125429508629356867e-02
8.095220595327115576e-02
1.654054753088947116e-01
5.799053356439279328e-02
5.656654178471089839e-02
4.489815766920959850e-02
