1.385344040492041984e+01
7.955164150441017767e+00
3.335650931432869282e+00
9.291674075930315135e-01
1.863100720245113529e+00
3.420327966430522171e+00
1.714156921441979176e+00
3.996755171922397931e+00
1.338441688475392466e+00
7.738815049993926998e+00
3.388282221163072983e+00
3.179596989855072220e+00
1.994287240338553646e-01
5.762579984213410000e+00
8.041177343802745625e+00
2.447424013350783412e+00
3.571651167004271654e-01
1.258209327272736155e+00
1.332577461873442726e+00
3.222006938770152207e+00
5.604113916876005241e+00
8.281662307074961760e-01
4.212930933357275087e+00
2.533102180719017049e+00
9.828690569183802239e-01
4.032350761312924803e+00
4.369214712587295990e-01
4.247672511187219890e-01
3.115750392271954272e+00
2.897300136056486508e+00
1.061192553129584049e+00
3.972451751105277928e+00
2.980929429048119417e+00
1.785287461557031774e+00
1.170192808724422129e+01
1.430984967430342714e+01
1.246315646385792064e+00
7.988649295110787030e+00
1.907404154497186699e+00
2.207420195530147566e+00
5.538232045427207595e+00
6.899213122202028536e+00
4.093143554773224224e+00
6.345175785943127922e-01
1.915605384899473407e+00
5.813963792073998604e+00
2.366539671290149638e+00
3.703065779994411333e+00
2.436397479939086619e+00
9.930719135604290093e-01
2.566076077657705845e+00
3.206467668054846953e+00
2.794466669489450883e+00
2.370384352370692449e-01
3.545759002201004373e-01
5.627113254274008547e+00
1.273124566622911047e+01
3.206730998338765737e+00
3.595702706579072316e+00
4.218688064657617254e+00
2.193228123317927380e+00
3.228698831220103926e+00
2.735096503959188574e+00
4.316711466460969149e+00
2.298879860290018229e+00
4.885476343380550368e+00
1.324675938525293750e+00
1.305935484702734328e+01
2.237741626402950601e+00
1.949148766092502871e+00
4.304147789849820605e+00
3.190251510246269184e+00
2.940721448751177469e+00
5.638612450282001198e-01
3.462723565310246610e+00
5.454843288578715699e-01
5.389531459998383234e+00
3.512043590922289127e+00
4.629765365477234162e+00
5.315597099539023596e+00
2.356481287907529421e+00
3.558995341181355521e+00
1.476897535572083697e+00
1.383682785886173994e+00
3.446817271126412230e+00
2.652709800487115022e+00
1.879554703101445901e+00
4.878710446609008322e+00
3.701949950994334770e+00
9.855521504858458570e+00
2.076445905252001012e+00
1.550761191013867224e+00
5.173362979240855530e+00
1.232688613169543812e+00
4.108675668176242191e+00
3.642482215796197131e+00
2.314775533379777261e+00
1.763351543856069181e+00
3.546387178056913836e+00
1.345933729906360066e+00
9.970922839786441338e-01
2.598578339826465022e+00
3.442640656349128747e+00
1.523223276895926626e+00
3.248050549702646173e+00
5.987718648000186494e-01
3.843330407363291901e+00
2.420259705702772823e+00
3.272691981273207151e+00
3.474516482662035610e+00
1.361598895581002333e+00
9.736852235367063457e+00
7.226222930072355721e-01
4.657375827109930255e-01
1.844615651664918143e+00
3.113689442418264175e+00
4.126332312403747871e+00
8.938098259120681455e-01
6.948400361267662362e+00
1.444171802884860245e+00
1.455869895959779470e+01
1.750167700647534685e+00
2.452412768988736502e+01
1.080424614582972120e+00
5.962997307986102946e+00
3.750926160711350121e+01
1.962876155404098988e+00
2.777316381377695542e+00
1.613460874811705414e+00
5.618981391512963164e+00
4.798218707768434399e+00
1.053520162476209832e+00
1.410378534054228528e+00
9.636975530536903700e-02
4.817965301766512498e-01
3.546769392122321035e-02
2.489815230485350472e+00
1.627670480209159720e+00
2.588896618346055334e+00
1.690757830746550505e+00
7.207000184002148035e-01
2.143315886176853091e+00
1.682290432975400263e+00
1.973916743172778432e+00
8.425192219342410027e-01
1.144761837938300664e+00
1.294101150589042959e+00
4.519601314510635959e+00
2.410988508262377206e+00
2.272602169378902914e+00
9.695346641318388636e-01
7.608126412638336333e+00
1.882263989725993625e+00
1.409877320050100913e+00
6.075700195174541740e+00
1.922734190169428148e+00
1.857916966290166005e+00
3.661772754791068785e+00
1.983487690126076730e+00
5.907480490955686614e-01
8.324182122267329564e-01
6.680857426804665877e+00
1.804044227007905565e+00
2.431811896566693942e+00
1.783286564601241242e+00
7.310703922560605861e+00
3.138329844818604286e+01
3.673182427187002830e+00
2.564982618455328822e+00
1.091626363937186284e+01
5.773009838761792523e+00
4.328470624776493914e+00
4.448422926764142638e+00
2.517899126029103929e+00
2.240449357819128018e+00
9.878612454347944771e-01
8.318309393234631699e+00
1.914550904283961463e+00
1.326845357375276091e+00
4.574733652684567220e-01
1.840000836113548477e+00
7.284038146829912019e-01
4.393652872683510680e+00
1.971538213159540698e+00
1.410411935594848565e+00
5.757302408113790015e+00
4.770196326179939383e+00
1.437500713416334897e+00
8.192178840800224959e-01
8.588014303920195047e-01
2.138821427861073321e+00
2.934924712723767204e+00
9.355854960521901020e-01
7.803086201048605730e+00
5.122220437928401537e+00
4.933744014952251788e+00
1.687885741154271591e+00
1.323956985365589034e+00
2.557991516145249999e+00
9.445410246021890277e-01
1.249613280643666169e+00
2.302424780687455819e+00
4.502349139141271550e+00
7.350787143306436455e-01
3.451898200491961277e-01
1.857932567785212097e+00
8.179503699427662644e-01
3.766339169134214959e+00
2.767176502063621424e+00
2.242028581207256455e+00
2.992195435029556538e+00
1.067610654086815547e+00
4.046852878837378320e+00
8.976924395494508602e+00
2.426121431813155649e+00
7.410870647291097901e-01
3.136433789705243669e+00
1.563456081560090638e+00
9.722680401284867768e-01
6.078740086475070692e-01
3.489777047295172241e-01
1.233811362245915033e+00
5.691575076429808533e+00
7.112666833536041011e-01
1.117886448641608688e+00
5.659260254473621465e-01
1.496945347265502990e+00
1.182903456424309718e+00
1.238069379288360361e+00
9.271811309625698216e-01
1.323507911070411103e+00
9.004890067293706002e-01
8.676887312409798936e-01
5.654516928435295853e-01
2.144467274974513948e+00
1.721192076618356825e+00
1.084097917057265326e+00
4.741247886128143185e-01
1.207693145811028046e+00
1.435635870278616277e+00
1.041423022588169989e+00
6.780980066373544224e-01
8.668757877036565862e-01
7.890768997013770658e-01
7.223666785659687006e-01
2.306964438221338565e+00
2.038341545281527445e+00
1.426106210891302739e+00
1.167710843466235993e+00
1.006622068679403403e+00
2.303676879012714007e+00
1.440450557252963781e+00
5.548512300174809342e-01
1.943317536771952847e+00
1.480525041666568509e+00
1.323047431737109925e+00
1.534478356026574231e+00
1.532978730603433926e+00
1.100260540227270045e+00
1.441169657626943712e+00
1.662198216532954520e+00
8.466241659469607717e-01
2.398694228368385417e+00
1.611510351289712650e+00
2.124523426207959531e+00
1.794636173115753630e+00
1.909320284880945851e+00
8.877479359326365671e-01
1.052440404647436045e+00
1.151535068020081765e+00
2.163272609733522867e+00
6.571228800475961140e-01
1.252209013111268643e+00
1.712128101860351803e+00
1.292650284958766660e+00
8.946328801770332406e-01
1.052946539275034565e+00
1.205665707321922353e+00
1.041989122077410901e+00
1.539379195403383083e+00
1.021649815305315068e+00
2.366550973319034412e+00
1.386153846153846070e+00
1.711902151238789971e+00
8.768558473908532047e-01
1.352860483061188779e+00
1.000168700232844321e+00
1.833530627054886342e+00
1.236557879856330144e+00
1.947639206317271166e+00
2.912790412828371256e+00
4.273499721783890593e+00
1.309814605469045290e+01
6.166930205586990121e-01
1.329391375702553724e+01
1.546576079421519534e+00
1.535945389985971632e+00
1.895308997431573994e+00
2.682765536159416708e+00
9.241379610845189774e+00
5.425536584103792137e+00
9.244627495351668500e+00
8.450748708675144272e+00
5.873504650819286077e+00
1.071770871762685040e+00
2.276454689075857907e+00
2.766148270613483895e+00
7.758919228884404440e-01
1.161862281782464201e+00
5.094834187381555024e-01
3.197561718529644104e+00
2.478687863388898904e+00
3.697464850676993375e+00
4.869143709778099627e+00
1.529719419597476815e+00
8.866577508779573957e-01
7.495503478448846124e+00
6.814380515280480388e+00
2.412714323129465654e+00
6.349418750000952016e+00
2.061170084914332623e+00
1.900008118957485559e+00
6.012716064205640976e+00
1.928707458554187681e+01
1.453648464819764730e+00
1.349225993887437580e+00
2.273046693958976405e+00
3.525185920381963989e+00
7.652681211038979414e-02
4.200402665337525931e-01
4.208368778000017851e-01
1.425196137897914639e+01
3.139929451146379780e+00
2.717015968346619292e+00
7.433665774472851595e+00
3.133966492711686591e+00
2.587121665641944457e+00
2.795832251140795588e+00
2.405588915152457652e+00
2.887915984056297791e+00
2.680000009771204450e+00
1.169222944609046300e+00
1.712209616848160199e+00
5.576286995379466482e+00
4.755105085922711972e+00
4.276326553301282196e+00
3.365659837597796411e+00
1.082296188230526202e+00
2.294673613721652128e+00
1.102414731796470315e+00
8.958145297908401972e+00
1.151151221800554225e+01
8.324996583472981104e-01
4.484958418426995941e+00
8.575476492791211935e-01
2.521255656062025174e+00
9.427441304626553720e-01
6.340615042992746586e-01
6.523563926966077453e+00
