2.465724558994545138e-02
9.032932635222742923e-02
1.590000706336604230e-02
4.539057113263804573e-03
7.277412668367489422e-03
3.721554883096452049e-02
1.786916154497254772e-02
9.018479865712832402e-03
6.859026353423528996e-03
1.433088157438468582e-02
6.455295806649925458e-03
6.865132719221146533e-03
7.392938250468729378e-02
3.664642668458995695e-02
7.443955284361265801e-02
7.500378184252599542e-03
3.431399791407604982e-02
1.586406381705315893e-02
1.175658737385787411e-02
3.682302000702337985e-02
2.691548201486295561e-02
5.210850165331643719e-03
1.978394223698179133e-01
3.064436203771068665e-02
4.752944962602357465e-02
1.117572026955648487e-02
7.926589858988251913e-02
6.166711796847394039e-02
1.070890571681571042e-02
1.342066919340213597e-02
5.300882923444006842e-03
1.876902648556662973e-02
3.155452138895104008e-02
1.841900242997140946e-02
1.144053646109985667e-01
2.945678349724916920e-02
6.391879275325842470e-03
1.434525768805344943e-02
4.002480645210462415e-03
5.403748232179127371e-03
3.531863809782130603e-02
3.613561202422641006e-02
1.453838553273199656e-02
8.411355242901087659e-02
2.502760862522434779e-02
7.046177731795928711e-02
2.556294829013079639e-02
5.315177898577030935e-02
1.177092343100024502e-02
5.658920854578716395e-03
1.187164959125870389e-01
1.661090318096609120e-01
1.009349213599513087e-02
1.042625522854227355e-01
9.194758672959507662e-02
3.372922251029676632e-02
3.314453473053313726e-01
2.114959619743671942e-02
1.325859594492510146e-02
2.505821006073919235e-02
2.705359107569475785e-02
3.708401753138423212e-02
1.211651969796834379e-02
1.307128528860471844e-02
1.048214141702840004e-02
1.129648686918397621e-02
3.864136559607447841e-03
3.306873891892532225e-01
7.089457659932392984e-03
7.373956389501132823e-03
2.088598391623493894e-02
2.440984900741355323e-02
1.479655828728643902e-02
5.016913441165303522e-02
5.144571910992996183e-02
9.499252024157345958e-03
8.193141554918265124e-02
2.460678520381288231e-02
1.361095572572657356e-02
1.413744393404032726e-02
1.261154495647841614e-02
1.063318927591074686e-02
1.294452435756041908e-01
7.889324632993086409e-03
1.167347039387436024e-02
2.095504869006348594e-02
4.647932314981630120e-02
4.402985014689102250e-02
1.084626228226997363e-02
7.232864828674517854e-02
9.589256200635760605e-03
4.636068078969957443e-03
6.487291904637201845e-02
4.732650337669021788e-03
9.605718533214195956e-03
1.107402160334941890e-02
1.234324862530826808e-02
2.176685712488473853e-02
1.059649495348270187e-01
3.036234381619017791e-02
3.717860644143351490e-01
6.005099525475265237e-02
1.332898819946894964e-01
6.339854502193570385e-02
5.590537053385516431e-02
4.619364750137001929e-02
1.058241859157657422e-01
4.319760685872023331e-02
6.965983349469009878e-02
5.773337234284962177e-02
8.481024524148830790e-02
3.317261063262096771e-02
9.895988629101190592e-02
6.664925461236145821e-02
3.526058290421001107e-02
6.447995439398432338e-02
8.726712780852693974e-02
3.862836739554740065e-03
8.363449737380933280e-02
1.155982165154042784e-01
2.302399194216381839e-01
7.988006463010320635e-02
8.553927470437414082e-02
2.763641176660605603e-01
1.273861618297325304e-01
5.069317103288764614e-02
4.941004751483494412e-02
1.183182704613803538e-01
4.667202658792223707e-02
3.675102072310001966e-02
2.582704227478872100e-02
3.376407654318648588e-02
4.149221630478606981e-02
1.144590611933184697e-03
1.629335715485590308e-01
2.590861623817783312e-04
5.110707126352013324e-02
3.648000294792675541e-02
3.368419277876862072e-02
7.529806075032917378e-02
6.483515841146622605e-02
8.958447654614087874e-02
1.730256219667415107e-01
1.082778123304408979e-01
1.103525817833778400e-01
2.006149988984044230e-01
1.186699608426990127e-01
4.994375682682967166e-01
2.211270083004869824e-01
1.813430362247841210e-01
1.551465768670958201e-01
6.777209755438368122e-01
1.242315744558923629e-01
1.217594220115834902e-01
4.581409195361558773e-01
1.772964485607207430e-01
3.813536120829696396e-01
2.270721023717059972e-01
1.332773923350453471e-01
7.045817643912524741e-02
6.928654959316249418e-02
3.507322963661838600e-01
1.386380804854516480e-01
2.372112179007535848e-01
9.184456264668047765e-02
6.215042818091529031e-02
8.233664298158754891e-02
7.669297721484364949e-01
2.077861630219237851e-02
4.572086268770128581e-02
2.163886710449772557e-02
1.460611355126289687e-02
1.205497503805477016e-02
2.162443240473841191e-02
1.121771670140740695e-01
6.608711352978994744e-03
7.775706040919970474e-02
1.843171560609259685e-01
4.409562661960896301e-01
3.814032811189403960e-01
2.996588193268067551e-02
2.031579394691839478e-03
2.202495265601342733e-01
1.350217048077189674e-01
4.940843148437646520e-02
1.874583500163376215e-01
3.273437958875576870e-01
6.025998572298267575e-02
3.764759141430068512e-02
2.211561342052597856e-01
5.822881792736363249e-02
8.242794133104539012e-02
6.893213587228047036e-03
3.609725309792090331e-02
1.400997504265593385e-01
1.681848831516900844e-01
2.988236199729751158e-02
2.083125629040057797e-02
1.034612927448483599e-01
4.531950035951481243e-02
3.839291629807369821e-01
1.569813720245387054e-02
1.354167875392670306e-01
1.804950643004792424e-02
2.989347739624793193e-02
5.946295153942508099e-02
2.336204599021964382e-02
3.312384535947258957e-02
2.792506566503760723e-02
8.727603219469191528e-03
2.476398922973126193e-02
2.382323716401912594e-01
7.073613075181751919e-02
1.735341335818207653e-01
3.985692348303335186e-02
1.626533877034859188e-01
2.631795997503406648e-01
3.026595797605816651e-01
1.497721483737351755e-01
9.797513720449922692e-02
5.681921327387599169e-02
1.745217153782565034e-01
1.938631698341544002e-02
9.820618440099636304e-02
1.671646827893821519e-01
7.030964587924787290e-02
2.092705369072625221e-01
2.034836681750085696e-01
2.077352107243644608e-01
1.528902652848328492e-01
2.216097695430506997e-01
1.463174896477230369e-01
1.436176108849373800e-01
6.680717976925323875e-02
4.571115014593371551e-01
2.576882839479396337e-01
1.403662845106964929e-01
4.523029951548441369e-02
1.718359518329190816e-01
1.536609084639246892e-01
1.321763234573621326e-01
9.149432975839325022e-02
1.487130070510388202e-01
1.044631038340008977e-01
8.070483787498963779e-02
4.237997801196841663e-01
2.334105640571204066e-01
1.795147726309126168e-01
1.288391699307989136e-01
1.354035197381666111e-01
2.816729052385668619e-01
1.948357403624160766e-01
6.391676945533622534e-02
2.563774013230868398e-01
2.668047378350208443e-01
1.602290350588433943e-01
1.821884385196866629e-01
2.090233251552072458e-01
1.504010548004764969e-01
1.793398764609179519e-01
2.037964236685804731e-01
1.230108877690147123e-01
2.939217973341913814e-01
2.526352913472581507e-01
2.048747451698363364e-01
1.936656887293038976e-01
2.210345288871879699e-01
1.143198064955635168e-01
1.053954661290691791e-01
1.301486309085835846e-01
2.176858321271222252e-01
8.531388399614171780e-02
1.739683851283894689e-01
2.365123063378377355e-01
1.836273838734334696e-01
1.282363548343312953e-01
1.342196472059970502e-01
1.719794666862307086e-01
1.859209653614441737e-01
5.063400995854774322e-01
1.700958374029335751e-01
2.604690618122498247e-01
1.590203180372273539e-01
2.654520923510222397e-01
1.029937444464383706e-01
2.014261906903022648e-01
1.296366040550324672e-01
2.347105406992297805e-01
1.500080686637711158e-01
1.479030907218457092e-01
1.813158168411872773e-02
4.941456679172016864e-02
5.967488007446684894e-02
7.834315292852035706e-02
5.899651769592569733e-02
1.867981494569306844e-02
1.877172721455308904e-02
2.276907697557739932e-02
1.220531210109658364e-02
6.437311356610074531e-02
6.597075674692123859e-02
6.441929721044034607e-02
5.815161776109201847e-02
7.269810376671094476e-02
4.350741306616061621e-01
2.727162767717069419e-02
2.418609947662666779e-02
9.451631795709562744e-03
1.111625626841414027e-01
9.706304843117106312e-03
8.621219890633224914e-02
5.587407045052170118e-02
8.731788086977933239e-02
1.055190626861125386e-01
4.042061494260502097e-01
2.013421020102831027e-01
4.598868908736544747e-02
8.062097012631570803e-02
2.078020392834919322e-02
6.964138871153419119e-02
3.078162904681002940e-02
2.613650198310280351e-02
2.362865496429303672e-02
4.342704677667415247e-02
6.423249585562142844e-03
7.555825467011319761e-03
6.495006150397315547e-01
4.558088283826110948e-02
4.918254729230677087e-03
2.224050669084724069e-02
2.228520898576496698e-02
2.922738462765221978e-01
3.714072806866733356e-02
3.932893439442103345e-01
3.869427277337149085e-01
1.735052381092496154e-01
1.371964232001857131e-01
4.211160285185681085e-01
1.392101499392402186e-01
2.879664004814800130e-02
4.885438920328210102e-03
6.878006567003753721e-03
1.077483022851784961e-02
1.845605033684364835e-02
1.632672869370326713e-02
3.833893626166398616e-02
9.534981403812363421e-03
8.003092364608579978e-02
2.469964287776101053e-01
9.853869826329337764e-03
5.455011247495655802e-02
9.211632079033765796e-02
5.238188978304701530e-03
1.532915344331488572e-01
2.874093965311034365e-02
6.355727499498781130e-03
1.249873892776345308e-01
7.058354482187499668e-02
2.109266025072533204e-02
