1.553033559322357178e+02 8.157408237457275391e-01
6.488635826110839844e+01 8.505609035491943359e-01
1.684414501190185547e+02 8.860447406768798828e-01
3.702199578285217285e+01 8.199763298034667969e-01
1.647454154491424561e+02 8.082304000854492188e-01
1.783649849891662598e+02 9.433073997497558594e-01
3.611308860778808594e+01 7.640385627746582031e-01
1.609691379070281982e+02 8.458232879638671875e-01
5.358980369567871094e+01 8.402862548828125000e-01
1.593817129135131836e+02 9.447867870330810547e-01
1.583722202777862549e+02 8.326075077056884766e-01
1.650356516838073730e+02 9.017617702484130859e-01
9.052920174598693848e+01 8.487102985382080078e-01
3.716896462440490723e+01 8.234312534332275391e-01
3.592066121101379395e+01 8.262467384338378906e-01
1.750938146114349365e+02 8.165280818939208984e-01
8.607912397384643555e+01 8.780677318572998047e-01
8.336029291152954102e+01 8.133840560913085938e-01
1.580335354804992676e+02 8.193395137786865234e-01
1.684236476421356201e+02 8.388705253601074219e-01
6.612972378730773926e+01 8.449852466583251953e-01
5.323350882530212402e+01 8.251726627349853516e-01
3.332624673843383789e+01 8.514509201049804688e-01
4.832047867774963379e+01 1.049860715866088867e+00
3.515652966499328613e+01 8.707406520843505859e-01
1.713587951660156250e+02 8.570125102996826172e-01
1.949459021091461182e+02 8.631358146667480469e-01
1.906292581558227539e+02 8.513579368591308594e-01
1.684857892990112305e+02 8.264131546020507812e-01
1.697361953258514404e+02 8.266768455505371094e-01
3.656185269355773926e+01 8.112714290618896484e-01
1.769908347129821777e+02 8.280985355377197266e-01
1.635077383518218994e+02 8.031988143920898438e-01
3.657054352760314941e+01 8.158731460571289062e-01
5.755276536941528320e+01 8.502535820007324219e-01
1.611769113540649414e+02 9.061973094940185547e-01
5.178554487228393555e+01 8.307511806488037109e-01
1.679926037788391113e+02 8.765175342559814453e-01
1.607534391880035400e+02 8.602714538574218750e-01
1.669439895153045654e+02 9.438648223876953125e-01
3.707355713844299316e+01 9.351558685302734375e-01
3.688640379905700684e+01 8.139755725860595703e-01
1.228115880489349365e+02 9.162764549255371094e-01
8.166522216796875000e+01 9.461867809295654297e-01
8.188240432739257812e+01 8.365595340728759766e-01
5.850896453857421875e+01 8.539626598358154297e-01
1.128767704963684082e+02 8.308770656585693359e-01
1.257372310161590576e+02 8.126115798950195312e-01
6.605357646942138672e+01 7.998270988464355469e-01
7.792732858657836914e+01 8.148264884948730469e-01
7.737734866142272949e+01 8.835916519165039062e-01
7.314390039443969727e+01 8.089566230773925781e-01
1.229317209720611572e+02 9.021623134613037109e-01
1.444612941741943359e+02 8.524501323699951172e-01
1.466255192756652832e+02 9.075241088867187500e-01
1.130797786712646484e+02 8.192927837371826172e-01
6.189169025421142578e+01 8.068306446075439453e-01
1.205087521076202393e+02 8.511805534362792969e-01
1.207583675384521484e+02 9.683840274810791016e-01
1.200848503112792969e+02 7.951629161834716797e-01
1.176110010147094727e+02 8.422019481658935547e-01
8.083111763000488281e+01 8.039150238037109375e-01
7.937418484687805176e+01 9.088504314422607422e-01
1.203385903835296631e+02 9.279346466064453125e-01
7.843753361701965332e+01 8.925809860229492188e-01
1.216175053119659424e+02 8.274850845336914062e-01
1.131445453166961670e+02 8.279414176940917969e-01
6.248162770271301270e+01 8.223631381988525391e-01
1.161646456718444824e+02 8.555295467376708984e-01
7.331106472015380859e+01 8.199288845062255859e-01
7.904471778869628906e+01 9.578258991241455078e-01
3.775170254707336426e+01 8.400287628173828125e-01
1.240176656246185303e+02 8.759188652038574219e-01
8.348316955566406250e+01 8.248860836029052734e-01
8.896808004379272461e+01 8.153841495513916016e-01
1.306394126415252686e+02 9.632363319396972656e-01
1.212198493480682373e+02 8.355169296264648438e-01
6.990425395965576172e+01 9.201357364654541016e-01
5.325175619125366211e+01 8.470175266265869141e-01
1.145048983097076416e+02 8.554582595825195312e-01
5.588159990310668945e+01 8.831896781921386719e-01
1.699547541141510010e+02 9.335989952087402344e-01
5.709393358230590820e+01 8.228571414947509766e-01
3.681080222129821777e+01 7.997820377349853516e-01
1.219406988620758057e+02 8.794419765472412109e-01
1.221741557121276855e+02 8.017940521240234375e-01
1.376375112533569336e+02 8.322796821594238281e-01
4.029096770286560059e+01 1.014853954315185547e+00
1.131140780448913574e+02 8.360698223114013672e-01
5.744804763793945312e+01 8.059508800506591797e-01
5.548316478729248047e+01 1.001987457275390625e+00
1.139126839637756348e+02 9.271824359893798828e-01
3.620618820190429688e+01 8.920793533325195312e-01
1.136249198913574219e+02 8.376414775848388672e-01
1.169730446338653564e+02 8.306610584259033203e-01
1.170315811634063721e+02 8.174920082092285156e-01
3.746197271347045898e+01 8.824756145477294922e-01
6.564703702926635742e+01 7.963795661926269531e-01
6.871649885177612305e+01 8.300492763519287109e-01
7.107640171051025391e+01 8.617992401123046875e-01
1.688953080177307129e+02 8.472499847412109375e-01
6.626883888244628906e+01 8.649933338165283203e-01
9.807591819763183594e+01 8.933753967285156250e-01
9.539201068878173828e+01 9.366028308868408203e-01
6.595856523513793945e+01 9.163818359375000000e-01
6.120016336441040039e+01 8.242352008819580078e-01
7.208320474624633789e+01 9.231162071228027344e-01
6.513344287872314453e+01 8.363366127014160156e-01
7.950440955162048340e+01 8.624691963195800781e-01
7.246231937408447266e+01 8.102986812591552734e-01
6.655091905593872070e+01 9.380025863647460938e-01
1.253251330852508545e+02 8.665068149566650391e-01
1.424692089557647705e+02 8.513865470886230469e-01
7.565682172775268555e+01 8.166124820709228516e-01
6.825450992584228516e+01 8.925526142120361328e-01
6.850110292434692383e+01 9.291231632232666016e-01
6.544618582725524902e+01 8.185451030731201172e-01
9.506520986557006836e+01 8.291594982147216797e-01
7.569386029243469238e+01 9.852797985076904297e-01
8.170659327507019043e+01 8.406910896301269531e-01
7.278823137283325195e+01 7.956256866455078125e-01
8.038562011718750000e+01 8.199965953826904297e-01
6.455715060234069824e+01 9.356701374053955078e-01
1.467419884204864502e+02 8.374531269073486328e-01
8.028053593635559082e+01 8.376653194427490234e-01
6.420237827301025391e+01 8.890573978424072266e-01
7.567387843132019043e+01 8.368337154388427734e-01
8.014285922050476074e+01 7.974138259887695312e-01
7.021575784683227539e+01 8.215363025665283203e-01
7.908640027046203613e+01 8.609645366668701172e-01
7.679267644882202148e+01 9.145777225494384766e-01
5.980433964729309082e+01 8.162024021148681641e-01
5.524641299247741699e+01 8.124241828918457031e-01
5.615833330154418945e+01 9.499635696411132812e-01
1.651218199729919434e+02 9.234213829040527344e-01
4.528840327262878418e+01 8.269259929656982422e-01
8.608119511604309082e+01 9.268667697906494141e-01
9.175497055053710938e+01 8.257086277008056641e-01
1.172987947463989258e+02 8.188199996948242188e-01
2.345358834266662598e+02 8.175585269927978516e-01
1.856276450157165527e+02 8.689563274383544922e-01
1.439908788204193115e+02 8.117797374725341797e-01
1.707268855571746826e+02 8.198573589324951172e-01
1.832100732326507568e+02 9.338245391845703125e-01
1.541418521404266357e+02 8.916475772857666016e-01
1.459480810165405273e+02 8.324165344238281250e-01
1.512032363414764404e+02 8.348829746246337891e-01
1.514447100162506104e+02 9.179983139038085938e-01
1.466270060539245605e+02 9.917731285095214844e-01
1.654574539661407471e+02 8.018453121185302734e-01
1.620738594532012939e+02 8.324003219604492188e-01
1.599329793453216553e+02 8.434922695159912109e-01
1.550291185379028320e+02 9.067060947418212891e-01
1.727186994552612305e+02 8.085005283355712891e-01
1.451732733249664307e+02 8.635485172271728516e-01
1.433885152339935303e+02 9.411568641662597656e-01
1.651463036537170410e+02 9.154310226440429688e-01
1.317529604434967041e+02 8.323833942413330078e-01
1.478260171413421631e+02 8.178620338439941406e-01
1.579000439643859863e+02 8.184201717376708984e-01
1.452687933444976807e+02 8.910470008850097656e-01
1.402483336925506592e+02 7.956931591033935547e-01
1.414034380912780762e+02 8.262026309967041016e-01
1.423335440158843994e+02 9.362413883209228516e-01
1.501186733245849609e+02 9.044153690338134766e-01
1.749420795440673828e+02 8.287858963012695312e-01
1.600181367397308350e+02 8.145256042480468750e-01
1.494739394187927246e+02 9.126493930816650391e-01
1.661068997383117676e+02 8.153753280639648438e-01
1.426665329933166504e+02 9.943528175354003906e-01
1.587734482288360596e+02 9.092326164245605469e-01
1.378133950233459473e+02 9.174032211303710938e-01
9.278709650039672852e+01 9.277141094207763672e-01
5.821599864959716797e+01 7.940022945404052734e-01
6.396301198005676270e+01 8.458428382873535156e-01
5.393793058395385742e+01 8.226451873779296875e-01
6.076310801506042480e+01 9.508080482482910156e-01
6.328973126411437988e+01 8.637225627899169922e-01
1.657960524559020996e+02 8.406677246093750000e-01
6.425730061531066895e+01 8.971250057220458984e-01
5.755742835998535156e+01 8.898639678955078125e-01
5.399073100090026855e+01 8.461813926696777344e-01
3.484742212295532227e+01 8.235452175140380859e-01
3.252202057838439941e+01 7.890672683715820312e-01
3.777803444862365723e+01 8.292665481567382812e-01
3.847091007232666016e+01 8.738422393798828125e-01
3.349765682220458984e+01 1.039844751358032227e+00
4.019908690452575684e+01 8.227276802062988281e-01
4.116550850868225098e+01 8.636331558227539062e-01
1.628888924121856689e+02 8.303482532501220703e-01
7.306075143814086914e+01 9.286687374114990234e-01
7.167442250251770020e+01 8.152272701263427734e-01
3.666583585739135742e+01 8.096084594726562500e-01
1.759495522975921631e+02 9.542272090911865234e-01
3.785955286026000977e+01 8.022923469543457031e-01
8.890262603759765625e+01 8.127226829528808594e-01
4.001086521148681641e+01 9.461808204650878906e-01
1.281691572666168213e+02 9.349870681762695312e-01
3.704715824127197266e+01 7.871255874633789062e-01
9.170577073097229004e+01 8.433527946472167969e-01
1.592433667182922363e+02 8.183090686798095703e-01
1.194497251510620117e+02 9.014678001403808594e-01
7.619307589530944824e+01 8.407945632934570312e-01
6.439221239089965820e+01 8.279957771301269531e-01
6.906957769393920898e+01 9.189400672912597656e-01
7.645426821708679199e+01 8.143942356109619141e-01
6.926331591606140137e+01 9.779510498046875000e-01
7.855482244491577148e+01 8.194141387939453125e-01
7.115548133850097656e+01 9.121153354644775391e-01
7.156195735931396484e+01 8.056945800781250000e-01
9.002531099319458008e+01 9.312100410461425781e-01
1.501358835697174072e+02 9.295985698699951172e-01
8.848847603797912598e+01 9.026279449462890625e-01
9.665521454811096191e+01 9.349946975708007812e-01
9.257382869720458984e+01 8.116824626922607422e-01
1.120266346931457520e+02 9.240069389343261719e-01
1.174261598587036133e+02 8.947522640228271484e-01
2.209129428863525391e+01 7.950723171234130859e-01
2.236252641677856445e+01 9.767382144927978516e-01
2.319017744064331055e+01 9.240911006927490234e-01
2.172381091117858887e+01 7.836492061614990234e-01
2.380776047706604004e+01 9.279861450195312500e-01
1.554271671772003174e+02 9.140398502349853516e-01
1.636566863059997559e+02 8.617262840270996094e-01
2.247398757934570312e+01 7.938373088836669922e-01
2.217617630958557129e+01 9.653568267822265625e-01
2.386750626564025879e+01 9.234595298767089844e-01
2.327314043045043945e+01 8.883576393127441406e-01
2.361463904380798340e+01 9.089515209197998047e-01
2.341574048995971680e+01 8.121159076690673828e-01
2.406671738624572754e+01 9.107172489166259766e-01
2.264167046546936035e+01 8.291633129119873047e-01
2.220812392234802246e+01 7.885000705718994141e-01
2.288219761848449707e+01 8.554215431213378906e-01
1.528031201362609863e+02 8.294308185577392578e-01
2.346010041236877441e+01 9.084045886993408203e-01
2.401675605773925781e+01 9.138493537902832031e-01
2.322357797622680664e+01 8.278031349182128906e-01
2.232456445693969727e+01 8.621346950531005859e-01
2.383885383605957031e+01 9.476280212402343750e-01
2.366922974586486816e+01 9.025926589965820312e-01
2.242237114906311035e+01 8.214116096496582031e-01
2.271690273284912109e+01 8.718335628509521484e-01
2.393355274200439453e+01 9.324984550476074219e-01
2.405653047561645508e+01 9.324331283569335938e-01
1.544124946594238281e+02 8.166308403015136719e-01
2.297470045089721680e+01 9.100728034973144531e-01
2.394568014144897461e+01 9.160823822021484375e-01
2.195002245903015137e+01 8.207683563232421875e-01
2.244291353225708008e+01 8.322374820709228516e-01
2.245613861083984375e+01 8.444612026214599609e-01
2.377647733688354492e+01 9.120783805847167969e-01
2.383768916130065918e+01 9.122452735900878906e-01
2.397678470611572266e+01 9.202108383178710938e-01
2.390151453018188477e+01 8.938906192779541016e-01
2.403348469734191895e+01 9.217092990875244141e-01
1.410398542881011963e+02 8.362028598785400391e-01
2.389612722396850586e+01 9.137771129608154297e-01
2.367950296401977539e+01 9.209346771240234375e-01
2.354371476173400879e+01 9.027111530303955078e-01
2.233255338668823242e+01 8.913710117340087891e-01
2.406506180763244629e+01 9.276864528656005859e-01
2.244734287261962891e+01 9.342491626739501953e-01
2.401886487007141113e+01 9.698381423950195312e-01
2.406395745277404785e+01 9.141213893890380859e-01
2.381017088890075684e+01 9.120891094207763672e-01
2.361058044433593750e+01 9.340817928314208984e-01
1.461239206790924072e+02 8.978404998779296875e-01
2.321589970588684082e+01 8.935773372650146484e-01
2.236744189262390137e+01 8.248114585876464844e-01
2.254395771026611328e+01 8.096382617950439453e-01
2.369362592697143555e+01 9.114084243774414062e-01
2.231969618797302246e+01 8.051881790161132812e-01
2.373607492446899414e+01 9.140911102294921875e-01
2.312353396415710449e+01 8.995680809020996094e-01
2.372702145576477051e+01 8.195657730102539062e-01
2.393115139007568359e+01 9.206771850585937500e-01
2.413497829437255859e+01 9.657721519470214844e-01
1.655624101161956787e+02 8.077375888824462891e-01
2.368047618865966797e+01 9.115920066833496094e-01
2.209083676338195801e+01 8.149728775024414062e-01
2.324383592605590820e+01 8.051404953002929688e-01
2.261817908287048340e+01 8.016159534454345703e-01
2.374913311004638672e+01 8.524482250213623047e-01
2.359065270423889160e+01 8.489124774932861328e-01
2.393057274818420410e+01 8.259859085083007812e-01
2.374667096138000488e+01 8.362672328948974609e-01
2.332941317558288574e+01 9.226362705230712891e-01
2.271527791023254395e+01 9.032733440399169922e-01
7.774504351615905762e+01 8.183407783508300781e-01
4.771608042716979980e+01 8.405365943908691406e-01
5.110201621055603027e+01 9.122760295867919922e-01
1.087358784675598145e+02 9.459102153778076172e-01
2.397323012351989746e+02 4.497733116149902344e-01
1.085454401969909668e+02 8.632202148437500000e-01
8.987456512451171875e+01 8.334228992462158203e-01
9.020775365829467773e+01 8.015930652618408203e-01
8.975369024276733398e+01 8.219740390777587891e-01
1.082346727848052979e+02 8.295879364013671875e-01
1.033239619731903076e+02 9.426538944244384766e-01
9.292406201362609863e+01 8.540821075439453125e-01
1.026376740932464600e+02 8.272681236267089844e-01
9.613822054862976074e+01 8.603370189666748047e-01
9.090746569633483887e+01 9.055793285369873047e-01
1.508438351154327393e+02 8.308002948760986328e-01
9.150008010864257812e+01 9.584708213806152344e-01
1.002647857666015625e+02 8.355109691619873047e-01
9.115904045104980469e+01 8.212602138519287109e-01
1.086776113510131836e+02 9.411144256591796875e-01
6.344479441642761230e+01 9.214179515838623047e-01
1.286159873008728027e+02 8.919637203216552734e-01
8.581944394111633301e+01 9.180505275726318359e-01
3.601663184165954590e+01 7.980716228485107422e-01
5.879199719429016113e+01 9.136710166931152344e-01
3.894537138938903809e+01 9.265720844268798828e-01
1.602306125164031982e+02 6.652765274047851562e-01
1.687652764320373535e+02 5.556967258453369141e-01
1.526759123802185059e+02 5.280337333679199219e-01
1.600461506843566895e+02 4.916214942932128906e-01
1.580169925689697266e+02 4.643557071685791016e-01
1.518568720817565918e+02 4.990725517272949219e-01
1.453830900192260742e+02 4.674654006958007812e-01
1.433238074779510498e+02 4.864888191223144531e-01
9.723423171043395996e+01 7.767176628112792969e-01
5.022206068038940430e+01 7.908980846405029297e-01
4.372972369194030762e+01 8.064968585968017578e-01
1.441525008678436279e+02 4.590704441070556641e-01
4.277139091491699219e+01 9.867088794708251953e-01
4.138615465164184570e+01 8.774452209472656250e-01
4.338220667839050293e+01 8.559265136718750000e-01
4.157043981552124023e+01 8.479025363922119141e-01
6.131671857833862305e+01 8.266162872314453125e-01
5.996851277351379395e+01 9.395775794982910156e-01
2.968601107597351074e+01 8.886225223541259766e-01
6.350934004783630371e+01 8.173656463623046875e-01
6.249858880043029785e+01 8.295562267303466797e-01
6.385151147842407227e+01 8.821630477905273438e-01
1.326337289810180664e+02 4.473917484283447266e-01
6.176689672470092773e+01 8.571057319641113281e-01
5.817244505882263184e+01 9.575858116149902344e-01
9.129924750328063965e+01 6.207475662231445312e-01
4.178663420677185059e+01 8.089852333068847656e-01
4.216255092620849609e+01 8.176834583282470703e-01
5.081716465950012207e+01 7.343609333038330078e-01
4.988190031051635742e+01 6.714291572570800781e-01
3.611511397361755371e+01 8.918406963348388672e-01
1.258930416107177734e+02 4.310202598571777344e-01
7.709011745452880859e+01 4.999563694000244141e-01
1.189577834606170654e+02 6.044330596923828125e-01
7.475603127479553223e+01 5.889627933502197266e-01
1.255174086093902588e+02 4.087491035461425781e-01
1.251540210247039795e+02 4.644587039947509766e-01
4.694488382339477539e+01 6.645021438598632812e-01
2.969109559059143066e+01 6.545448303222656250e-01
3.235071921348571777e+01 8.244500160217285156e-01
1.127745168209075928e+02 4.116449356079101562e-01
1.231346106529235840e+02 4.015638828277587891e-01
1.157130134105682373e+02 4.229955673217773438e-01
1.110969734191894531e+02 5.041480064392089844e-01
