1.496565476561777075e+01
4.247445547799727272e+00
3.716240305292064061e+00
2.151935382411450437e+00
3.806994340304994839e+00
2.163067438251738306e+00
1.946582408544196063e+00
6.183698486975734987e+00
1.023704701419786423e+00
5.088279781111075373e+00
3.259858772618604128e+00
2.472651464690855505e+00
2.553626179817092834e-01
2.130691187853395618e+00
2.350842549033348217e+00
1.338690607625569129e+00
3.603922636924196676e-01
2.402177672004094156e+00
4.424339891732326890e+00
3.234727919148622011e+00
3.206940312830290907e+00
1.540936986683987264e+00
3.266280728579658899e+00
3.337660301037626898e+00
2.656256402193148070e+00
3.345220475205143540e+00
2.990488585071672811e-01
3.911880629885348681e-01
1.894804162759356814e+00
2.763377124745131308e+00
2.411923886918920790e+00
4.222273718450757940e+00
1.926997795723497608e+00
1.820000763670406974e+00
5.985454790296373062e+00
5.515739938289937250e+00
1.035410488782994465e+00
5.468945584176047703e+00
2.291210177465994313e+00
2.673736566840033468e+00
2.098727879198396984e+00
4.897142655415684942e+00
1.853175009945218665e+00
5.517713820917775625e-01
2.580417802566796315e+00
3.088902966116832349e+00
3.685403774758559514e+00
2.470493973982223146e+00
3.031619219117224873e+00
1.086696335925605661e+00
2.881529319561238811e+00
2.032485124612568139e+00
3.455243716357458528e+00
1.723626982861562462e-01
3.268712197231303795e-01
1.234485212547077992e+00
1.030561667015804872e+01
2.756258350403735236e+00
3.293945405747584765e+00
3.629112634216475008e+00
1.763444141853678815e+00
2.355521545704737818e+00
4.281391203727861416e+00
6.495676415287062078e+00
9.282881018196570411e-01
3.037173640776199779e+00
1.301210655181697984e+00
1.086198746028159512e+01
1.953524159413781769e+00
1.372984347186205101e+00
3.653344349931989310e+00
1.714915828701326195e+00
1.141733374761986886e+00
2.488353766801266187e-01
1.514797513022062558e+00
1.619508034543040376e+00
2.310980743081746613e+00
3.062269657873649908e+00
4.542246792406628764e+00
4.335958697519045835e+00
1.689262406424217433e+00
2.971320219078192437e+00
1.711514702196771376e+00
1.163025617448171678e+00
2.870851319800182821e+00
1.488653050300545511e+00
1.230047159503636856e+00
5.176953093852925569e+00
1.491950499356282656e+00
8.709131973871137689e+00
1.689550480440079161e+00
4.665401152794177442e+00
4.409347555219616410e+00
5.431918026429968016e+00
3.992527678346511788e+00
3.022559253321747352e+00
2.311706869017873700e+00
2.431226773955945220e+00
3.871006061517509589e-01
3.184725787774187467e+00
6.716391829023703464e-01
1.098799132607968021e+00
3.118692891126832123e+00
7.584878879547680697e-01
2.005968481636952294e+00
1.148039285364168105e+00
2.263901110503982128e+00
3.792382847038731963e+00
1.443269278574199399e+00
3.576043705775211023e+00
1.324604238772213449e+00
1.113471741076321742e+01
8.182264992917688273e-01
1.026349962755845002e+00
4.300411118189420456e+00
1.778903002183003901e+00
3.228976259151034700e+00
8.331541727197258052e-01
4.441756083863241500e+00
1.507569389635019519e+00
9.749079244785644249e+00
1.704751386285385806e+00
1.254476753683116108e+01
1.010296283434787723e+00
3.858882235903020597e+00
2.042825334695776007e+01
1.666533650616179418e+00
1.546452026521271339e+00
1.336674230416250664e+00
4.899917342507203344e+00
4.096311419876946580e+00
5.983445817358793439e-01
1.476702351562758420e+00
1.736959621126400011e+00
4.195228130282476764e-01
3.430689326250889459e-02
2.562952312823742140e+00
2.658398271964958148e+00
1.515359004634212248e+00
2.188840964654759524e+00
8.264288729825574054e-01
2.076462973446873583e+00
1.599865121478100116e+00
1.174265502624092905e+00
9.634330475960670714e-01
4.944517636896705870e-01
1.444715951895820805e+00
4.401491704419932205e+00
2.233406395470253436e+00
2.002565650404227071e+00
7.329696482908578670e-01
3.140830922837743344e+00
1.426715156283006714e+00
1.028528629477899026e+00
5.543387925273945527e+00
1.474581802250220841e+00
1.132931789530039035e+00
2.810280425664112514e+00
2.577974004512656236e+00
7.276190352781144455e-01
7.466554214306835746e+00
6.620669381325194003e+00
1.455682232940665788e+00
2.563846179228961741e+00
4.512240810172409411e+00
2.357165837383884188e+00
1.126576866435241087e+01
2.718433571307829144e+00
1.624747787390533826e+00
9.699596612618796243e+00
7.315362585660853512e+00
5.735427543085335422e+00
3.340820713131937847e+00
4.358102655604584541e+00
2.232237740060977416e+00
3.039950290364425434e-01
5.958455240479161752e+00
8.553097418746088421e-01
1.079109157114447326e+00
3.179328810125342519e-01
1.205976101766770725e+00
3.880543345971070757e+00
4.406953976169404541e+00
1.027337980664510431e+00
2.085025911242012420e+00
1.267131457507163939e+00
2.714439002751312557e+00
1.379923634567707502e+00
7.217339766926897937e-01
1.259186543244845247e+00
1.173549758447822944e+00
9.686091570281544216e-01
3.775109941772522237e+00
7.669295306121555633e+00
5.080189516478512246e+00
3.018451509387108711e+00
1.268987105656867120e+00
2.800298723233595410e+00
9.466619893686449849e-01
1.376460653527586731e+00
1.407737712066994717e+00
9.328769307320875503e-01
2.083943971883050139e+00
3.896247192165252504e-01
3.452093302617225135e-01
1.443869219751789279e+00
1.942817624992379422e+00
4.776846019951941358e+00
4.168061116883404971e+00
2.150001491824910183e+00
2.915184617668246769e+00
1.764501578557356343e+00
3.090001724144240125e+00
3.521075734892053610e+00
4.558066645564817776e+00
6.399049554854679966e-01
2.279005037492832564e+00
7.449450468947413917e-01
6.596430228731539058e-01
5.480803118111214900e-01
9.291724505928750100e-01
6.917257035168329349e-01
8.126705829810999759e+00
1.335248316890417675e+00
8.189161134163914779e-01
1.032963665875869852e+00
1.026308382118840790e+00
6.748492402194150586e-01
5.683924142002764190e-01
7.697117535190343141e-01
7.929949568783632996e-01
5.915788074907655236e-01
6.671201616635689113e-01
1.242153994409556095e+00
1.692788594152524917e+00
1.451398973661974789e+00
8.063924892648541842e-01
1.007211539835917824e+00
5.759331332054122843e-01
7.837882480988644929e-01
1.146903882939597885e+00
8.427701024031045707e-01
6.098954942078165242e-01
8.420802059255919625e-01
1.264724689928633072e+00
1.896595029228058671e+00
1.692613667829309110e+00
8.698010140127157008e-01
1.026366663093017273e+00
2.385095646451107054e+00
2.311638365027407271e+00
7.710414409637745825e-01
1.140337170892403051e+00
1.310070773492303386e+00
1.117008755019442967e+00
1.413628537649067818e+00
2.167603284944171094e+00
1.018093871335122858e+00
1.147983065528471736e+00
8.105188986818110397e-01
2.012634949985781851e+00
1.472938364903898956e+00
1.763101389869431435e+00
1.376232869867366704e+00
2.140226971457479532e+00
2.301810143558201904e+00
6.708285016039282622e-01
1.894945436560433683e+00
1.124534768387510208e+00
6.855750647496121619e-01
8.705425299099919245e-01
1.041314842811871921e+00
8.602949543356145368e-01
1.351780260816848100e+00
6.030098642976160495e-01
5.020020584709593559e-01
1.076406045501975273e+00
5.944773679408772438e-01
1.600787573993434076e+00
4.111413902728159320e-01
1.284019303235387266e+00
8.756643603335160231e-01
1.104352201936352973e+00
1.103140655486440469e+00
7.058575266164597295e-01
8.131913144898436085e-01
8.925049802858148196e-01
8.757336351966853449e-01
1.266984530973499057e+00
2.533420102195308221e+00
3.180288050059513427e+00
1.586587103129267540e+00
4.338043711185043172e+00
1.598840986250680718e+00
4.539921657687324696e+00
1.674621365753167002e+00
1.651823817566478780e+00
1.714518247398003625e+00
4.510231070130337194e+00
6.222308656423652273e+00
4.711209016950068218e+00
6.024677839592644801e+00
6.266116791649812612e+00
2.646303584891467331e+00
5.873689067812380982e-01
2.644627424933401638e+00
1.850611580891889485e+00
1.512638329880648058e+00
6.926462500132534172e-01
3.982840673488919347e-01
2.243822752467801607e+00
5.831100108232258883e+00
1.301811878669094646e+01
3.534379744106729948e+00
7.786244179658590170e-01
1.237066046605172387e+00
6.758001089809338779e+00
3.563574025704186354e+00
2.915898458103532764e+00
2.236387873549236183e+00
1.377896900066631458e+00
1.091538699945837632e+00
7.278541077598728926e+00
1.279827210136411431e+01
1.371260718822697733e+00
1.379265388050728181e+00
7.337716855148427308e-01
1.343818638406407473e+00
3.133571305832932863e-01
3.863113371715763411e-01
3.896715651275963199e-01
2.202263609563154034e+01
2.822987058140692174e+00
1.946079081468239602e+00
2.215572693302648055e+00
1.729702124126856644e+00
3.243082140370619371e+00
2.256390283074901859e+00
1.953240637769514176e+00
2.783833249913016505e+00
4.285803043246373178e+00
3.694502356986056668e+00
2.978113076485338517e+00
2.047883592036969347e+00
1.886131014257540928e+00
1.978941223018660711e+00
1.193205795247523904e+00
7.730531811140505249e-01
1.119836629951920459e+00
1.376793775135366049e+00
2.103687557405119701e+00
3.843827244035967539e+00
1.500319100947602236e+00
2.922890477171177004e+00
2.564255237650568287e+00
3.182507043628569843e+00
2.283994003225890135e-01
2.973938786594694794e-01
3.530823488733450422e+00
