id,0,1,2,3,4,5,6,7,8,9,10,11,12
W1,34882.735522397124,35916.37703179353,34891.4954169539,34939.15417691978,34865.334453334784,35600.36464018498,34878.76481435901,34803.47434822824,34895.79508328353,35037.49807251598,34891.907334167234,34868.48681791132,34846.978996439175
W10,5139.672959393992,5148.685048800726,5157.712690972636,5166.755912319834,5175.814739296561,5184.889198401264,5193.979316176665,5203.085119209771,5212.206634132036,5221.3438876193695,5230.496906392232,5239.6657172157675,5248.850346899747
W100,11435.22096692052,11511.711451526655,11372.145341745887,11393.77515159625,11464.881198375144,11484.399036992689,11527.368822923201,11386.369655559716,11445.414789779128,11462.077048833944,11579.213645669483,11435.013947293284,11429.970429717514
W101,9907.381446072206,9824.531672441732,9812.494392229402,9774.475814238893,9921.734548335136,9906.658326669098,9835.820500021,9768.445610823248,9821.110469122737,9928.44288743113,9849.400125045144,9806.102053129696,9828.592673911247
W102,15979.707499301543,15922.289829753972,15947.695992670715,16015.350470004936,16459.41359448847,15916.747849721138,15968.307206642232,16030.89634722407,16068.649712121873,16040.907272682549,16004.067366048384,16036.41637011238,16104.225671623915
W103,4169.215747100402,4093.8908862693693,4032.023252299949,4085.0648254024195,4234.505322818149,4137.609091087973,4119.843298953427,4057.8812483584366,4175.123834004912,4155.276345864912,4102.018282009404,4079.7441082325795,4162.204522513061
W104,1015.244051631998,1016.4486859848589,1021.4138708169266,1014.5284130163046,1019.7368147740277,1012.9715372171264,1018.3950652767726,1011.5973595489601,1016.9386260407405,1010.1506418707971,1015.4842696924734,1008.7059931774545,1014.0319932532025
W105,9193.047160618404,9185.935092234264,9184.191610792594,9191.346812921394,9196.894943230081,9202.751631627674,9207.52497443283,9213.161799607402,9218.802075612544,9224.445804560792,9230.09298856605,9235.743629743423,9241.397730209375
W106,2157.138402237893,2145.4330639322134,2144.1515135007057,2151.2474003177235,2158.4273082761883,2145.6753509511655,2144.2471939611587,2146.4976339433615,2152.4963043215334,2149.5163336410756,2145.367778923989,2146.86051677452,2148.609502101603
W107,23988.321902020518,23993.453741765567,24008.172557165213,24023.71033678249,24034.394223749372,24054.037990385492,24068.19628229157,24063.669050705274,24087.35919134442,24091.891083684648,24109.711411046894,24121.896429802917,24127.433591633722
W108,16039.318250005354,15981.747365839545,15916.038396219843,15903.630789541558,15928.7190817417,15942.855670919093,15926.398274474239,15932.992324322155,15942.994976070446,15949.068043710127,15960.799212870395,15970.817538526815,15980.101410133606
W109,14308.858580093525,14259.430713783348,14161.232904038627,14188.914190693766,14210.636370156144,14338.432390414424,14179.879151725092,14168.097557452707,14183.28551609904,14262.300786931928,14219.413146701863,14200.124857599572,14206.574089208556
W11,348.4192378921868,320.0816984266518,291.34190855256134,318.2022516470964,334.7617827602928,318.7957471636909,287.9490120228131,307.5406887124794,327.9805887428547,323.86388016113114,293.16881301135845,300.4447251094567,328.89349745186973
W110,7379.183468262109,7377.356700445451,7371.543879013069,7373.5428943786,7372.133376344287,7380.5615709748945,7390.561621329763,7390.966346392592,7399.461728544955,7403.858021293571,7406.6594992598475,7410.239006617488,7412.734479003888
W111,1062.4131883249372,1064.4786165291584,1063.7683578129866,1062.8166364832769,1062.6858191237236,1057.1396154688064,1058.980126313102,1057.8010840500942,1056.66572399864,1056.4945043919336,1050.595650060539,1052.8396545144203,1051.6158854620462
W112,9566.570419968177,9521.516314998165,9502.913833672503,9525.91730661765,9582.521007787109,9529.916245760818,9531.49684924713,9534.709267664728,9592.01238097461,9542.836447465677,9561.812166611702,9545.501131881674,9568.799692962788
W113,707.7637915479902,728.8820667511396,731.3801270261147,712.0467128278425,717.6862534452314,720.5210064084397,727.0677156310393,722.4340065246405,705.2888934948576,716.6048371527862,726.181666387506,719.1444749400415,706.2121921211836
W114,10582.525682639376,10578.880047561706,10587.475921760619,10582.435945699854,10600.690261691952,10567.0780655335,10608.642962705188,10543.368471660777,10595.945130073616,10581.103829575452,10605.011462655712,10598.7218297343,10592.878863460886
W115,11409.410457955664,11461.912188487056,11524.28540880079,11457.053858690335,11391.325439702809,11401.370497221804,11470.461937115157,11430.313469802126,11408.49235721163,11434.731539673921,11404.585432417094,11430.67263847727,11430.568764565758
W116,14822.904613574916,15143.215565925293,14420.416041130422,14565.325133949895,15126.00521489142,15402.446758203776,15200.859933259238,14645.512558914508,15060.554627609246,15280.08940483774,15368.2961279579,15030.086158602173,14729.394613007871
W117,7099.220478513451,7084.233416931234,7098.77520349923,7110.778316106541,7113.2137072255155,7107.249887044093,7110.373671683166,7115.680773351803,7123.3049185393975,7126.751319639762,7132.272410561845,7137.797778644979,7143.327427202626
W118,1741.2736036389254,1729.3095396884805,1727.9633414595098,1734.5783242497612,1742.1980435399157,1729.8673974674941,1728.1825320651885,1730.252166263618,1737.0169207090646,1731.053303045687,1729.5015277495372,1730.1020850406574,1732.3549405590923
W119,1026.5950237724905,1023.8077373924666,1026.8567700330261,997.813993688055,1021.8155587457125,1027.7911837754018,1028.0893330161064,1010.8499155481794,1027.8828013150494,1023.4654817522189,1026.3746300937953,1019.124666203941,1012.1463352874325
W12,1029.8000494213127,1029.7595813842033,1029.709672805451,1029.6522315470938,1028.8293463995203,1028.6725105544547,1028.6322247566134,1028.5922546055206,1028.5784649924228,1028.5371823754165,1029.3526296024015,1029.3097674744702,1029.2599411101628
W120,898.9008785416822,872.109916597729,884.7366816202907,875.281365753221,884.0898495117783,882.5956212975549,889.6210252633151,875.7447688248809,885.9113543100224,883.1698600870725,892.4179567717749,885.2652108857468,893.0558029048086
W121,10468.899202806218,10441.677350107928,10413.185915038188,10374.690695584073,10489.246738445989,10480.66863651614,10450.068637207996,10371.575315184533,10416.84266967283,10494.27059283269,10434.070215920612,10413.659891657704,10415.487962296133
W122,354.6833878219611,376.1201490767506,391.90804035914357,377.3941246450789,360.9324032186509,361.95845253787985,391.89002246783707,383.3369569232163,367.970254208967,359.01735632085035,386.4447333575543,386.0888026417116,374.32060981752824
W123,466.2964462533573,483.8795696691571,516.5554430117196,485.2698331259809,471.82174462828857,476.2491973115503,504.464156506089,488.8122871126655,470.29729050088537,476.48498746864016,494.73310841805204,497.58869892890687,482.11984712430404
W124,8508.842720104165,8446.405942342653,8479.732603537468,8462.522338734027,8457.838181232291,8446.87302295901,8450.724271126672,8461.29525378538,8458.95874183481,8499.871737342673,8461.756448460503,8474.399707595821,8469.611981587232
W125,10908.236355656802,11023.061863999754,10853.227493874881,10855.659777158357,10877.848057526953,10940.034757762767,11029.971427892044,10864.17476429818,10901.157297994376,10939.18463907332,11035.667495046619,10897.30349829353,10910.923809901655
W126,9583.107306891721,9577.826644696626,9543.57390774429,9516.81755430371,9626.174652784895,9611.323084408137,9585.948594030713,9505.825912859833,9558.787788745929,9621.836467130257,9621.98333814705,9533.481619949902,9550.680506019355
W127,11068.87523229057,11015.089758462162,11013.15899254577,11126.906961113342,11215.51316542683,11041.355577241779,11068.192487770384,11137.798266924425,11526.053120408751,11113.597081743912,11098.8541365363,11090.348167154052,11433.939769566268
W128,3672.171927434911,3631.6448287767644,3509.7607946798034,3565.2388852713384,3707.66562201025,3669.921006290517,3532.46560747693,3496.151284722205,3665.563451422317,3698.4994854258002,3637.7763701283093,3520.6044166103716,3602.6985565523764
W129,1001.930517972102,998.7177428489538,1000.17016009052,996.5978030327606,998.5906231446064,996.3957963378814,996.5613876827156,996.2576684797057,994.861012977613,994.298289033497,994.2250429099364,992.5619101543003,993.1443913228227
W13,2518.3881259523337,2519.268918114379,2557.074583044719,2522.706580428198,2522.302843344167,2547.319217851136,2531.179574253854,2510.782102695161,2505.924093364654,2533.187567556536,2608.1525736669755,2631.1315321967986,2628.225643553298
W130,8187.953064245084,8191.380351353501,8190.179746096501,8191.733360434026,8201.816526266182,8201.81480297845,8205.17904814239,8209.932624865987,8214.504283384682,8219.00649657192,8223.641869659037,8228.185126424813,8232.730893156298
W131,2153.1144718459605,2142.567800823213,2143.755064342651,2150.5416586235497,2150.648711520422,2144.181146742732,2146.2725222666136,2148.1592939268144,2148.495985220606,2146.0353915415244,2148.2998268132546,2148.70047342544,2149.210899878045
W132,22731.36964758732,22716.482547938114,22724.810406025168,22739.916109675934,22749.900918100866,22761.40707900072,22771.73406107222,22781.763620378922,22795.688828646165,22806.66290165679,22817.852717011225,22828.23136464625,22840.172118669056
W133,13922.837788921997,13863.570216036156,13821.349557222262,13807.975629396184,13888.353450751041,13946.836021351595,13879.310473236308,13823.2426787814,13864.273466948262,13925.67917562235,13905.928485008482,13858.915293784406,13865.162753020737
W134,12172.451554960782,12154.226941437613,12039.139654087232,12056.982595347055,12171.6809614126,12189.044715046648,12084.288309630952,12049.656865430868,12108.548917468623,12216.369900930791,12119.064327649854,12081.536600304504,12098.944010016034
W135,6240.071177401658,6251.600492490708,6233.95018276299,6236.8429386343805,6246.49492249705,6252.892058741255,6260.225560067132,6260.155408348893,6266.377750077613,6271.367697489489,6266.147449979246,6265.1401459284025,6273.399031171448
W136,6477.521075852841,6429.1586420006115,6431.879483002707,6434.408349613133,6480.886925685678,6446.902689918101,6436.913552767296,6447.547319528031,6445.879513922801,6456.742442843777,6445.4611298608625,6447.7687319041615,6451.471067584458
W137,7058.557381711303,7061.498766503786,7055.355392798221,7072.446656793199,7071.283898947218,7075.070257189625,7068.914776044738,7072.694152551843,7078.233714352586,7077.53488202325,7083.0937741235575,7085.373163746408,7088.567206872128
W138,333.2478286820336,355.26062386480305,354.76967004835166,349.93991068910276,351.62120490429567,361.2370078821377,364.4408171776141,361.8710121049278,352.50840431971557,351.9159189812966,353.1806628520747,345.3838313781927,344.57776458218495
W139,7901.524078090888,7909.923790595625,7892.791438791844,7915.626444399759,7945.846821477061,7945.7840584915775,7937.092494924848,7871.403044632666,7926.853674793813,7899.116787610133,7931.57522554406,7931.8062259825165,7953.694809267615
W14,2561.330021145086,2435.6709619702106,2482.862142009488,2459.8977576869506,2462.090200012356,2510.6404884707067,2497.6237666099355,2520.7613423081993,2472.4756497759713,2498.760139656367,2569.4835025296143,2533.4559207197563,2510.438189859094
W140,8356.334709850753,8388.589976161385,8388.512295167091,8368.085945622724,8332.437912019066,8346.870826449061,8332.726559623636,8337.352841115298,8314.90177233683,8333.80306236264,8331.923795112762,8317.60065322894,8330.803692999303
W141,11179.953921775164,11144.230462067804,10988.323825279633,10956.350648842645,11209.751369368832,11390.797113142955,11371.351281062858,10797.291815420176,10709.124340313847,11375.208132379043,11333.197512436835,10968.464860247102,10952.663147536628
W142,5437.021925375875,5426.60165928178,5433.749380667294,5443.11810071093,5447.253008704346,5447.260340203929,5476.232238890631,5453.236470086545,5457.234282693156,5462.054816193799,5466.730459461852,5471.700121962833,5476.829706729537
W143,11356.911266816078,11287.844370210194,11251.775662795644,11301.267433167255,11342.846743247666,11293.849499119444,11263.428920949724,11297.866438701438,11299.543872624865,11308.315260799149,11280.278278017013,11291.915763895953,11296.392885896586
W144,1011.584271027598,1012.3684617188313,1008.6827549820275,982.4907029980506,1024.3080441094755,1019.3608037897104,1022.8496670226477,978.0043693431433,1022.7451885861702,1024.4732005673063,1030.8036498108536,1008.9953126613599,995.9832392186365
W145,8871.002921949626,8738.679657283845,8859.297733679054,8636.161336081102,8870.535139277497,8937.036288580166,8699.45967854255,8898.140177033036,8952.743969947354,8920.491185390758,8984.350663102527,8988.93915924145,9082.43169942318
W146,6782.264258641474,6740.4359896317565,6724.292770400092,6700.546632494477,6785.773485314182,6761.2869709286315,6752.618678883488,6697.065608074274,6740.466080331008,6773.502075759488,6752.995669828602,6728.450017702876,6727.542809909733
W147,119.6134514033198,126.49417939771435,127.77026874361422,127.78919203523657,128.3464954245659,123.89006191478552,128.90264433200915,128.41083721035267,127.83067212393803,122.48978285434454,126.13639975943893,125.5124820285401,123.83069723543733
W148,221.5553032904389,230.91328341804095,232.0245263993885,232.69042746110918,232.06438398901264,228.4309878896047,234.101117912072,234.30103011167697,231.0978528296314,227.97753744326099,232.8212165945837,230.09161653283343,229.91947753829064
W149,4426.535916713307,4361.358600458733,4413.564088559445,4367.0254537591145,4394.9118362393765,4377.909011861071,4373.409375797201,4365.1372479581205,4363.317187755862,4367.683794220606,4366.8211875321695,4374.208219061391,4368.564018411638
W15,4761.576307114784,5031.9925698072075,5203.184022352672,5273.50940858826,5146.7111447287325,5363.040485462656,5773.6193043060875,5936.760912691169,4976.605326944056,5041.671817500741,6081.992795577418,7056.166434027932,5343.9941252316885
W150,8115.274002647487,8217.417562443885,8037.259405640724,8019.024768060908,8133.059201691807,8135.235448764153,8154.351783894135,8029.390659467619,8068.370587722936,8116.511467588978,8218.252329682784,8060.176591394671,8080.252046320906
W151,6345.862269576252,6309.958267370408,6298.374934052041,6265.292542259543,6347.366337571394,6332.246114746387,6335.741593804274,6263.7696855841405,6313.251963352357,6356.665910530644,6348.700886747833,6287.276816480161,6289.407144091234
W152,8552.95933431881,8539.799147111553,8520.020808799407,8547.425493878143,8628.617991412155,8548.260440080614,8548.812596513573,8627.473946099271,8905.535914947763,8578.689622551388,8587.688165602684,8633.775294070752,8918.722707367177
W153,3015.3359913870463,2998.6249110652425,2829.6641694256923,2931.6319372838598,3036.1449728063058,3002.8747391852085,2889.8933777823554,2852.7394321314428,3000.2814237706007,3043.8781637995107,2973.524070251051,2889.940272449928,2936.703391519429
W154,8669.209601896935,8553.70938078845,8574.516931728684,8563.962346055196,8669.807816303171,8602.906236505461,8592.852554004878,8583.508664232742,8611.319657106216,8605.841122386577,8599.983942300127,8603.338768458043,8611.880998179358
W155,4618.026924257865,4626.932035158871,4621.426372298585,4624.0078211851,4625.915629063472,4631.703981683885,4633.500888681819,4635.229997184537,4637.443133670917,4639.223360707792,4641.412003947315,4645.118869856499,4648.064816700783
W156,5477.948091762825,5486.999782360427,5479.469387274152,5484.32414386725,5494.444023474719,5488.064313944632,5493.8538600167885,5492.795352506543,5495.423649684566,5495.1362241198585,5499.541210817628,5505.04515126754,5505.13165848302
W157,1429.3851996033402,1425.0344198699543,1421.1292655704096,1423.9601603580998,1426.9422006453399,1427.2337524372997,1423.669962553786,1424.956899420432,1428.450368608267,1426.3083463702853,1426.4746653210082,1427.635307151036,1428.6834690515998
W158,16626.903641865778,16633.092200553627,16646.113846389842,16653.666658176673,16664.28455186768,16671.206345396513,16680.998048223682,16690.722357752056,16702.056568631357,16709.489756500712,16718.41092002114,16727.955885669257,16737.813717967907
W159,9280.203528695594,9283.9898221942,9215.707312221719,9192.624720385766,9287.713879414816,9309.927098940043,9296.9494698292,9198.345214056393,9235.805686582173,9322.551813517486,9324.552110128892,9226.199873480775,9222.41355149008
W16,4694.380375006731,5305.301758875217,5059.925103280671,5221.67188404385,5189.554266835862,5273.370760924194,5721.905445088095,5851.308430310303,4748.921561294834,4828.0865307867425,6296.1223639763275,7514.785930344395,5638.1385701798645
W160,8062.518079574881,8033.02382216984,7998.992540600435,7978.375109060105,8058.395250312111,8060.427410343233,8053.566606634602,7979.11075420969,8011.223103890178,8081.413923291523,8044.2271471741615,7999.033983757527,8011.187302527126
W161,12124.233809884676,12143.8858189254,12152.867722404828,12162.025261676898,12170.709054451054,12179.398167784526,12188.0926043983,12196.792367014466,12205.49745835631,12214.207881148115,12222.923638115395,12231.644731984688,12240.371165483726
W162,4506.608423171228,4483.571745127806,4482.884801632104,4477.525891124246,4474.029133562064,4490.12980535938,4490.024697692716,4483.452021296451,4496.399816603145,4506.479706061549,4503.11367645087,4504.133515765672,4495.720920920349
W163,3792.8305314029503,3769.3126189913464,3780.1182276268128,3759.6602609887327,3777.204470641413,3757.062426222789,3772.793126893488,3767.688137653765,3730.874871123699,3767.9012510612206,3763.5592007546143,3762.8416133135756,3753.598991192803
W164,24969.42259107685,24628.17804538702,24563.488360082527,24572.686687124005,24961.88602400356,24710.522558317043,24648.46910845894,24563.148319965145,24824.037521223294,24929.784887700323,24731.660132945122,24636.378133279537,24649.361518924896
W165,3707.097341496267,3668.1359129805,3683.7256686711503,3712.4948819871074,3728.8597212421796,3730.9398170437503,3701.7861671519518,3697.641006844066,3675.5007392082375,3702.269192934145,3676.571180746234,3668.207382976998,3670.5493917627823
W166,2650.5197248457007,2659.6068235498396,2697.8900024431255,2674.555928195171,2654.9069716272766,2657.7239328724254,2691.7564827395995,2677.693030102048,2660.6540783466853,2650.5822731890567,2666.082222653183,2671.072090689114,2652.6294611425874
W167,3037.4140153149474,3054.3065162248195,3066.7117767093405,3066.2887582633166,3060.0607696374645,3068.5843911144925,3081.893001312968,3076.0683474500006,3066.197660249305,3065.3706514548203,3065.018852869474,3069.5658769619818,3059.2987645592584
W168,3793.836159366607,3749.4202859279935,3619.6485655900015,3625.5592813042576,3891.623114890026,3886.6434728323975,3741.2298509620045,3642.8168872678434,3792.9627140634234,3852.0660960502914,3865.978031905344,3749.67703496926,3792.450519472188
W169,1663.0628837268753,1662.3550529294944,1662.0885030045959,1673.4260596962085,1671.4993257052658,1661.3324671290607,1665.7365924699536,1665.1294428881515,1674.0127186219481,1667.3520895303282,1665.8621645024302,1667.0428992270029,1673.650403375081
W17,12020.731101632473,12038.786265765462,12056.868548632207,12074.977990964533,12093.11463355555,12111.278517259705,12129.469682992609,12147.688171731526,12165.934024515069,12184.207282443707,12202.50798667947,12220.836178446318,12239.19189903002
W170,3609.4290867571262,3604.1086334856104,3605.595486954159,3609.9716089274075,3612.951656773519,3611.7882890875358,3612.397285261362,3614.4780434460267,3616.3780361312934,3618.2032825417523,3620.0093970043645,3621.8162019390666,3623.6236975291545
W171,6081.15823489481,6052.040331316285,6039.430608228568,6094.760013204446,6105.782777983248,6061.90861715378,6039.176672075303,6083.337380451308,6110.029918412776,6063.497288988549,6047.90534985161,6048.652316490005,6098.29136002832
W172,3684.9414434943774,3666.728882201224,3662.3081514840997,3670.3327517222597,3690.1173577173677,3676.2765318323063,3660.9038630236223,3666.766170883572,3680.9113130075157,3684.274768071356,3664.3547766994943,3669.438939289292,3684.971114414086
W173,3224.065922928301,3161.8749394142656,3143.921828862352,3215.4190634278875,3113.820341409501,3238.068462626006,3170.6467579135865,3226.946068894938,3138.571955584741,3215.7893272423617,3114.8537192976273,3164.177427811268,3162.5424082909494
W174,2836.9188224046557,2824.161374446178,2824.998394571934,2833.5902717753193,2824.145824868991,2820.2097017462615,2820.2491034593586,2827.9917475752836,2820.6714552263184,2828.0613266661153,2824.8528067940756,2822.5370250630713,2831.5747615825344
W175,3277.882948174927,3277.015936716407,3259.013000844505,3266.1343185990154,3280.2053771823644,3273.7799107614005,3261.7511963920538,3263.2281227148837,3274.169645760155,3275.9308185295854,3268.151950648949,3271.6192746948996,3274.9506103700473
W176,2519.6107796345705,2474.248167154415,2497.2175301318753,2504.641407397685,2588.2434263576174,2516.372672627137,2491.960744875781,2492.251013195676,2521.496302171275,2514.542939844858,2498.4350693065867,2504.552041077337,2508.339338093097
W177,6622.0624784923975,6682.870080987774,6639.758160571723,6656.728034729613,6652.041049693766,6611.903637715365,6648.027327832892,6604.30663515395,6708.309207610221,6663.6541662588525,6633.595403975955,6613.189333647026,6658.21364525339
W178,1484.9768884441812,1485.3694645588077,1483.1370689649073,1493.553461968914,1481.5007705259216,1490.3567854080381,1476.571106704577,1479.8752376930788,1476.0956039371622,1481.7945135557597,1480.3450368872027,1479.0219477372755,1477.2419263661623
W179,2722.3278212137648,2724.531766405488,2724.6856635250497,2727.0622341420803,2728.062381884881,2731.457771412888,2726.066724908538,2733.201710305589,2730.1121104564495,2732.1324118136604,2734.162706402566,2736.1942322201744,2738.226989844897
W18,4363.086832403926,4359.756607258515,4332.526112150937,4380.960055284034,4354.654092551586,4351.901788754857,4376.59373500806,4387.590540815753,4398.474283840545,4409.386095830817,4420.378843622487,4427.344287865741,4442.59598702123
W180,7275.474514887508,7249.598416030258,7228.198693350235,7288.344792158425,7306.780506748315,7260.127148234181,7233.947283574819,7276.585507077842,7307.103823534317,7258.387219859114,7244.595147275929,7243.842862100623,7293.610217813104
W181,8813.006211790476,8816.81052264573,8804.60070397989,8795.352152089634,8826.864864845527,8830.0968582681,8824.662453383444,8812.808673639078,8828.309254790767,8853.964504960324,8854.028826125965,8832.207782366992,8837.076060389132
W182,1373.8374603891646,1361.0045498918719,1375.9148783850649,1375.3621141232393,1354.6972809178794,1360.7712273464126,1369.6454888549324,1360.027922102998,1347.0789596316092,1361.9080784519379,1361.3585449766633,1340.8148936997536,1346.8531401464422
W183,6091.291370631051,6081.22235348509,6074.200097435262,6086.383618153858,6097.8320705553815,6088.445250919924,6082.16583010589,6091.238564034319,6099.896377729645,6100.493917662935,6093.783669191405,6101.8366891967435,6108.220562905975
W184,4624.229218458708,4607.852027384042,4599.137636906093,4602.147903376322,4615.959236789148,4611.802100952178,4610.249115685544,4612.635783284635,4616.412427789416,4619.212560216285,4621.242694715585,4624.037940624804,4626.834552318006
W185,4087.0141684347795,4069.8719447437566,4062.5698562351745,4063.588030718228,4078.339804654058,4074.0628382054197,4068.248215540432,4071.1230884942524,4077.5801251767525,4081.5745430275197,4078.5001397942196,4080.8093720724523,4083.2234255872313
W186,1742.3989261938975,1743.026945385139,1744.2374661284043,1744.375063820145,1744.982234591694,1745.397269494402,1745.726631287193,1745.9723447377798,1746.2670955701806,1746.5441244920144,1746.8211534141099,1747.0981823364673,1747.3752112590862
W187,910.6995259703374,907.0521125762264,910.510565216494,914.4918316079387,912.3259581620553,908.2975129102798,905.3629249679891,916.0332237710835,911.1457323033916,911.9859631007844,909.7701021510909,902.7524153785987,912.0138675098792
W188,2225.931077185164,2227.5235725003986,2168.4072116544394,2205.4121591991056,2210.8121630913197,2218.869025891341,2166.922196675298,2195.700685115559,2219.0361978494902,2204.1132541454867,2225.6801153436904,2121.441655870674,2209.403337517107
W189,2082.848711826983,2023.3020720024563,2035.6172276784318,2020.736852447264,2020.8384114184107,1995.526084831171,1941.4339349813092,2071.230704924616,2065.016937395653,2024.0046125459382,1853.6457436202636,1932.848619857172,2062.9308836737173
W19,2130.434983778607,2771.3273074296226,2587.4889151822604,2594.925474536689,2525.231770460212,2706.2223866967634,2664.0018209282075,2571.9274948194234,2400.349579961855,2696.16259412899,3371.176047418213,2920.351938525341,2470.0537339901393
W190,439.21389529082126,439.1300877634171,441.789095524802,439.48538872028814,442.19171697802744,439.6080136565545,440.08200235682784,438.97378277601456,436.62144253358923,437.1831663701324,433.66602047178276,437.961226963596,435.14522895217084
W191,6518.21130185146,6394.593865656389,6446.54158625489,6379.886699645738,6413.198278103463,6409.181123513368,6340.598620279994,6443.657229882432,6381.730773248114,6428.480323971368,6368.346580614035,6409.743312211238,6369.710324121196
W192,1156.1040291251834,1168.697045656191,1151.8525356325792,1149.3852950761104,1159.5013888354576,1173.7688745996913,1148.6737933683426,1139.9483289966129,1143.9950732448435,1160.7746989288603,1138.0407982605832,1131.6139050968984,1151.9820003378054
W193,6109.111665594122,6052.210400777477,6082.6582270886765,6137.028604998332,6131.388761352981,6095.714628954405,6069.2120421537875,6096.849288821956,6110.23572381373,6071.042551927211,6062.01521373513,6065.754032878507,6069.487023846758
W194,467.07415214991585,459.8007260734531,449.9766007511578,460.4893144323078,460.983084038624,453.07572963655736,446.2421098590113,458.8595723059938,454.84933317603554,439.261487170573,443.91780873310813,457.828025186173,455.0892127028565
W195,911.4437013542638,911.178159599157,919.1536735157651,914.6583332441661,915.8023840169442,917.6772623522618,909.147585572822,913.133232289936,908.9710043476003,907.4778596677425,908.4568324271894,903.6792669069921,904.7676333313998
W196,9417.903091629407,9286.405776543153,9311.453526923398,9284.84214131311,9331.376035034451,9296.072594274181,9287.354490747099,9321.21752021435,9284.70911493191,9291.081397970902,9314.057841078355,9304.492869175812,9310.788223833066
W197,3266.304789640449,3321.1967007726907,3278.1226128682556,3311.0362716767213,3299.087388119158,3279.6640501196857,3330.8767321275714,3272.3060508956673,3318.4374548962014,3281.5134346652408,3304.842949455727,3272.733930844997,3306.1872530529618
W198,2389.1264355684907,2346.0437992455727,2340.7828377874484,2393.3232526085794,2363.731116066602,2332.21300400284,2321.758785389498,2335.841326043917,2385.165389738935,2341.383258220101,2337.637730304936,2355.310250014804,2355.923265577529
W199,721.4803635504189,706.810755838281,724.5194107639022,736.648313077439,713.7230383850955,718.214951768463,723.582224234011,729.7144739538506,707.1465999767088,718.138391259492,719.2746128434587,713.5560357199199,721.0647930869557
W2,3481.8820778996746,3446.132375535551,3459.9751997905905,3464.968671432435,3481.342485463964,3452.9388546474693,3436.831184880289,3453.232864778341,3463.4605825936987,3473.1245810439304,3443.964017662722,3442.3539775360823,3453.5668552731754
W20,3943.523193369713,4057.3210678339187,4038.7041050233747,4125.241868758683,3887.7375825470813,4062.672110471372,4023.569126593603,4070.7867518387743,4045.4469508873726,4110.029237746967,4088.3065377888165,3977.3305893891957,4108.237725879788
W200,1631.4545994707132,1669.1118516716874,1652.5779115952275,1631.626023000994,1512.6358771757652,1587.6467078644316,1569.4219487591022,1586.4415995294378,1615.043408253016,1544.5194657369532,1542.7165130423214,1524.4793846947375,1546.0139501741594
W201,1822.147407165885,1818.9405865305998,1818.854759031179,1816.5626745982802,1821.2894928791802,1820.8746536831359,1815.8437984085472,1822.5532350948545,1817.3019535853693,1819.8096871240687,1819.451270521199,1817.8262056003205,1820.6645681789585
W202,4057.298489306464,4040.287692237752,4015.0251445886433,4027.011353557797,4023.2383163465806,4020.985671602975,4025.709510289485,4031.5311644136823,4015.1358984304497,4026.2834369684037,4019.543261324027,4010.95397675038,4029.2068316116306
W203,5529.118860412757,5486.835546124892,5378.64734863612,5427.698457080528,5402.719776062498,5376.638531490899,5403.443432798688,5341.562267409965,5361.684817865168,5389.601492359115,5319.2863790093415,5355.229447847123,5362.17273920616
W204,7340.187736084485,7339.760640734647,7335.857218790908,7340.35860900505,7346.091886803859,7350.678202085323,7353.764951414077,7355.042414755561,7360.803479804837,7364.916676160853,7367.607933359341,7370.8986968378795,7375.47599158969
W205,12802.388687796643,12910.905475393065,12906.673674307403,12854.481819036242,12900.358865299273,12968.523623433664,13066.216891636868,12944.119470930673,12937.135719199103,12995.110440116354,13014.730443759923,13014.337073282699,13026.889073276234
W206,995.4615387281949,1019.5882452939722,993.318002824789,982.4042314024618,981.2958587264773,1014.0414997237929,1033.5804779464474,1002.4714056424381,1002.8759301318931,962.7128408946662,1008.9207751333806,1006.8860378409288,975.2887688091599
W207,11577.134405845725,11809.698787225321,11468.306827476541,11719.930391562804,12005.548955345346,11648.659726848879,11630.432699158255,11741.684741785382,11771.094601555045,11731.726361756992,11849.017997312736,12013.166995389503,11898.869762453967
W208,29185.108232720348,25094.11497819515,25494.495439020313,27031.343504347537,28363.16340273395,27205.410622947344,25556.326492882756,27142.516735320703,29320.138294305834,27873.265909212176,25804.90707781438,26568.919552166775,28803.726401963286
W209,4197.081585932667,4202.459685685951,4205.770158503904,4209.7041979015585,4213.902322271562,4218.10463319298,4222.311134840797,4226.521831394162,4230.736727036393,4234.9558259549685,4239.179132341585,4243.406650392054,4247.638384306398
W21,1419.9432367185807,1952.781351325763,2120.426962002361,1725.5464512015014,1947.6001161396603,1869.3477860610892,2153.343949216159,1861.4000587581088,2024.8086765198336,1878.1511664550067,1831.2965343873445,2129.3979041488974,1905.51964733651
W210,8394.27190910187,8606.573018690928,8378.742114049333,8342.945274298985,8292.204114069204,8318.519797677694,8226.680818203286,8446.490965488105,8517.28475708692,8868.165051383898,8691.199443554931,8577.702736064499,8678.499870768259
W211,19226.656659849763,19272.964031875254,19319.382934466255,19365.913636240784,19412.55640646377,19459.311515048692,19506.17923255901,19553.159830209952,19600.25357986985,19647.460754061824,19694.78162596543,19742.21646941814,19789.765558916883
W212,5493.28922030904,5491.798352284142,5482.311059032922,5488.591764142365,5493.533600049953,5761.378268253003,5620.013200985037,5517.593459964771,5514.928647784083,5530.402030396997,5515.416125348033,5507.410839714388,5514.705455535872
W213,3274.3102570517312,3267.242328146859,3261.4533124725153,3276.201546132215,3225.7978816521636,3274.1688196438013,3319.786035122826,3259.7024758103726,3341.2237231882546,3259.227472912453,3220.6911830401223,3255.5686914910466,3260.4231574089204
W214,1920.3187422912058,1917.246978133273,1925.7351171666462,1911.7257955113548,1873.338661478623,1860.9326108657058,1834.613735894942,1847.7155605997684,1880.2196407331799,1867.459128472341,1866.2996628285416,1851.7600714833382,1851.4310606847487
W215,2362.3390947363373,2362.5019517426344,2360.648243933275,2364.65072053645,2356.8739369006457,2360.550593113966,2359.712045889745,2357.8650842173215,2358.4958389596054,2362.234902586011,2363.352757261567,2360.8283930599646,2358.232703777911
W216,3153.6467514064234,3160.7046500202396,3157.863304316356,3140.2312694903953,3147.6710979390923,3149.7281415185407,3156.400845188157,3164.7018343391005,3160.139113760258,3135.145901945527,3147.329628456699,3157.1348377768336,3156.7334856273346
W217,9833.832547090065,9642.849584295389,9731.773792508793,9704.641608212216,9752.67148519565,9638.589172343796,9758.863228218399,9671.538850696732,9732.911915027897,9596.830665801217,9695.93728292364,9687.132932134156,9720.44054746909
W218,9724.252478755703,9331.892224363373,9671.259310835045,9847.673469685573,9802.851229797436,9377.902054974254,9325.171406287021,9417.261012141595,9455.646281542582,9419.082951939366,9517.004493633938,9563.979125748767,9492.957307242978
W219,1076.120930042054,1045.2549723687282,1044.5296758646543,1044.933105678097,1044.5633918923174,1043.220315703125,1067.9615989092313,1060.9076352165755,1045.1408431926795,1045.3057908066628,1044.9029862360355,1045.2658405770067,1042.7256239153774
W22,3487.657766475132,3286.6935529589377,3353.988584088467,3426.2020821489164,3386.6412138994574,3601.2724825779424,3560.5420723904963,3394.946276443612,3229.6631537449925,3289.770728561708,3452.046599922616,3283.276949097326,3414.694664706038
W220,1819.5615753615896,1812.8405497562512,1805.950878155895,1798.6011985162957,1791.5464902915191,1784.6079275128725,1818.922065232767,1812.8490011265765,1805.636657771849,1798.4255576926123,1791.337090244275,1784.3782083234705,1777.4776744382616
W221,7535.999978729546,7822.7628827264,7521.697948761927,7880.854368176256,7626.5823379658505,7841.788566092779,7616.841368287206,7920.457150409268,7636.7394812731645,7829.5377845738585,7594.980671987509,7934.3383350921085,7647.9712197564795
W222,8090.347267490584,8008.935344860538,7889.712593043466,8010.43269449152,8063.899477652122,8070.9455828207865,7982.631754771637,8027.68224304977,8130.67556988952,8126.675917866288,8022.280531005002,7930.364605830051,8076.596443784461
W223,27316.666664739245,27355.0819909707,29625.59505257863,27966.061896881172,26971.59335923901,27716.760593585786,27634.35184553426,28239.17348183803,27634.58908614846,27280.801539989196,28904.826616636044,28553.004273465805,27418.692632756636
W224,1713.4006320980825,1712.9355718847,1737.3071955295377,1735.2810802745755,1749.7207517935078,1768.4503206790605,1744.4046495549137,1761.672135867411,1727.2132610812523,1762.4118536088238,1720.4186882785891,1755.8968784178423,1710.8504833963098
W225,1910.6460897543532,1912.9554829253932,1943.8641324990315,1953.9536235559442,1929.7739755919245,1938.7100679265475,1972.4764674032956,1941.368252602359,1960.7489558635225,1941.1665256682124,1961.3388303051677,1968.62016406021,2012.3563606479079
W226,2851.618012985393,2888.627797651581,2853.9077966883997,2865.792770466869,2843.740381048724,2812.894237454527,2826.1471413539575,2827.949407640043,2837.299217163091,2836.100849551037,2840.8906482896737,2846.525449245708,2858.0558689406757
W227,1313.1830591408552,1314.4630507681054,1326.9056901707236,1358.8476031198388,1351.5775689506129,1357.504021241259,1354.263028014803,1352.5942072380362,1348.7037076305503,1352.3069251623353,1353.5418911229654,1344.6792784102302,1330.2687391520824
W228,7925.743303624357,7932.830695070735,7911.788026115688,7947.827374898068,8010.857091314715,8074.898978047811,8029.445529342416,8074.3813545816565,8088.5975697922695,8093.030365836859,8090.313715654331,8047.289910442473,8024.007213086274
W229,507.1381535259732,445.2271171550312,534.5153365684762,448.61018241479513,521.2135140070375,452.7530070308621,524.969358667131,462.97234286972093,514.832390633295,470.30047524328813,516.471843551378,479.1062304537216,511.44968167945376
W23,749.7538095841159,741.7699304823864,774.3018999633302,780.2494983882237,731.4552927069965,715.9131891081299,778.7659055933599,728.3608600796513,709.9440590163937,714.7842965896377,706.0416760581486,721.0832292445747,711.424343613573
W230,3119.4745521415766,3116.5089898300553,3101.901694345247,3124.813151411339,3143.1529476283567,3024.0048575403293,3200.643209440353,3198.9796881007665,3163.7292070268354,3043.4778843285867,3049.1800095507174,3069.334805472886,3069.355267716287
W231,580.3050729065843,580.0688523080514,569.3660417348824,569.1871231672652,578.0089305425497,593.405919455164,574.3745317898491,577.0540948030958,576.1601268892655,577.897697980541,573.2772635219629,569.0404119401035,565.2113913715502
W232,1920.2090339026001,1904.7767370897413,1940.4810776081074,1937.68342836417,1926.2340165337994,1963.775329133041,1964.649160981992,1942.2284663945336,2011.5288272286482,1995.567473849775,1981.4887177078194,2034.402331243031,2035.9150237396273
W233,1019.6703859104667,1032.0264650950974,1031.0372565858427,1051.4113005358888,1054.3669311356546,1075.807927737158,1063.4639125098604,1067.092119422309,1068.459271518394,1074.5991146791155,1078.5216553739049,1063.9826070719241,1056.714383088581
W234,1854.6381967042214,1829.2267823808666,1911.4056878662343,1846.2504166498213,1871.09321313023,1913.7653313950264,1886.5938157607047,1895.2021393429964,1936.093393174495,1920.2270350489962,1939.5721786318545,1925.6103521179996,2034.1767238259597
W235,420.28143535500703,423.26092219337966,426.0068950403948,423.803983037103,417.5198614735244,424.67622280233593,440.79850133914994,429.57072642599667,420.3481351247101,434.76864397589225,436.27879505273967,433.3600669971077,416.2144687739403
W236,3264.927157062629,3289.9977064382556,3302.568220158597,3326.5273774847656,3334.6927949486762,3430.0280551948076,3426.166214914517,3444.222883644579,3399.904005563107,3388.9099397165987,3404.308423526895,3347.8228440018975,3322.115091826047
W237,1077.3337214093908,1082.7735668630207,1082.8175355977808,1085.391722390134,1090.3429858250875,1127.255201963518,1110.340086753937,1101.4158157581214,1111.514401568071,1129.6605164720247,1093.9564493261616,1074.9043985922215,1061.397038377081
W238,386.8969920839127,385.97099671027917,382.0326032872896,390.00020687689937,389.25282069967324,399.72556192743394,391.5752800081882,386.8806438741717,397.4517630940134,396.68134686422127,392.98969923869083,395.6991820206497,392.36189002136695
W239,3865.9420493421344,3934.2643798534004,3998.636536506885,3964.2489519128585,3967.8489406504723,4037.88810408886,4053.556346373909,4038.897082954043,4033.2500305253116,4182.6168643041665,4314.643730626781,4188.90554491737,4109.382630695935
W24,6714.4576102782785,7155.165605490469,7335.0288279698625,7433.435351771682,6486.159944352779,6902.029977856354,7908.170020836541,7947.356635151277,7391.869343147159,6822.973492918581,7886.482857924953,8228.551415803111,7884.053841076746
W240,2599.144636895648,2609.034769509027,2641.681328510185,2638.3513769780598,2664.8551853985973,2696.522916646263,2671.6435991690882,2697.7312008103017,2677.633122514929,2708.9563087611837,2674.42877025653,2714.3224808452746,2694.0462579576943
W241,1023.8177625203211,1004.2834193180693,1042.8336939333647,1035.8671615478672,1075.3062517365513,1079.205667169287,1066.234053084011,1027.9714805192464,1048.6864726371157,1070.0633308453182,1023.723474488026,1032.747121757962,986.8102391754891
W242,1510.242762016422,1528.2963617364153,1542.050972946788,1542.8616767652672,1546.8549521335997,1547.5435663465316,1566.7342453577903,1569.9882788226994,1557.5296857933401,1573.2071551466472,1631.2052234820637,1636.5156008524928,1593.6067138005055
W243,1187.1258883964517,1211.4229084133099,1169.6518241750148,1174.5066449638314,1179.9410681485513,1165.1945693252496,1172.5059532060147,1179.0946056828027,1188.9226470479377,1163.925734626822,1188.0307790263503,1163.158905833615,1189.2425053141892
W244,785.7061586550709,791.399473424527,789.0041327826622,791.0712479010745,788.409881500624,789.7726967347777,790.0332667231609,789.5923811320271,789.289914645141,789.7779670828855,788.9575103950968,788.5819734933359,789.5163808362023
W245,2224.659556606533,2292.6395693892287,2313.5127310527455,2316.5237014892587,2324.620669270555,2288.8273533526353,2314.84456198563,2330.784976581256,2340.1085220309556,2311.394618848651,2284.8984858933422,2301.952672091801,2301.4250214479803
W246,1080.506437855505,1113.147816538011,1108.4327281539493,1114.2798760853796,1099.2358857486652,1075.9573830163974,1082.9174711661199,1083.8928586691309,1085.5671502948449,1080.8640227233022,1083.3969835467715,1089.894561700126,1097.359659564181
W247,4361.747362391043,4264.549723393431,4263.457002127889,4441.333757248588,4634.152739306408,4322.509337103015,4149.115040227407,4305.237072894249,4544.471458071959,4462.834826733181,4000.89347360014,4207.377652831982,4264.767794081035
W248,16318.977832037006,17638.35566409671,17424.453727141132,16578.39748911884,16604.745334837444,17232.233785047018,17181.980784929117,17137.740516957434,17150.970435359806,16602.979037063444,16762.98068080678,17807.515404680307,17551.195701870878
W249,21017.12198157921,21550.262193063845,21056.754106227458,21426.211678899683,21016.831313847888,21473.76214807827,21100.632837921774,21018.119016451517,21147.283607634676,20971.49122098069,21122.547726140878,20407.22673822896,21042.51315384873
W25,1240.617825584244,1355.8700136337354,1406.179127396517,1364.0457700523823,1274.9917943799487,1315.880463109264,1359.0771394389533,1323.4428300731613,1255.618118353091,1269.1188788304735,1302.269565892884,1297.3704051211198,1288.2468380772566
W250,3416.846783427062,3178.874056410857,3230.551069574872,3362.80658932545,3427.466773193808,3204.6536240328123,3213.6685958364787,3350.947181254193,3453.889485667427,3253.4344206208234,3185.27589926016,3245.3345885725803,3383.261123743171
W251,6708.944691603362,6739.118382244189,6714.163783556168,6747.185688464207,6724.814546100898,6725.67929816333,6732.180341997522,6719.439950711343,6723.81166329203,6731.951825193014,6742.044224131014,6715.506757933781,6728.414794603891
W252,8652.802852107336,8770.170982565365,8470.52110748875,8419.443583790317,8551.023039691576,8801.292695640004,8490.255253330468,8460.122952158552,8417.63612256301,8792.00360817932,8675.264097263724,8492.672170887883,8434.179814395564
W253,12428.66798989461,12349.271779957307,12316.21340220849,12290.772898294474,12364.12167679073,12399.755664577115,12341.278468226741,12316.750334826704,12320.02716310199,12455.30216044215,12366.994246188257,12341.434201120523,12336.984842103215
W254,5963.034709154161,5927.825998339304,6005.50341089833,6140.781330982375,6005.827640505752,5941.194169986275,5950.369313035536,6129.925944205148,6035.154867688075,5962.075268018687,5951.149405794441,6102.093100132893,6065.41798856706
W255,1933.6993306904092,1947.0573037423137,1944.686002219872,1934.4831860864624,1932.2259722030285,1941.7755295828492,1946.702258022588,1941.9249755511696,1938.4685164373118,1940.767545044707,1948.4030926188975,1946.7016029291424,1944.0456791861814
W256,2934.7798549377517,2640.690315312886,2712.5992192516514,2768.890371675632,2856.5547427730576,1647.435082525636,2452.560847644689,2609.27368295278,2940.270917111883,2996.50754886936,2695.442073953328,2700.2327079437746,2797.941088112417
W257,4022.455400134099,4025.3812858063166,4028.30717149122,4031.233057188775,4034.343998948966,4037.0848286218707,4040.0107143573755,4042.936600105516,4045.8624858662815,4048.788371639657,4051.7142574256413,4054.6401432242137,4057.5660290353703
W258,2132.6427986006893,2141.9086997418563,2132.9048538762877,2146.9097214566787,2129.434697864954,2136.1817459972945,2138.341042348455,2127.6841709846317,2139.037737292169,2141.519731511655,2134.135223285697,2143.10444013023,2133.047818541607
W259,7193.588961601651,6467.966778250594,6110.058629424456,6796.244727035558,7113.5569940940495,6660.2090256746915,6306.494550776454,6380.001429780526,6884.994699602053,6920.610702421028,6444.189261474984,6268.026916681378,6534.117293379071
W26,2949.132091534862,2994.476894397697,3014.254827307147,2985.125768855084,2989.192697542385,3038.824205256851,2952.230912118911,3036.765830807093,3179.272119407509,3272.8066553980534,3220.321215263029,3223.450859606391,3332.388597564836
W260,681.4644353548813,506.7888797862647,509.57167830344065,991.5513259926536,512.3640627216265,670.8969014753293,480.9065163484194,743.3624493019589,534.4868858079574,818.7056188285169,522.4605698285175,646.0840576620675,810.8646578660268
W261,4743.235881998278,4717.461164676364,4693.345957366325,4669.97718748964,4751.957606105417,4754.048004901958,4761.366002004795,4604.566298900099,4749.294152689006,4758.32047591751,4770.367541822386,4725.693184436218,4767.355521274166
W262,4389.98961820601,4397.887964023956,4404.130000888302,4411.540029667589,4418.962525880549,4426.397510503601,4433.845004548492,4441.305029062293,4448.777605127479,4456.262753862024,4463.76049641942,4471.270853988732,4478.793847794725
W263,2348.4906358341977,2421.1334746983234,2404.390027797077,2348.6738588073226,2354.0895815208346,2368.0667416308906,2347.1312626994863,2385.920037483684,2394.5593955842537,2349.762730021342,2378.7126494667186,2386.526088813489,2342.907019606421
W264,3909.467654322796,3916.869242780396,3888.0441890672123,4021.7119396291478,3867.4617152294677,3962.319313531828,3892.290033090254,3881.2002708448967,3958.9755379490243,3830.9130313537244,3867.7350645336323,3918.2075997344427,3890.0469355757086
W265,2160.0707170368582,2171.1763395542243,2154.628589068431,2150.6483835714016,2163.7267053652076,2148.6517155154656,2155.075646874969,2141.4852045733755,2147.1909771625387,2173.7180147634836,2149.2631466874413,2139.7528190979588,2143.148584756421
W266,2174.647334566666,2134.2141146815156,2119.7592973254204,2113.369343829743,2133.4980497533693,2129.080645234216,2110.9407142120813,2115.8255221919762,2115.9376243764864,2146.682576352335,2132.9932791480524,2104.9849787393523,2105.8668267646663
W267,3284.882264870786,3185.437600861701,3144.7804601802777,3266.2820124718696,3134.771191177893,3245.3385445253634,3202.4585957726476,3156.7013801883973,3279.462133345987,3163.875526010169,3159.6343094972303,3218.873128224375,3137.6976002366678
W268,1361.364680661741,1354.7261170222946,1363.4691265946929,1367.3423828610405,1363.4073976213901,1368.35530827691,1361.5217476401353,1388.4391562986998,1375.0662285436945,1381.5995996255594,1366.0547239138261,1368.0184494956213,1364.013140133247
W269,1278.386483807754,1269.6723613314734,1276.152089562327,1261.395699478672,1283.1038954734815,1257.5544394179888,1263.506700991653,1256.7632662192232,1260.5237635583876,1247.875457584082,1268.225499394396,1243.5214085927796,1242.6379265713215
W27,1951.788131112387,1840.3646698192074,1912.4445617480162,1925.512255620403,1940.5776073707996,1887.80432729684,2104.224569449628,1991.0084204677562,2158.5648085573607,2176.00916584006,2029.6749423848305,2101.95455813537,2155.525291225374
W270,8045.946635610417,8152.085744482606,8192.024931403252,8178.13401292863,8214.502955107873,8172.136661381892,8072.806960232704,8160.356336121987,8124.622450853463,8082.665208593676,8108.369041764554,8111.051978338133,8121.97755996436
W271,7717.716487196001,7955.784619107984,7942.525809637035,7968.484706561312,7996.709462424741,7934.384370427432,7989.660411039752,7925.589725615949,7915.945673401585,7866.458202505561,7859.804902025559,7854.821085526994,7882.153454951661
W272,973.0936527925296,965.4631610572267,978.5791407509064,979.1323752744631,978.5881438463693,977.2659085561068,975.2453096571193,976.4341617518324,976.8888915058046,969.2012565786019,974.6963875453445,976.1211584066541,975.5383027867975
W273,6491.190140309537,6471.6007661640315,6474.240345685988,6481.039591080553,6483.681551726209,6474.780377393613,6483.329638774176,6478.1181353751435,6481.668949276571,6487.885479793625,6477.00377224005,6489.792543275938,6483.039590153033
W274,819.4109314187834,805.8100470089406,816.5610844137537,820.119773425366,819.5384426762573,816.5628366002471,823.0642039440723,815.9586339995426,821.6106701550082,821.7141651798518,807.6037145710375,822.7847781988694,823.0896783731315
W275,8712.891003496445,8641.844555226442,8727.41219098221,8731.027290241584,8721.987517508484,8806.364831166728,8586.654074792556,8749.815491461908,8840.568095120536,8691.491701563013,8662.294399669247,8740.979273090872,8671.255135924737
W276,11220.87622196114,11195.843772909708,11348.247920967404,11590.135475811616,11579.015372894813,11511.614568798583,11387.567796236515,11484.965049535942,11448.459337737468,11535.312356771787,11464.196631273579,11442.70419163478,11382.868804261198
W277,3117.7414592544264,3148.5246409609554,3121.113051294453,3138.2701105588544,3107.428278811648,3121.3860574804894,3144.900650501195,3132.117061780471,3139.3257291240297,3120.200168172246,3139.6779567126173,3111.892299606114,3107.9879835771094
W278,1280.8486072602125,1318.738356162808,1292.2053542156118,1280.3269637886601,1328.0298040497676,1295.6177773209224,1287.5811971663413,1310.8722450391879,1294.0036304579874,1279.0136745344967,1308.4470531561165,1284.4273438600515,1275.1075336172967
W279,1319.273831248357,1282.3292561352894,1260.8807499451711,1312.1794971156996,1292.086767186654,1287.6490648709614,1280.7942312308605,1272.5106642596088,1277.7834181656879,1296.0461359507792,1279.1090572373178,1284.0783385371196,1280.2013075677687
W28,4145.84405140107,3631.069007553683,4318.646469842816,5164.21146765422,5185.997326288078,4382.837454799494,4815.7436494369595,5286.145130986264,4847.600096641116,4753.589809831117,4726.877322178295,4760.135491991261,5246.957298900605
W280,5415.107986897095,5416.42740146079,5418.518314679106,5425.003258580455,5428.325078048169,5430.968470611226,5432.983328424428,5436.864244837652,5440.045508134336,5443.914212900936,5447.329386226633,5450.994861879763,5454.22002890672
W281,1714.0548357171735,1790.8320373415793,1737.7725773391005,1734.10638464563,1726.0615533514265,1795.5961457620967,1722.1178262259361,1614.3683692923041,1767.521012278445,1799.7267454225316,1788.1675975657222,1732.7520763443258,1789.104893395964
W282,2115.2871899821553,2119.5175163912386,2130.379121731067,2123.6155839377634,2114.2267578315236,2104.89142209012,2120.629183898609,2116.6851622712684,2113.161339131925,2105.2320622687903,2103.627047844234,2107.006322071691,2103.158252802366
W283,338.51410917631057,339.8617454215966,338.8997646595363,341.2401725768985,338.9270233834399,336.4102182415819,339.3845035930396,338.77610359647053,338.8244205410224,337.9605552166742,337.78565860301404,338.22974679839933,338.06715768145966
W284,566.094552603297,566.5057607825167,563.8215575471431,566.4924317415323,558.6097574471022,562.5024150886278,564.4027901212285,564.5824703674715,562.1596573718613,562.5588702208856,564.6589637657039,563.6423561616618,562.1293169440166
W285,710.728050791775,686.6724310337046,697.0188314103835,357.58929785714895,727.9393499644875,710.2366317593684,695.9407247629638,709.2311259860239,693.5751557767882,724.3799128184785,692.8637257257562,716.0014325836638,706.9918744698643
W286,10816.559902022847,10818.040040330661,10846.345826594283,10969.799096569905,10882.664876057686,11043.42890540668,10956.998036158626,11051.68768368091,10929.848770828625,11075.078748803306,11080.051128164007,10953.42384582009,11140.349754463394
W287,2224.202256815862,2203.6313523669323,2214.4670280568175,2231.16747644466,2222.2503607970807,2269.307182558558,2202.498006691267,2225.0756652380737,2222.069152140162,2192.906191230342,2195.129539636615,2219.589585336287,2206.2182116474073
W288,7861.259147829544,7847.131786702799,7851.875406730584,7857.830021937845,7863.334573814364,7869.718281351817,7873.961648685517,7878.008151313025,7882.26579280453,7888.019921360428,7893.320663647188,7898.890102022777,7904.472550055519
W289,10021.969032413963,10112.199434511973,10115.639741162895,10095.897687568415,10139.76626754875,10122.817679493975,10088.73801486283,10131.627168315714,10304.089077670147,10080.029037887569,10051.08292304674,10112.136457748109,10191.397284788012
W29,721.851469140426,723.6103098856892,694.458651376527,737.003605475633,731.6769599240652,773.1101512415339,683.8187963724582,698.3962565301882,748.704765541545,746.5456713390486,803.8444257215886,700.2371495659668,694.0298563861221
W290,15985.327610100734,15901.21838880278,15415.673464565933,16035.661003317266,16133.148953489124,15919.009134437689,15489.371919245508,15930.721402586292,16379.892373107676,16054.656639905552,15678.841977872115,15518.745785694065,15987.340917524332
W291,8435.695476348234,8580.622990292197,8404.092865996165,8357.953648057248,8208.423127726659,8612.516547474746,8391.924816011055,8559.22582446444,8352.370712817215,8557.93987633422,8457.488113520038,8446.443972977073,8178.467613214797
W292,18504.45183538731,18745.97767872254,18610.38287417586,17824.017522040453,18370.852935527237,18626.386530008735,18540.27472353136,18428.67427292545,18303.378017668725,18569.783491116665,18565.920760950805,18477.929183142835,18403.36934447405
W293,1882.01876380496,1712.7213568933553,1886.4319568223614,1703.6399602112679,1838.4923250865377,1656.3602768346962,1869.0661754809992,1683.7554097376956,1938.7797733985387,1641.5015913469092,1868.7133185166103,1701.2023012933073,1927.5730822914093
W294,1570.9060183794873,1626.8904814424825,1571.443536456779,1571.362049371655,1512.385479633207,1601.6602953965294,1518.8878083114378,1571.0244741753306,1530.7532247192905,1582.680620204591,1577.6670200563851,1563.7376310794673,1540.3265568174736
W295,3022.9040234938684,3019.2371191977822,2926.315918169473,2759.9201009037106,2749.2366692159208,2727.0544379497114,2736.023515499496,2707.4558415475444,2715.497982554241,2757.5225992256187,2910.814775417559,2857.3217654557507,2891.616079867671
W296,2917.5965965022447,2799.5731241481067,2789.117528435021,3116.5151727611947,2880.8370957782604,2703.5334573250548,2708.5196897966607,3057.797153471999,3179.0299891328114,2695.638032385154,2720.2252636191424,2930.0360951446055,3145.927559903902
W297,5045.139619923403,5142.073605933952,5238.252852236026,5002.328592568421,5038.539643524086,4491.444760594057,4444.48856723165,5244.905110537067,5542.3942070101475,4877.344765906584,5023.998848952205,5288.527025267967,5217.541039547831
W298,3231.3418557555924,3027.46751680219,3271.389713387665,4121.124366620404,3181.915304514171,3174.54221231802,2995.456383668332,3527.853887180567,3778.576281044277,3074.27635592288,3071.099491685255,2966.544966636876,3286.725104023991
W299,3078.268993657209,3150.0488729507433,3176.7618133618644,3334.7514556812725,3302.8219366731014,3119.1957417271183,3241.1892754732585,3305.0107704501484,3230.6760691263994,3062.829409492145,3218.447240767169,3284.722155318305,3408.7919961096013
W3,9741.856399609884,9763.005617021043,9557.838887337026,9439.956427269524,9598.649407953968,9862.739688775071,9593.501691464888,9481.489008013856,9456.231882477514,9860.50568901136,9734.010026357608,9517.823322559969,9448.22548996622
W30,3653.5066188149876,4033.9440414685964,3841.1247870183493,3838.8123979014504,3759.178470309934,4343.286399306799,4173.613261383706,3767.1111361580165,4103.811029136648,4008.7870056608795,4433.866500634867,3491.7389502381093,3929.6354447033973
W300,1835.2105190010298,1741.9233854154868,1798.7729275903494,1600.8338774874921,1798.043375069631,1782.748394294496,1749.275700413886,1843.491122620639,1911.4549099968365,1814.0354395296504,1818.5818692335283,1869.1503572723345,1755.0633168933375
W301,2614.5678201528153,2527.7213197825718,2314.282718589656,2553.0882779918356,2513.4072997056182,2298.7911913286184,2421.593933675601,2181.9436471713952,2295.6264740824636,2473.242546868058,2444.4308567873218,2454.834075120183,2427.292543381359
W302,2822.3702553418198,2965.380464116782,2928.6168055290264,2865.0986317994284,2820.2203982018104,2797.7966719055753,2758.9214398480476,2713.504375182508,2741.773834436113,2882.859702293792,2826.475030178248,2690.0337667742174,2705.479680843747
W303,4924.393794878545,5051.460154999871,5071.888764048765,5660.575597465971,4987.299260317141,4754.144685406883,4853.08824267,5284.186872118085,5005.212270415723,4864.829716079504,4578.7505522257525,4804.282975821869,5561.708008588809
W304,2989.155572362347,2607.507777480653,2585.466147305038,3262.9321218537234,2949.2352326037644,2682.310397978364,2608.2951453696196,3293.7101464597786,3010.792999251715,2703.818136942999,2619.8310363013666,3150.2595786991483,2970.0658377154646
W305,2989.5048915081347,2978.5289682504786,2923.6242603670535,3070.983048208755,2992.402640049635,2849.3244503143283,2747.4960095688266,2720.032969199828,2994.195300512331,3022.3719435537078,2845.291030304603,2934.375481478006,3017.7690586450644
W306,2403.4807159504776,2289.4959170153124,2388.2196797353467,2449.1463160937387,2291.028349908356,2247.9644636901176,2194.112674950013,2294.354070762255,2458.335182704611,2237.863615766426,2228.684113805813,2353.550854200778,2316.4397747077896
W307,3213.071655193923,2891.8165002192427,3143.022840737608,3778.1572679937863,3132.8045287395917,3058.0512436916956,3002.8911811152157,3414.627873770382,3209.0357907681578,3129.7519202948297,2957.827949044962,3259.3742696986437,3459.09664754107
W308,2316.8695346957857,2053.2173959296906,2085.294605066363,2365.6660144445473,2217.8096758520715,2108.638608864256,2063.742174794243,2484.8195182379673,2405.4116941799057,2301.4745229067503,2061.3924522784378,2065.8257646869633,2511.42988149409
W309,5952.65525555426,5348.924180721437,5696.935127609535,6910.2210154403565,5844.927744282182,5867.318609818053,5641.685699955554,6374.8367711056535,6168.5518851943225,5774.62019565765,5657.506770156518,5725.999032534359,6196.7792128357305
W31,785.9967420679098,908.9264893591795,973.7562854294476,1009.3853759791161,961.4788102775991,1007.5283811477921,949.9657119777166,1010.6924946789618,1060.2371397552733,967.7407268858453,1029.978687444879,1010.7875470788997,1030.7695976504747
W310,4150.981345157757,4296.404447197453,4905.830709886145,4083.1781742326884,4565.965810501398,4229.166890311368,4124.2132701453165,3819.5797881022677,4339.701923420745,4018.5468988131643,4533.695508462757,3810.7661121728047,4248.022838513914
W311,4553.230508948956,4338.929996071256,4238.866315429874,4911.9280684491805,4870.050714121522,4361.730786113687,4207.251251841758,4749.909693913694,4958.921895862481,4552.696760538501,4383.798428550075,4343.59556264291,4725.803280700151
W312,4209.055754896049,3923.833802580529,4010.6780242440404,4127.776736438058,4131.03109461441,3898.553714291536,3905.821228304194,4207.96880225922,4288.183462063048,4178.017262541663,4235.743341629673,4314.31111413618,4219.3765661287325
W313,2032.549671101971,2007.6687992010936,2007.0945845358283,2015.8087231216243,2011.5066665936176,2030.379601339837,2024.051703617752,2022.1432698862043,2024.7803319247953,2010.7656049459767,2001.2189214070793,1993.242693682942,1972.7024710728706
W314,8471.206048717959,8639.06245250577,7628.218749694942,8429.992551527905,7801.160260362988,8789.012756359027,8338.296742618775,8279.523556500264,7949.959338593024,8346.00569915992,8082.866929266128,7668.30076875772,8412.240257570922
W315,5417.859654748778,5805.176269745607,5111.546947931392,5873.498395555103,5415.2238529424785,5941.357718510575,5364.172057495851,5097.935779670723,5329.106052042169,5147.69482548469,6129.852361402149,5235.274612038017,5425.014110012856
W316,2736.2646288840397,3072.0601643705745,2904.282872399548,3050.236408401624,2649.2550914954427,2746.8451791404377,3022.9937732284106,2670.055620592887,3005.1850263647193,2818.035245064058,2522.5510974406925,3006.9299509700004,2646.573669312125
W317,4511.439390742125,3729.4827939899114,4375.832600775098,3667.621184134849,4381.76103231058,3604.8761071891563,4342.375282889313,3581.8039676809476,4297.131793050468,3540.369445485985,4257.8125211899005,3502.222025823717,4218.5505666942945
W318,3389.9923596343747,3248.7489095486494,3238.6496038572036,3255.989569488943,3286.5848449392374,3309.9067720294647,3352.551567826938,3366.1715250827056,3424.5325165925856,3396.684289352421,3487.9203140320265,3447.919257829902,3410.351403034357
W319,2161.3456042021307,2075.1449011629948,2323.71510142514,2256.110388662942,2017.9925765859614,1932.0001457438716,2196.0256234632434,2327.1162480595704,2112.8074740414036,2097.33499322408,2177.568507076227,2184.675495609935,2100.7771237416027
W32,4142.315552951556,4861.798577434728,4259.081966048489,4348.943028691197,4230.160324602567,4446.517525020256,4371.946011959937,4410.721738079939,4668.351065200019,4415.525876818167,4399.515884942749,4410.805754093649,4631.811434984462
W320,2053.6361040448214,1809.7713195550568,2122.9595243945564,2261.753676494787,2345.543370871203,2123.780603117668,2255.734695679044,2404.3531773553213,2239.7295758260066,2335.7934306589577,2173.6227283844164,2246.8185377447203,2331.4905163818853
W321,6344.811758241018,5911.2730513166725,5963.317663999741,6050.980047136955,6153.73794599329,6197.5619404708705,6746.915732541413,6052.809357847578,6286.6710504939665,6346.030846962297,6493.172858586094,6589.247705554362,6471.630409576479
W322,2537.7887142102927,2145.3911442514736,2204.13279521227,2267.8877822382387,2304.788459754489,2295.399662865553,2255.656726669076,2251.9911548802934,2257.473046129122,2393.7341479779425,2379.615547485501,2292.2254811970106,2255.745467267918
W323,4195.8013143321705,3877.2608757492717,3576.7855323988183,3831.3627858257532,3944.694117154382,3889.668331210243,3672.4615632623218,3840.5879761986125,3889.062863125088,3829.310291504634,3865.266578157093,3776.242294787948,3851.8069348001673
W324,2166.4940995788293,2131.107367369356,2373.2766915753828,2219.2841309065634,2048.378412641486,2220.4289334091072,2289.771613379365,2338.8262881445935,2085.086290625686,2110.4986011353617,2154.529352333738,2202.553999161409,2379.98101568851
W325,3429.887117448694,3564.070541254945,4009.2723220890466,3835.1533364671627,3592.7089804525845,3658.0530455903167,3744.526932510088,3715.1878904863343,3514.9371066196104,3634.465082163401,3688.439907346939,3609.0698711314835,3564.5234710007485
W326,3576.8519539669082,3255.1751342407433,3370.980269306967,3842.515444529755,3721.4887225553066,3619.697919254318,3342.171841891934,3278.9706596746046,3593.7262410909298,3583.1851672840176,3509.961112905996,3410.5824620568337,3426.805629455612
W327,8562.02731733841,7921.514617036975,8147.487573279575,8440.807717606482,7896.390951506264,7292.983002741189,8006.5476975920665,8299.592778018236,8349.10577590169,8131.995420737315,7899.650688521201,8536.002046274083,8246.447103802682
W328,2196.427711101169,2183.228108290377,2201.316090483246,2381.7734686068775,2123.468251813721,2103.721349390481,2137.5882516236584,2172.7529228277126,2236.2329132438413,2178.715700366736,2199.51933177257,2156.5064650454833,2302.01923669528
W329,8798.672512069938,8558.565858792412,8800.961741641986,8913.792122496552,7970.718573653766,8107.175958219777,8631.754113338324,8918.060381787718,8897.406872488731,8469.941659602086,8796.35333652836,8665.009798315044,8630.519435340293
W33,1487.087058299723,1395.750154466318,1446.182711010927,1560.5562699213274,1672.1394371704366,1505.0692068285941,1503.9785269376887,1490.7457156175751,1656.434367174909,1525.0663335833694,1518.7217098712686,1524.3425794829257,1610.604976060226
W330,3289.3332900941623,3128.696695781425,3333.2413933339894,3370.6516487999697,3165.1626170693776,3030.557548620855,3075.554832322213,3433.67164814288,3386.206455756063,3211.3430446203215,3194.7578189357837,3358.8856007998274,3376.3007666069566
W331,5740.015525194819,5472.137140792081,5519.7633210224685,5754.563788929463,5719.773971734329,5397.422082262054,5378.216267565445,5496.009753319541,5625.662057771071,5581.395931183041,5368.362981155707,5251.5383127349805,5542.0718378205875
W332,3046.6754681304287,3115.070999824346,3234.796541508571,3703.6097578776307,3484.56845571487,3155.371722703265,3273.333411418824,3438.075235437826,3724.7588766146346,3813.6374104204624,3211.443237380569,3215.8814869878083,3533.4026917401898
W333,2417.7801874188203,2219.1790219483883,1912.7426854972514,2304.8304557053434,2500.1252161254424,2256.397504474665,2117.7671366496897,2407.7596298775115,2354.7459024069353,2395.3536436429226,2318.799805213829,2367.5156919156575,2323.487252754185
W334,3342.4313779322983,3438.4591556625514,3172.463243573392,3410.0500183534286,3340.988542589351,3084.649592102632,3231.678315861791,3302.1767896139486,3301.2639152335673,3252.825676557289,3230.069337393131,3448.767964848848,3449.1529142871805
W335,3859.7620803019927,3645.9555806159483,3905.4290164351587,3929.958258651076,3726.0175645839286,3694.7047281972373,3800.1372218705005,3867.222886033681,3918.3509746624945,3845.8294129644005,3846.5366388756574,3848.811453843949,3828.55331415993
W336,1429.8522023267387,1336.3327323744265,1472.5560289132611,1634.6753738261323,1496.386687205788,1435.1814132116133,1442.3452305493238,1540.1308954972158,1597.5605743052502,1500.4655654810526,1403.784683780986,1503.4131647620839,1565.9893755112257
W337,1574.3983507871662,1545.375557219895,1586.896368758032,1629.291694753236,1541.593910221437,1543.330731557418,1572.1917633244336,1592.6006267751982,1598.469932781442,1578.0873658470155,1569.5714736855039,1568.1603968106763,1584.3963893878306
W338,1908.0633336577826,1965.434339386554,2195.636361721028,1987.0178083033823,1996.3893538981006,1907.1194453920484,1998.5319973000226,2040.7977147898844,1992.796379244804,1987.4559006205666,1899.8892473399922,2037.403405733444,1944.4999572838767
W339,3835.433701109541,3772.0030878939883,3695.7261439273707,3820.619879550667,3690.9223980286574,3805.850244026034,3600.3742191355873,3636.8476771631053,3814.089873710847,3849.446927424837,3773.168956791608,4126.451154223574,3738.128104670438
W34,1341.5824758647343,1293.1035599040054,1344.3450984428068,1268.0582390283998,1317.4938715819885,1352.2947444846463,1289.7357337680667,1337.3769094739478,1344.3223522907786,1428.7481201887742,1361.8642047126946,1350.2978731699052,1433.3172866553439
W340,6266.815997484403,5928.965352818153,6566.8155462397945,6309.8159631943545,6201.285239757933,6277.944510166393,5920.49301791041,6273.832809896617,6366.60794013024,6114.149480901955,6100.57497186492,6380.074436887567,6433.673305061098
W341,5031.239298650554,5050.79680760344,5531.569809737614,5375.163096154997,5427.689135114247,4464.660236672739,5153.59629695254,5331.473355416428,5126.096162396561,5117.835972682393,4999.91175384087,5337.819412291635,5241.007694030392
W342,1190.0544175035868,1256.7519841391752,1137.8885293291692,1334.591850817966,1336.0404168847151,1196.7446364688178,1309.0789913328379,1430.3166202759007,1297.0901066028161,1300.0044875001954,1483.2727654162125,1265.9995328646553,1316.7441507984752
W343,3510.2661134486043,3109.984809869215,3291.9769282159423,3746.5001872691273,3447.185768216431,3173.9556535959914,3189.8370190436312,3520.021994813541,3557.962492088549,3302.333983789357,3218.931750764092,3486.0171647746283,3676.985939252908
W344,3649.690418426968,3384.5645270446175,3540.0436486836097,3607.7812066651704,3623.0992610217136,3568.1308876518647,3253.2387433137865,3587.7098000116457,3497.318256886103,3529.666443231754,3608.6843735959515,3653.2881061701905,3735.373994033095
W345,3367.062303371316,2684.119745889015,2979.211957906778,2835.6820151585266,2947.3833662316665,3359.4440429849697,3262.784144064855,2652.369769376749,2803.767825890901,2953.407806612179,2777.882374556914,3211.9083725312266,2955.081175428986
W346,5767.891614614539,5565.793223541461,5765.528593468402,5856.875573224214,5586.704612230276,5468.362374525524,5584.530939995882,5549.140211913655,5587.919724606448,5415.780687065131,5623.447685058769,5687.001272968848,5412.651215903991
W347,3466.81100100029,3211.981014625584,3620.686549414328,3964.6071917038785,3463.3676894867644,3387.3258782452317,3395.2262603575546,3939.702425195899,3814.669213905508,3508.9773060977027,3398.885176218799,3887.135770452038,3769.7411077212223
W348,3961.1139763423853,4337.616132298396,3951.6273415812925,4073.804383280128,4123.213581974362,3897.2445219354368,3674.592338685238,4186.727173023542,4116.609590716962,4003.2240280553524,4171.780721849582,4181.813947267524,4024.2769349619266
W349,3310.493371060358,3334.2411540708476,3348.825840225033,3354.8168639372166,3340.439821050867,3323.282473405013,3299.859112571145,3272.108270732631,3253.262453911369,3241.5694507728454,3220.6048244185545,3212.3453478987894,3191.905074651504
W35,1108.644719197097,999.3021822682863,1149.913464264862,947.700133096379,1354.1306049210923,1020.2783142286122,946.8191004436777,874.2094486864248,970.6556195163221,1647.1811081189567,1129.5990259394853,983.9014750760729,963.9549237640846
W350,4979.111821711573,5321.580589250496,5544.762995998775,5706.249512893319,5370.967677951815,5112.244567554938,5549.310763186535,5520.211279290292,5264.841033445927,5582.371806847656,5534.547170261942,5519.989095854429,5466.940072342312
W351,1613.46917723383,1352.6631136122378,1243.861584302123,1567.415665324537,1488.5841924268404,1453.999735759357,1423.6386599766574,1386.9409309629625,1356.7104302786686,1323.633735286099,1413.9808357116942,1447.9965315118184,1362.4031754668422
W352,1322.1607987104042,1311.553187238408,1303.4345374717836,1293.69847418614,1284.5496113671593,1275.4654477011459,1266.4455256497495,1257.4893909102086,1248.5965923924796,1239.7666821965008,1230.9992155896537,1222.29375098435,1213.6498499157933
W353,1731.8422863905437,1728.07205463091,1800.4045770676867,1721.1685555481365,1681.514022245137,1815.2023270665184,1769.1051628226153,1689.7173793262089,1704.3910975402491,1707.516113470538,1733.7185212936408,1705.7244399404983,1666.4576395205456
W354,3163.9921272918727,3009.644388008441,2980.918364722657,3068.9124150144603,3076.818526377658,3132.4220885379946,3354.213781140962,3316.2486281002925,3331.2886713482267,3209.057347240974,3157.5507870715746,3186.455923204362,3219.4347549565923
W355,2728.9054311763757,2723.1777624378833,2713.44574722855,2684.970134865714,2668.805619920251,2654.4429525250075,2639.626840542893,2625.6955024233635,2611.8376902386613,2598.05301594054,2584.341093528773,2570.70153904032,2557.133970538547
W356,4034.1745165948296,4049.301863136256,4002.4447928990826,3859.000404551814,3775.006293583629,3777.254257752727,3415.041592354353,3659.309297027771,3986.9240331176256,3845.137139231478,3922.9558078780287,4091.686518662998,4078.458822739188
W357,3447.106356121594,3150.1424127569526,3410.2649378583737,3127.082136172094,3304.1147937989135,3052.2155664041434,3153.262208149899,3405.35406474815,3398.243251853367,3393.76537838954,3314.682011936867,3391.0593328158125,3297.9537241237394
W358,5231.461345006141,5501.5361132897215,5378.916329937705,5524.735749643795,5436.427931310106,4917.265285020042,5359.487723026124,5169.90443149778,5120.7824211118,5385.935155527646,5278.057915461987,5154.322214921325,5454.55628628108
W359,3857.172923728263,4052.5206828500827,4010.295002322808,3699.0787856916672,3652.7962084209516,3835.335076524493,4061.0161879414104,3756.8742299752953,3769.725071422191,3716.4200461663268,3906.6501621923244,3885.8297853802915,3948.2916835865035
W36,17516.163374867563,17479.335737202273,17819.995162597854,17989.44786899449,17393.914041290886,17034.702222284035,16280.189047124377,17224.622156409805,17303.718647357135,17882.878394732754,17792.54472539461,17246.07669272217,17011.011408716044
W37,2887.705632839426,2902.504773007154,2912.4150763589455,2913.0246553094385,2913.6615372902133,2921.496036929886,2913.903718466612,2924.782530470354,2915.071181193332,2913.353080855424,2911.9507822876008,2907.180100496413,2908.134369735798
W38,3096.5720001902423,3111.3043783203543,3072.865651316226,3077.3723418948643,3088.121858174948,3089.3468402924113,3083.7444968171562,3079.9785518510253,3096.3696957068746,3090.572949426076,3083.657195371494,3076.9314438973747,3087.6827292519824
W39,5866.979755367219,5868.084954144279,5879.912503477055,5874.040071431329,5870.239139430821,5884.882684815491,5880.701113890573,5875.968989999589,5877.6998323890275,5878.262144346069,5877.7235236382285,5884.62745048872,5879.054449729776
W4,2166.8198821316937,2325.9707697483977,2354.4367202448966,2473.3876987241047,2227.1853022107935,2389.9890948120583,2326.262736544112,2375.891535705588,2283.3471802622,2334.160774304438,2392.0860282348267,2398.85248655417,2733.3937900335413
W40,5859.241801131704,5864.962863092932,5878.465078461602,5874.293915957482,5875.298673333066,5892.182576758658,5874.058669413444,5869.832810476724,5874.321751941625,5874.990891925222,5876.372197583462,5876.125405191947,5879.468147234399
W41,6215.187958208658,6216.188056147769,6203.156767036348,6237.833479341824,6209.879332868082,6192.167766183042,6230.96247072026,6216.535988042459,6212.608749098715,6223.062887401888,6223.875855354284,6213.288240141664,6204.951370933747
W42,6226.824942493214,6219.784786847766,6224.920142736108,6245.299111305058,6223.197540823261,6208.701645016967,6232.062930713789,6222.178053497206,6219.798518633869,6222.094543930934,6235.601995272035,6218.885296679237,6219.545550216258
W43,6225.174830121462,6216.461507908861,6224.48847911874,6248.743471493748,6215.586018591301,6202.544170089284,6231.74581341194,6220.577115284766,6220.490550568678,6227.558564262128,6232.014763773364,6215.990902354073,6214.645632074571
W44,5858.038362823651,5861.550706464315,5877.3096921830665,5868.794528472294,5870.42096200725,5885.545413271818,5865.788018169516,5864.205246702238,5867.022151569773,5872.497124114306,5871.035275090631,5868.485895995019,5868.735070263918
W45,2954.296910683228,2956.333465490276,2926.530421089422,2905.0981499146383,2944.205052472938,2950.5600789681334,2881.898377896458,2935.359816770537,2908.3822506253396,2931.0664521012122,2938.7902389950273,2921.2960551555807,2905.810676809886
W46,3322.963141121548,3281.853096143451,3295.899907350728,3278.352452175272,3282.41875438387,3305.7700623782057,3260.7721703398706,3299.498583079055,3309.845378732218,3269.3181006097607,3279.088006061944,3304.3592293773213,3316.8230221738363
W47,2952.86635618525,2962.2198459402625,2928.5121914228203,2910.2384276296484,2941.638710001495,2953.429878970218,2876.724230405209,2945.5513206275364,2916.3989658404034,2931.2162092118388,2937.7613785902736,2926.044080967436,2905.3981714327138
W48,3066.445404143749,3026.3559846395688,3025.4850618818364,3041.5573991236643,3043.4487988312644,3037.7396870557423,3063.2546960790846,3067.031958894072,3068.090359511809,3078.3114082495085,3067.46465454169,3066.5529244034087,3058.2255175451933
W49,3246.267928253811,3268.356581545979,3228.411673043353,3224.4545765471194,3232.713227811252,3270.162062779889,3207.9465070485944,3260.7065551058754,3243.63767765808,3272.7802179343134,3246.9329458124002,3247.3069246107516,3244.907226507601
W5,1339.575449465125,1310.9379913446116,1435.3194174979283,1530.2488257674413,1417.4789347559938,1342.5630523262155,1414.346187938115,1448.2600047589817,1352.8787229325362,1337.6008159708397,1454.92929869865,1479.781754569478,1349.451837545434
W50,3258.920281828503,3267.720453590334,3220.4437123629755,3231.009407002798,3245.912969237696,3257.121085625417,3209.8558008758314,3261.9005376459045,3245.3663247180357,3260.5185806438712,3249.884595714587,3248.7987550045787,3242.0899237329254
W51,6570.718864803851,6538.682212709404,6562.343659423544,6531.412923743331,6584.990670923531,6544.971836402923,6575.443435532682,6546.559165759725,6568.478129294348,6560.307399132398,6561.184337386957,6545.518917208332,6558.3273574800105
W52,7071.44308135874,7091.834598102477,7061.531774531951,7080.326291603268,7065.198602593919,7053.350612503864,7061.416835938025,7076.877373415656,7040.3876560647595,7045.564075546862,7061.40621519379,7062.279866876429,7067.576642116367
W53,2060.811283541137,1876.5874076868722,1958.6642142587023,1976.8262666187384,1933.632127069942,1943.4480001950187,2012.0600335137387,1928.7832816407108,1998.0948028572764,1921.62183176555,1947.325916000604,1904.1631870476883,1834.0327717682433
W54,2466.3202187739907,2462.773828336645,2471.197903244985,2458.4604480041394,2462.8215132161,2452.2897273922645,2465.246874264403,2463.240871487002,2456.7297797165784,2453.545543717918,2455.33740019046,2453.110112209272,2448.918961487995
W55,5141.989389857519,5170.389690203274,5160.680654532699,5109.097201631446,5056.33985821567,5051.0335668733405,5174.51187548918,5090.778249744772,5029.308966814231,5102.590839887353,5096.737051258644,5002.195350026783,5031.578386896136
W56,3000.0665216865677,3039.3047673496167,2989.7316851352844,3034.672483411696,3013.574178143112,3099.830148069589,3109.1788726998857,3092.7377228361793,3084.207497405587,3078.3829476886244,3073.675150382408,3082.297783911798,3092.0860009428475
W57,2059.150305175437,2067.4354713621133,2111.074337459135,2121.793878035203,2120.42072959519,2112.0471281504006,2128.0094142315384,2140.3161374951937,2144.438167281227,2142.2073207677804,2148.7004575164674,2135.698750997491,2150.118187848861
W58,3476.137170055757,3428.6317746571867,3374.556451545474,3386.117309825157,3384.4199565838744,3446.674000839143,3459.0816306598736,3462.768352281723,3463.8124010614515,3463.5743121744745,3457.1299333705388,3454.660990539355,3437.98223497895
W59,2319.1052036118535,2116.547790304969,2036.8207690599797,2209.3357762572955,2260.813637491375,2259.244720781357,2171.982169253132,2088.204790988273,2328.9176433722223,2481.6090410355673,2155.440446261855,2393.038364808243,2445.197983041853
W6,502.6755574711339,475.0544227588244,466.9053210939366,485.18386435490316,493.0764157764434,553.8738659669565,507.37578790942183,517.0945367015928,568.3289455812021,523.9591940651845,500.7499696138127,513.1892371478947,529.2396873310581
W60,8994.064381798253,8980.88935923998,9032.781507584494,9020.126525726113,9026.955195718421,9044.898679212263,9013.260450901327,9005.969419944964,9021.72961650366,8991.191027573805,9021.153384188045,9044.707260552173,9017.569259055443
W61,10243.92562559404,11705.75547162125,11217.672142697145,10240.890350966825,10534.63526121439,11154.10120297392,11022.594130013413,10571.085588221787,10733.869000103767,10602.844601646939,10696.470750867093,11006.180871068027,10946.860309360332
W62,7202.375037843828,7189.972619154444,7205.329793894176,7258.578760131408,7206.742839083803,7352.311100676927,7209.446061776893,7214.918552689036,7211.094858124103,7272.056950992137,7215.329584720725,7305.758541508665,7223.33742936493
W63,6017.6873457942265,6178.180955173499,6111.624116885034,6054.26741873825,6040.322874252034,6082.058502866597,6073.471115145497,6195.522798851808,6187.777644586261,5972.9445555838765,6017.930133328023,6259.712029268151,6226.731562159162
W64,14506.74789489075,12613.156352343274,13043.681439716933,14164.54982372307,14979.038264921444,12715.84270309364,12948.508131332737,14044.715546857298,15115.55538051669,13735.21283497555,12475.095208749246,13099.149192276514,14295.353679545438
W65,19772.86573680374,17827.368000529576,18727.682561035028,20002.33042463698,20773.543197241423,18143.704694668606,18292.66815594986,19481.094379045644,20506.455632410292,19041.497370968766,18018.718173436446,19068.600433433643,20218.55014410837
W66,7415.4824157962585,7520.4704626715,7243.465573284965,7193.326419949943,7252.541212090643,7559.475318484694,7272.658027440034,7222.852518302847,7212.075478012312,7561.808840996259,7444.668511156939,7267.578608188948,7223.793727480842
W67,13500.135349838063,13488.406070618808,13427.565390867669,13427.467341218371,13462.322893613204,13480.747526999417,13488.212367702869,13464.235377939141,13457.607453275958,13494.787907105294,13487.800605230586,13484.97711602786,13489.264404154424
W68,6916.480119907128,6923.776530725337,6939.209275379843,6946.426563261072,6955.357847361872,6965.611681148531,6975.3645877173385,6985.082119507878,6994.997652688041,7004.82539525621,7014.660612379483,7024.5033049321755,7034.3534737881755
W69,6895.092636139165,6903.9920653382005,6993.90953787923,6913.741223993024,6917.981265512382,6926.0776058457595,6937.9343186858505,6949.435179530682,6948.1582258704275,6955.250019606459,6963.051156812706,6996.851938284193,6977.462206216232
W7,2216.5775869816703,2410.1350099929914,3199.3179774974033,4215.171465571948,2558.142739106835,2450.402407222901,2480.6260451549447,2856.574680268942,2682.9273527751197,2646.9111183200876,2685.0409328927985,3088.8481424950955,2889.5125884089066
W70,2594.5102049164284,2589.5077036721195,2588.583276816134,2585.964373614767,2582.1776600770017,2578.466885550704,2575.5833386360237,2572.5227972795456,2568.449698459408,2565.6140863172895,2562.2993592196062,2558.8114072313597,2555.3193596719498
W71,1911.6635801927807,1904.5861248722672,1897.1851395196277,1889.7937916263832,1882.4120936725512,1875.0400581868926,1867.6776977472362,1860.3250249807797,1852.9820525644377,1845.6487932251503,1838.3252597402266,1831.0114649376717,1823.7074216965182
W72,1912.4795307745817,1904.8772932454117,1897.2176155737066,1889.5667767614184,1881.924792097637,1874.2916769422498,1866.6674467264595,1859.052116953347,1851.4457031983918,1843.8482211100459,1836.2596864102738,1828.6801148951217,1821.1095224352948
W73,1912.1551031809424,1904.5282836433555,1896.8684783705498,1889.21751142152,1881.5753980932097,1873.9421537534106,1866.3177938413096,1858.7023338680249,1851.0957894171554,1843.4981761453237,1835.90950978275,1828.3298061338048,1820.759081077572
W74,4937.996102533336,5798.8985302369065,5839.570574252363,6241.941881484678,5647.395922704259,5702.853045214914,6710.196859093833,5992.179655032078,6117.15487388911,5417.46203366167,6588.703329655686,6840.963903862658,7827.531730580298
W75,23919.610932747044,23837.007552016265,24234.18876408059,24025.10568685722,24103.356802167847,24273.7347146817,24390.147918269053,24257.014373941787,24589.584695427206,23967.018015355385,24050.5297491478,24069.912680630954,24097.02839124536
W76,312.0663638962124,286.9793818325116,291.3459064173304,271.1485493254267,238.0873225353479,259.5223554613949,235.49596743205203,237.95829054320288,222.44324644512716,233.0932075928926,228.0186487582258,220.45425375664254,197.3257114759546
W77,4195.905974305702,4273.81441445903,4265.749843834209,3959.6492186160667,3947.6818014360574,4604.63404032981,4065.467998861195,4112.067067032813,3908.4776580444577,4382.58893408987,4297.768306623894,4149.12179004697,4119.592893854396
W78,4051.542128504448,4104.796737899269,3995.489949725163,3841.3192738395824,4049.692151363943,4274.078261425554,3894.594606672629,3885.8095953164375,3875.3220456746158,4110.282262387271,4224.691779993281,3861.7558680483025,3986.5724783096703
W79,1510.643184065781,1429.8240637211823,1426.6435304167105,1412.8009368593757,1363.3104819384716,1429.2521796442807,1389.0874572439652,1430.9379731045346,1437.7549970814514,1400.9117622613273,1404.0470457320928,1389.0828391133416,1377.9207242225455
W8,3405.237794744208,3558.1648171716643,3020.394575233039,2851.0453256131877,3359.13998323371,3230.3317463823455,2530.535480432272,2455.2335758409567,2614.0685850171944,3090.4422572885233,2481.6628347049095,2362.4815982449095,2594.0593274551366
W80,1575.657412845602,1546.311453827008,1545.5556031147516,1459.1933060611716,1552.7254224252256,1500.2392272547008,1546.9629157254385,1558.5701180698525,1552.2821174649227,1531.8374279275486,1528.1579324328998,1475.4686516490403,1509.714207786288
W81,24689.02387324876,24577.240422663977,24720.885094757876,24811.472695254386,24861.032205908643,24873.28902631672,24678.66471311502,24963.79746038776,25007.42039910819,24849.053377005133,25090.580801060572,25080.62941852688,24994.50064713433
W82,4425.134881164433,4430.003883749812,4434.113232724875,4438.943230504648,4443.740570022232,4448.5430941812765,4453.350808584961,4458.163718842511,4462.981830569229,4467.805149386486,4472.633680921707,4477.467430808429,4482.306404686235
W83,6024.018606926202,6097.685518152756,6130.70056141993,6139.392705226644,6119.944539115786,6121.757149033664,6135.867263717997,6152.646826800066,6115.329632561875,6127.1445810412215,6131.991987137588,6130.042642719175,6120.820396561753
W84,5969.404711162684,5985.2555363789725,6005.574699261026,6039.065344762344,6081.166806672886,6098.463467790548,6127.994230562067,6136.173565842413,6140.2010669135025,6141.777461673931,6148.517502909571,6123.324060581606,6099.560657469289
W85,17281.70907617158,17306.4684205952,17331.945213208535,17357.45261431296,17382.990652401924,17408.559355987785,17434.158753601747,17459.788873793837,17485.449745132788,17511.141396206436,17536.86385562124,17562.617152002626,17588.401313994942
W86,17301.618547243073,17330.154800042856,17355.41819787496,17380.938748902765,17406.489914808164,17432.07172402974,17457.68420502477,17483.327386269335,17509.001296258164,17534.705963504803,17560.44141654156,17586.20768391937,17612.004794208086
W87,1083.3627118791621,1081.7282625981031,1080.6353269933516,1078.7037232161706,1077.3400155477796,1078.0258948141627,1076.6602477464025,1075.315878985201,1073.5841797219261,1072.3409804243408,1071.0444867356496,1069.7913163231374,1068.5396121678652
W88,12065.76396326689,12032.140577555521,12005.856611030964,12066.28146649387,12123.049551757464,12050.63254707449,12040.640086684114,12063.09074384757,12124.50683563156,12074.50394286716,12085.330256973233,12073.223333421252,12096.395946439692
W89,1172.2783999560713,1228.4302329096968,1203.994828064308,1181.469633578524,1196.8316218331086,1202.0205283533687,1207.1251540048322,1180.5054817676544,1154.9808347674284,1194.151113953841,1210.2552730554955,1185.39017733262,1132.9720777177386
W9,8495.002176610513,6858.789490368161,8002.8563133454045,7153.008214905182,8428.17824161028,6595.982017832922,7088.732387654025,7772.696769737402,7490.205283258283,7119.166175610017,6807.195164673586,7147.259833114614,7579.6661268484495
W90,1877.5978047223502,1846.5855555090995,1861.011021812123,1837.060586863542,1826.3818577506006,1844.4571622978192,1847.985983579677,1826.7486178429087,1861.2034431583593,1854.2074410003936,1860.7142224645509,1864.1908439229537,1793.7972487208524
W91,20291.526557092588,19714.663044490575,20204.630442053356,19712.45131129806,19709.554328600934,19809.0808545041,19824.683564290448,19711.705305717656,19969.207383025132,19748.15840548211,20013.061631678942,20256.70454034057,19388.192893134732
W92,23237.186452976155,22957.77871200905,22915.80763214649,22816.642842776768,23617.189463418174,23492.728572280106,23171.220738501364,22756.276695949364,22270.441713251133,23647.894940080063,23305.06801859063,22421.369299326554,22208.86823144907
W93,1741.526712193071,1730.1253232893987,1728.8216302927688,1736.0407583155395,1742.6702759005111,1731.350094766176,1729.4914664220528,1731.3488404979053,1737.910319542982,1733.3613528748363,1730.8782149858714,1731.3191280058,1733.4806216716827
W94,1817.86634534887,1811.8682390215342,1828.0114523635004,1822.6364004774448,1806.514223576366,1818.4053522848008,1815.6229843271071,1824.2943320232116,1813.598961612649,1816.5531335805163,1815.9796058248858,1814.6981626616507,1813.4679280668277
W95,1655.309648492791,1654.971824533921,1667.1113517747158,1647.3315141729593,1641.7862293471303,1649.0689183945412,1650.978365533591,1636.3206766744454,1650.0284343274682,1646.0196179356008,1644.2177196645055,1643.701122161586,1647.605592676357
W96,11401.870348439164,11369.00884097228,11343.370207917296,11294.02405725775,11391.827826082748,11400.733197547745,11318.235469759156,11297.228052415689,11341.759728414265,11408.472789307238,11334.537350204764,11313.902541298898,11335.852932692847
W97,444.16491059065015,468.2274173103781,526.297821588651,506.4999289369176,471.13976713928355,486.1356654344706,526.6533964151071,485.3270120057321,474.35954418321535,481.12585675043215,506.92874264650425,480.2233640851173,457.38885546530906
W98,595.2475590232721,633.7391615443601,633.6988677041924,603.8212676887163,611.5247807211773,634.0515169865142,645.1805602047419,593.8868537507835,610.3237540427239,630.9589982918227,633.6447993413436,613.722570835093,608.883710916786
W99,15016.676370908734,14987.533643608913,15056.040032774776,15045.424113910432,15059.834840060343,15014.73195958617,15043.442808160995,15038.979952186617,15050.371767794488,15042.955336431489,15069.938704033297,15103.757600846853,15078.851417642822
