2.693081102303920490e-02
4.691155174740127554e-02
1.769505617036523301e-02
1.054878811114905342e-02
1.477058069070060105e-02
2.339509346989956592e-02
1.980951418668859543e-02
1.390886279614230239e-02
5.238607291708306107e-03
9.394406687929564986e-03
6.251732785077946525e-03
5.371725798156230282e-03
9.624341619464342468e-02
1.334130350273981906e-02
2.101635754934194633e-02
4.091275137830008811e-03
3.438154426531874613e-02
3.007022915037671495e-02
3.824075095598991614e-02
3.740753794671908966e-02
1.523210786115326322e-02
9.722190623736203657e-03
1.491662309912156759e-01
4.027774892876803681e-02
1.289047200745258026e-01
9.249070593945279972e-03
5.475530975103636705e-02
5.699815945498732522e-02
6.514231276491490828e-03
1.278971539026651713e-02
1.209882888583488358e-02
1.965767110874610743e-02
2.044728132935450665e-02
1.836419905275498907e-02
5.459644093210254401e-02
1.147776794261679348e-02
5.301271656443682159e-03
9.793309969892373054e-03
4.800986279357063666e-03
6.540638028093132515e-03
1.320268815383694207e-02
2.547125636982982416e-02
6.538676271015642430e-03
7.195301166877372812e-02
3.349845450447864331e-02
3.573317736486304047e-02
3.943049066389246737e-02
3.588226947182286686e-02
1.469967811143891787e-02
6.183574153365852845e-03
1.344524860934984689e-01
1.009484819461463900e-01
1.247542906664127552e-02
7.578688250661352876e-02
8.503699286244431610e-02
7.540256712602723746e-03
2.205502980980741379e-01
1.815525909617728140e-02
1.211922502885526623e-02
2.103899833676468878e-02
2.214329528175573367e-02
2.723438144203806435e-02
1.897602672427287085e-02
1.957908303399630637e-02
4.255986606050633086e-03
7.004997233069963289e-03
3.795597969493072141e-03
2.229053986643483032e-01
6.175136723750467883e-03
5.182137358196743822e-03
1.769825937447484093e-02
1.303782988859166284e-02
5.773661363995012327e-03
2.235989205267588723e-02
2.303609340526393059e-02
2.834169414892487651e-02
3.357653424236044237e-02
2.137797307509011965e-02
1.332649540301578464e-02
1.150281318155703565e-02
9.152526260685895851e-03
8.865208220585434756e-03
1.518012121763109845e-01
6.622118256352171883e-03
9.705283347362066507e-03
1.186579591841448351e-02
3.012115524866460295e-02
4.672431418067127251e-02
4.399537139812564543e-03
6.432170651205110223e-02
7.881209153266847262e-03
1.400262606632181848e-02
5.490004259374776235e-02
2.093429196525206301e-02
9.332646852755531117e-03
9.176564566226459718e-03
1.232613649602662051e-02
3.073641015119620706e-02
1.230377490906496910e-02
7.347173401855353059e-02
2.832919868757104997e-01
2.610497828058629816e-02
1.194605609315003980e-01
3.249185573743319094e-02
3.336692372843967636e-02
9.204008884411087055e-02
7.039728629894928535e-02
7.284788231720742968e-02
3.227513628305071769e-02
6.150306357079316638e-02
8.599263638621236494e-02
3.803318927141757094e-02
1.184097424766189371e-01
1.498626823299424038e-01
8.424643892804567491e-02
3.898233225530535473e-02
6.722562227218124853e-02
3.602309819538227799e-03
5.224558240781755625e-02
1.237536077603387102e-01
1.797317372129199065e-01
7.813158380000134740e-02
4.531224649943363381e-02
3.318449955746555768e-01
8.039906007064595572e-02
2.716075822087756983e-02
4.164942093231838172e-02
7.209712854408115157e-02
3.863229639363919415e-02
3.193928249410445119e-02
2.199180519450649393e-02
1.935806996080605483e-02
4.356675042897244915e-02
2.079116218402571672e-02
1.357286657732529878e-01
2.506982598211823549e-04
5.272242534205839187e-02
5.947125794805850629e-02
1.907596053609971962e-02
1.065608015193220265e-01
7.401997299354209914e-02
8.702580704518952937e-02
1.635877020204255516e-01
6.205963785114369802e-02
1.241322975290881647e-01
9.921140713217921347e-02
1.336435900000570165e-01
4.806705542125444541e-01
2.019878862075443204e-01
1.563179397917402735e-01
1.135017832581337316e-01
4.294988748920497423e-01
9.124341113708532569e-02
9.511468237006953652e-02
4.026720420987589533e-01
1.312744350943304272e-01
2.566639269234222143e-01
1.674964210228766792e-01
2.015372123504480251e-01
8.910545611171032110e-02
6.855607988195481228e-01
3.466493047349006873e-01
1.248651788947473806e-01
2.526169794584749440e-01
2.558266340123109273e-01
1.993514176312774153e-02
3.128624947198158784e-02
5.026534716141034531e-01
1.313567842788948559e-02
4.047916232655646845e-02
2.757263157122021371e-02
1.941064949021477706e-02
8.993348031949337240e-03
3.718835827053532106e-02
1.129647124780719519e-01
2.041685482640360084e-03
5.665143418693430882e-02
8.814551050597808912e-02
3.372584397059048000e-01
2.240659928992390360e-01
1.986407739027632249e-02
1.075536166117395560e-02
2.207586665865042819e-01
6.755826465556499794e-02
6.998579677895254425e-02
4.549533782366207979e-02
1.683242733531679913e-01
5.790787415323807308e-02
3.362875014261585555e-02
3.339524293954376777e-01
3.127904506704273779e-02
2.624129475121512317e-02
2.756416416208399417e-02
3.546538927732215130e-02
1.390262683452618553e-01
1.075141579890537269e-01
2.241593722605962971e-02
4.451335702204306521e-02
4.071411449838834712e-02
6.543118008182906287e-02
3.957662783672545870e-01
6.322243751244363552e-03
6.021973516398555770e-02
9.473605245534557490e-03
2.990676381717628091e-02
4.604837036855005672e-02
6.867536679670825650e-02
4.191288286732774288e-02
4.233853952420683908e-02
8.376548429447641664e-03
2.370354597672302485e-02
5.120678021910544109e-01
5.233963433275372334e-02
7.229166962932892515e-02
7.132338653819929319e-02
1.352533032876818142e-01
2.029157689645743334e-01
1.196436653250332882e-01
1.001566059369799894e-01
9.533749200492661058e-02
1.548301119120435443e-01
9.802262540294434667e-02
2.784265774752845563e-02
2.072442604661783594e-01
1.191756921669026859e-01
1.309219357603742806e-01
1.300635342610948764e-01
1.145230372934701452e-01
9.291071293973593437e-02
1.207384772749638818e-01
1.302666128441787863e-01
9.183992363120997704e-02
1.069343543549359787e-01
1.480149742783072320e-01
3.282589939214526908e-01
2.081188514885288221e-01
1.062886280853983928e-01
9.991139241336760568e-02
8.095392902691994630e-02
8.645567834041223421e-02
1.358211432161852139e-01
1.090988096417602055e-01
1.101658891056499084e-01
1.168760297985636243e-01
1.438078269153983402e-01
3.296641217859589412e-01
1.988194067906041695e-01
1.068583505601269218e-01
1.148806888901837825e-01
3.314729498557084653e-01
2.734899845700263787e-01
1.114910128692069430e-01
1.324135968514726369e-01
1.613462588274073017e-01
1.884496623469051335e-01
1.743174947206735936e-01
3.225212751011812817e-01
1.310911336040284092e-01
1.526150323660223906e-01
9.290441485923660314e-02
2.472867602226988537e-01
2.071460639112390478e-01
2.031204733951393893e-01
2.162540304564888882e-01
2.025854247126185614e-01
2.560424396261484770e-01
9.105054472065629567e-02
2.544647985689646452e-01
1.120557210321957153e-01
7.384526515593523022e-02
1.000679755883127908e-01
1.375097852295932011e-01
1.180612813519373444e-01
1.818531219499694707e-01
8.724118229902025345e-02
7.098010436859251981e-02
1.337290716732272289e-01
7.996481809557906550e-02
3.842056244724066927e-01
1.115918423089003741e-01
2.432155220881175028e-01
8.684059536123206469e-02
1.314438092830912674e-01
1.589121785999745018e-01
8.051913208223905605e-02
1.250373721139003136e-01
1.099537356826362083e-01
1.052631653593124467e-01
1.431237894093723428e-01
1.903838795307165876e-01
1.975082439202561005e-02
1.879169058428330208e-02
2.020322908784414132e-02
1.961361691970541221e-01
2.058425767636525017e-02
2.020948276501671748e-02
2.017298696156566429e-02
2.064501469849688506e-02
2.042107634296977739e-02
4.273593337218846433e-02
5.768470523995442717e-02
4.135524137133127220e-02
4.385589156069081423e-02
3.169775689360616877e-02
2.449209848654308463e-01
3.168496251981463285e-02
1.630599815199795452e-02
1.842473019001503870e-02
6.384265849527226422e-02
7.538864946940947685e-03
5.855988055023678140e-02
1.375986202215312704e-01
2.913151143254414932e-01
8.129391723590841112e-02
1.754955033133011044e-01
3.866221643720836321e-01
4.134409656515736914e-02
4.116355977236453578e-02
2.515743506722176517e-02
2.372787131147355635e-02
2.063673160160335932e-02
1.498859659107533090e-02
2.879252946175640121e-02
2.853963824922089998e-02
6.081081283020712235e-03
7.774642721534746892e-03
3.606428568877818042e-01
1.705188611082564601e-02
2.045396585977690002e-02
2.099510573718074355e-02
2.118147191029460738e-02
3.494204845782060698e-01
3.361677078222400500e-02
3.378488888415320801e-01
9.276146723484988976e-02
8.961257311713012597e-02
1.864091835136890141e-01
4.563023738030165810e-01
1.186576234662197055e-01
2.778225380879552342e-02
7.796417879948113437e-03
2.156580392496413104e-02
1.863429410079807391e-02
6.707294319874154004e-03
6.426744279563078276e-03
1.744281146494325307e-02
3.359790554903292238e-03
5.829003827629598844e-02
1.476569037957528308e-01
1.229974652432334718e-02
1.306542411751807423e-02
3.199789057690685667e-02
9.463583343416577531e-03
9.667354034128099183e-02
8.745649301022032085e-02
8.023513671463585600e-03
3.165562039349691104e-02
3.417357873063994050e-02
1.148782738433337669e-02
