8.041923093795776367e+01 3.045156955718994141e+00
8.511230468750000000e+01 3.112405300140380859e+00
9.117779111862182617e+01 3.280352830886840820e+00
9.384765315055847168e+01 3.340605974197387695e+00
9.246440672874450684e+01 3.483154535293579102e+00
8.399912428855895996e+01 2.998086452484130859e+00
8.541377997398376465e+01 3.027995109558105469e+00
9.937916207313537598e+01 3.185169219970703125e+00
9.064591264724731445e+01 3.678982257843017578e+00
8.590882945060729980e+01 3.289700746536254883e+00
9.405213713645935059e+01 3.473657131195068359e+00
8.746753764152526855e+01 3.133247137069702148e+00
8.655892419815063477e+01 3.068845748901367188e+00
8.727829456329345703e+01 3.038990974426269531e+00
9.970534324645996094e+01 3.429845094680786133e+00
8.896393036842346191e+01 3.401800394058227539e+00
9.044207620620727539e+01 3.729020357131958008e+00
8.515979409217834473e+01 3.397830486297607422e+00
9.420650172233581543e+01 3.471719741821289062e+00
8.705895090103149414e+01 3.377951383590698242e+00
9.510052824020385742e+01 3.459241151809692383e+00
9.388314819335937500e+01 3.442865848541259766e+00
9.243417692184448242e+01 3.264561891555786133e+00
8.597197484970092773e+01 3.322162389755249023e+00
8.323000502586364746e+01 3.446546554565429688e+00
8.247158622741699219e+01 3.208925247192382812e+00
8.791544389724731445e+01 3.409322023391723633e+00
9.067144083976745605e+01 3.421176433563232422e+00
9.693713498115539551e+01 3.408038854598999023e+00
9.304953980445861816e+01 3.386349678039550781e+00
9.660566425323486328e+01 3.463455677032470703e+00
9.707508158683776855e+01 3.406165599822998047e+00
9.239609265327453613e+01 3.357905626296997070e+00
8.503762435913085938e+01 3.363683700561523438e+00
8.693677496910095215e+01 3.053510904312133789e+00
9.753870320320129395e+01 3.076379776000976562e+00
1.032099041938781738e+02 3.477739810943603516e+00
9.007189941406250000e+01 3.303264856338500977e+00
9.125769782066345215e+01 3.365375757217407227e+00
9.389977407455444336e+01 3.573801755905151367e+00
9.569864869117736816e+01 3.682639837265014648e+00
8.843045806884765625e+01 3.074826478958129883e+00
9.355562901496887207e+01 3.457349538803100586e+00
9.659906864166259766e+01 3.318912029266357422e+00
9.843626141548156738e+01 3.433762788772583008e+00
7.983756399154663086e+01 3.287750005722045898e+00
8.946482777595520020e+01 3.145150423049926758e+00
8.843006110191345215e+01 3.124174118041992188e+00
9.624392390251159668e+01 3.377946138381958008e+00
9.341600537300109863e+01 3.364154100418090820e+00
1.016721789836883545e+02 3.274509668350219727e+00
9.322091674804687500e+01 3.319712400436401367e+00
8.838523292541503906e+01 3.187950134277343750e+00
8.641839838027954102e+01 3.373934745788574219e+00
9.361276602745056152e+01 3.453626394271850586e+00
8.599086236953735352e+01 3.440636634826660156e+00
8.587911677360534668e+01 3.406122207641601562e+00
8.855531334877014160e+01 3.127982139587402344e+00
9.008577561378479004e+01 3.260740756988525391e+00
9.648904943466186523e+01 3.376713991165161133e+00
9.583151745796203613e+01 3.359133005142211914e+00
9.066729259490966797e+01 3.394330501556396484e+00
9.779206418991088867e+01 3.160063982009887695e+00
9.314346218109130859e+01 3.359515905380249023e+00
9.298449397087097168e+01 3.339654922485351562e+00
9.357729959487915039e+01 3.438604116439819336e+00
9.391176986694335938e+01 3.180849075317382812e+00
9.422354960441589355e+01 3.331341981887817383e+00
9.059506320953369141e+01 3.298900842666625977e+00
9.953348970413208008e+01 3.195577621459960938e+00
8.788520288467407227e+01 3.333728790283203125e+00
8.873749327659606934e+01 3.146746635437011719e+00
9.798087811470031738e+01 3.413442134857177734e+00
9.322007060050964355e+01 3.447321653366088867e+00
9.781237196922302246e+01 3.459257602691650391e+00
9.518940234184265137e+01 3.236847162246704102e+00
9.828220558166503906e+01 3.334977626800537109e+00
8.818570733070373535e+01 3.119779348373413086e+00
8.077160048484802246e+01 3.152942657470703125e+00
9.806030154228210449e+01 3.012443780899047852e+00
1.031582763195037842e+02 3.356633663177490234e+00
9.995968103408813477e+01 3.317943572998046875e+00
9.866872453689575195e+01 3.390342712402343750e+00
9.996666955947875977e+01 3.441966772079467773e+00
1.012982053756713867e+02 3.625994920730590820e+00
9.725979375839233398e+01 3.038573980331420898e+00
9.871206092834472656e+01 3.210029602050781250e+00
9.829945898056030273e+01 3.302913427352905273e+00
9.854312658309936523e+01 3.356371402740478516e+00
8.653604388236999512e+01 3.453612565994262695e+00
9.915258622169494629e+01 3.283495903015136719e+00
1.037009899616241455e+02 3.457757711410522461e+00
1.195118360519409180e+02 3.363389015197753906e+00
1.009717490673065186e+02 3.411137819290161133e+00
1.001201984882354736e+02 3.220580101013183594e+00
9.810424137115478516e+01 3.537837982177734375e+00
9.861334443092346191e+01 3.300318717956542969e+00
1.078629698753356934e+02 3.444853067398071289e+00
9.831861114501953125e+01 3.055046319961547852e+00
9.761627483367919922e+01 3.197293281555175781e+00
8.885772585868835449e+01 3.001961708068847656e+00
9.939610147476196289e+01 3.088103532791137695e+00
9.757424116134643555e+01 3.463907718658447266e+00
9.912354683876037598e+01 3.090166091918945312e+00
1.001695630550384521e+02 3.442506074905395508e+00
9.725425076484680176e+01 3.026431560516357422e+00
9.728923940658569336e+01 3.016705989837646484e+00
1.006946702003479004e+02 3.215763092041015625e+00
9.780350351333618164e+01 3.200371265411376953e+00
9.917364931106567383e+01 3.369919538497924805e+00
1.011100437641143799e+02 3.432062625885009766e+00
7.918214321136474609e+01 3.009290695190429688e+00
8.792127394676208496e+01 3.455403804779052734e+00
1.001097650527954102e+02 3.587869644165039062e+00
9.758503794670104980e+01 3.032993793487548828e+00
9.930797457695007324e+01 3.214789390563964844e+00
1.002350733280181885e+02 3.500594377517700195e+00
9.874226236343383789e+01 3.470996379852294922e+00
9.896695756912231445e+01 3.067653894424438477e+00
9.750536775588989258e+01 3.277832031250000000e+00
9.775817608833312988e+01 3.324970722198486328e+00
1.005381658077239990e+02 3.340306282043457031e+00
1.009284794330596924e+02 3.236073255538940430e+00
8.501460266113281250e+01 2.939826250076293945e+00
9.850154447555541992e+01 3.237680196762084961e+00
9.766824364662170410e+01 3.277578830718994141e+00
9.886559557914733887e+01 3.449637889862060547e+00
9.963924288749694824e+01 3.151717662811279297e+00
9.873506569862365723e+01 3.052800893783569336e+00
9.934789729118347168e+01 3.187425136566162109e+00
9.903360939025878906e+01 3.321168422698974609e+00
9.917080044746398926e+01 3.501877546310424805e+00
9.865972089767456055e+01 3.373102903366088867e+00
1.023918018341064453e+02 3.092861175537109375e+00
8.404315543174743652e+01 3.415436506271362305e+00
1.002456147670745850e+02 3.305396318435668945e+00
9.909593772888183594e+01 3.403438329696655273e+00
9.931725955009460449e+01 3.068982124328613281e+00
1.032059378623962402e+02 3.518954992294311523e+00
1.006952211856842041e+02 3.416403055191040039e+00
9.920894837379455566e+01 2.994389772415161133e+00
1.006830651760101318e+02 3.298988580703735352e+00
9.845698237419128418e+01 3.183888673782348633e+00
1.005226716995239258e+02 3.301621913909912109e+00
9.791187953948974609e+01 3.385821342468261719e+00
8.896779108047485352e+01 3.352414608001708984e+00
9.832820153236389160e+01 3.466383457183837891e+00
9.849225997924804688e+01 3.005470275878906250e+00
1.010601587295532227e+02 3.458028316497802734e+00
1.022243921756744385e+02 3.237258911132812500e+00
9.738687181472778320e+01 2.968180894851684570e+00
1.006008894443511963e+02 3.277289390563964844e+00
9.987663221359252930e+01 3.274623870849609375e+00
1.048247740268707275e+02 3.575386047363281250e+00
9.843601942062377930e+01 3.670709371566772461e+00
1.006829459667205811e+02 3.444402217864990234e+00
9.102685070037841797e+01 3.278867244720458984e+00
1.063436169624328613e+02 3.416914939880371094e+00
1.100078289508819580e+02 3.131626367568969727e+00
1.194644620418548584e+02 3.140683650970458984e+00
9.758757710456848145e+01 3.428219079971313477e+00
9.866406297683715820e+01 3.425450086593627930e+00
9.731617856025695801e+01 3.058002471923828125e+00
9.941338992118835449e+01 3.140275001525878906e+00
1.015751252174377441e+02 3.589078426361083984e+00
9.923737144470214844e+01 3.049186229705810547e+00
1.014636270999908447e+02 3.344373703002929688e+00
8.509491539001464844e+01 3.473071336746215820e+00
9.810958290100097656e+01 3.113759756088256836e+00
9.806085467338562012e+01 3.237299203872680664e+00
9.723557853698730469e+01 3.480156183242797852e+00
9.805272364616394043e+01 3.063155651092529297e+00
1.082490339279174805e+02 3.383117198944091797e+00
1.005319628715515137e+02 3.393158912658691406e+00
1.087547340393066406e+02 3.332019805908203125e+00
9.784823203086853027e+01 3.014333963394165039e+00
9.697193169593811035e+01 3.301690578460693359e+00
1.000852692127227783e+02 3.364260673522949219e+00
8.052410364151000977e+01 3.001096248626708984e+00
9.682931208610534668e+01 3.425997257232666016e+00
1.027877089977264404e+02 3.138155937194824219e+00
1.133467831611633301e+02 3.168633222579956055e+00
9.770775294303894043e+01 3.386511802673339844e+00
1.079439156055450439e+02 3.591961860656738281e+00
9.893185687065124512e+01 3.482388734817504883e+00
1.065470602512359619e+02 3.216883420944213867e+00
1.042102599143981934e+02 3.470223426818847656e+00
1.021367201805114746e+02 3.523931503295898438e+00
1.084866158962249756e+02 3.465788125991821289e+00
8.811805605888366699e+01 3.111651897430419922e+00
9.939462828636169434e+01 3.114632606506347656e+00
1.075959563255310059e+02 3.350804090499877930e+00
9.892120933532714844e+01 3.276091575622558594e+00
9.888100957870483398e+01 3.191847324371337891e+00
1.082591493129730225e+02 3.495580673217773438e+00
1.072271633148193359e+02 3.240510940551757812e+00
1.080361807346343994e+02 3.172627925872802734e+00
9.921296811103820801e+01 3.319634199142456055e+00
9.789807105064392090e+01 3.040484905242919922e+00
1.022971603870391846e+02 3.364420175552368164e+00
8.674926924705505371e+01 3.445587873458862305e+00
9.951721262931823730e+01 3.087438821792602539e+00
9.730153679847717285e+01 3.280829429626464844e+00
1.141310751438140869e+02 3.379626274108886719e+00
9.893387532234191895e+01 3.087410449981689453e+00
9.935984587669372559e+01 3.214242935180664062e+00
9.854200387001037598e+01 3.329163312911987305e+00
1.026327872276306152e+02 3.318540811538696289e+00
1.066107614040374756e+02 3.411740541458129883e+00
9.829545593261718750e+01 3.329433202743530273e+00
1.011911053657531738e+02 3.156003952026367188e+00
7.987330913543701172e+01 3.200567007064819336e+00
9.862350344657897949e+01 3.232318639755249023e+00
9.741788983345031738e+01 3.120674133300781250e+00
1.001686024665832520e+02 3.565725088119506836e+00
9.924631118774414062e+01 3.342739582061767578e+00
9.884281349182128906e+01 3.056792974472045898e+00
1.003729157447814941e+02 3.455206394195556641e+00
9.755609154701232910e+01 3.311332464218139648e+00
1.005597703456878662e+02 3.316784620285034180e+00
9.982591128349304199e+01 3.372187852859497070e+00
9.984474349021911621e+01 3.360397100448608398e+00
8.444629096984863281e+01 3.447769880294799805e+00
8.245108628273010254e+01 3.097372293472290039e+00
9.804709267616271973e+01 3.081906557083129883e+00
9.898594164848327637e+01 3.298925161361694336e+00
9.883137059211730957e+01 3.416136264801025391e+00
9.909187602996826172e+01 3.347090482711791992e+00
9.764822196960449219e+01 3.118467092514038086e+00
1.008697721958160400e+02 3.707306146621704102e+00
9.739442467689514160e+01 3.001677036285400391e+00
9.813525938987731934e+01 3.074158191680908203e+00
9.853467774391174316e+01 3.058048009872436523e+00
9.773813819885253906e+01 3.381428003311157227e+00
7.797652077674865723e+01 3.446953535079956055e+00
9.865483093261718750e+01 3.187752008438110352e+00
9.689300727844238281e+01 3.416534423828125000e+00
9.812838196754455566e+01 3.494878053665161133e+00
9.862237715721130371e+01 3.341841459274291992e+00
9.943758225440979004e+01 3.026415348052978516e+00
1.132290201187133789e+02 3.439460992813110352e+00
1.002278909683227539e+02 3.417321443557739258e+00
9.853365039825439453e+01 3.082116127014160156e+00
9.862594437599182129e+01 3.293462038040161133e+00
1.003437497615814209e+02 3.210268259048461914e+00
8.192709875106811523e+01 3.565465688705444336e+00
9.952439713478088379e+01 3.142677307128906250e+00
1.062202544212341309e+02 3.153101205825805664e+00
9.840837955474853516e+01 3.316676616668701172e+00
9.752867078781127930e+01 3.191288948059082031e+00
9.878435015678405762e+01 3.231372594833374023e+00
1.000711448192596436e+02 3.549249887466430664e+00
9.936188220977783203e+01 3.164563894271850586e+00
9.912649130821228027e+01 3.597084522247314453e+00
9.945563125610351562e+01 3.391143083572387695e+00
1.158344264030456543e+02 3.162478685379028320e+00
8.712072682380676270e+01 3.422160625457763672e+00
1.130941755771636963e+02 3.414003372192382812e+00
1.092513279914855957e+02 3.140483379364013672e+00
1.174872901439666748e+02 3.096612691879272461e+00
1.166226832866668701e+02 3.052227973937988281e+00
1.067405812740325928e+02 3.479334592819213867e+00
1.151177821159362793e+02 3.393558025360107422e+00
1.271266856193542480e+02 3.100562810897827148e+00
1.103638496398925781e+02 3.455255031585693359e+00
1.203803579807281494e+02 3.219621181488037109e+00
1.244874029159545898e+02 3.519602537155151367e+00
8.364170980453491211e+01 3.262808322906494141e+00
1.134626538753509521e+02 3.580415010452270508e+00
1.211585781574249268e+02 3.781119346618652344e+00
1.149830696582794189e+02 3.027611494064331055e+00
1.133781137466430664e+02 2.972718954086303711e+00
1.140494890213012695e+02 3.032658815383911133e+00
1.156560583114624023e+02 3.068742513656616211e+00
1.253922131061553955e+02 3.229753017425537109e+00
1.217267391681671143e+02 3.363670110702514648e+00
1.165011878013610840e+02 3.347068309783935547e+00
1.219105315208435059e+02 3.389014005661010742e+00
8.388578367233276367e+01 3.343984365463256836e+00
1.124821813106536865e+02 3.481043338775634766e+00
1.153185698986053467e+02 3.463170528411865234e+00
1.085303897857666016e+02 3.476755142211914062e+00
1.241101922988891602e+02 3.182712554931640625e+00
1.127452099323272705e+02 3.266237497329711914e+00
1.095147345066070557e+02 3.434852123260498047e+00
1.133535568714141846e+02 3.421234130859375000e+00
1.142755200862884521e+02 3.295053482055664062e+00
1.126332447528839111e+02 3.175029277801513672e+00
1.029840524196624756e+02 3.465675115585327148e+00
7.943231630325317383e+01 3.386078357696533203e+00
1.126631488800048828e+02 3.220015287399291992e+00
1.128130927085876465e+02 3.268887281417846680e+00
1.085867369174957275e+02 3.321859121322631836e+00
1.124270789623260498e+02 3.289260387420654297e+00
1.067347812652587891e+02 3.073764085769653320e+00
1.079307904243469238e+02 3.586310386657714844e+00
1.157580261230468750e+02 3.477078437805175781e+00
1.080724461078643799e+02 3.036707162857055664e+00
1.090440909862518311e+02 3.156664848327636719e+00
1.077091646194458008e+02 3.091711759567260742e+00
8.053751325607299805e+01 3.079903841018676758e+00
1.238792729377746582e+02 3.541630744934082031e+00
1.064360125064849854e+02 3.501017332077026367e+00
1.216445596218109131e+02 3.163773775100708008e+00
1.201164798736572266e+02 3.371534109115600586e+00
1.058550443649291992e+02 3.451014280319213867e+00
1.110632812976837158e+02 3.026666641235351562e+00
1.197942016124725342e+02 3.472805738449096680e+00
1.023010985851287842e+02 3.280981779098510742e+00
1.168611845970153809e+02 3.163695812225341797e+00
1.139670066833496094e+02 3.474520683288574219e+00
8.200693368911743164e+01 2.954630374908447266e+00
1.142736034393310547e+02 3.249957561492919922e+00
1.198852608203887939e+02 3.183630466461181641e+00
1.055435602664947510e+02 3.070730924606323242e+00
1.156095876693725586e+02 3.441256523132324219e+00
1.150551867485046387e+02 3.190826177597045898e+00
1.197622575759887695e+02 3.391273736953735352e+00
1.055735735893249512e+02 3.478668451309204102e+00
1.151614012718200684e+02 3.311389923095703125e+00
1.188051264286041260e+02 3.134261369705200195e+00
1.033188145160675049e+02 3.378318071365356445e+00
8.443488454818725586e+01 3.337053537368774414e+00
1.144316978454589844e+02 3.408373594284057617e+00
1.078015451431274414e+02 3.070816516876220703e+00
1.110009536743164062e+02 3.516289949417114258e+00
1.131529211997985840e+02 3.281629323959350586e+00
1.155133025646209717e+02 3.141366958618164062e+00
1.126319625377655029e+02 3.128002405166625977e+00
1.142265150547027588e+02 3.049257516860961914e+00
1.120902709960937500e+02 3.407806396484375000e+00
1.153643419742584229e+02 3.157946586608886719e+00
1.105630009174346924e+02 3.372764825820922852e+00
8.740379667282104492e+01 3.061609506607055664e+00
8.814511108398437500e+01 3.179527282714843750e+00
1.115538709163665771e+02 3.385301828384399414e+00
1.130218186378479004e+02 3.020134925842285156e+00
1.189161865711212158e+02 3.290321588516235352e+00
1.124786298274993896e+02 3.293448925018310547e+00
1.160203745365142822e+02 3.277962446212768555e+00
1.152871663570404053e+02 3.329722404479980469e+00
1.096310210227966309e+02 3.106984138488769531e+00
1.165917623043060303e+02 3.510196924209594727e+00
1.157077982425689697e+02 3.513955593109130859e+00
1.058764317035675049e+02 3.405796051025390625e+00
8.854767179489135742e+01 3.482742786407470703e+00
1.146439077854156494e+02 3.470600366592407227e+00
1.092516117095947266e+02 3.339123964309692383e+00
1.076112346649169922e+02 3.358287811279296875e+00
1.157961390018463135e+02 3.371749877929687500e+00
1.135765287876129150e+02 3.435129404067993164e+00
8.684945893287658691e+01 3.383631706237792969e+00
7.998156595230102539e+01 3.414921045303344727e+00
9.084821391105651855e+01 3.362763881683349609e+00
8.228748440742492676e+01 3.272469520568847656e+00
8.877443218231201172e+01 3.453701972961425781e+00
8.666315960884094238e+01 3.446362733840942383e+00
8.665582084655761719e+01 3.169041395187377930e+00
8.978355550765991211e+01 3.595814228057861328e+00
8.372286248207092285e+01 3.371734380722045898e+00
8.014103007316589355e+01 3.325891971588134766e+00
8.924635148048400879e+01 3.100685119628906250e+00
8.772792649269104004e+01 3.551514863967895508e+00
8.970551586151123047e+01 3.359918355941772461e+00
8.802165389060974121e+01 3.380815744400024414e+00
8.607037758827209473e+01 3.079151868820190430e+00
8.532537388801574707e+01 3.332588434219360352e+00
7.958619213104248047e+01 3.036690711975097656e+00
9.318648362159729004e+01 3.251405954360961914e+00
9.081217598915100098e+01 3.272221565246582031e+00
8.581939792633056641e+01 3.497620105743408203e+00
9.519399666786193848e+01 3.454409122467041016e+00
8.310841703414916992e+01 3.335349559783935547e+00
8.462175011634826660e+01 3.123297214508056641e+00
8.783606815338134766e+01 3.397597312927246094e+00
9.236276006698608398e+01 3.399085760116577148e+00
8.716222763061523438e+01 3.110735177993774414e+00
8.911498165130615234e+01 3.471950054168701172e+00
8.674358892440795898e+01 3.435574769973754883e+00
7.955031490325927734e+01 3.312070608139038086e+00
8.926926970481872559e+01 3.495650291442871094e+00
8.831687188148498535e+01 3.110692262649536133e+00
8.802943396568298340e+01 3.371608257293701172e+00
8.748242354393005371e+01 3.162875890731811523e+00
9.279765987396240234e+01 3.159659147262573242e+00
9.953866076469421387e+01 3.039266586303710938e+00
8.987492918968200684e+01 3.603925466537475586e+00
8.214250612258911133e+01 3.140770435333251953e+00
9.000477814674377441e+01 2.355496168136596680e+00
8.914832377433776855e+01 2.638635396957397461e+00
8.114174532890319824e+01 2.291703701019287109e+00
9.110385847091674805e+01 2.236798524856567383e+00
8.290908122062683105e+01 2.424423456192016602e+00
8.722401928901672363e+01 2.315322637557983398e+00
7.963997149467468262e+01 2.222862720489501953e+00
8.577092504501342773e+01 1.788073539733886719e+00
8.527837729454040527e+01 1.829026222229003906e+00
8.336378955841064453e+01 2.155543804168701172e+00
8.345924067497253418e+01 2.009256839752197266e+00
7.919452095031738281e+01 1.958919048309326172e+00
8.846440005302429199e+01 1.577663421630859375e+00
7.951201343536376953e+01 1.567387104034423828e+00
7.165469217300415039e+01 1.715351104736328125e+00
6.823943352699279785e+01 1.724167346954345703e+00
7.302110719680786133e+01 1.741177320480346680e+00
7.064700174331665039e+01 1.679355144500732422e+00
7.244580721855163574e+01 1.562238454818725586e+00
6.705055069923400879e+01 1.788196563720703125e+00
6.591042876243591309e+01 1.703801870346069336e+00
6.410484766960144043e+01 1.663074970245361328e+00
6.885710859298706055e+01 1.607725620269775391e+00
6.830599308013916016e+01 1.590504407882690430e+00
7.517764925956726074e+01 1.946331501007080078e+00
6.377844929695129395e+01 1.536025762557983398e+00
