3.190651759059349307e-02
2.203691532098405251e-02
2.488963059655264765e-01
1.018963098464125694e-01
6.378273978397482058e-02
5.403185278202195935e-02
7.519642701933777762e-02
9.737773803336886858e-02
6.006830402449503392e-02
2.284967331410312982e-02
1.885297607501490447e-01
2.662131771347318529e-02
2.313963386989734416e-01
2.832207846568400578e-02
9.195017596546629923e-02
8.868183264487057571e-02
5.862156187639685351e-02
3.359754776203836141e-02
4.007070446982161777e-02
4.081049193635268718e-02
5.058164992411631061e-02
6.699567831230775206e-02
2.069367240889889714e-01
2.845455678381597978e-02
7.011552015354521883e-02
2.942913144945305537e-02
6.734792940597612854e-02
1.811925739227822074e-01
8.993025310607127842e-01
9.552928086640051220e-01
6.773536022592115957e-01
1.386487418049354048e+00
8.189718716363314499e-01
8.494602778967018653e-01
4.976509364210615627e-02
5.873844629641303827e-01
2.045181045740031012e-01
7.740544212473580155e-01
9.341247895102093857e-01
3.488718446243264659e-01
2.670173645489627989e-01
1.262344220551851803e+00
4.814501787214355288e-01
5.057325053827265160e-01
8.309327276657815231e-01
3.714941960474402866e-02
6.061595807506572342e-01
7.521366893045206004e-01
2.759906889247865647e-01
4.181340649167790136e-01
5.852111070030759921e-01
8.285129368789281301e-01
7.065354512911884433e-01
6.794271767624450176e-01
3.014667037532148264e-01
3.535387420616658005e-01
4.690349468273848771e-02
3.496193566353816284e-01
3.930929422152639741e-01
3.959598012360951991e-01
9.863733041213063046e-01
2.564875638310217809e-01
6.526633414434850344e-01
2.670835479442343341e-01
2.969317330864054139e-01
8.589780750136603027e-01
1.007236033870843483e+00
3.659773018478934548e-02
4.175977208890969128e-01
3.735300890259106166e-01
7.059348005940601078e-01
5.705513612229041742e-01
1.294548190533634235e+00
5.907203735064083805e-01
2.810672037418389113e-01
2.231590475893785175e-01
1.265585993202380299e+00
3.001261020763467680e-01
2.356183898612834726e-02
2.449712829078405998e-02
2.435471462065215142e-01
3.755581140960006364e-02
2.842709214056390876e-02
2.222804216559264301e-01
2.157358021526315298e-02
2.099969332288817783e-02
2.596098926482712232e-02
1.940662313071915557e-02
2.550454606837746288e-02
2.980961683736733578e-02
2.450881907384446293e-02
1.932775591857044742e-02
4.869154366850424707e-03
3.031938780936549449e-02
1.576971075990872551e-02
2.665029432910980337e-02
1.980855403171455711e-02
2.989180397533437727e-03
2.629301715073043000e-02
2.615735190839812985e-02
2.276172831497757024e-02
2.233475133839033303e-02
2.195442238931198664e-02
2.608750166193513076e-02
2.956027651127953945e-02
2.479165629350264452e-02
1.682034724971578563e-02
1.793951968783924836e-02
2.772802455457419601e-02
2.746125210033494371e-02
3.086253346495409014e-02
1.133894018098285522e-01
3.306737219940837635e-02
1.867750454590562381e-02
2.346217813079640169e-02
1.374782533087462177e-01
2.099819478183339097e-02
2.818550182155289685e-02
3.686278345235572546e-02
2.904855797559575611e-02
2.523047186249712318e-02
3.447668690364780880e-02
3.807889520215947815e-02
4.417036283458398299e-02
2.479061339740222178e-02
2.080679859525204692e-02
2.592374315534471882e-02
2.890907921905637792e-02
3.181727278409166720e-02
3.450818301544211764e-02
3.096410406035594517e-02
2.461490851045423575e-02
2.726385259259557145e-02
1.838616519441555949e-02
2.340313388332113109e-02
1.823441345639978048e-02
1.888478135461147192e-02
1.520108973795496199e-01
1.251778132851836534e-01
2.584700449573201775e-01
2.758463325189851323e-02
2.398750189432419244e-02
2.108513011425554654e-02
1.923996042500672188e-01
2.098119853778429925e-02
7.348023791400497273e-02
1.772719232447388660e-01
2.383823789617529887e-02
2.409107015552920672e-02
8.533715047178071222e-03
1.731125622074855194e-02
1.915661758173906049e-02
6.959491343889266830e-03
1.516076088452940340e-02
1.151228501063050746e-02
3.198093626703293196e-02
8.621790441566308527e-02
6.408623797636617270e-02
3.728933813828434144e-03
1.245147973208050873e-02
3.446218518510710954e-02
1.389886354421775438e-01
2.240203690269408285e-02
3.374793475755474836e-02
3.761465567544893251e-01
1.872041905277721796e-01
2.926655592897794977e-01
4.352152751401738157e-02
1.789317723729929102e-02
2.687814003047338599e-02
2.647964777693541730e-02
3.883860555408388815e-02
6.993400114899950282e-02
2.120200056157929280e-01
1.349603161626530649e-02
2.397554577875215046e-02
2.376002249591963045e-02
2.952006702101886426e-02
6.012293258895643616e-02
3.220161080881428495e-02
3.557928412878295643e-01
1.664085398969487525e-02
2.098720632609899980e-02
3.940389543882064256e-03
2.625126554689629840e-02
2.501061931722150123e-03
2.448935782836692832e-01
2.548159257417659806e-01
3.459109469599851768e-03
5.657889243297623688e-02
2.416586479649555572e-02
1.321965993493765812e-01
1.245480090410504143e-01
2.466972445015118073e-02
4.952600426836073141e-03
9.405525107497108087e-03
6.745810814910721022e-03
2.662473446640246585e-02
1.474707959430202574e-02
1.454575381343183559e-02
4.170131948607702643e-02
7.055516423372379213e-03
2.770839287325945269e-02
1.293515875941048977e-02
3.096145024146945701e-02
1.732229625315558075e-02
3.500453932788667039e-02
2.527843669786760186e-02
7.991816881669512249e-03
1.580775919492803314e-02
2.722840779228560271e-01
3.516877329343476993e-02
1.830443689795856546e-02
2.164603876279894146e-02
2.363831442072232905e-02
1.777399432717972905e-02
2.064257065639705027e-02
2.214624802380064580e-02
1.542077803014649945e-02
2.097297591649524562e-02
3.169054417330926382e-02
3.613803655523092906e-02
5.582487394772384093e-02
5.766358299147275601e-02
2.654625661854213489e-02
3.294686360372812983e-02
2.417104958682569915e-02
2.458766704648971194e-02
3.046204682600860136e-02
2.019140776311949270e-02
2.982749548201642578e-02
2.856637405723351508e-02
2.464578315172470321e-02
2.840597096167602267e-02
3.196233696735541890e-02
2.404774449533779099e-02
2.228198770246873558e-02
1.677115141993473779e-02
2.239437841976818500e-02
2.082318317494219126e-02
2.083337850773064881e-02
2.538995271606174498e-02
2.205873369383439322e-02
2.997088939005325761e-02
3.010025539119469754e-02
1.938593331185871696e-02
1.577711756806137247e-02
2.864460041289196984e-03
1.045865078234151091e-02
2.624323415991439146e-02
2.465130177722699156e-02
2.747525573800523868e-01
7.341874877070847343e-03
3.456637466761428717e-02
3.090998885669945032e-02
2.648369072891768039e-01
6.428267769347600913e-02
2.436845154392940638e-01
2.393332001464811565e-01
4.160022541073312152e-01
3.983951710746393982e-01
3.280710018912203485e-01
5.592842032499041327e-01
1.953967284091367718e-01
2.844617163140768512e-01
1.733543682947610298e-01
2.471281317067299810e-01
2.712084723529815944e-02
3.104359852566360156e-01
5.931709292616855755e-01
3.829109672917924700e-01
3.921227528070359014e-01
1.830209707086868365e-01
4.347400300644783111e-01
5.273770079754247497e-01
2.419186613513561734e-01
3.578444757436898271e-01
6.112805539697918622e-01
2.685408453274833532e-02
3.819579651856702118e-01
2.030925485764526195e-01
2.427169665296464995e-01
2.130664225538514700e-01
3.226360744100217337e-01
2.420871057080716537e-01
4.032884719437176968e-01
2.642340425191361253e-01
6.316535901254707319e-01
1.718106578312378341e-01
9.873866272305119318e-02
5.242938007824314850e-01
6.097522652628842854e-01
2.157845263519154455e-01
3.070822914222915423e-01
1.742854690296170850e-01
1.784668042247254949e-01
8.038912556754987948e-01
2.480455574020261900e-01
1.875980140480343061e-01
4.103666292031749041e-01
1.684208208905797755e-01
1.274379744971040340e+00
2.499610385293330184e-01
1.680308916307255707e-01
5.430542857456197581e-01
8.780208462798930746e-01
4.715501735533445538e-01
4.414345225616524426e-01
3.871316825245913473e-01
1.914288710066272825e-01
3.087500636663032538e-01
3.995892086428620010e-02
2.455237477934969492e-01
2.537696303934035558e-01
2.454760463139416260e-01
2.104731581030572229e-01
2.792506045450138807e-01
6.381736851109369724e-01
3.893343807914746435e-01
3.280410751285456339e-01
3.409695545804997674e-01
4.484451337685675387e-01
5.769929249297119783e-02
1.964989095157622379e-01
2.400415507176922869e-01
1.332173948116333884e-01
2.163326619881924540e-01
3.804082409097358508e-01
3.774861672039906413e-01
1.946712083313820452e-01
4.408192967136142504e-01
3.373375710988859022e-01
3.640419958472085327e-01
8.380480064831918874e-02
2.407830362791031284e-02
6.103628544290379265e-01
2.084495723718545468e-01
1.858780010910700276e-01
1.919445054366180070e-01
3.666406096387104796e-01
4.304027906566025852e-01
1.208102004751617359e-01
3.498307769436707626e-01
5.053444350155439357e-01
2.263161079415182686e-01
1.993220979380493432e-02
2.789899310041030200e-01
2.555725217252637904e-01
2.162634713136567799e-01
2.608665119101987728e-01
4.180625626975203457e-01
3.407528970952544700e-02
3.152052025048353995e-02
3.601480835537113068e-02
2.331257116173413024e-02
5.820175409380845544e-02
2.548256965163131840e-02
7.307815722941710113e-02
6.789089900943624800e-02
1.737338793995097108e-01
3.082577267736767712e-02
3.294570670528534223e-02
4.145383635547376239e-02
6.611968640985632639e-02
7.936791102198320624e-02
2.663096467272811282e-02
9.648935403304063907e-02
3.053420074979031409e-02
5.183462153862320593e-02
5.118176919867622326e-02
3.307166112564070143e-02
2.244096785746755793e-02
9.322160855432065629e-02
8.170366750861005056e-02
4.248029880201281000e-02
1.141611417227279546e-01
1.028783955448604875e-01
6.032666131744301996e-02
3.578988259372309355e-02
2.971160215209147151e-02
9.553270397368950062e-02
6.648141108636639041e-02
3.200628014252704379e-01
3.362549113353588415e-02
3.275911814950111522e-01
1.859192399627404013e-01
1.000730552691132674e-01
5.637083265527455950e-02
3.048227249947809692e-01
1.342614112782856417e-01
2.327762698199466532e-02
2.996971787705160137e-02
3.500711071382947570e-02
2.106784775602723106e-02
3.515576246489301310e-02
4.607871678605935523e-02
1.737663718838354521e-01
1.819330249375282760e-01
2.441276045618835100e-01
9.118288262419747825e-02
3.226582265238533281e-02
3.607077491509193962e-02
9.092609214988749133e-02
3.047132397332570283e-02
5.077857984491418453e-02
4.541459482471296022e-02
9.243060936897851132e-02
4.945589332473297045e-02
2.988892395498642454e-02
2.705650818653652923e-02
1.263867258160254747e-01
1.962347580464069915e-02
2.881705999844334440e-02
5.840823198406456390e-02
