4.909910499389846250e-01
9.685014753229869156e-01
1.903682656798383777e+00
1.066503059679340781e+00
6.366855552989798550e-01
1.032923137400366898e+00
8.592624924294097744e-01
1.083235617577767318e+00
1.208484397013923850e+00
5.651072910418750705e-01
1.067055364535268724e+00
6.841646950413803330e-01
4.396748041518405259e+00
7.396899806790752097e-01
1.022684778895025071e+00
1.208628071446588903e+00
1.575943866908968261e+00
6.424836638688876667e-01
4.677800486645896649e-01
6.549785439266776477e-01
6.612183791893005980e-01
6.511137788167866702e-01
1.186487588175872299e+00
4.931703331635981513e-01
1.461799594647851253e+00
8.802566010323603640e-01
1.468806806407055854e+00
1.216729687100324586e+00
2.906706917816298752e+00
3.807261541264297389e+00
3.008652925164585490e+00
4.683404640899720306e+00
2.625339856446568199e+00
3.125265886186116226e+00
8.405994685054667404e-01
3.812814877098552602e-01
5.991343024836225384e-01
2.301540903534074367e+00
2.287268859052788983e+00
2.542437730825001241e-01
3.362833890403332249e-01
2.858527994069194111e+00
1.974928826105599722e+00
2.245747687116211200e+00
2.988582238827899751e+00
7.688341837387600020e-01
2.099869714794190934e+00
2.353523565747341451e+00
1.040265775200207798e+00
1.266413995601855413e+00
2.011792606993476173e+00
3.918501726931568729e+00
2.236077341395334095e+00
2.596339611660443580e+00
6.324823682955544868e-01
6.146197592685356259e-01
8.392881067682036456e-01
8.907905732348632144e-01
1.266531389140054698e+00
5.196435930761298394e-01
5.462499874802068334e+00
2.940357702667300011e-01
2.176907560143247711e+00
1.074947514073130828e+00
1.083202655319658536e+00
6.221897360574042857e+00
2.622501686053507086e+00
6.565507347930281679e-01
1.500073431052896478e+00
1.606138644990954267e+00
1.750183400955193980e+00
2.103320119080947403e+00
1.677440363136806312e+01
1.727916592418313968e+00
6.666693522310251918e-01
9.965779790419817541e-01
1.424853930415261516e+01
1.347453820851574280e+00
9.856774036199051903e-01
3.085068901781951922e+00
1.249928292484765890e+01
5.779067838794341938e+00
4.162352622510535838e+00
6.035604653989618207e+00
3.355902008763887334e+00
2.864086311432161303e+00
3.272775593753125545e+00
2.935212581180033808e+00
3.463358260250178233e+00
7.002628458658438637e-01
3.150062824128444294e+00
3.418436853042822854e+00
7.032612067734752337e+00
4.641902006361788402e+00
2.423283068257001016e+00
3.721778834426516358e+00
2.292556352247833384e+00
5.327076411568783421e+00
3.340379095366577289e+00
3.757472134581919310e+00
5.024421511495179571e-01
3.855663224395803113e+00
3.062696526184876866e+00
4.160600122235678988e+00
4.249067011448971698e+00
3.536881262053062969e+00
1.918822482261512086e+00
2.815012036924754657e+00
4.009267080597687105e+00
3.860245808261468348e+00
4.050713189560608996e+00
1.783647389929306826e+00
5.958621433840483039e-01
2.650043692374833171e+00
3.011186191736310303e+00
4.084244429249701547e+00
2.980673195989312241e+00
4.213803759121757864e+00
5.970934810669126236e+00
3.641465227799726811e+00
3.285188215518332733e+00
5.020195046821770646e+00
7.820944282849867868e+00
9.065313725928572097e-01
3.373066660293792207e+00
2.686180171386206794e+00
3.262429331186988524e+00
6.345709350631882018e+00
4.822277495216667376e+00
5.267167985426295829e+00
4.099629503780178652e+00
3.485723423012478062e+00
3.817755050455608146e+00
3.159098398449134759e+00
9.490520298599581794e-01
2.838864700320356427e+00
2.596286752425498445e+00
1.014894017523404468e+00
5.922902708823829521e-01
4.721084259427856367e+00
3.937749322908396188e+00
3.628583092998501680e+00
2.890258225966254813e+00
1.717866514551658952e+01
3.276787608175771194e+00
8.199017064149750622e-01
4.282211794370963887e+00
3.136976841222690826e+00
3.525454227576882094e+00
1.665351006338135820e+00
2.721311745005934313e+00
3.259998714178850232e+00
1.286513663819533582e+00
3.503374380603695659e+00
2.046866392869435280e+00
4.709330558394509758e+00
1.246056101726035203e+00
6.555783626387199359e-01
3.607446467172048088e+00
5.598258648083938915e+00
4.531683617053416491e+00
9.366102663722893906e-01
2.975293778776642473e+00
4.414088891359300604e+00
5.663553930212478882e+00
4.847915463849980178e+00
5.352501916051864761e+00
8.067414214056916055e-01
2.758025265687377381e+00
3.399000762045793600e+00
3.423516583104214916e+00
5.894814981560098310e+00
7.122845874037865066e+00
4.988004134732157091e+00
2.444437083164241908e+00
3.184697154881455106e+00
3.080297032113121780e+00
3.854189318770572914e+00
8.283840960543097376e-01
4.174289307129740223e+00
2.185210036940795320e+01
5.716613579456597094e+00
2.952589598558449158e+00
1.233272568446717399e+00
4.495407502176994363e+00
1.010214185452801949e+00
5.877999248053769499e+00
5.116554766511534069e+00
3.393660179336256189e+00
8.997978917017508405e-01
3.034758215953651916e+00
1.593304026378869143e+00
6.466705208239241776e-01
2.999008654141265051e+00
1.390265375651348334e+00
2.171707656978199452e+00
1.374084127341384409e+00
4.217035471393339563e+00
2.882494032828027741e+00
2.619382149528770132e+00
8.473761799344510237e-01
1.403340045958458848e+00
3.258798600185999650e+00
2.622338638138502098e+00
4.245191849763378045e+00
3.055976293431897250e+00
4.797097637492193201e+00
4.423300182121612245e+00
1.560738773940127055e+00
2.727276387148004133e+00
4.051911151077133511e+00
5.181914621009726662e-01
2.300358252463015063e+00
3.462054975722835604e+00
3.217628967606773305e+00
2.722620949861561890e+00
2.840732762867732131e+00
3.618147263720763007e+00
2.212907794195792643e+00
2.680641953158216406e+00
4.162881053567754286e+00
5.551993660754882320e+00
1.016204122175192071e+00
1.153378261986938380e+00
3.459390338198776060e+00
4.444738367140671720e+00
3.220698439885191000e+00
4.500216653110311604e+00
3.956651430356200372e+00
2.791988076427829757e+00
3.724309883596002013e+00
3.709908068474645049e+00
3.093711512121490426e+00
3.623298758981439605e+00
6.947297053336226602e-01
3.181125970717879170e+00
2.682867441377523310e+00
2.262158786832053625e+00
3.697675777240885697e+00
3.899976001418795857e+00
8.961392784164015524e+00
5.312895029517240353e+00
2.940942088943693467e+00
4.832304683017037306e+00
4.379293223588309303e+00
4.153954208644837220e-01
2.845443964474738241e+00
2.297830496748097140e+00
1.524132909738054931e+00
3.532969488091494803e+00
3.956591401963937216e+00
5.888919745669065620e+00
1.337089301113466577e+00
4.539050068282425521e+00
3.790493162740150801e+00
9.254575907989130990e-01
1.456925639461808863e+00
8.481144609775747023e-01
1.435230891523171737e+00
1.640021630096030636e+00
1.322117914315199982e+00
1.778580373806369019e+00
2.042098381529155571e+00
3.660420872599797759e-01
1.164673851082776324e+00
6.896129234665262508e-01
4.482451540738284779e-01
9.643105761826024080e-01
8.749098627243296900e-01
2.119756012018555236e+00
1.952221717432652603e+00
1.870168124831739220e+00
7.373534507421515283e-01
1.355938484173172975e+00
1.375842504379798825e+00
7.228948358264118967e-01
1.247880236794097097e+00
1.122184201862315822e+00
6.624330588870239733e-01
1.800467915020381948e+00
4.600135724650549207e-01
1.017256964658290075e+00
1.017578310818671339e+00
1.435159593949711043e+00
1.297011726590411085e+00
1.660742778031220723e+00
1.255026218965886065e+00
2.136753146941723358e+00
7.367787185976687470e-01
1.646542962054903247e+00
1.023978620258533923e+00
3.533311544233106005e+00
8.544540223878488439e-01
1.272184045194255431e+00
8.324268617677342830e-01
1.151481093627962915e+00
3.346214708705926189e+00
9.720495430863608233e-01
9.457473590296354704e-01
1.477639084229441790e+00
2.261973407215905230e+00
1.341670403579331428e+01
1.021311595298241226e+00
8.041023512375403692e-01
1.803676097399975919e+00
3.309602801314684317e+00
2.275275657436178101e+00
2.492074577292856752e+00
1.719084053222186492e+00
8.453908687494153806e-01
1.187722079441688505e+00
6.814838878899902586e-01
1.384790137771933383e+00
1.204778177110177539e+00
1.024391762842211007e+00
8.742303704664657893e-01
7.575924715034028090e-01
2.215809348734755879e+00
1.795725637555088072e+00
1.243281826530744150e+00
1.229164089766836110e+00
1.556245344920950124e+00
1.153883702131562439e+00
9.181593011424625805e-01
1.079663925247778433e+00
6.737402703721990793e-01
9.855492706204332931e-01
1.354140741495696076e+00
1.626821080714419443e+00
1.286964255591480422e+00
8.925540265231410864e-01
1.848665761463109902e+00
1.700591974824690711e+00
1.558527998519023017e+00
5.205380403769084285e-01
1.980915009483637634e+00
1.062169103436487516e+00
6.182546972466348434e-01
7.369848792773687762e-01
1.608383005412971078e+00
1.564288416363360135e+00
4.764266989865957869e-01
1.159797666890289625e+00
2.026632067359004363e+00
9.602985165152941871e-01
3.464737694844819971e-01
1.193219071021699218e+00
1.206110715384786980e+00
9.437144186304843307e-01
1.221751430714591358e+00
6.239406523396485715e-01
7.593967646174495378e-01
6.897554896362669830e-01
7.860700956029994524e-01
5.778455980617240861e-01
6.883349945941589221e-01
6.076752534222096269e-01
1.261956964880229348e+00
1.522003963337106969e+00
2.479858718084825941e+00
5.920260499025812306e-01
4.063033233692491808e-01
6.870182956683482667e-01
1.088093298330603531e+00
1.176536549585881275e+00
6.436257140592320791e-01
1.915214400493089997e+00
9.076180966186628840e-01
1.140670396545139242e+00
1.128341622029898295e+00
9.934999156495246675e-01
2.407766648820750810e-01
9.942573554429517957e-01
5.117194152153294873e-01
1.320285678341245328e+00
1.429864224192617161e+00
1.289560044161564223e+00
8.007026759570375907e-01
8.042843768543895822e-01
5.920906611506903117e-01
6.003655041467019782e-01
1.343043421069459953e+00
4.607218158164721800e+00
6.517491195361263534e-01
1.310756577989768745e+00
1.428840317933627091e+00
6.453592184435178458e-01
9.819218161309503090e-01
2.218913341320827293e+00
1.039158245052311358e+00
9.721058273760397883e-01
6.886519253960733389e-01
7.345631251655142524e-01
4.271179764399864465e-01
5.442608141989339066e-01
9.466579373759407279e-01
6.737844020727172811e-01
2.680164852338016601e+00
1.526138192937693594e+00
8.053110279736678256e-01
3.418113887257479555e-01
7.308038722673060317e-01
8.375388561453207537e-01
5.870823395734624528e-01
7.523354154806736194e-01
6.758436772385859603e-01
9.315580062007677853e-01
8.051413327342421544e-01
6.241077995183049731e-01
5.757412494061728836e-01
2.069884843260653362e+00
5.455702856222055530e-01
4.102340988535520538e-01
9.824792317988702006e-01
