3.137571811676025391e-01 4.447102546691894531e-02
2.468843460083007812e-01 4.367971420288085938e-02
3.062105178833007812e-01 3.509974479675292969e-02
3.863270282745361328e-01 4.354619979858398438e-02
3.327260017395019531e-01 4.198074340820312500e-02
2.715682983398437500e-01 3.608298301696777344e-02
3.534729480743408203e-01 4.396772384643554688e-02
2.729916572570800781e-01 4.352593421936035156e-02
3.195323944091796875e-01 4.449319839477539062e-02
4.622092247009277344e-01 4.702830314636230469e-02
4.007797241210937500e-01 4.458427429199218750e-02
4.008684158325195312e-01 4.236769676208496094e-02
3.434979915618896484e-01 4.352068901062011719e-02
3.567247390747070312e-01 2.733755111694335938e-02
3.162293434143066406e-01 4.570722579956054688e-02
2.878806591033935547e-01 4.485082626342773438e-02
2.844519615173339844e-01 6.509399414062500000e-02
3.915872573852539062e-01 3.535938262939453125e-02
3.494796752929687500e-01 4.238176345825195312e-02
4.041495323181152344e-01 6.401276588439941406e-02
3.404550552368164062e-01 3.370618820190429688e-02
3.589644432067871094e-01 4.489302635192871094e-02
4.006998538970947266e-01 4.552316665649414062e-02
3.857660293579101562e-01 3.188681602478027344e-02
4.401490688323974609e-01 4.661488533020019531e-02
3.271181583404541016e-01 4.227375984191894531e-02
3.353576660156250000e-01 4.482364654541015625e-02
3.927342891693115234e-01 4.433369636535644531e-02
4.048378467559814453e-01 4.483938217163085938e-02
4.570713043212890625e-01 3.509283065795898438e-02
4.180281162261962891e-01 4.516839981079101562e-02
3.945417404174804688e-01 4.384660720825195312e-02
3.745212554931640625e-01 4.245948791503906250e-02
4.141438007354736328e-01 4.800152778625488281e-02
3.755292892456054688e-01 4.522156715393066406e-02
3.408155441284179688e-01 4.468274116516113281e-02
3.545980453491210938e-01 3.457832336425781250e-02
3.452241420745849609e-01 4.391551017761230469e-02
3.681571483612060547e-01 4.443597793579101562e-02
3.821778297424316406e-01 4.394674301147460938e-02
3.328211307525634766e-01 4.500174522399902344e-02
4.026575088500976562e-01 4.733085632324218750e-02
3.301451206207275391e-01 4.484653472900390625e-02
3.700096607208251953e-01 4.487681388854980469e-02
3.376953601837158203e-01 2.757453918457031250e-02
3.436312675476074219e-01 4.418826103210449219e-02
4.324734210968017578e-01 4.478216171264648438e-02
3.883037567138671875e-01 4.372048377990722656e-02
3.635234832763671875e-01 3.734064102172851562e-02
3.731808662414550781e-01 4.431819915771484375e-02
3.483228683471679688e-01 3.662347793579101562e-02
3.817467689514160156e-01 4.356646537780761719e-02
3.762326240539550781e-01 3.827142715454101562e-02
3.937807083129882812e-01 3.638958930969238281e-02
3.409085273742675781e-01 7.568383216857910156e-02
3.370752334594726562e-01 4.330015182495117188e-02
3.880705833435058594e-01 4.467272758483886719e-02
3.247361183166503906e-01 3.201317787170410156e-02
3.567550182342529297e-01 4.351472854614257812e-02
3.155262470245361328e-01 4.531598091125488281e-02
3.965330123901367188e-01 4.428434371948242188e-02
3.958563804626464844e-01 4.499292373657226562e-02
3.708295822143554688e-01 3.733873367309570312e-02
3.742051124572753906e-01 5.092000961303710938e-02
3.828814029693603516e-01 4.499602317810058594e-02
3.781819343566894531e-01 4.615759849548339844e-02
3.908336162567138672e-01 4.260015487670898438e-02
3.177521228790283203e-01 4.524421691894531250e-02
3.985009193420410156e-01 4.380607604980468750e-02
3.573892116546630859e-01 3.824448585510253906e-02
3.972704410552978516e-01 4.551744461059570312e-02
3.707847595214843750e-01 4.500913619995117188e-02
3.460817337036132812e-01 4.406452178955078125e-02
3.953168392181396484e-01 4.519653320312500000e-02
4.030153751373291016e-01 4.751396179199218750e-02
3.835401535034179688e-01 3.454232215881347656e-02
3.593385219573974609e-01 3.226709365844726562e-02
3.098256587982177734e-01 4.201722145080566406e-02
3.836336135864257812e-01 4.465460777282714844e-02
4.822821617126464844e-01 4.311966896057128906e-02
4.478080272674560547e-01 4.432892799377441406e-02
5.812413692474365234e-01 4.352807998657226562e-02
5.215735435485839844e-01 4.339432716369628906e-02
5.256116390228271484e-01 4.077911376953125000e-02
5.341348648071289062e-01 6.767344474792480469e-02
5.273370742797851562e-01 4.384136199951171875e-02
5.264809131622314453e-01 4.423904418945312500e-02
5.323894023895263672e-01 4.276251792907714844e-02
5.304243564605712891e-01 4.416203498840332031e-02
4.279332160949707031e-01 4.387402534484863281e-02
4.695072174072265625e-01 4.383516311645507812e-02
6.217229366302490234e-01 4.405236244201660156e-02
5.908443927764892578e-01 4.552698135375976562e-02
5.423138141632080078e-01 4.401397705078125000e-02
5.008120536804199219e-01 4.248785972595214844e-02
5.463924407958984375e-01 4.502153396606445312e-02
5.431289672851562500e-01 4.291534423828125000e-02
5.387980937957763672e-01 4.322957992553710938e-02
5.254240036010742188e-01 4.386758804321289062e-02
5.414547920227050781e-01 4.485273361206054688e-02
4.011924266815185547e-01 1.056063175201416016e-01
5.298223495483398438e-01 4.375839233398437500e-02
5.455589294433593750e-01 4.394578933715820312e-02
5.391521453857421875e-01 4.382109642028808594e-02
5.608813762664794922e-01 4.300165176391601562e-02
5.371639728546142578e-01 4.349207878112792969e-02
5.386788845062255859e-01 4.507851600646972656e-02
6.224825382232666016e-01 4.674601554870605469e-02
5.379335880279541016e-01 4.418230056762695312e-02
6.027574539184570312e-01 4.620981216430664062e-02
5.746092796325683594e-01 4.457163810729980469e-02
3.981063365936279297e-01 4.421901702880859375e-02
4.252154827117919922e-01 4.326510429382324219e-02
6.047098636627197266e-01 4.318046569824218750e-02
5.246860980987548828e-01 4.088115692138671875e-02
5.194463729858398438e-01 4.335236549377441406e-02
5.368690490722656250e-01 4.382824897766113281e-02
5.252890586853027344e-01 4.389190673828125000e-02
4.947676658630371094e-01 4.391336441040039062e-02
5.320105552673339844e-01 4.370856285095214844e-02
5.186069011688232422e-01 4.162549972534179688e-02
5.286695957183837891e-01 3.379321098327636719e-02
5.459108352661132812e-01 4.001045227050781250e-02
3.964226245880126953e-01 4.390120506286621094e-02
5.165686607360839844e-01 4.406404495239257812e-02
4.752616882324218750e-01 4.431462287902832031e-02
5.538587570190429688e-01 4.431581497192382812e-02
4.716439247131347656e-01 4.382467269897460938e-02
5.453486442565917969e-01 4.324960708618164062e-02
5.418312549591064453e-01 4.392910003662109375e-02
5.479073524475097656e-01 4.486274719238281250e-02
5.348675251007080078e-01 4.372477531433105469e-02
5.468387603759765625e-01 4.526567459106445312e-02
5.092794895172119141e-01 4.420542716979980469e-02
4.548521041870117188e-01 4.261660575866699219e-02
5.246913433074951172e-01 4.375100135803222656e-02
5.279841423034667969e-01 4.428601264953613281e-02
5.459549427032470703e-01 4.324197769165039062e-02
5.273876190185546875e-01 4.299879074096679688e-02
5.290467739105224609e-01 4.502034187316894531e-02
5.323433876037597656e-01 4.163718223571777344e-02
4.877252578735351562e-01 4.449796676635742188e-02
5.769958496093750000e-01 4.373121261596679688e-02
5.181686878204345703e-01 4.452681541442871094e-02
5.235228538513183594e-01 4.666686058044433594e-02
3.919470310211181641e-01 4.384207725524902344e-02
5.264248847961425781e-01 4.356861114501953125e-02
5.187878608703613281e-01 4.409170150756835938e-02
5.187354087829589844e-01 4.332470893859863281e-02
5.713231563568115234e-01 4.197216033935546875e-02
5.377080440521240234e-01 4.384517669677734375e-02
5.274786949157714844e-01 4.264116287231445312e-02
5.613064765930175781e-01 4.609632492065429688e-02
5.290298461914062500e-01 4.201650619506835938e-02
5.096111297607421875e-01 4.410600662231445312e-02
5.129330158233642578e-01 4.476881027221679688e-02
3.161273002624511719e-01 3.930902481079101562e-02
5.344235897064208984e-01 4.473781585693359375e-02
5.651688575744628906e-01 4.397249221801757812e-02
5.474126338958740234e-01 4.447317123413085938e-02
5.429263114929199219e-01 4.420042037963867188e-02
5.429520606994628906e-01 4.307198524475097656e-02
5.394232273101806641e-01 4.195332527160644531e-02
5.626199245452880859e-01 3.581976890563964844e-02
5.432739257812500000e-01 2.929544448852539062e-02
5.361888408660888672e-01 3.810572624206542969e-02
5.430622100830078125e-01 3.245735168457031250e-02
4.346935749053955078e-01 4.328799247741699219e-02
5.817341804504394531e-01 4.474830627441406250e-02
5.359919071197509766e-01 4.257297515869140625e-02
5.366773605346679688e-01 4.129648208618164062e-02
5.926702022552490234e-01 4.064059257507324219e-02
5.310063362121582031e-01 4.079151153564453125e-02
5.292699337005615234e-01 4.143190383911132812e-02
5.671174526214599609e-01 4.342365264892578125e-02
5.433402061462402344e-01 4.498434066772460938e-02
5.397467613220214844e-01 4.441523551940917969e-02
4.912934303283691406e-01 4.660558700561523438e-02
4.084081649780273438e-01 4.420351982116699219e-02
5.075540542602539062e-01 4.463887214660644531e-02
4.761891365051269531e-01 7.513046264648437500e-02
5.712137222290039062e-01 4.265022277832031250e-02
5.689668655395507812e-01 4.487037658691406250e-02
4.936704635620117188e-01 4.396796226501464844e-02
4.697833061218261719e-01 4.355812072753906250e-02
5.568726062774658203e-01 4.446792602539062500e-02
5.120496749877929688e-01 2.685189247131347656e-02
5.179164409637451172e-01 4.169368743896484375e-02
5.200278759002685547e-01 3.909373283386230469e-02
3.537812232971191406e-01 4.430699348449707031e-02
5.419757366180419922e-01 4.401826858520507812e-02
5.688025951385498047e-01 4.504227638244628906e-02
5.050480365753173828e-01 4.456090927124023438e-02
5.923275947570800781e-01 4.467988014221191406e-02
5.382878780364990234e-01 4.180026054382324219e-02
5.410170555114746094e-01 4.431080818176269531e-02
5.102171897888183594e-01 4.495906829833984375e-02
5.137746334075927734e-01 4.365777969360351562e-02
5.536973476409912109e-01 4.449915885925292969e-02
5.988318920135498047e-01 4.454207420349121094e-02
3.553266525268554688e-01 4.359865188598632812e-02
5.421295166015625000e-01 4.483914375305175781e-02
4.461579322814941406e-01 4.363107681274414062e-02
6.086359024047851562e-01 4.388546943664550781e-02
5.474689006805419922e-01 4.454040527343750000e-02
6.308548450469970703e-01 4.669070243835449219e-02
5.117015838623046875e-01 4.441428184509277344e-02
4.886405467987060547e-01 7.241773605346679688e-02
5.377244949340820312e-01 4.423022270202636719e-02
6.037836074829101562e-01 4.271006584167480469e-02
5.464539527893066406e-01 4.483914375305175781e-02
4.353704452514648438e-01 4.437899589538574219e-02
5.336995124816894531e-01 4.356384277343750000e-02
5.608565807342529297e-01 3.399825096130371094e-02
4.788990020751953125e-01 3.887081146240234375e-02
4.657011032104492188e-01 4.388880729675292969e-02
5.271806716918945312e-01 4.213094711303710938e-02
5.635182857513427734e-01 2.645826339721679688e-02
5.347003936767578125e-01 2.733540534973144531e-02
5.127153396606445312e-01 3.620791435241699219e-02
5.305478572845458984e-01 4.337882995605468750e-02
6.012277603149414062e-01 4.203796386718750000e-02
3.813157081604003906e-01 3.453159332275390625e-02
4.017055034637451172e-01 4.406380653381347656e-02
5.005085468292236328e-01 5.170392990112304688e-02
5.445914268493652344e-01 4.404711723327636719e-02
4.981930255889892578e-01 4.364871978759765625e-02
5.354266166687011719e-01 4.432845115661621094e-02
5.368714332580566406e-01 4.421424865722656250e-02
6.043946743011474609e-01 4.483222961425781250e-02
5.095865726470947266e-01 3.486084938049316406e-02
5.758132934570312500e-01 4.348683357238769531e-02
5.540721416473388672e-01 4.271221160888671875e-02
5.377731323242187500e-01 3.933739662170410156e-02
3.865673542022705078e-01 4.788041114807128906e-02
5.634768009185791016e-01 2.982354164123535156e-02
5.054161548614501953e-01 4.709553718566894531e-02
5.660789012908935547e-01 4.554247856140136719e-02
4.868371486663818359e-01 4.385137557983398438e-02
4.914553165435791016e-01 4.398226737976074219e-02
5.091319084167480469e-01 4.363512992858886719e-02
5.931715965270996094e-01 4.470252990722656250e-02
5.071649551391601562e-01 4.094028472900390625e-02
5.276846885681152344e-01 4.305911064147949219e-02
5.876591205596923828e-01 4.395174980163574219e-02
4.025111198425292969e-01 4.492831230163574219e-02
4.883127212524414062e-01 4.419589042663574219e-02
6.246874332427978516e-01 4.843544960021972656e-02
5.350532531738281250e-01 4.416871070861816406e-02
5.234799385070800781e-01 4.341149330139160156e-02
5.719149112701416016e-01 4.352712631225585938e-02
5.100986957550048828e-01 4.437470436096191406e-02
5.355813503265380859e-01 4.172468185424804688e-02
5.456814765930175781e-01 4.469108581542968750e-02
5.131475925445556641e-01 4.379534721374511719e-02
5.275049209594726562e-01 3.373646736145019531e-02
4.080061912536621094e-01 4.440474510192871094e-02
5.408473014831542969e-01 4.488348960876464844e-02
5.281939506530761719e-01 4.601263999938964844e-02
5.347480773925781250e-01 4.409718513488769531e-02
5.866112709045410156e-01 2.831840515136718750e-02
5.089209079742431641e-01 4.485106468200683594e-02
5.098779201507568359e-01 4.406309127807617188e-02
5.267894268035888672e-01 4.447317123413085938e-02
5.057837963104248047e-01 4.495644569396972656e-02
5.792460441589355469e-01 4.822635650634765625e-02
5.418758392333984375e-01 2.872753143310546875e-02
3.270580768585205078e-01 4.483747482299804688e-02
6.024639606475830078e-01 4.520201683044433594e-02
5.140759944915771484e-01 4.464626312255859375e-02
5.208737850189208984e-01 4.380512237548828125e-02
4.976160526275634766e-01 4.331851005554199219e-02
5.409548282623291016e-01 4.599237442016601562e-02
5.157380104064941406e-01 4.499101638793945312e-02
5.483832359313964844e-01 4.508638381958007812e-02
5.304501056671142578e-01 4.212760925292968750e-02
4.516437053680419922e-01 4.573583602905273438e-02
5.387368202209472656e-01 4.219961166381835938e-02
3.995521068572998047e-01 4.286909103393554688e-02
5.318861007690429688e-01 4.530978202819824219e-02
5.299685001373291016e-01 4.509162902832031250e-02
5.237612724304199219e-01 4.474496841430664062e-02
5.009045600891113281e-01 3.846859931945800781e-02
4.854199886322021484e-01 4.750680923461914062e-02
5.178427696228027344e-01 4.256391525268554688e-02
4.512393474578857422e-01 4.532933235168457031e-02
5.241384506225585938e-01 4.493117332458496094e-02
4.860298633575439453e-01 4.465055465698242188e-02
5.848469734191894531e-01 4.544067382812500000e-02
4.628086090087890625e-01 4.516029357910156250e-02
4.866957664489746094e-01 4.197120666503906250e-02
5.149779319763183594e-01 3.166675567626953125e-02
5.251724720001220703e-01 4.549503326416015625e-02
3.919458389282226562e-01 3.723835945129394531e-02
5.211558341979980469e-01 4.551529884338378906e-02
5.471179485321044922e-01 4.283714294433593750e-02
5.140500068664550781e-01 4.388904571533203125e-02
5.396122932434082031e-01 4.443335533142089844e-02
4.871723651885986328e-01 4.535722732543945312e-02
5.432949066162109375e-01 4.605793952941894531e-02
4.030148983001708984e-01 4.397559165954589844e-02
5.474402904510498047e-01 4.768204689025878906e-02
5.320303440093994141e-01 4.520964622497558594e-02
4.891905784606933594e-01 4.286789894104003906e-02
5.155477523803710938e-01 4.471731185913085938e-02
5.647380352020263672e-01 4.424667358398437500e-02
4.941782951354980469e-01 4.584598541259765625e-02
5.164091587066650391e-01 4.404211044311523438e-02
5.136401653289794922e-01 4.302453994750976562e-02
5.637571811676025391e-01 4.334044456481933594e-02
5.294108390808105469e-01 4.467058181762695312e-02
3.108344078063964844e-01 4.355335235595703125e-02
4.828500747680664062e-01 4.487156867980957031e-02
5.321369171142578125e-01 4.529047012329101562e-02
4.848554134368896484e-01 2.780961990356445312e-02
5.272927284240722656e-01 3.541779518127441406e-02
5.596721172332763672e-01 4.706954956054687500e-02
5.244767665863037109e-01 4.457449913024902344e-02
5.325436592102050781e-01 4.516696929931640625e-02
6.191887855529785156e-01 4.491972923278808594e-02
5.345480442047119141e-01 4.537439346313476562e-02
5.261960029602050781e-01 4.602837562561035156e-02
4.013981819152832031e-01 4.441022872924804688e-02
5.380187034606933594e-01 4.593825340270996094e-02
5.574872493743896484e-01 4.762887954711914062e-02
6.158180236816406250e-01 4.616212844848632812e-02
5.530567169189453125e-01 4.546523094177246094e-02
5.383706092834472656e-01 4.504084587097167969e-02
5.238044261932373047e-01 4.848074913024902344e-02
5.301456451416015625e-01 4.423069953918457031e-02
5.619018077850341797e-01 3.995513916015625000e-02
5.325775146484375000e-01 4.408669471740722656e-02
5.596337318420410156e-01 4.089951515197753906e-02
4.110414981842041016e-01 4.460263252258300781e-02
4.018375873565673828e-01 4.413509368896484375e-02
5.446095466613769531e-01 4.403877258300781250e-02
5.321257114410400391e-01 3.014588356018066406e-02
4.774034023284912109e-01 4.425096511840820312e-02
5.404598712921142578e-01 4.452681541442871094e-02
5.085544586181640625e-01 4.627561569213867188e-02
5.864982604980468750e-01 4.405474662780761719e-02
4.867756366729736328e-01 4.490232467651367188e-02
5.639765262603759766e-01 3.712892532348632812e-02
5.236477851867675781e-01 4.476737976074218750e-02
5.174591541290283203e-01 4.547929763793945312e-02
3.874924182891845703e-01 4.401540756225585938e-02
5.597705841064453125e-01 4.819488525390625000e-02
5.901114940643310547e-01 4.354643821716308594e-02
4.927253723144531250e-01 4.285645484924316406e-02
5.120909214019775391e-01 2.781558036804199219e-02
5.378429889678955078e-01 4.046916961669921875e-02
3.880331516265869141e-01 4.474353790283203125e-02
3.866324424743652344e-01 4.357290267944335938e-02
3.968956470489501953e-01 3.400039672851562500e-02
3.823752403259277344e-01 4.984855651855468750e-02
4.055125713348388672e-01 4.324674606323242188e-02
3.813319206237792969e-01 4.516458511352539062e-02
4.474627971649169922e-01 4.457712173461914062e-02
3.741133213043212891e-01 2.882575988769531250e-02
3.660156726837158203e-01 2.714347839355468750e-02
3.553776741027832031e-01 3.412127494812011719e-02
3.962812423706054688e-01 4.547357559204101562e-02
3.891372680664062500e-01 4.267787933349609375e-02
3.837690353393554688e-01 4.503607749938964844e-02
3.590097427368164062e-01 3.924632072448730469e-02
3.983016014099121094e-01 4.252314567565917969e-02
4.015028476715087891e-01 3.661537170410156250e-02
3.933751583099365234e-01 4.969263076782226562e-02
3.048303127288818359e-01 2.705574035644531250e-02
3.868985176086425781e-01 4.475855827331542969e-02
3.361146450042724609e-01 4.373240470886230469e-02
3.445935249328613281e-01 3.870987892150878906e-02
3.878645896911621094e-01 3.056645393371582031e-02
4.048459529876708984e-01 3.946304321289062500e-02
2.524378299713134766e-01 4.053425788879394531e-02
3.972814083099365234e-01 4.357719421386718750e-02
3.172459602355957031e-01 4.414176940917968750e-02
3.118002414703369141e-01 2.732253074645996094e-02
3.472473621368408203e-01 4.559540748596191406e-02
2.738158702850341797e-01 4.274272918701171875e-02
3.414015769958496094e-01 4.757499694824218750e-02
3.946502208709716797e-01 4.374670982360839844e-02
3.980662822723388672e-01 4.295349121093750000e-02
4.678616523742675781e-01 4.278397560119628906e-02
3.404066562652587891e-01 3.846096992492675781e-02
3.796255588531494141e-01 4.516148567199707031e-02
3.791878223419189453e-01 4.282832145690917969e-02
3.851642608642578125e-01 3.102207183837890625e-02
3.888077735900878906e-01 3.432965278625488281e-02
3.590455055236816406e-01 2.755451202392578125e-02
3.393509387969970703e-01 3.980088233947753906e-02
3.877258300781250000e-01 7.540416717529296875e-02
3.624315261840820312e-01 2.774333953857421875e-02
3.595058917999267578e-01 4.412341117858886719e-02
3.354899883270263672e-01 4.435443878173828125e-02
3.880736827850341797e-01 2.744889259338378906e-02
4.001858234405517578e-01 2.814555168151855469e-02
3.433880805969238281e-01 3.344202041625976562e-02
3.855872154235839844e-01 4.507517814636230469e-02
3.735625743865966797e-01 2.656865119934082031e-02
3.787684440612792969e-01 2.811598777770996094e-02
3.333342075347900391e-01 3.054976463317871094e-02
3.066930770874023438e-01 3.131055831909179688e-02
3.529849052429199219e-01 4.939746856689453125e-02
3.073315620422363281e-01 2.546668052673339844e-02
3.136966228485107422e-01 2.381873130798339844e-02
2.788827419281005859e-01 2.531480789184570312e-02
3.423008918762207031e-01 2.556824684143066406e-02
3.601088523864746094e-01 3.986644744873046875e-02
3.023381233215332031e-01 2.607989311218261719e-02
3.041615486145019531e-01 2.629232406616210938e-02
2.886133193969726562e-01 2.587389945983886719e-02
2.312381267547607422e-01 2.278161048889160156e-02
2.959246635437011719e-01 2.241444587707519531e-02
