3.282951264076658759e+01
5.607384541264268663e+00
4.285267415051247752e+00
1.411644058452417694e+00
2.853694235977082272e+00
3.018306387065881058e+00
6.203584063451605957e+00
3.996755171922397931e+00
1.822766995654063082e+00
7.738815049993926998e+00
2.878595637906248506e+00
1.827830115206128037e+00
2.673743322275611289e-01
5.762579984213410000e+00
8.041177343802745625e+00
3.040172476674751767e+00
4.864356746814535448e-01
1.763276684836555752e+00
2.558643432092936543e+00
3.222006938770152207e+00
5.555757059449496715e+00
8.117855740407775578e-01
2.640060031437420740e+00
7.234189741944916374e-01
1.424581889066517615e+00
3.485881996077451639e+00
4.498107770980896980e-01
2.583621826183643000e-01
6.778288856504667947e+00
3.725165795923850443e+00
1.061192553129584049e+00
4.943198853362799738e+00
3.590397671464372387e+00
4.878948117515103711e+00
8.330961020354340718e+00
1.430984967430342714e+01
8.200036105901161720e-01
7.988649295110787030e+00
2.082934848668534844e+00
2.216656819831948066e+00
4.254247857041677072e+00
6.899213122202028536e+00
2.959695273190572795e+00
6.345175785943127922e-01
9.519852902073434597e-01
8.461002924090839983e+00
3.815628017602194166e+00
2.969031101060430444e+00
5.094924568810680121e+00
2.094437660415151115e+00
2.566076077657705845e+00
3.504278484782667125e+00
2.641837852654345120e+00
1.287068667989948179e-01
3.545759002201004373e-01
4.281185809682345855e+00
9.196015623327289390e+00
2.496412447705381954e+00
3.377394014822665991e+00
4.218688064657617254e+00
1.794012762749376488e+00
3.228698831220103926e+00
2.735096503959188574e+00
1.539752882682589963e+01
2.383839103401763637e+00
4.885476343380550368e+00
3.310586929274145440e+00
9.448645097420703465e+00
3.956442546856969056e+00
1.949148766092502871e+00
1.071863089229304222e+01
3.190251510246269184e+00
2.727111874014231940e+00
3.494028660312348822e-01
1.465301040601089344e+00
1.412177113817733698e+00
3.619927319902763951e+00
6.678180914441858462e+00
4.629765365477234162e+00
5.315597099539023596e+00
2.141027373980403326e+00
3.151902169374074081e+00
1.592427173217472403e+00
2.400730299661914202e+00
2.888051497437293058e+00
3.507967836834224418e+00
1.168111013794411290e+00
4.622001139859089669e+00
7.266146727325569543e+00
9.855521504858458570e+00
2.176481861953200259e+00
2.439514076279693633e+00
1.089283393013197632e+01
1.245657397154998236e+00
4.861335300701344231e+00
5.094058193800310441e+00
2.232143492552614017e+00
1.763351543856069181e+00
3.546387178056913836e+00
4.461408876918648403e+00
7.012584854768170173e-01
9.770844182090367980e-01
1.453679203227618677e+00
8.885674110170280748e-01
3.380277392032263073e+00
5.371932419828520100e-01
1.394295850451325203e+00
3.467888202523869090e+00
3.118482579270643207e+00
3.341700459589594718e+00
1.361598895581002333e+00
1.486313421314197036e+01
1.237966848695740918e+00
1.066715631362644245e+00
1.844615651664918143e+00
9.154533699244601364e-01
7.276744380892603559e+00
6.570468541560636755e-01
6.481334089104387353e+00
2.290087107617842843e+00
1.539342613347031374e+01
2.686526520342652713e+00
2.452412768988736502e+01
7.673054157907603923e-01
5.962997307986102946e+00
3.750926160711350121e+01
2.255744895329534927e+00
1.795372068018441736e+00
1.613460874811705414e+00
5.720306555157156581e+00
4.798218707768434399e+00
7.982108646322194634e-01
1.383756682233410418e+00
2.185295198294629593e+00
2.105270502356941353e+00
5.374853644418515763e-01
2.257037299936579089e+00
1.627670480209159720e+00
2.588896618346055334e+00
2.432041796591890126e+00
8.911846364979659763e-01
1.860564779060055018e+00
1.682290432975400263e+00
3.244872787831270866e+00
9.682390726145257975e-01
8.140798109895236445e-01
1.388368217486348533e+00
4.670453523187954481e+00
2.410988508262377206e+00
2.272602169378902914e+00
9.438650622144592051e-01
1.663317888425491997e+00
1.898152720861393972e+00
1.142465488992058464e+00
6.075700195174541740e+00
1.922734190169428148e+00
1.399588253429831397e+00
3.848773514983804045e+00
2.792735376412513570e+00
8.833387407635727717e-01
3.037051533750091625e+00
6.846243525959788911e+00
1.372539954293102937e+00
3.931536907418073934e+00
1.137364005465896000e+00
6.754220142177708830e+00
3.397784660815763402e+01
3.461343849758774294e+00
3.006404550814656851e+00
1.112690516252230566e+01
5.773009838761792523e+00
5.204395216908160648e+00
5.603691263781231946e+00
2.517899126029103929e+00
2.240449357819128018e+00
9.878612454347944771e-01
2.425108723593022653e+00
2.143052047276253980e+00
1.101164741246067891e+00
5.754066952482501662e-01
2.083383632789362672e+00
7.156022169574018932e-01
2.142462032888712287e+00
1.154673015070029951e+00
3.202162030946015037e+00
5.757302408113790015e+00
3.002066156652376971e+00
1.149457459036198559e+00
2.232418749732147045e+00
1.350015237080979702e+00
2.565889056050536965e+00
1.576107554080206752e+00
3.969048878275155179e+00
7.803086201048605730e+00
1.040570147167478865e+01
4.617897428806737037e-01
1.461809816833160136e+00
1.293725977163640017e+00
2.557991516145249999e+00
9.445410246021890277e-01
2.294143832837797881e+00
1.981212271254579882e+00
3.333567707052802920e+00
7.969941248713003912e-01
3.294127535366767057e-01
1.388049690958123472e+00
8.179503699427662644e-01
3.766339169134214959e+00
3.605400128808944338e+00
2.195339595343713146e+00
2.992195435029556538e+00
2.424512244130766714e+00
4.876025774967954973e+00
6.976068700689717517e+00
6.369939487613722306e+00
8.534428366647441866e-01
3.178287276859387944e+00
1.945229460019126888e+00
9.722680401284867768e-01
5.965906623438940182e-01
1.115813986737900443e+00
1.236454300026800901e+00
5.691575076429808533e+00
6.903715968999102337e-01
1.117886448641608688e+00
1.361083554432308551e+00
1.444508066214925002e+00
7.952922172126826172e-01
1.228586211583039711e+00
9.846834830154574947e-01
1.041982816951566804e+00
1.887538168054016197e+00
8.845094575295866512e-01
1.250737853200478256e+00
2.144467274974513948e+00
1.721192076618356825e+00
1.017008711848216507e+00
9.474987140059557555e-01
1.207693145811028046e+00
2.035826628154952189e+00
1.454123707481301597e+00
1.558330323587026500e+00
8.668757877036565862e-01
8.231513352306485398e-01
1.326923815704241560e+00
2.206953557121116738e+00
3.171068602493947175e+00
1.426106210891302739e+00
1.969172344594508628e+00
1.123732889286317205e+00
2.610268156115106652e+00
1.408290373397503403e+00
1.640954314458055396e+00
1.197181606141417110e+00
1.480525041666568509e+00
1.323047431737109925e+00
1.632429650622996053e+00
1.135478607455628230e+00
1.041545028869173217e+00
1.389882270158651734e+00
1.464154890496914607e+00
1.758267325584376151e+00
2.398694228368385417e+00
1.164324571552795451e+00
2.124523426207959531e+00
1.572694045441348498e+00
1.245681424758781963e+00
2.930741936697757399e+00
1.218059895833333739e+00
1.358844921015675000e+00
2.163272609733522867e+00
1.379223887133606441e+00
1.880576255012345488e+00
1.773309906829448002e+00
1.292650284958766660e+00
8.946328801770332406e-01
1.559386940757737872e+00
1.205665707321922353e+00
8.019986250989271648e-01
2.090560803184943861e+00
1.021649815305315068e+00
2.366550973319034412e+00
1.386153846153846070e+00
9.691163585247002388e-01
1.154393873062601328e+00
1.352860483061188779e+00
1.563891571332240771e+00
1.547423950712360607e+00
1.206735637632196045e+00
2.070591120293679310e+00
2.178633702353952817e+00
1.548594320601780927e+00
2.900406087471937067e+00
6.166930205586990121e-01
6.119425742740307150e+00
1.895000514364369781e+00
2.435757477639051594e+00
1.895308997431573994e+00
5.968827847581577473e+00
6.708381717399339195e+00
5.425536584103792137e+00
6.661889189389234467e+00
5.348304184515810356e+00
2.943757112297460399e+00
1.071770871762685040e+00
2.966896370502029256e+00
2.766148270613483895e+00
1.625605787353327614e+00
1.182697237189314077e+00
9.055183799607680051e-01
3.580386079067878757e+00
2.478687863388898904e+00
6.031617258059923437e+00
6.077220097967008350e+00
1.010130447043677160e+00
1.382467204306251363e+00
2.064701845669356661e+00
7.181782329616578586e+00
5.569994174625390038e+00
2.833391706904438756e+00
2.870169544092525893e+00
2.699884723772641326e+00
6.012716064205640976e+00
1.928707458554187681e+01
1.453648464819764730e+00
1.349225993887437580e+00
5.245512278079222934e-01
3.525185920381963989e+00
7.652681211038979414e-02
2.137980045683166574e-01
2.138787445607945314e-01
1.425196137897914639e+01
3.234758063475243972e+00
2.055431211266639302e+00
5.690282573936726429e+00
5.604960564077176244e+00
2.680205016270648333e+00
1.710106763925822282e+00
6.694372247694457378e+00
2.887915984056297791e+00
1.337587243903373668e+01
1.799519254343846963e+00
1.712209616848160199e+00
1.133197815915700524e+01
4.654232679220989155e+00
3.692433294548892686e+00
2.701762299348114293e+00
1.025661940174140252e+00
1.180005204716643386e+00
2.158242085242831898e+00
2.249945030171756954e+00
1.411341727497462273e+01
8.100122984683777450e-01
4.484958418426995941e+00
4.196958975494602839e+00
2.410077911377075388e+00
7.904745006589632972e-01
8.369792275297780471e-01
4.343750583208586313e+00
