4.233574402459661101e-02
4.430474677470425809e-02
1.529284889701244543e-01
8.770317592697501885e-02
6.414562504202452053e-02
5.762122934635530852e-02
1.421421469981930252e-01
5.864399868474876043e-02
6.835294970774347112e-02
3.822660592998274737e-02
2.364824363036997223e-01
6.167868293148146691e-02
2.214801697868064648e-02
6.315993221920128409e-02
6.588174014962940028e-02
8.089556367026182193e-02
3.479210310280979324e-02
4.469481418392453470e-02
1.449448144057163823e-01
5.501752315204791466e-02
7.768171587998344563e-02
8.971529506145377308e-02
4.686922920717566110e-01
3.417605224057697344e-02
5.476302416889713282e-02
3.775603166375177816e-02
3.156346108105749504e-02
1.951599928050630484e-01
3.391785315614084806e-01
2.755451912374442536e-01
1.815140459397972528e-01
1.772863892952535048e-01
2.830582634275229936e-01
1.279540673645509219e-01
6.862302987451360248e-02
6.613115440987846760e-01
2.332793256241098845e-01
1.962107367369819722e-01
5.985128742520666734e-01
6.611905780610135563e-01
6.738249599107494214e-01
1.636495383399503289e-01
1.276708881409951701e-01
2.649404421023385248e-01
1.215621948605434960e-01
1.040959799368157968e-01
1.495378251479858589e-01
1.346559995937730014e-01
1.460664997583199787e-01
4.146124896703595741e-01
1.681688641185997979e-01
1.320620743429949673e-01
1.630824093162780708e-01
1.269128063713816923e-01
3.741286888396810895e-01
3.235380149932985394e-01
9.223522952020497823e-02
2.234755902327380250e-01
4.428824640088358522e-01
4.723796964649804586e-01
2.423552238307037643e-01
4.852698806194790659e-01
5.431888522806697095e-01
1.822987154033028079e-01
2.521333829392982118e-01
5.472035909296708578e-01
1.312876638301580801e-01
7.293524519989443011e-02
2.559981728806184353e-01
3.704983612909820700e-01
2.448825661422514843e-01
2.020401596942965339e-01
1.737846767975978757e-01
5.614739603669128831e-01
2.260255326265613041e-01
1.580548862149437350e-01
2.559427957366312567e-01
1.296062997945745809e-01
3.337080120812205980e-02
8.253073630291407267e-03
3.360158073446356530e-02
3.188596463822814062e-03
2.991391588944494664e-03
1.118273404447520103e-02
2.850568614311933726e-03
6.852948309269339504e-03
4.592060672888782259e-03
4.084094047714886648e-03
4.219950375825005755e-03
4.447553441061178475e-02
3.831724779811320879e-03
4.138904434434039631e-03
7.495038187142252090e-04
3.740633760105509936e-03
3.604826982377983425e-03
4.758854667095416963e-03
7.617179376020441310e-03
1.368773770979509830e-03
3.598939241443496057e-03
6.880965408637795648e-03
4.672389021477055954e-02
2.278307791638593469e-03
3.793132415317166783e-03
3.557313944280347372e-03
2.919216860769068087e-03
3.733658882287021596e-03
5.271953897391982134e-03
5.923154747940261727e-03
5.259692858349262166e-03
3.497004863441722806e-03
4.336698519858611829e-03
4.309661213229407789e-02
8.444817448497661527e-02
4.995816693985887132e-03
4.861850084226348144e-03
9.251140497283186562e-03
5.832987822021125195e-03
3.382246438360300960e-03
3.351649624314341058e-03
3.936770420237368368e-03
4.694961630094023064e-03
3.821995474766556270e-03
8.855243221797960695e-03
8.084989092157983392e-02
8.657840523161789911e-03
6.731101708322223542e-03
1.129943027978719781e-02
7.065327289358068474e-03
3.621811178458974115e-03
3.797403708563456149e-03
4.587140152351268721e-03
2.476781835524696686e-03
2.411838642720393749e-03
4.689731143194202957e-03
6.006556655665532679e-02
2.162605777640357659e-03
3.959479222193852850e-03
2.146009506111918597e-01
1.153102394538065879e-02
5.204146480060013215e-03
3.458995563968987694e-03
2.702553856866953593e-03
8.994786675555447794e-03
5.767271207322790388e-02
1.414635491971738546e-02
6.396903762632734358e-02
1.246966525558261020e-02
7.868364477344137395e-03
4.257090605644250729e-03
1.587247080404948982e-02
3.174564587514689621e-03
2.553974729057771707e-03
2.797425371453969665e-03
8.548567985493899998e-03
2.347400061669212192e-03
5.554716363669525390e-03
4.513978997485342676e-02
2.288257347658611066e-02
2.983278004005752992e-03
2.097688394305128809e-03
4.497491396611219723e-03
3.659568941456515373e-03
8.366393968728460043e-03
5.027564348569870008e-03
1.656256101133609521e-02
8.791357624983463931e-03
1.562740131802391880e-02
1.188883419388083174e-01
6.103529251955013175e-03
5.239335292966417097e-03
3.633412190740665810e-03
5.410248471873685405e-03
3.905030918417368938e-03
1.480562501142165810e-02
7.904359725365834796e-03
2.858564912287104003e-03
3.793274001201506467e-03
3.764317116692574103e-03
5.920796290927201472e-02
9.307739566823331964e-03
1.001873076065443319e-01
3.807162203160544597e-03
1.068507250367334294e-02
5.421821472888156863e-03
7.164322770649937840e-03
3.250640746610458306e-03
1.401685707558867483e-02
1.370972387755812864e-02
6.300901375899618968e-03
5.684907011302024055e-02
3.666885387862642547e-03
5.629629986074580206e-03
1.185973747679597810e-02
4.219209590154392175e-03
7.376558032370199476e-03
1.129638696761503004e-02
5.813411392351877649e-03
1.252207430273632842e-02
2.619519340247521838e-03
1.246265534592663760e-02
3.977547979935924793e-02
3.140461000225711150e-03
4.151823517310095600e-03
6.000973718330923114e-03
4.550321371814470238e-03
8.601364852033258415e-03
4.272511711677095397e-03
6.483377574827600687e-03
7.568737216616795542e-03
8.085791373213415192e-03
1.643043213599814159e-02
3.710385439985085937e-02
4.096285270022343751e-03
9.095596818567959138e-03
6.769656950850672268e-03
5.288402525721758868e-03
8.397855301466855896e-03
6.136013453193513156e-03
7.276388686196369644e-03
3.459772317430178778e-03
4.818577263741438514e-03
3.955234134319180958e-03
1.102190217260254484e-01
7.306212072665550783e-02
5.172130508411274495e-03
3.534730700057118428e-03
3.882155631454621211e-03
5.264589047312443100e-03
4.598323654358089062e-03
6.702747989562793905e-03
3.312794903006540184e-03
3.223083180028305048e-03
1.079924390605507649e-02
3.654866096385892427e-03
1.887561435874266641e-02
6.027011707865168044e-03
7.076897741757212472e-03
3.764885607839552062e-03
8.965188177790434088e-03
5.894383092900050934e-03
4.095770063085726193e-03
1.482625520243187854e-02
4.758672462940764097e-03
3.730817257010994505e-03
2.574369790166392783e-03
1.905765587020535543e-02
4.606034121263341552e-03
5.366541681044199180e-03
3.733704586882642326e-03
3.662984870325544044e-03
5.651193007198430755e-03
1.459405889884775320e-02
4.743235568279981391e-03
8.617535556946170558e-03
8.832758923212591026e-03
3.484787084996807671e-01
2.076657559439615552e-01
1.905079000977987214e-01
1.825862373732801414e-01
1.008125967267851641e-01
3.413216887866580840e-01
1.295154411675965012e-01
2.312915290568078597e-01
3.331105364363742827e-01
5.125007994449256588e-01
1.589107416978218223e-01
4.035426910570378278e-01
6.431958585553726460e-02
2.151255346477245756e-01
4.690827943097591324e-01
3.022004587330575087e-01
3.443667462245807442e-01
2.863802679661464068e-01
4.645272548047512662e-01
4.708198549914583420e-01
2.011104827217723434e-01
2.440289657191594686e-01
1.006351134074798148e+00
5.249366812894653428e-02
1.574723333445169626e-01
3.330529789244150995e-01
2.375134787485242427e-01
1.596229106307689438e-01
3.989471993524659754e-01
2.494810346587755523e-01
2.521311367576473672e-01
2.425119988116279657e-01
1.596211936366116468e-01
1.419742191343541238e-01
3.087158940158924933e-02
3.422949128909473226e-01
3.705494240163829112e-01
9.684336817756089566e-02
2.743434760243301240e-01
1.808668844718633595e-01
2.093316815894732119e-01
4.945298785303766098e-01
2.513675648106502014e-01
1.619452853330099473e-01
3.648550899012998339e-01
2.636812167546578878e-01
5.016361710568614241e-01
2.459871266550366364e-01
2.452761553239144465e-01
1.619606709471652362e-01
1.899856045228453805e-01
2.256035034167028497e-01
3.669218297014434360e-01
1.372169724103071420e-01
2.096621757620669435e-01
2.491350745011370604e-01
4.306724468682730095e-02
1.702353218967662674e-01
3.423948652998767828e-01
2.864761836883286672e-01
1.876005075827117119e-01
2.495418737858112745e-01
2.469022185827250138e-01
3.160452819004950231e-01
2.607360528077717898e-01
3.862967590038146048e-01
2.295889536393264097e-01
7.303507328139603738e-02
2.389304388725208284e-01
3.070534597641601526e-01
2.210299947858506420e-01
2.649958769280330584e-01
3.691512997708659150e-01
2.861665380328741182e-01
3.295401112706163316e-01
4.437430980756663090e-01
3.010204400597484287e-01
3.275462887635202658e-01
1.725861077823691581e-01
3.922828693474638556e-02
3.339152989838456431e-01
2.230904894830488816e-01
2.494321004878279624e-01
2.060989873790647631e-01
2.006175488429340348e-01
2.945553735605485612e-01
2.388869001820969340e-01
2.616866720106354460e-01
4.888612253138533981e-01
2.616160065008989455e-01
2.095533453501077781e-02
2.944317169086767549e-01
1.636090421524158678e-01
2.310662543380680722e-01
3.391359058796319381e-01
1.164688097017932550e-01
3.763322003470575411e-02
4.372282489116377513e-02
9.009188132627810042e-02
6.929215715320104219e-02
7.204522384175250649e-02
7.154025142833504713e-02
1.356917949549615587e-01
1.161728202343700195e-01
7.037908919325196189e-02
3.885590143832357707e-02
8.115294447922682952e-02
6.324743905089943996e-02
4.428106086377254363e-02
2.763385768887820226e-02
1.334842659658141695e-01
1.397771093908982687e-01
3.570915972040467068e-02
5.399881938265107401e-02
7.638725397623684354e-02
3.250626910111729939e-02
1.240363607751864966e-01
2.533478329385005501e-01
3.816713503523882500e-01
3.016902356818808653e-02
8.849840881560140649e-02
4.088532543146757708e-02
1.851198743585782402e-01
3.228901390131774796e-02
4.017856070389029532e-02
1.484880028509855121e-01
3.672948074034674409e-02
2.156636242438770557e-01
4.061844732550499992e-02
1.763257356455648905e-01
1.606429810838545802e-01
2.069734598692762884e-01
9.104914350486155439e-02
6.970338762215033679e-02
1.948020656129303696e-01
1.793206083608585646e-02
4.839803882055543349e-02
6.433306866234476951e-02
8.113344595391235037e-02
6.612238918306222180e-02
6.465569841169632737e-02
2.502449086973395076e-01
6.348041714840378658e-02
2.007948393563510070e-01
1.181335994439324244e-01
4.855126193694583869e-02
4.552205711065326899e-02
1.564633880575284908e-01
3.825847414998342910e-02
4.898715561706971228e-02
7.225056038952605564e-02
9.521818909566430456e-02
3.533168685608342047e-02
4.969950172194973620e-02
5.017269872151547405e-02
1.542352162242031921e-01
3.789414292428740921e-02
4.826236061506272712e-02
2.971287443934785000e-02
