6.739390662368898166e-01
1.877454105633043824e+00
1.162815687042551671e+00
1.024850815374734436e+00
6.430804140011990855e-01
1.166119506031027875e+00
1.641511826159817833e+00
6.308813881066801521e-01
1.374489523318270123e+00
9.255203864626578847e-01
1.133800407374827568e+00
1.427111618832812345e+00
4.710977410268031851e-01
1.486036146058236529e+00
7.371854768751556763e-01
1.054569248510482726e+00
9.398371798209869121e-01
9.007925966838115084e-01
1.369662888074751894e+00
9.064021664309757087e-01
1.012115462006888400e+00
8.512077648182938550e-01
2.567090020217400959e+00
5.996400476248197053e-01
1.145377937728297990e+00
1.163543738915306935e+00
6.507273065791979727e-01
1.332087879328782254e+00
1.024787953012651354e+00
1.207603779862097104e+00
6.552298143557412358e-01
5.977797782925954317e-01
8.270065384905385120e-01
3.222292262218793835e-01
1.133181408740724594e+00
4.780933587452789735e-01
6.671692366572855581e-01
3.174800913556273252e-01
1.435344515091695916e+00
8.707035083398583231e-01
1.116660975175492343e+00
1.759874794039316126e-01
4.062200308053963149e-01
8.661597067018520502e-01
3.551080503400262933e-01
2.192726632946762955e+00
3.515954401621494974e-01
1.904892155550526323e-01
3.721179940493903882e-01
1.180927609046209525e+00
4.335772190671585702e-01
6.054062627772960337e-01
4.507188986377515527e-01
2.240918032613897770e-01
7.503547301080600862e-01
8.638946905276689847e-01
1.583785297148474713e+00
5.184517484746904437e-01
1.403403740431813596e+00
6.275943191833210921e-01
6.079652913130986214e-01
9.310612349227532780e-01
9.093276451689400464e-01
4.261727161330390867e-01
8.693477421809526762e-01
2.253520683939871816e+00
3.470792539268645061e-01
1.252148472515850042e+00
7.423028855154566452e-01
1.313680320525293599e+00
3.539669895298826474e-01
4.880667768133876705e-01
7.586335831381976202e-01
1.435048941755968643e+00
5.305045637814129744e-01
4.647440263469216903e-01
7.097511643803081638e-01
4.807689882620893584e-01
1.448822069011387104e+00
1.039483642057218882e+00
1.563670766059139128e+00
4.530962752090871848e-01
4.718069993836404574e-01
2.826709240143006063e-01
4.354989256724184910e-01
8.325140086926671179e-01
5.484595121899031867e-01
6.134348792180349674e-01
5.709809377855140644e-01
1.023492846358833308e+00
4.665032072367787386e-01
7.312838239973579180e-01
1.045925956979014249e+00
5.152504355007642145e-01
5.411544275938099391e-01
5.970644575822924294e-01
8.902832768346239378e-01
2.431039514289316195e+00
4.669254789498147873e-01
9.694761941926579585e-01
9.053645771467566661e-01
3.542644967196603156e-01
4.820907419494290247e-01
5.445697204471927622e-01
4.011537182491727860e-01
4.959042984721949154e-01
6.138246190626185372e-01
8.750634393335201544e-01
7.349420589233508494e-01
4.687740579492913340e-01
5.069371516007435963e-01
6.371139476025967641e-01
1.471050759936138652e+00
6.841231009848517397e-01
5.915066795178363090e-01
2.733681951263214893e-01
7.971062871821534834e-01
5.269803182999910351e-01
5.559923070961856340e-01
4.871441571235721746e-01
5.834260707387146638e-01
5.290274085805770632e-01
1.637359128131364194e+00
1.656924972746355751e+00
1.151902907622508687e+00
9.040033959425436416e-01
1.445460831806508306e+00
1.431025877114347811e+00
5.179350647010912967e-01
5.579268286901669649e-01
5.292454924887826095e-01
3.327989122928156074e-01
3.397763102892870091e-01
8.424998438889373942e-01
2.341591944045525508e+00
2.999926835856406848e-01
5.644340122291146011e-01
1.347454526484003212e+00
5.429279272946012369e-02
9.354680875343361623e-02
4.885660691305216963e-01
3.921976755290569883e-01
1.162421525996141680e+00
5.292404018928296594e+00
1.999651333620076299e+00
7.926447928149011890e-01
3.045214045573582662e-01
1.000587098363613592e+00
6.066623533995593176e-01
3.336516689273907321e+00
4.795955423919835980e-01
4.606910498895204209e-01
4.705149141809900071e-01
2.243567283847806682e+00
4.058833267445964843e-01
7.426431875632383273e-01
6.666404733609653244e-01
2.293490841105324807e-01
3.047518135849195620e+00
9.341194533626259178e-01
5.785538559312362050e-01
2.544337937117886056e-02
1.072951243102753027e+00
6.653341753324382157e-01
2.530693329916036682e-01
2.329268788967363557e-01
2.861466579877529059e-01
1.994954272329309886e+00
8.552906554226491487e-01
6.230179259703855221e-01
4.312259419404277372e-01
8.752160755841852380e-01
3.916087978090508348e-01
3.519697702134543804e-01
1.326543118643078278e+00
3.706716006902339711e-01
5.086129703185381379e-01
4.941276367341684850e-01
7.862409821807581078e-01
1.217292973765133679e+00
6.332206067211306966e+00
1.286869124101018835e+00
1.559110425209814688e+00
1.671201852536703392e+00
1.157202061412513361e+00
1.325424663589700680e+00
3.339694828871482279e-01
2.876514235819726539e-01
6.003706940219877275e+00
8.818562163612634341e-01
4.357194891798762404e-01
6.710136813790759658e-02
6.051272009101336946e-02
5.290376409586141637e-01
1.956039289539126758e+00
2.408130669835122362e+00
1.138719528220041077e+00
1.820930879617338460e+00
4.969199129239568191e-01
2.404188733704906600e+00
7.218708123665704690e-01
5.727254448584035984e-01
5.147912508305197976e-01
1.265850750279179149e+00
5.682659763740427472e-01
1.212744657584731156e+00
6.333558532490507487e-01
1.065474815782084583e+00
1.457184907859132794e+00
1.297062163915838173e+00
2.239499918499703590e-01
6.012568725817368787e-01
4.321585765071145890e-01
1.462508735813483840e+00
8.931512952583094966e-01
8.392525455201617079e-01
1.167979235671887439e+00
9.213559067435972416e-01
1.049191612542715424e+00
4.512713620713335594e-01
6.011277816255157225e-01
5.523548304524403818e-01
1.946197135751339458e+00
1.480148730962575820e+00
6.524979346817796344e-01
4.910657989315168059e-01
5.299971703271618706e-01
7.749147563669028793e-01
6.000609680075812413e-01
8.549815624708650974e-01
4.099631641812187532e-01
4.040352004199340707e-01
1.343570594949491381e+00
4.796304475234228204e-01
4.055739007524901685e-01
7.863305970738769801e-01
8.437466892378431282e-01
4.814606385879985351e-01
1.477715413221608376e+00
1.050428973632392626e+00
1.633159403258595654e+00
3.174662907476912377e+00
5.206932024701899087e-01
6.219126675060911991e-01
3.937981333020760255e-01
3.991800492363827280e-01
8.788514414538718400e-01
4.218245241378498100e+00
5.105101375197170777e-01
4.620547610073458822e-01
9.037346215048649434e-01
3.205931503763240764e-01
9.033821501355356887e-01
1.117179945399960239e+00
1.139915335010836195e+00
1.235277885506786966e+00
4.431915233338711069e+00
5.970004411196033756e-01
9.688435654230578287e-01
3.372602198301226095e-01
1.392258882535390541e+00
5.517046525175495209e-01
6.865561100755871449e-01
6.846997584638870871e-01
1.823943745899820668e+00
7.006411982972464703e-01
7.056862975606427169e-01
2.322976242694160032e+00
6.253245894979740926e-01
1.679177099001147644e+00
1.636022047510359290e+00
1.685329366296761888e+00
1.085486141275292304e+00
1.680450313685071695e+00
1.247583854985880203e+00
4.877080043857444092e-01
9.596958223640109642e-01
2.938977846691204210e+00
1.234465117130832512e+00
6.729087008179878149e-01
8.669153027519016508e-01
1.069140151296147812e+00
6.779537587094212059e-01
1.615897518780994968e+00
1.287674541958415464e+00
1.142454093861131836e+00
1.211520367374055773e+00
3.712423310184218006e-01
6.141581306736337842e-01
4.819677854901765479e-01
7.847591727831569886e-01
1.340751166554178031e+00
3.693825679094572823e-01
1.162744436081435406e+00
8.907416420203549956e-01
1.364552757579984732e+00
1.603956794856374435e+00
9.972198444640135717e-01
8.576973223669951407e-01
1.504388114292390721e+00
3.110882622969577849e+00
1.689270771850679198e+00
1.065080471453044852e+00
1.092889342029852440e+00
5.865122151102274417e-01
9.138304691175426209e-01
8.246669301522695505e-01
2.090335660536467355e+00
3.847876934246435843e-01
7.568584905536632768e-01
8.459374033820350469e-01
7.610436009215526543e-01
9.403904648011728318e-01
1.628499530091066738e+00
1.234904796553339734e+00
7.464631867368420881e-01
6.731059298003662095e-01
9.776107329056207274e-01
1.437098199849491387e+00
1.065385366652092936e+00
1.536862157806326179e+00
9.713278503798258301e-01
1.479253089646471064e+00
1.190373017012601009e+00
1.054653679344295103e+00
1.225767988076799320e+00
1.180441719610911377e+00
1.487089963779314461e+00
1.384954953397843802e+00
1.870548750781083180e+00
1.317034204925922491e+00
1.547640536997993310e+00
1.438495398113987633e+00
3.046586268072967396e+00
9.280624424728514121e-01
1.361589410593061045e+00
1.142424404923610304e+00
9.545874797674497314e-01
8.982443068495850058e-01
7.899343045285855958e-01
1.254622014218800041e+00
1.052925388573943799e+00
1.038847826731348123e+00
1.977031454496581908e+00
1.238061726753390879e+00
3.697741611799580386e-01
1.275914527236748031e+00
8.704286791044085758e-01
1.125724577226409284e+00
1.790844771892489584e+00
1.872781735018538840e-01
8.526101285075157188e-01
8.974274895823960430e-01
1.934234629728427635e+00
1.645032759274240419e+00
8.741682289795338345e-01
1.684288347443960498e+00
2.227435191731375497e+00
2.529468743934431441e+00
9.747898136660740898e-01
7.809427064146151620e-01
8.350372314267243690e-01
1.045439085989669392e+00
6.935773636998545655e-01
3.942297811128283036e-01
3.252448822107674609e+00
2.915675217624185134e+00
1.092616823959080108e+00
1.195813225284467984e+00
1.443262015875096838e+00
9.873271486574959344e-01
1.143798203951487125e+00
3.331558696459891777e+00
1.952691777086741132e+00
9.598383773554151066e-01
9.462692360571214323e-01
4.944121843619375123e-01
2.605210047668921280e+00
7.167704327337278691e-01
8.461435271415107540e-01
9.415158345273612062e-01
8.221417199839887724e-01
3.058121113756839815e+00
7.321374813509754498e-01
8.744504718649344088e-01
1.172983195474890383e+00
1.152018298844552868e+00
1.619977458344021848e+00
4.035540559730400045e-01
1.572829696583569747e+00
8.141070886154014863e-01
1.087810207755856684e+00
1.220375715446769149e+00
1.700221097602216958e+00
9.791526353260093796e-01
1.285341369977048620e+00
9.619575805294550142e-01
8.986223436652782670e-01
1.337359941829435517e+00
1.109370675804498330e+00
5.532432136661175059e-01
8.692757185832474809e-01
1.535598056380463650e+00
7.717583851826880226e-01
6.952252187181645615e-01
1.025641919363290189e+00
1.072721767434380524e+00
5.838578509942091710e-01
1.150855400964766462e+00
1.175698710297240490e+00
2.525653258751579422e+00
1.133314977258544465e+00
6.955863659519543329e-01
5.014714045601827985e-01
