1.140120029449462891e+00 1.811718940734863281e-02
4.382297992706298828e-01 1.396465301513671875e-02
1.193015098571777344e+00 1.478147506713867188e-02
1.170232295989990234e-01 1.391220092773437500e-02
1.076840877532958984e+00 1.359796524047851562e-02
1.244649648666381836e+00 1.362967491149902344e-02
2.153594493865966797e-01 1.448369026184082031e-02
1.309347867965698242e+00 1.381373405456542969e-02
3.719980716705322266e-01 1.464557647705078125e-02
1.187271595001220703e+00 1.427912712097167969e-02
1.199812889099121094e+00 1.418566703796386719e-02
1.193563938140869141e+00 1.342320442199707031e-02
5.454428195953369141e-01 2.002072334289550781e-02
1.448276042938232422e-01 7.950067520141601562e-03
2.441983222961425781e-01 1.486682891845703125e-02
1.299830198287963867e+00 1.387786865234375000e-02
5.040895938873291016e-01 1.372313499450683594e-02
5.885758399963378906e-01 1.346254348754882812e-02
1.012317895889282227e+00 1.399827003479003906e-02
1.083480834960937500e+00 1.355075836181640625e-02
3.182458877563476562e-01 1.379251480102539062e-02
2.067587375640869141e-01 8.232116699218750000e-03
1.644020080566406250e-01 1.334762573242187500e-02
2.710886001586914062e-01 1.587939262390136719e-02
1.204667091369628906e-01 1.362562179565429688e-02
1.251347303390502930e+00 1.355862617492675781e-02
1.195225954055786133e+00 1.170015335083007812e-02
1.271061420440673828e+00 1.328730583190917969e-02
1.263531684875488281e+00 1.300001144409179688e-02
1.393613100051879883e+00 1.457285881042480469e-02
1.715965270996093750e-01 1.358962059020996094e-02
1.313530921936035156e+00 1.504039764404296875e-02
1.293531894683837891e+00 1.567792892456054688e-02
2.388739585876464844e-01 1.465153694152832031e-02
4.254846572875976562e-01 1.408553123474121094e-02
1.370326757431030273e+00 1.389741897583007812e-02
3.510282039642333984e-01 1.349544525146484375e-02
1.304552078247070312e+00 1.376175880432128906e-02
1.264257431030273438e+00 1.392412185668945312e-02
1.348793268203735352e+00 1.413488388061523438e-02
2.198143005371093750e-01 1.400518417358398438e-02
2.244434356689453125e-01 1.405930519104003906e-02
9.309170246124267578e-01 1.436400413513183594e-02
5.801725387573242188e-01 1.359438896179199219e-02
6.631402969360351562e-01 1.360630989074707031e-02
4.578490257263183594e-01 1.329660415649414062e-02
9.901516437530517578e-01 1.222753524780273438e-02
9.429273605346679688e-01 1.360416412353515625e-02
4.761528968811035156e-01 1.398181915283203125e-02
5.703442096710205078e-01 1.475167274475097656e-02
5.328371524810791016e-01 1.365494728088378906e-02
5.497198104858398438e-01 1.296567916870117188e-02
8.846583366394042969e-01 1.369595527648925781e-02
9.491155147552490234e-01 1.458024978637695312e-02
9.187383651733398438e-01 1.466107368469238281e-02
9.599566459655761719e-01 1.358389854431152344e-02
4.697949886322021484e-01 1.387119293212890625e-02
9.898178577423095703e-01 1.399087905883789062e-02
8.785581588745117188e-01 1.353263854980468750e-02
9.047322273254394531e-01 1.380753517150878906e-02
9.593441486358642578e-01 1.423740386962890625e-02
6.221792697906494141e-01 1.399445533752441406e-02
5.570440292358398438e-01 1.353478431701660156e-02
9.022655487060546875e-01 1.326203346252441406e-02
5.661339759826660156e-01 1.404571533203125000e-02
9.387712478637695312e-01 1.409792900085449219e-02
9.099841117858886719e-01 1.523303985595703125e-02
4.072329998016357422e-01 1.363015174865722656e-02
9.009058475494384766e-01 1.281857490539550781e-02
5.926058292388916016e-01 1.529932022094726562e-02
6.412415504455566406e-01 1.326966285705566406e-02
2.231049537658691406e-01 1.363396644592285156e-02
9.257237911224365234e-01 1.403212547302246094e-02
5.779268741607666016e-01 1.279211044311523438e-02
5.887060165405273438e-01 9.640216827392578125e-03
9.169237613677978516e-01 1.349472999572753906e-02
8.778855800628662109e-01 1.365375518798828125e-02
4.705584049224853516e-01 1.346755027770996094e-02
4.013433456420898438e-01 1.382303237915039062e-02
8.611626625061035156e-01 1.492094993591308594e-02
4.069874286651611328e-01 1.358723640441894531e-02
1.307534456253051758e+00 1.601552963256835938e-02
3.653154373168945312e-01 1.339221000671386719e-02
1.664376258850097656e-01 1.347827911376953125e-02
8.805377483367919922e-01 1.358628273010253906e-02
9.751622676849365234e-01 1.350545883178710938e-02
8.644082546234130859e-01 1.419973373413085938e-02
2.240555286407470703e-01 1.385354995727539062e-02
9.551296234130859375e-01 1.386690139770507812e-02
4.094552993774414062e-01 1.360416412353515625e-02
3.313245773315429688e-01 1.353979110717773438e-02
9.591479301452636719e-01 1.403832435607910156e-02
2.020511627197265625e-01 1.409459114074707031e-02
8.964850902557373047e-01 1.342201232910156250e-02
8.375742435455322266e-01 8.550405502319335938e-03
9.235808849334716797e-01 1.355624198913574219e-02
2.694175243377685547e-01 1.362824440002441406e-02
4.897978305816650391e-01 1.438140869140625000e-02
4.351460933685302734e-01 1.712465286254882812e-02
4.316430091857910156e-01 1.341438293457031250e-02
9.002876281738281250e-01 1.386475563049316406e-02
5.029249191284179688e-01 1.442980766296386719e-02
4.628276824951171875e-01 1.389837265014648438e-02
4.563984870910644531e-01 1.282763481140136719e-02
3.670389652252197266e-01 1.393008232116699219e-02
4.340476989746093750e-01 1.379203796386718750e-02
4.781363010406494141e-01 1.319551467895507812e-02
4.606077671051025391e-01 1.455640792846679688e-02
4.540302753448486328e-01 1.423001289367675781e-02
4.310400485992431641e-01 1.238584518432617188e-02
4.459011554718017578e-01 1.193094253540039062e-02
8.449685573577880859e-01 1.323795318603515625e-02
8.518667221069335938e-01 9.477853775024414062e-03
4.876575469970703125e-01 1.561546325683593750e-02
4.657509326934814453e-01 1.434183120727539062e-02
4.984867572784423828e-01 1.696300506591796875e-02
3.694174289703369141e-01 1.119470596313476562e-02
7.167685031890869141e-01 1.355576515197753906e-02
5.705654621124267578e-01 1.350665092468261719e-02
4.794123172760009766e-01 1.350307464599609375e-02
4.748818874359130859e-01 1.420736312866210938e-02
5.115509033203125000e-01 1.353073120117187500e-02
4.152975082397460938e-01 1.372194290161132812e-02
8.818652629852294922e-01 1.357650756835937500e-02
4.701049327850341797e-01 1.345825195312500000e-02
5.081789493560791016e-01 1.305675506591796875e-02
5.421478748321533203e-01 1.353621482849121094e-02
4.449470043182373047e-01 1.363086700439453125e-02
4.571073055267333984e-01 8.840799331665039062e-03
5.217351913452148438e-01 1.401996612548828125e-02
4.849982261657714844e-01 1.074242591857910156e-02
2.610375881195068359e-01 1.496124267578125000e-02
2.944586277008056641e-01 1.367282867431640625e-02
3.034420013427734375e-01 1.253175735473632812e-02
8.807771205902099609e-01 1.384806632995605469e-02
2.496266365051269531e-01 8.382081985473632812e-03
5.986547470092773438e-01 1.368880271911621094e-02
5.469429492950439453e-01 1.428723335266113281e-02
6.936945915222167969e-01 1.347589492797851562e-02
1.462377309799194336e+00 1.362586021423339844e-02
8.819773197174072266e-01 1.169800758361816406e-02
8.863697052001953125e-01 1.364302635192871094e-02
8.857810497283935547e-01 1.400399208068847656e-02
8.105945587158203125e-01 1.377582550048828125e-02
9.320528507232666016e-01 1.390337944030761719e-02
8.385045528411865234e-01 1.358652114868164062e-02
8.210382461547851562e-01 1.316809654235839844e-02
8.962004184722900391e-01 1.365089416503906250e-02
8.713972568511962891e-01 1.300883293151855469e-02
8.754630088806152344e-01 1.179051399230957031e-02
8.873145580291748047e-01 1.337933540344238281e-02
8.695809841156005859e-01 1.409721374511718750e-02
8.744370937347412109e-01 1.418709754943847656e-02
8.759269714355468750e-01 1.381635665893554688e-02
8.353364467620849609e-01 1.316714286804199219e-02
9.902625083923339844e-01 1.352739334106445312e-02
9.377284049987792969e-01 1.378774642944335938e-02
9.311029911041259766e-01 1.521658897399902344e-02
8.898947238922119141e-01 1.479530334472656250e-02
8.506960868835449219e-01 1.345801353454589844e-02
8.895158767700195312e-01 1.549029350280761719e-02
9.237062931060791016e-01 1.316690444946289062e-02
8.868842124938964844e-01 1.406311988830566406e-02
9.128775596618652344e-01 1.362156867980957031e-02
9.515779018402099609e-01 1.372981071472167969e-02
1.269925117492675781e+00 1.480364799499511719e-02
1.190408706665039062e+00 1.399254798889160156e-02
8.271276950836181641e-01 1.381969451904296875e-02
1.189472436904907227e+00 1.549339294433593750e-02
9.465725421905517578e-01 1.463913917541503906e-02
1.103714942932128906e+00 1.613306999206542969e-02
9.298841953277587891e-01 1.479792594909667969e-02
7.401738166809082031e-01 1.287913322448730469e-02
4.050462245941162109e-01 1.347517967224121094e-02
4.109508991241455078e-01 1.364564895629882812e-02
3.995254039764404297e-01 1.355576515197753906e-02
3.661074638366699219e-01 1.349401473999023438e-02
3.809092044830322266e-01 9.450674057006835938e-03
8.028972148895263672e-01 8.713006973266601562e-03
3.939878940582275391e-01 1.103806495666503906e-02
3.471295833587646484e-01 1.378774642944335938e-02
4.652421474456787109e-01 1.395654678344726562e-02
2.078967094421386719e-01 8.550643920898437500e-03
1.429955959320068359e-01 1.593875885009765625e-02
2.289814949035644531e-01 8.774280548095703125e-03
1.582360267639160156e-01 1.195359230041503906e-02
1.594057083129882812e-01 1.354670524597167969e-02
2.233142852783203125e-01 1.288914680480957031e-02
2.227647304534912109e-01 1.338815689086914062e-02
7.608246803283691406e-01 1.602220535278320312e-02
5.360994338989257812e-01 1.450753211975097656e-02
4.670784473419189453e-01 1.728582382202148438e-02
2.113735675811767578e-01 1.363444328308105469e-02
6.860165596008300781e-01 1.316690444946289062e-02
1.710400581359863281e-01 1.333379745483398438e-02
5.913348197937011719e-01 1.382374763488769531e-02
2.228031158447265625e-01 1.407766342163085938e-02
7.356207370758056641e-01 1.096963882446289062e-02
2.076849937438964844e-01 1.382350921630859375e-02
4.822113513946533203e-01 1.292562484741210938e-02
8.427400588989257812e-01 1.395082473754882812e-02
8.534448146820068359e-01 8.383274078369140625e-03
4.365999698638916016e-01 1.397705078125000000e-02
4.407162666320800781e-01 1.934528350830078125e-02
4.517352581024169922e-01 9.256601333618164062e-03
5.067949295043945312e-01 1.356554031372070312e-02
5.013072490692138672e-01 1.383805274963378906e-02
5.047712326049804688e-01 1.350617408752441406e-02
5.124826431274414062e-01 8.254528045654296875e-03
5.402705669403076172e-01 9.910583496093750000e-03
4.722967147827148438e-01 8.477210998535156250e-03
6.296250820159912109e-01 7.306575775146484375e-03
5.032212734222412109e-01 8.054971694946289062e-03
5.467374324798583984e-01 8.259534835815429688e-03
5.258595943450927734e-01 7.598876953125000000e-03
5.163516998291015625e-01 1.178693771362304688e-02
5.504510402679443359e-01 9.162902832031250000e-03
5.809521675109863281e-02 1.328945159912109375e-02
5.915641784667968750e-02 1.349854469299316406e-02
7.736253738403320312e-02 1.396393775939941406e-02
6.235027313232421875e-02 1.367211341857910156e-02
5.301022529602050781e-02 1.214981079101562500e-02
8.900554180145263672e-01 1.328802108764648438e-02
7.531542778015136719e-01 8.301734924316406250e-03
6.629014015197753906e-02 1.376318931579589844e-02
5.668830871582031250e-02 1.348829269409179688e-02
3.260064125061035156e-02 8.873224258422851562e-03
5.779218673706054688e-02 1.366281509399414062e-02
4.670691490173339844e-02 8.779525756835937500e-03
5.120539665222167969e-02 8.283138275146484375e-03
5.861735343933105469e-02 1.389384269714355469e-02
6.022167205810546875e-02 1.324033737182617188e-02
4.383349418640136719e-02 8.689880371093750000e-03
5.620169639587402344e-02 1.158213615417480469e-02
7.909467220306396484e-01 1.418352127075195312e-02
5.929970741271972656e-02 1.333069801330566406e-02
5.742359161376953125e-02 1.327443122863769531e-02
5.859494209289550781e-02 1.356577873229980469e-02
3.671097755432128906e-02 1.333451271057128906e-02
5.838394165039062500e-02 1.317858695983886719e-02
5.943298339843750000e-02 1.373648643493652344e-02
4.077720642089843750e-02 1.346492767333984375e-02
5.284190177917480469e-02 8.508920669555664062e-03
5.834698677062988281e-02 1.325964927673339844e-02
5.885124206542968750e-02 1.352071762084960938e-02
7.432477474212646484e-01 1.463866233825683594e-02
4.459309577941894531e-02 1.032948493957519531e-02
2.660632133483886719e-02 7.365226745605468750e-03
3.104114532470703125e-02 7.078409194946289062e-03
3.868412971496582031e-02 8.828163146972656250e-03
4.274725914001464844e-02 1.018476486206054688e-02
5.960941314697265625e-02 1.353788375854492188e-02
5.956459045410156250e-02 1.389050483703613281e-02
2.853035926818847656e-02 7.419347763061523438e-03
3.833246231079101562e-02 8.155107498168945312e-03
2.984547615051269531e-02 8.184194564819335938e-03
8.089175224304199219e-01 1.361680030822753906e-02
3.857159614562988281e-02 8.393526077270507812e-03
3.386116027832031250e-02 8.463859558105468750e-03
1.189949512481689453e-01 1.237440109252929688e-02
4.697942733764648438e-02 8.286714553833007812e-03
6.036067008972167969e-02 1.398563385009765625e-02
3.078937530517578125e-02 1.156377792358398438e-02
5.846428871154785156e-02 8.581161499023437500e-03
3.294849395751953125e-02 8.738279342651367188e-03
4.662585258483886719e-02 8.365392684936523438e-03
4.394054412841796875e-02 1.052165031433105469e-02
7.051317691802978516e-01 1.337528228759765625e-02
4.014492034912109375e-02 1.352953910827636719e-02
4.007411003112792969e-02 9.961366653442382812e-03
3.533458709716796875e-02 8.462905883789062500e-03
3.659582138061523438e-02 1.255059242248535156e-02
4.545855522155761719e-02 8.210420608520507812e-03
3.281974792480468750e-02 8.064746856689453125e-03
4.942035675048828125e-02 1.334333419799804688e-02
4.649162292480468750e-02 1.064682006835937500e-02
5.816078186035156250e-02 1.338315010070800781e-02
5.897378921508789062e-02 1.304626464843750000e-02
6.633694171905517578e-01 1.498746871948242188e-02
5.937242507934570312e-02 1.214981079101562500e-02
5.841350555419921875e-02 1.271247863769531250e-02
4.254198074340820312e-02 8.552789688110351562e-03
3.977608680725097656e-02 8.339881896972656250e-03
3.025054931640625000e-02 8.363246917724609375e-03
4.073023796081542969e-02 8.430004119873046875e-03
4.499816894531250000e-02 8.504867553710937500e-03
3.732299804687500000e-02 8.222103118896484375e-03
5.392575263977050781e-02 8.314609527587890625e-03
5.502796173095703125e-02 1.335382461547851562e-02
4.700846672058105469e-01 1.353621482849121094e-02
2.298276424407958984e-01 9.137392044067382812e-03
2.906596660614013672e-01 1.492810249328613281e-02
8.136012554168701172e-01 1.527857780456542969e-02
1.270432472229003906e+00 1.339006423950195312e-02
7.588765621185302734e-01 1.400113105773925781e-02
5.924086570739746094e-01 1.367664337158203125e-02
6.160199642181396484e-01 1.381969451904296875e-02
5.991995334625244141e-01 1.364135742187500000e-02
8.240637779235839844e-01 1.363921165466308594e-02
6.997406482696533203e-01 1.436114311218261719e-02
4.989390373229980469e-01 1.366543769836425781e-02
6.398825645446777344e-01 1.380658149719238281e-02
7.272074222564697266e-01 1.391291618347167969e-02
5.614171028137207031e-01 1.382994651794433594e-02
9.348883628845214844e-01 1.369214057922363281e-02
5.874574184417724609e-01 1.343750953674316406e-02
5.529546737670898438e-01 1.322770118713378906e-02
5.310170650482177734e-01 1.483845710754394531e-02
6.653940677642822266e-01 1.507997512817382812e-02
4.384677410125732422e-01 1.477313041687011719e-02
8.503229618072509766e-01 1.308393478393554688e-02
6.336250305175781250e-01 1.368474960327148438e-02
1.777410507202148438e-01 1.374316215515136719e-02
3.672249317169189453e-01 1.381826400756835938e-02
2.049167156219482422e-01 1.392626762390136719e-02
9.253904819488525391e-01 1.368284225463867188e-02
1.152032136917114258e+00 8.621692657470703125e-03
9.357340335845947266e-01 1.355504989624023438e-02
1.076184749603271484e+00 8.650064468383789062e-03
1.203117847442626953e+00 8.788108825683593750e-03
1.107149124145507812e+00 8.018493652343750000e-03
1.017483234405517578e+00 8.366107940673828125e-03
1.133769035339355469e+00 8.589029312133789062e-03
7.634811401367187500e-01 1.393103599548339844e-02
3.725638389587402344e-01 1.455092430114746094e-02
2.931723594665527344e-01 1.373338699340820312e-02
8.025829792022705078e-01 1.579546928405761719e-02
2.755837440490722656e-01 1.379370689392089844e-02
2.230615615844726562e-01 9.031772613525390625e-03
2.624979019165039062e-01 1.353025436401367188e-02
2.950210571289062500e-01 1.463556289672851562e-02
4.252974987030029297e-01 1.383280754089355469e-02
3.935663700103759766e-01 1.376628875732421875e-02
2.457149028778076172e-01 1.462650299072265625e-02
3.510463237762451172e-01 1.314783096313476562e-02
4.072256088256835938e-01 1.374006271362304688e-02
3.381671905517578125e-01 1.348400115966796875e-02
6.840531826019287109e-01 8.179187774658203125e-03
4.522898197174072266e-01 1.244878768920898438e-02
3.582787513732910156e-01 1.391363143920898438e-02
5.998795032501220703e-01 8.129835128784179688e-03
2.792947292327880859e-01 1.400423049926757812e-02
2.378735542297363281e-01 1.361846923828125000e-02
3.861939907073974609e-01 1.359152793884277344e-02
3.697121143341064453e-01 8.542776107788085938e-03
2.221786975860595703e-01 1.403760910034179688e-02
8.615961074829101562e-01 8.203744888305664062e-03
5.197176933288574219e-01 8.503437042236328125e-03
5.256984233856201172e-01 8.192062377929687500e-03
5.125586986541748047e-01 8.563041687011718750e-03
7.661769390106201172e-01 7.702350616455078125e-03
7.010362148284912109e-01 7.580757141113281250e-03
2.542407512664794922e-01 8.704662322998046875e-03
1.308674812316894531e-01 1.375365257263183594e-02
1.427543163299560547e-01 1.321196556091308594e-02
7.293193340301513672e-01 7.041215896606445312e-03
6.863760948181152344e-01 7.673263549804687500e-03
7.675406932830810547e-01 7.007122039794921875e-03
7.202010154724121094e-01 7.042407989501953125e-03
