8.379397015760818856e-01
1.416650903517052695e+00
9.224430887607324436e-01
3.507554836109426644e-01
5.736072175427328057e-01
1.339817523650033371e+00
1.041533337038394569e+00
4.773262965888813159e-01
1.020243797493064930e+00
6.909490407307566917e-01
9.373606623718881981e-01
1.071704893552688054e+00
8.215101276644808381e-01
1.099361730952129301e+00
8.999324421366163840e-01
1.362891260415568073e+00
1.503098641956877257e+00
1.425952790197049236e+00
1.759622841691222739e+00
6.183645472609541338e-01
1.068103818668687532e+00
6.019138031697424118e-01
1.521041911182202444e+00
5.238355570452588594e-01
1.528736962670228294e+00
4.666287523956885175e-01
1.462193063448955499e+00
7.619477855999828853e-01
9.796275171368409307e-01
1.241132462390529989e+00
1.013308978733706400e+00
6.832184334682880333e-01
7.777532813577492377e-01
1.270298689802091152e+00
9.083626226325128838e-01
5.554981890165902048e-01
1.122629080415549430e+00
1.564927464845003779e+00
1.105450987970763688e+00
5.967896837673370980e-01
7.990874478944173243e-01
1.296441644548961714e+00
7.373841356279418058e-01
6.054383638795332034e-01
6.642493579097393797e-01
1.538106057185830489e+00
1.077634601749319465e+00
1.129089076690428906e+00
6.992707512056507424e-01
1.155297311975541197e+00
1.243949689144209669e+00
1.438171766992644374e+00
2.041235621585992366e+00
2.650379716620899107e+00
8.685661698870811298e-01
1.347020727342000290e+00
8.112031905400289844e-01
1.267508072148927800e+00
1.514291525859070564e+00
8.143866820303835574e-01
1.867848100231144670e+00
6.566069299442457430e-01
1.391191361577034158e+00
8.687383741785955626e-01
1.075511182745514605e+00
1.196149431850608513e+00
1.122285487278608107e+00
9.076416821423328729e-01
1.367515447201385070e+00
1.238229929877787017e+00
1.648547470460497433e+00
1.797019672486374953e+00
1.871163324131789318e+00
6.289644899637493181e-01
1.127761125605819759e+00
9.318224845283559210e-01
1.505055838423608350e+00
2.587517028424325627e+00
1.098729721486088273e+00
9.397153095292133385e-01
1.815315457811804478e+00
3.737236525390168485e-01
3.807384702260081522e-01
1.062526591856879643e-01
5.202030119117038165e-01
9.699740876143180257e-01
4.378517913772422832e-01
3.832913653539386512e-01
2.587231137500101141e-01
8.118347753120193078e-01
4.469686267886617825e-01
1.070386955682108843e+00
1.927491779309406628e+00
4.657323549070365165e-01
4.935779739131330168e-01
5.217787815026843079e-01
3.686830553042464986e-01
2.166990337718406767e+00
2.997353493221365239e-01
5.090215460477474085e-01
5.801478138153884911e-01
6.449469099938479610e-01
3.858447050923870525e-01
4.585858078797909188e-01
3.610634350081234900e-01
3.465160295105909061e-01
5.628370545841012706e-01
8.359551603219701477e-01
4.375915656173191004e-01
4.143754582634014971e-01
4.207523574768177732e-01
2.065172890200329459e+00
6.838590324208567717e-01
3.121901575211855628e-01
5.383290797900615043e-01
8.481298634987342877e-02
4.869418619280554972e-01
7.543255131682460313e-01
3.571363865829180750e-01
3.429075934168839823e-01
6.125053206079781321e-01
4.596680126977240044e-01
1.633932810987065221e+00
1.133372796863309828e+00
3.873410100197867134e-01
3.880007240892066056e-01
1.115399289939717820e+00
1.573245871339619795e+00
5.544925836350732551e-01
4.542529344708388650e-01
4.073013164947965614e-01
4.876771300579003654e-01
3.736438196023927905e-01
1.449666405784426626e+00
2.063863770705324452e+00
4.178750561052921308e-01
4.020811855213139996e-01
8.513895091593657316e-01
4.333036266543944387e-02
5.678023901126594275e-02
3.490940732478787778e-01
3.760407021941677419e-01
1.096949223626271230e+00
4.839215844681913126e+00
1.014741211656098319e+00
8.610036067007748040e-01
4.134477384032103631e-02
9.687017852082899783e-01
3.746418256664596491e-01
2.339832835172741099e+00
5.408661116085364817e-01
4.341455782746421743e-01
4.428153645160439744e-01
1.235100294163308243e+00
4.723683214105227068e-01
1.324545430227242582e+00
8.165797619092223236e-01
2.951406831989694668e-01
3.265303051802070478e+00
1.064269302671793538e+00
4.658762724616128947e-01
1.647920422373618660e-02
4.954091944577087570e-01
4.669953847414987091e-01
7.916230068976982948e-02
5.422467096026855476e-02
4.183887826561421414e-02
1.778654033483940688e+00
3.879443043685120718e-01
5.969069503669349741e-01
3.054898794793314831e-01
6.066639383811307518e-01
2.661625540846658811e-01
2.962343665472130794e-01
1.348783932108089667e+00
4.269871993972961244e-01
4.189662604247170186e-01
4.656499789754017238e-01
6.049556054463748334e-01
1.083456284144671766e+00
5.379732392902045746e+00
1.444929513719330538e+00
7.476833116197364459e-01
9.106800759850540716e-01
9.749336689642531528e-01
8.469322026170266193e-01
2.288543855392824455e-01
4.646861100897690944e-02
5.911311138507694629e+00
3.997147400110815929e-01
8.938622358217114261e-01
5.004752597102994915e-01
5.954607889771033058e-01
6.936702434509476323e-01
1.144997077088547144e+00
1.202081312968624527e+00
1.435634734999075679e+00
1.577209150500751722e+00
4.444780989542100880e-01
2.183332936831117177e+00
1.358647772754753902e+00
7.368003662937210319e-01
3.885965136112921603e-01
2.261528066713780927e+00
3.910151651007909290e-01
1.324698178018726136e+00
4.783242053117629511e-01
8.704081529218110624e-01
1.414467410573409190e+00
4.122241020744600859e-01
1.342759659845423892e-01
1.580821984915087963e+00
3.445325131032597743e-01
4.336754251290907969e-01
7.445579902458376864e-01
5.533046391549467646e-01
3.501218575263902455e-01
5.948527379998788112e-01
3.239480419486155949e-01
3.880670138936115343e-01
6.131039360638113056e-01
3.797566560860052842e-01
2.011098157153480948e+00
7.088799837584628394e-01
5.422123775339992013e-01
4.188534012421760155e-01
5.106248465541386450e-01
7.235675219059611862e-01
5.901969591633074996e-01
6.341308123297338950e-01
4.525094965818598491e-01
3.284662176132240874e-01
9.824920661526523880e-01
4.151835382569883381e-01
1.216468900965899325e+00
7.695388319925325904e-01
7.338107097539301460e-01
3.535216550332487828e-01
5.270488302184953566e-01
5.114144842516991085e-01
1.477271816876573718e+00
1.351228577422818322e+00
3.519264277914091466e-01
2.489991381350925848e-01
3.938633625455230103e-01
1.139891386734026568e+00
6.590784189159151207e-01
3.911238510915092892e+00
6.365968992843575869e-01
3.108063751411688780e-01
3.581720875699470064e-01
1.457820986725836543e-01
1.044559955186856293e+00
9.342664305083628884e-01
1.000195235111383640e+00
1.119078680617366706e+00
2.725617844989525640e+00
1.253290594404485869e+00
1.271975225899076634e+00
1.703347922924344005e+00
1.831446005255571663e+00
8.152643583022559648e-01
2.044350795754536154e+00
9.815339867028922693e-01
1.339137030824231855e+00
9.975181129189583107e-01
7.863775528877546828e-01
2.473423461886201213e+00
9.442565096482059550e-01
1.914288475010813340e+00
1.706177402782676600e+00
1.554854292746857158e+00
9.097693212560774567e-01
1.085022643617148397e+00
1.439737166135198532e+00
1.445140220741411907e+00
8.281325938899417594e-01
2.530329092520691603e+00
1.606659425887915216e+00
1.785681577829871136e+00
9.152388649205170923e-01
9.098299697333818159e-01
1.490584969245005276e+00
1.720320243093782508e+00
9.498217025053631302e-01
2.388039222993100008e+00
7.155554430805041166e-01
1.070918860003237771e+00
1.003782697273419178e+00
6.396459948037631627e-01
7.524818088790568016e-01
1.325872637803350518e+00
9.741900799629898966e-01
1.002513533701306470e+00
6.115253872987999051e-01
9.850203835215217696e-01
1.217265672820236899e+00
1.068855729933523291e+00
9.158583944544543831e-01
1.758358679509138822e+00
1.911065129218386671e+00
1.672850394511991245e+00
1.016965343707717073e+00
1.015013209293549545e+00
1.713214868065704000e+00
2.819334145142978088e+00
2.075802563449469229e+00
1.801912396192768329e+00
1.855481758331966491e+00
7.777702766137293278e-01
9.558012090601163413e-01
2.157861895664468843e+00
9.757665028528434981e-01
1.412135203247028015e+00
1.313795436225972280e+00
9.352510596122508568e-01
8.131438842155961355e-01
1.218122085900789520e+00
1.572862688906512263e+00
1.214647438296219795e+00
1.301680383365420690e+00
1.693952654052828466e+00
7.081320712198616585e-01
8.992396589295547082e-01
1.591135009327967920e+00
7.657966431980087751e-01
7.115260180390434730e-01
1.483281006324087770e+00
1.839040324815845562e+00
1.863400007138085845e+00
1.145125263197458221e+00
1.369026252052450765e+00
1.761124286328096700e+00
1.481613272113162072e+00
1.148456178422797569e+00
2.240341180646080232e+00
1.305477361237574296e+00
1.100389886255470628e+00
1.088549749099558595e+00
8.453792560038130288e-01
1.420251006537674110e+00
8.072227539266922935e-01
1.512465481531011235e+00
1.145366038246722118e+00
1.192377696108643415e+00
1.132733142626713985e+00
1.186230895051924694e+00
8.293427303962316310e-01
1.178483668413574437e+00
1.340599435888643942e+00
5.741068581408974580e-01
7.173022866182935386e-01
6.970597766346472435e-01
1.548410290021471791e+00
9.641300732249853400e-01
5.337857619865139513e-01
9.486611476193725911e-01
1.470541815851445833e+00
1.237315736525899101e+00
7.674388596105090610e-01
1.295693498448708070e+00
9.500097613216749171e-01
5.337449420892376173e-01
1.673135075734647925e+00
4.270325888821504545e-01
1.503162187328799471e+00
1.729797923757409039e+00
4.168782253717434605e-01
1.662633410599185124e+00
8.714985773072996267e-01
6.784178545357707479e-01
7.695654912233507172e-01
1.563840511265332633e+00
1.958914219547409408e+00
8.089751050557730805e-01
8.767549191414364396e-01
5.472661317868111608e-01
1.130577675074497135e+00
7.882243654047177417e-01
1.341370531237500385e+00
7.354124814704968705e-01
9.299496464828298503e-01
1.168674227290678047e+00
6.965259642180662292e-01
7.427211974361477287e-01
1.298259636224038394e+00
6.051214136561631207e-01
1.113828264227904929e+00
8.583055406077820804e-01
1.615025790911662318e+00
1.103498379245692940e+00
7.491003659145779592e-01
6.822364549202990514e-01
6.278678627744868068e-01
4.635165950521406009e-01
1.029981565473910843e+00
4.841737572257512334e-01
8.923042094609500152e-01
1.851894576681199389e+00
7.786203457814657725e-01
1.569768974952439500e+00
5.700145765614690330e-01
1.868759398614690426e+00
1.300726730958543076e+00
7.424209762199838192e-01
5.694862124321977692e-01
7.156993071896189385e-01
1.830673953681011490e+00
1.470723833124261137e+00
1.417487750134544422e+00
2.684115753783471003e+00
7.401950050686072480e-01
3.833080715745942890e-01
8.919540513311361440e-01
