id,0,1,2,3,4,5,6,7,8,9,10,11,12
W1,35433.62890297607,35556.60009232119,35577.37371927171,35583.01173674674,35597.45073528262,35613.88079592983,35629.59914751255,35645.08328071651,35660.62032346767,35676.182925287874,35691.74205535138,35707.29848841637,35722.85503447782
W10,5147.21489300025,5171.852304376283,5194.4722604294875,5217.2660143979165,5240.031356567547,5262.592273399397,5284.992863193736,5307.245055111693,5329.345177434373,5351.29464137665,5373.095561162088,5394.749468719934,5416.257891412277
W100,11407.951737633888,11493.568887483263,11434.610786924442,11383.941658694734,11411.095932599137,11469.260736760994,11489.553835670537,11391.245570046369,11414.2376456537,11461.046789031274,11534.545342030795,11451.00009039662,11424.926426910119
W101,9862.706122362393,9906.599329450504,9830.43216661177,9824.64783878271,9879.38292025195,9929.161960025154,9905.410687622962,9886.904090743797,9914.485720587732,9957.570891951153,9961.819396804533,9949.566037700806,9960.71496888376
W102,15865.782633113351,15859.600621844416,15825.549190203086,15898.00237635642,15975.600754264968,15897.524461477973,15950.202855477219,15964.106579590469,16093.627116654518,15989.831337689033,16018.09889423673,16005.699345553627,16088.894565673458
W103,4099.980028329756,4108.036572302951,4029.445487588142,4097.51016102228,4115.174120628932,4134.2263534448975,4097.131787288277,4092.3496252539367,4139.727558510342,4157.838863487932,4129.796230370716,4092.7967045147107,4148.49593261072
W104,1028.6300214154699,1025.846412202666,1022.6335327126773,1019.7529064325461,1016.9822098664179,1014.1426578774701,1011.283838081665,1008.4476191538819,1005.6228867594592,1002.7997661527958,999.980669726898,997.1678505886607,994.3607143526746
W105,9175.909947929751,9194.881848747998,9188.48353206898,9192.683438239721,9192.515182784398,9203.485265667912,9204.174655587125,9205.687725054628,9209.448696693804,9211.209892397439,9216.90287947191,9212.624302079701,9221.311970378954
W106,2158.7812702009774,2157.453841043927,2149.25824432853,2153.7262780822753,2164.0418976659234,2167.56670146618,2159.0410730108997,2158.1948105282363,2168.020789468972,2174.8328066270888,2170.3476060063035,2163.879724130406,2172.186733512751
W107,23900.330382824915,23910.967043210752,23929.206649162716,23940.067230594635,24003.45204028819,23994.58473827617,24027.685002510614,24050.397742164747,24100.257190803895,24129.971854415395,24142.519496841716,24160.21601198726,24202.001522067334
W108,16006.194619170348,16034.537177636365,15980.336895524448,15970.269683467151,16005.77346803267,16028.567555729358,15999.580045247318,15949.406680441734,15963.954393784037,16031.088543602787,16030.031369470062,15968.284272282592,15963.358035819374
W109,14251.670090855,14276.920142265908,14219.272872441843,14205.446200579108,14245.363420895512,14266.472807921158,14234.685574264842,14176.727986657606,14200.37094245245,14269.403791745404,14265.772555907799,14197.83348205264,14193.222888555756
W11,355.9416465828223,366.6248408429425,373.31622770210845,387.3194224996646,404.03944993431276,418.0999028333779,425.429365029392,434.906301029121,447.00510642869915,459.34611320548674,469.0506600233862,478.4599041847174,489.0367536850557
W110,7323.830164115716,7330.33024515315,7335.100932469056,7339.655580054726,7344.132904354514,7348.6107611953985,7353.100648070663,7357.606751054271,7362.129753340048,7366.669767731585,7371.226710398349,7375.800459191243,7380.390881418433
W111,1064.1348873652244,1058.3599498824058,1052.860071868301,1047.5216481424588,1042.1768755627988,1036.8372078960376,1031.5180805760197,1026.2304360554763,1020.9717916131539,1015.740085714717,1010.5342145110144,1005.354030649495,1000.199281921818
W112,9509.942157872154,9524.550377991265,9509.070890534025,9529.38034741412,9553.305557837772,9551.719262207396,9566.099935223165,9562.495657961334,9607.446935622373,9606.213112511152,9630.410001695906,9620.864691392853,9653.711056195829
W113,739.471637325182,740.210524817699,743.0550654411406,738.9104874845304,738.2283853180016,738.6262891683441,739.8231710841127,739.0139937851982,738.7726257995074,738.7601559315849,738.8905250776086,738.6103944877343,738.3702434379488
W114,10530.20909527249,10589.031028022737,10629.507682683714,10632.495605008582,10627.391710504598,10626.797510839044,10658.528496388386,10671.033669979937,10650.43733066935,10659.083790588822,10693.71794852264,10706.203934135845,10708.358322892202
W115,11261.838891758687,11313.208342127906,11371.547977225038,11371.280498091126,11353.518977896016,11365.25476211196,11389.84965767642,11383.885365298665,11365.596049118194,11365.774158709046,11402.941555980255,11410.00770833841,11405.878011844603
W116,14767.521150487035,14802.255720302985,14412.773349755409,14280.51278634736,14636.53268909057,14922.083739159722,14920.27074443328,14261.525954658962,14345.646993333954,15005.374763247753,15004.962629776346,14580.167432986145,14429.419360483786
W117,7069.766542270793,7072.5800639509225,7075.099452329556,7079.175094952423,7082.452530858405,7085.720525300301,7089.032609962097,7092.455757368856,7095.928461023434,7099.465304561033,7103.066419103594,7106.732581284534,7110.460850825258
W118,1742.022644447902,1738.1374668157468,1731.6173772501124,1736.0695068749187,1744.9542418326164,1744.7120953254134,1738.4256617199787,1738.4387624253793,1745.5302616862468,1748.9633722322362,1744.5822794794421,1742.007290588748,1747.062311343387
W119,1022.8932626143682,1029.9338925314908,1045.2631049871745,1049.733847550964,1048.7638656123936,1047.8524952151547,1064.4960207483,1078.4131521752238,1084.0896571108335,1079.2903468680813,1078.2735805085617,1086.981923868116,1084.504480454906
W12,1049.4930076468781,1048.0548588144113,1045.6525672526361,1044.3074464430038,1053.9867187574796,1056.6580806525778,1050.8093404487076,1045.3029427517195,1065.6806511888708,1057.6992792670246,1055.6451803919902,1051.403503797767,1045.3704360128565
W120,880.1297199914559,896.0829953024842,913.2211818089855,910.8623743083557,914.1697009648716,916.9530530759617,937.0201659801102,930.9827099235192,932.2330015962165,941.039309323054,949.9113184998525,953.3003385369262,946.000258103399
W121,10421.732459749943,10438.300733089025,10387.461350886622,10368.903833949957,10432.892546282055,10473.344759395866,10452.326898482743,10387.692744300868,10446.893215398144,10491.991264327817,10492.772916232867,10447.606886258924,10461.57388638756
W122,353.9461615984924,362.2347250680061,386.16773908991877,385.86343416196974,372.80829901237735,374.16597441192084,391.61327981988006,387.9740800484217,379.2345109721957,375.69130390329406,394.1813773352833,400.5237592925689,393.88176673889325
W123,462.01184254211194,467.7710502902762,489.4154480928653,487.16997992775646,475.3057987256773,476.5783622150718,493.1223754537084,488.4956068845695,478.54792345683995,475.91473406550085,493.07454010191736,497.71122936309916,491.1204900006462
W124,8489.719513766728,8423.54455056688,8431.862187167688,8415.276085797836,8446.023099576423,8398.267008317856,8402.280521429517,8380.634894010473,8386.227547679018,8371.539172175173,8351.756389898883,8356.32210768701,8351.88237643378
W125,10872.839484883802,10961.461179640239,10900.811313139653,10849.777923395803,10861.44536894031,10939.6639847335,10958.02193489602,10861.236325772816,10874.348342904657,10932.650745961952,10989.630266655293,10917.625996152085,10893.643482810829
W126,9588.622988304267,9610.302428363782,9549.412977593805,9539.297314796024,9618.224793963338,9668.990414924103,9646.768332758284,9574.083207200247,9635.182616365779,9693.278455468735,9698.180299591071,9639.936747038964,9658.31903442483
W127,11017.70464284287,10970.704406734749,10894.555218759617,10968.228779176461,11017.338536387026,10959.626011518116,10996.64134844024,11002.345033973874,11148.674899733818,11085.827198797657,11116.70917066792,11075.23566464617,11175.367989975814
W128,3632.917971014978,3619.9558781831793,3570.821041270937,3584.2779244807803,3642.3665821013387,3663.7676287805048,3609.5355365158903,3597.3923369377585,3657.773790388066,3686.5987505109233,3644.6753735250436,3612.6610569894647,3633.22163315849
W129,1010.6682870684026,1006.1873993533354,1002.4263139093841,999.6535011512241,998.4260436940302,995.9831891839888,992.8699093758636,990.0491014289954,987.944766201695,985.5195819831757,982.7527686938334,980.0038420376565,977.5464124373452
W13,2472.623929889606,2421.3514262741855,2396.292363558819,2397.1011594870424,2398.6015424752586,2392.399778752258,2382.317946618697,2373.4056273167726,2366.5347136889604,2360.387616130798,2354.033541745118,2347.5026804823597,2341.127705356355
W130,8171.492014227967,8176.092150074483,8175.221989847638,8176.605520334818,8179.650999741532,8182.756804714935,8183.949590407697,8185.673418827321,8187.791348329941,8190.296518602815,8192.554072471066,8194.6962423825,8196.899514921268
W131,2157.6743909961397,2156.3039016191174,2148.0152768060766,2152.6162757248076,2162.9188803140646,2166.406768816929,2157.8274415005612,2156.9775832477326,2166.884889648758,2173.6317296497296,2169.107125043852,2162.621972208743,2171.041434624155
W132,22619.834356428317,22631.678744391163,22649.324086871868,22667.968553702365,22685.951365504356,22703.782634355597,22721.68012557004,22739.61678372911,22757.56346669166,22775.52016145451,22793.490161977606,22811.473876455053,22829.470992265644
W133,13873.244968830717,13884.207088367431,13819.090555064497,13820.471101884477,13888.334881997253,13922.768633784286,13905.60049626294,13839.707307419672,13892.390008653905,13941.891736446105,13933.273422484874,13870.826714403516,13896.483762398997
W134,12120.295089321518,12124.763396355263,12056.184913645444,12056.118687674589,12128.49529165762,12157.487094894032,12137.227202220263,12063.539050875637,12124.762475580257,12174.547223818368,12162.502074447939,12092.943720862782,12120.741982470932
W135,6205.157214308133,6213.941946933926,6220.127522394869,6225.745756871189,6231.179455754227,6236.569301965991,6241.950989164663,6247.335453626161,6252.725690622955,6258.122540183926,6263.526203976664,6268.936703460739,6274.354008137143
W136,6422.996311770048,6399.984689071096,6449.977222137308,6429.420780602834,6449.2511799745735,6461.451353102477,6483.862910393994,6498.087237788135,6511.260900860983,6534.249135466447,6536.659365723068,6557.122746027257,6564.341081830771
W137,7041.826529393449,7047.425131957707,7038.928977000713,7055.142653740839,7065.447959886689,7062.26720198327,7071.201023201291,7070.347759855691,7097.594906141337,7092.455126866402,7103.349497007276,7101.1144556131885,7120.862794792027
W138,361.6673265622342,362.2585301386282,363.0563049788339,362.4890613782879,361.9963550390157,361.6495753637654,361.3635383089026,361.0280045805725,360.67142640230776,360.3102831782339,359.9463458652858,359.5746930721387,359.1947814667444
W139,7877.253729329356,7935.755861079089,7927.166364717243,7954.765196887368,7943.3738030020595,7948.679593857585,7956.661790680874,7958.973378514452,7976.6791144089875,7978.475424934728,7977.128131419364,8022.855059969665,8017.155779369763
W14,2416.1203213250483,2412.0687632971053,2404.6250584753698,2365.5108417383026,2334.9651835733584,2363.924445839993,2359.008571388338,2362.5632959957043,2278.663001811474,2264.3931508069045,2310.0615472735785,2331.6245364868746,2306.703264720256
W140,8228.31472521,8283.527653496174,8302.350763519535,8326.81173138618,8293.627554929655,8302.29249443973,8308.701149941819,8315.232854549738,8327.898353938766,8329.670330030298,8336.750013358775,8389.074986115262,8368.580158514691
W141,11059.381038048325,11055.44513307442,10773.93272828823,10683.464617684087,10949.61866305242,11120.575435372473,11187.90553563491,10631.603959576687,10622.009648271553,11168.918948352131,11156.489968310143,10855.324026381699,10730.942916297443
W142,5412.258028431801,5417.057163197792,5421.669855039938,5427.936092817774,5434.001685197239,5439.291576449312,5443.9244261645235,5449.004087463285,5454.701962630334,5460.040598763714,5465.3236464131605,5470.6144772862945,5475.95966433907
W143,11347.23355237984,11337.105703089726,11295.546670512083,11315.87411086859,11376.104733896573,11390.245167721676,11358.238163826072,11354.62014588541,11397.143561388124,11430.749163463395,11416.932199561339,11401.642384549712,11428.942745430597
W144,1005.31534303209,1009.4677267129936,1023.1574749414551,1033.0659543629065,1044.5867636879561,1052.7508985811335,1069.67257854861,1077.0173771506893,1093.2684007572898,1106.1953890402108,1119.3208853070646,1130.4713670847013,1141.2333902441455
W145,8812.04161002575,8944.65120706609,9114.685260747112,9194.517426074744,9361.19369595161,9466.347932623034,9649.928250889145,9748.900482610345,9924.141063615876,10075.127950791322,10227.11591808795,10363.985510046012,10489.612844950778
W146,6748.10239655106,6760.520669705036,6725.76294539457,6703.980754387154,6749.829955095823,6782.158670940502,6769.317838491563,6716.979064687024,6757.301460529072,6788.689556476183,6791.477322367239,6757.293095475858,6762.860342700014
W147,130.00018912552787,133.37361609063237,138.59647999148615,142.09264512746051,141.91296354319218,141.38116338924897,145.01000045665376,148.7449232900433,149.0387571839085,148.7886933619294,151.41733720641957,155.08779185441404,156.51235244222175
W148,225.62107469834973,227.78223614260355,233.96979494195864,239.03947538312798,235.1875237244841,235.41558908347372,238.42338588678683,241.66621290918,241.5077115030075,240.07276830388855,243.58482110646366,247.32078784695807,249.24654051757545
W149,4417.580799274446,4345.540419231498,4363.627276917211,4342.686389172218,4376.079375462122,4332.008441038576,4342.7184710602505,4327.206657168766,4336.67123082995,4326.72247382075,4312.14572945471,4327.7658505608115,4326.151230229649
W15,4429.188555137627,4170.691817694286,4499.706529799499,4499.056743494792,4334.4838101093155,4370.003839493897,4492.728017498267,4558.239079174111,4469.057943911788,4399.060981840812,4438.019098501174,4465.986913325922,4439.343591992081
W150,8076.819981076099,8152.640299981369,8089.078216932451,8055.024343654274,8077.962929254489,8142.774284847292,8147.601247437175,8062.523394479894,8093.602771523301,8148.992602086157,8180.10412389723,8123.277373596369,8108.851141512766
W151,6302.933016320894,6319.3682968034755,6281.891189911163,6261.946060065682,6305.064278687454,6337.763994998692,6324.350210573004,6271.3606696893785,6313.150714751015,6342.927952263059,6346.615701117875,6311.527203301408,6318.489994546573
W152,8490.272622135617,8458.007759065025,8416.141109070995,8428.947798646055,8435.678504992566,8419.291827887148,8485.412322638935,8483.43451926345,8547.817711772585,8469.191134851639,8529.88739250738,8515.580970410065,8561.508927674644
W153,2986.4262793907424,2972.2484154193717,2921.2504881421078,2938.3836435188796,3002.1993177671925,3021.5962691446757,2962.8894292548116,2950.623153498759,3009.524475398355,3039.0873427908623,3000.332249409908,2971.875507152884,2994.988720868538
W154,8603.86623555145,8598.736613199775,8597.737699540627,8599.834528089137,8602.449531410657,8605.413795455877,8608.536832763704,8611.70336467051,8614.891631841521,8618.087050306973,8621.283423119876,8624.47885420196,8627.672364149093
W155,4597.150222526887,4600.485780412873,4601.983016941488,4604.715336859227,4608.872577293792,4611.756223095017,4614.598213456275,4617.861538146818,4621.54193039498,4625.293335650347,4628.878190852979,4632.457173427976,4636.09242783198
W156,5458.293121651481,5463.6807486184325,5461.201995260103,5464.006999498425,5461.870943247348,5467.470566613177,5468.918301027217,5474.007308819197,5474.38394279861,5476.264178044304,5478.661818396885,5481.766561758975,5486.053914067548
W157,1430.578378163238,1430.1244195373044,1425.2601660467928,1426.4251083185595,1433.0742991237819,1435.5770462102032,1430.259805789024,1429.1314058522032,1434.6805379931684,1440.2531859267895,1437.8537669627672,1433.9645562931387,1437.1107956638157
W158,16541.721201586945,16553.722499473424,16571.406668158823,16589.946348839352,16607.871760793976,16625.700055595124,16643.59050376056,16661.520425758907,16679.469574153547,16697.43829004482,16715.428553232174,16733.44062146411,16751.474368534782
W159,9255.233584952988,9263.613879041079,9215.62658626788,9209.071277344789,9262.248650949949,9291.8282716171,9278.632095340236,9223.72342991604,9258.661935341595,9295.723990548711,9287.570088696002,9238.72514938285,9254.020015708644
W16,4481.131452709633,4274.147618709812,4551.219230188098,4498.345526562613,4339.689392587934,4389.385885182412,4512.181570777115,4574.351742652823,4488.748557955178,4432.388866202196,4468.6567785431,4482.976878968698,4453.8004615909185
W160,8042.160174815421,8043.257192283336,7992.895190137395,7984.981128523995,8042.4271753157345,8068.328970919901,8052.443555316307,7990.496617641861,8032.579186248986,8072.700519682986,8060.41907652671,8006.03039451463,8023.0821702425765
W161,12087.48008356632,12084.919044321694,12086.924928408262,12092.92895906139,12098.415771903272,12103.058653345404,12107.406233535488,12111.970145673506,12116.652948526993,12121.353792181471,12126.033783621479,12130.72134349193,12135.427987695602
W162,4457.468448914509,4461.082378063579,4463.307208790209,4465.375809018206,4467.402706517041,4469.423350941267,4471.442634941773,4473.461680956652,4475.480672732873,4477.499647671637,4479.518612370066,4481.537568107805,4483.556515120428
W163,3759.4763970889517,3749.9309298004646,3741.3369641128916,3730.873405650419,3720.285587601,3709.7355580142616,3699.5473856625777,3689.4052136748105,3679.281081168815,3669.1456845456396,3659.053406442609,3649.006543485887,3639.0053376581277
W164,24698.69662110894,24716.33815846873,24640.82255117824,24682.98541983051,24803.729287137587,24836.938689231672,24858.095911584638,24829.96362490768,24891.006132360286,24924.824137140484,24951.00122547746,24954.929578834744,24985.588666077234
W165,3781.354054865048,3757.81067832212,3780.145834645281,3793.243865157063,3791.6150718917856,3794.1944946933627,3810.6801384763658,3813.6869481315616,3821.514016476382,3822.731876193314,3829.7882405901946,3836.402559220466,3841.358534462696
W166,2649.4677774294687,2658.5758793654018,2679.3527098106324,2687.418269733332,2682.748487856431,2684.1429314202505,2698.3812178471885,2708.494023811252,2702.8722711322785,2696.851910321422,2703.791233694845,2710.4409181890874,2709.937901786002
W167,3034.9846525142634,3028.5187182325117,3045.192733350371,3045.8040238588687,3048.825975890783,3042.4862272674736,3050.0378039397397,3051.2819139148683,3055.4240508640396,3054.942914038931,3058.5668403206055,3060.401144684912,3063.91156970017
W168,3663.720240286375,3669.260712113589,3563.4077175507946,3552.4818859732636,3619.1298910400387,3676.4156195811247,3609.259968780986,3558.7215143510566,3624.8479037982434,3675.0402376699717,3644.767889095213,3596.1893215724176,3614.1206996827777
W169,1656.9174127621013,1654.1040631465553,1651.3240055007348,1648.7908109169703,1646.3621120436826,1644.0174404079514,1641.7526443468516,1639.5671678716265,1637.4593568932855,1635.4273552784,1633.4693120615673,1631.5834318515992,1629.7679660278336
W17,12008.852472055934,12015.336995285641,11991.826256661394,11956.123403321075,11942.340839325616,12010.469710230067,12007.910993288791,11994.791015448413,11991.758618656044,11981.33562506311,11969.453568105811,11959.89478968423,11920.467786760826
W170,3592.0397899119866,3589.0829970436744,3586.375218218382,3583.788094632657,3581.2380671135343,3578.7199224576652,3576.235284389837,3573.784402692565,3571.367015882122,3568.982841109061,3566.631612081864,3564.3130677766276,3562.0269491958293
W171,6061.847491195552,6053.930376206305,6047.096054387535,6047.81232575977,6050.357458265099,6050.747760335818,6049.607172642466,6048.800029816346,6048.717286372113,6048.773560746197,6048.603450252393,6048.30850466053,6048.068173803295
W172,3666.7749516470185,3671.683912554314,3660.85201323965,3662.5607272085667,3675.756885061878,3681.713795821387,3677.9831590507056,3669.7634199357603,3679.6837369071736,3685.053392077266,3686.7944980435323,3682.0917754959914,3685.4419429643667
W173,3390.4215697834593,3317.188630560511,3325.4315761746684,3344.829968912259,3301.364955103325,3511.7770752377583,3372.7486170846278,3509.7582200611732,3393.205980138056,3523.924633664973,3510.35745483391,3567.500730503778,3506.6539890520144
W174,2811.8966175066544,2814.6589430813947,2813.0721529621314,2812.0327959664824,2812.1215869197704,2812.086801309069,2811.820913623487,2811.602290904554,2811.4653135284047,2811.3407459278133,2811.2207517516727,2811.1206933234967,2811.0423461241976
W175,3260.8085318434682,3263.327635017948,3246.7499287691357,3248.6946147692024,3264.224392501755,3271.166755762556,3262.8113686271417,3252.61807858509,3268.704453228497,3277.906890483309,3275.9232596936818,3266.556151512693,3273.1400738106577
W176,2523.026397808174,2493.7105021002944,2487.3995747027975,2522.721829741018,2546.3295158017545,2519.694842760019,2509.2998007461483,2520.2802581899905,2540.9625387271326,2531.2689486939867,2519.6297286576887,2525.500041974845,2541.0082040786533
W177,6579.045663514706,6561.491952550291,6576.55682349173,6573.984014731278,6582.089351361386,6563.696379711676,6613.030233476018,6566.38432975094,6606.527164175916,6637.558064216699,6632.920215424863,6616.498124825134,6603.193207392702
W178,1478.020576847698,1461.9156855903718,1454.524271708347,1464.3405804439778,1457.420787044292,1454.816452103095,1442.6236165476776,1443.9542790217993,1440.207654886321,1436.8134376110374,1427.7405752784352,1425.0880856934252,1418.6257250844847
W179,2714.22133246607,2715.2930556709584,2716.202753481843,2717.1184001935662,2718.032708948396,2718.949528269999,2719.8687854052773,2720.7905637531912,2721.714856311062,2722.641657265148,2723.5709586716675,2724.502752578339,2725.4370310053455
W18,4368.830344703649,4369.676697314275,4384.1676617619305,4384.170375739355,4384.500874947306,4266.129003540027,4260.089528243643,4282.111952904218,4282.237682083002,4288.428183211516,4314.7505183775975,4318.9219634367255,4340.770761375945
W180,7253.666975137978,7244.8112411634565,7237.430421503865,7236.29675783228,7236.421198722678,7235.092587720645,7232.813876831405,7230.728052860105,7229.043837881964,7227.462629277125,7225.808266355301,7224.118979239478,7222.466034180696
W181,8791.890751066807,8796.324241581691,8796.783017323503,8798.387497977994,8801.285167382346,8804.321663173312,8807.13015849968,8809.912773394359,8812.795920692528,8815.720253329704,8818.641355036807,8821.56293490207,8824.496945911982
W182,1346.8633858779797,1342.1204180741533,1337.4568524621857,1332.475964085195,1327.4785429660337,1322.4593171172294,1317.4175690712275,1312.3559891981117,1307.2753388627466,1302.1763992957603,1297.0599350852256,1291.9266681563024,1286.7772911280185
W183,6083.674209851756,6084.025471406682,6074.76923787344,6074.2717813794525,6083.59227401602,6086.616824333096,6081.146809559126,6075.655061716509,6084.493714314434,6088.181001904858,6091.339271845029,6085.369458084953,6085.112879104494
W184,4612.329168162614,4614.967643566192,4604.178521142299,4609.584744808541,4622.962545821881,4628.9640143382885,4624.296599125854,4617.718465213601,4631.801798885382,4639.822489890064,4638.009980694302,4627.256354333417,4634.459577905075
W185,4074.2667287977893,4076.6662586340153,4063.6723688204083,4068.7522549299056,4082.0520310085776,4088.2081615466705,4082.621103087927,4074.101895240679,4089.106594390506,4096.327062731981,4094.541960018618,4081.406865159865,4088.43883541586
W186,1739.3653179881953,1737.6422305310484,1733.7108843705248,1732.8474065827895,1729.781007514428,1730.6826862240814,1728.4809331616777,1729.510318924859,1725.4302246899128,1728.202548421731,1729.6649103392035,1728.2412120592417,1730.6992545132753
W187,919.0888697102527,917.360411817156,914.8455046136602,914.3921666037753,913.5785223693662,913.1370718482888,912.5509752331005,912.1320439293286,911.6470121412125,911.2045622348808,910.7393944576884,910.2893898238694,909.8296298721791
W188,2244.3248688459303,2251.2002302198266,2232.128746930428,2234.9352288993173,2233.7652655543507,2234.3144913966253,2231.0560729296267,2229.819009495112,2228.225469761062,2227.013078097815,2225.320279920421,2223.790984818106,2222.199755483247
W189,2041.8959325982496,2003.3699892021405,2007.5237243628644,2013.0509521830272,2005.0772210791092,1983.4500905056143,1931.4747905252914,1984.5053853946943,2024.7714055694028,2044.1657890890194,1943.6712017901584,1920.6072394005582,1963.1720430019648
W19,2844.423917273318,3453.5561658471947,3793.170138077942,4028.293179035119,3765.8147630244953,4147.525713374083,4223.1795824630935,4194.973563848609,4022.5223461374735,4630.530171792401,4825.4747950965875,4633.682066636472,4401.084343559279
W190,446.88526545592583,446.907633286825,445.7754791950183,446.14545176265324,445.07955452868066,444.0873970069639,442.45455230220796,441.1634625017996,439.49858792191446,437.9921706358857,437.09587072873967,436.22591792577316,435.6388853806485
W191,6499.966354756463,6513.739633411881,6516.121368326694,6541.245055849969,6521.008159056533,6535.361884620531,6590.713602317977,6575.8287873531235,6571.752119253344,6577.845613393292,6591.460753396833,6597.259783805545,6608.246697118421
W192,1153.8522633070788,1171.0366763369198,1170.3691319912514,1176.0876567148202,1178.4962379787821,1182.984588156069,1186.5534963602086,1190.5482184714376,1194.2434420017937,1198.0230968131584,1201.7044589109166,1205.3845291628986,1209.013675230476
W193,5984.634217707787,5892.551208066724,5891.958515468227,5891.728602273042,5906.309142020913,5892.022514355566,5862.69767272139,5867.010136227541,5849.9937294668625,5819.224688017538,5767.927440858684,5756.232730355708,5767.826002228207
W194,479.78776088301925,475.04486736953766,469.8237673194839,464.9190073673331,460.0939063960326,455.2456392336417,450.3982308524323,445.5646268400674,440.74237123646003,435.9297430942648,431.1268696853572,426.33386133829225,421.5506102512025
W195,947.6262868512911,944.2204073609958,959.4521609780058,965.7009944091683,976.1830065935465,984.214557241632,993.3129363393248,1001.7070149059069,1010.3113260072439,1018.6594522507033,1026.9920679959232,1035.1877302674993,1043.3105803254414
W196,9560.38552043221,9510.257048918073,9482.815005002682,9473.029802139803,9468.558992274395,9455.080191627721,9461.298785819366,9485.49081910114,9528.68990986841,9583.849039663924,9644.140859876643,9706.522294216198,9769.938581196571
W197,3309.9306950475484,3295.9013792692353,3265.079243884851,3250.443803706374,3237.3020385385075,3230.5627431329976,3223.9724959872,3219.7011004960764,3216.4482128302457,3214.512716339282,3213.1224557784294,3212.2722145147086,3211.7619633493564
W198,2400.4604632146015,2357.9704361154522,2348.6884053939575,2349.6096664356583,2365.628192285869,2346.2097477103916,2288.4125385904144,2325.468933959465,2336.1015873810343,2354.937443908741,2287.4891839790516,2286.5344194444997,2297.0433210111814
W199,749.5308206402358,736.9012477335359,731.1008176367209,729.4737215783716,730.4093836514255,732.9066134789073,736.3534432184281,740.371556231135,744.7289077401658,749.2824516712651,753.9443474744569,758.6605530605807,763.3979028625683
W2,3500.5798307585796,3540.046549611332,3550.2315509574564,3542.152359111411,3537.9072794597278,3540.2117661647117,3543.805034299489,3545.8136879068634,3546.8733442249113,3548.0765882546816,3549.6231404483387,3551.24813447509,3552.796223568427
W20,3911.359897562941,4088.227442301775,3990.5920171582993,3853.215156753896,3819.887414462257,3991.2943392266607,3930.31987779461,4150.650185455303,4130.393195481916,4206.409103527354,4489.203713414158,4254.1664326050595,4200.411779189191
W200,1662.270124209259,1689.8145462434322,1717.6892719004318,1749.0885722987396,1781.23478957541,1813.7855204235238,1846.3658278980474,1878.8491112597758,1911.1661149700212,1943.287745961562,1975.2007666861418,2006.9000377159728,2038.3840609491062
W201,1881.6043347619823,1885.609615544477,1891.6890431336924,1895.208831644739,1910.067907432303,1922.3236740983348,1943.1398834822808,1969.4999625124487,1988.8299851708075,2016.3410744227594,2044.5067393942595,2075.016707766329,2103.0964164703305
W202,4125.067381491891,4138.275161334154,4128.830844531783,4132.747048209087,4138.805602120781,4149.539194938811,4157.498126978336,4166.6930487337595,4175.472361775842,4184.863563939603,4193.808851521938,4202.8361428125745,4211.657042519035
W203,5391.9349720502505,5344.149049667719,5259.833348607347,5240.610295436414,5313.381798671557,5281.004004994514,5271.060636883096,5327.900014478468,5402.033524148239,5413.367005690122,5414.744260758589,5383.84906609001,5378.923300849899
W204,7289.528179600676,7280.028505713145,7282.216278474784,7267.746010965049,7250.342895367651,7248.704882430566,7263.441068540063,7263.080238127302,7254.30230826825,7263.0214755427905,7279.643519358275,7290.672593035461,7295.783093004448
W205,12491.793747846425,12682.051909648599,12761.752088428317,12673.488228981387,12598.914589719287,12658.726701178992,12785.676731509786,12796.651586504373,12727.033996058342,12694.984385786312,12822.7197746618,12829.181015683702,12755.487870355224
W206,1024.115295955932,1018.897262144221,1004.5717376618425,996.828408759281,989.8393108504262,982.0114645703339,974.4703570943237,967.2902794237502,960.277455202001,953.4402343469501,946.7993715015891,940.342753136417,934.0613688435078
W207,10870.879772026554,10832.181881909215,10939.141070602293,11086.757962126421,11013.731474961172,11021.51983659469,11102.777704823799,11113.825140829702,11102.837416883238,11122.946859704713,11145.765105170647,11140.931670182446,11142.770976676624
W208,27692.690951819623,25986.770496367128,25519.28968295938,25932.80910548639,26483.464344010645,26078.881589475888,25558.621725665966,25451.690920586458,25664.935397192625,25639.683123460196,25378.474435709642,25170.671175271105,25154.4743062176
W209,4186.913340812172,4188.392793582579,4189.880679945163,4191.16386166001,4192.456028427243,4194.177252896308,4197.3929815495785,4198.7678201748095,4200.167647250013,4201.587284110131,4203.030929190594,4204.4971564379575,4205.985944051597
W21,2131.520639953492,2422.4085293537155,2558.3813845949066,2693.6640677742735,2961.60775146334,2998.0288320058708,3041.7516553551354,2982.5399461912502,3115.6315405771666,3133.8205794939427,3404.8474917128196,3330.5909423436415,3260.6973182978486
W210,8064.046200944324,8053.388664110973,8050.463630211439,8055.218678545974,8068.776163137451,8073.593608057613,8077.134449957521,8081.515939886167,8088.526287673693,8094.4640512886945,8099.763759253778,8104.921402075818,8110.667721919883
W211,19121.282955227744,19286.48145445778,19449.140012328517,19609.845359092928,19771.838091882782,19933.738344231642,20093.581213406444,20252.739650001993,20411.78516582209,20572.04293692593,20729.617685438952,20888.500233460905,21049.53899854127
W212,5479.039955364375,5504.11097345418,5526.602154437621,5548.534598093414,5570.874623023899,5593.22191944544,5615.425261560026,5637.477252418145,5659.414710499179,5681.244233776534,5702.963698094321,5724.57171161517,5746.069229991823
W213,3244.1961186097064,3266.3276865274665,3290.5844360543683,3316.52480178906,3342.5308607995403,3368.3649706182077,3393.888800401155,3419.0724912907026,3443.9071922490675,3468.3942376728146,3492.53767683476,3516.3425473395655,3539.814133021821
W214,1836.3461208545687,1861.0563428795367,1888.3079445585063,1893.3496612264912,1902.1387200369468,1914.0071408890396,1930.8427656324325,1953.5143324425023,1966.3423644741315,1981.11173711317,1989.0709788281852,2001.4371430731135,2007.2682925664017
W215,2363.9493172856387,2365.4822630176373,2364.48866492567,2363.169760012657,2364.3752836078584,2362.7387747191888,2362.4266934857533,2363.0273732133696,2363.660458581687,2363.6114374096296,2363.5564183486176,2363.3602164361055,2362.9424809167617
W216,3145.5801458468445,3146.8450747498955,3146.7358936237815,3145.588701045288,3146.2240903408865,3145.6568868820505,3145.6917228592947,3145.7247138378216,3146.602487779912,3146.9937104135242,3147.0107572564875,3146.988595865602,3146.8708776516755
W217,9924.195509536232,9934.227781373726,9953.487131873993,9967.798094337757,9980.36544637558,9993.370833473373,10004.015569273475,10012.78182061417,10020.659426403918,10027.25590237408,10033.422468969231,10039.034872058633,10044.082098789539
W218,10004.75336424601,9963.120958348958,9906.853118680654,9922.456361327755,9988.55564399829,9992.92206584273,9986.673693548446,9866.372859957004,9897.190995297482,9959.918189074777,9951.86690459479,9971.285499613276,9975.605911999693
W219,1050.1471304291254,1049.9393751796504,1049.1789975905067,1048.4991748136383,1047.4362745815467,1046.055242974834,1044.8434475862316,1043.7347803563991,1042.6812153093424,1041.708829675379,1040.7812546497978,1039.8723879983472,1038.992125774801
W22,3773.8180413286964,3622.3710968573014,3653.2447153178155,3874.9162186244403,3988.6750865937297,4078.4044301155086,4107.575429140487,4031.3340251101254,3904.893838453798,3959.4612907687656,3942.2498727389275,3996.544389374027,3904.3536767435244
W220,1799.2951345752952,1795.8139204462934,1792.2575414823266,1791.273098009244,1791.9260199647288,1787.6968600835064,1799.4023116822796,1797.52225200293,1792.23796601593,1794.9414008448691,1792.5705771249588,1792.6117534298444,1790.0339982831763
W221,7538.922384388316,7639.550516730443,7533.809495442268,7609.713501022747,7604.570514500749,7623.330438665733,7595.25511265024,7572.466666392751,7594.102375226067,7583.182277386558,7575.782223548023,7552.714245578658,7551.423167189578
W222,8007.010200764102,7957.242185788668,7733.928264974769,7787.835651329116,7914.6199562538095,7915.6018213022,7701.094008039698,7581.426014938748,7762.218325328986,7915.5345518551185,7828.419024409385,7639.274748257534,7773.965554354568
W223,27576.591850542245,27368.461985643706,27622.241626749805,27630.49436597914,27613.34621226334,27253.482786976856,27448.9187541828,27217.288493084026,27423.761148352474,26846.547790399454,27260.626638787835,27298.77904326596,27357.149332154055
W224,1734.1759250462312,1748.9990649847723,1773.0751270813682,1794.5325110130163,1817.3136589630983,1839.2731947647608,1861.2123834748677,1882.7382248737752,1904.0126624040545,1924.9656003532468,1945.6321137284763,1966.0024088500807,1986.0866647845469
W225,1904.8470472996512,1946.4374298612197,1975.743779768637,2014.9805415890548,2024.2615019763891,2079.625411102486,2125.129941880926,2165.3328434246014,2175.579260491856,2232.585142913942,2280.2728901015043,2296.7586893643384,2314.0782096835546
W226,2918.03830908126,2927.649955523806,2935.7033277997316,2945.229279390137,2954.1365164285708,2963.39147155591,2972.4351461853585,2981.551439189306,2990.5852528956625,2999.6180198466586,3008.606200144042,3017.5730302422166,3026.5062954810155
W227,1363.5688871066875,1395.8297857203343,1430.2975194535431,1469.9491689740166,1527.3405472441982,1589.2802892573836,1663.5661527518973,1728.4655757685834,1791.185213401064,1849.5452873781721,1905.3154101974792,1959.8589214052845,2002.8448366350012
W228,7757.508241756002,7817.803141181085,7869.607286844301,7843.926641326404,7943.568514865784,7945.254549315284,8058.429028862554,8058.026019236606,8143.789529817122,8158.960737867886,8224.794792621551,8236.484645581457,8281.877394459692
W229,491.4632531602159,471.32878086026903,488.15096351544355,477.6758783012417,487.6486990769721,482.5624996676455,488.48932898738724,486.3128313368328,490.1126947465798,489.50929077851356,492.14260025505337,492.39184391657375,494.3944500103861
W23,768.0489112882418,802.9602476688985,820.8749944449256,812.5632179847602,809.5476280951223,817.0109487436366,829.9743603794346,828.4513308034444,819.854993359641,818.3076107394344,831.1452099638091,844.9830849452966,840.105082153179
W230,3071.7280182401637,3070.1674326712127,3078.579591702409,3123.8998615652245,3190.435301556302,3225.103656821827,3298.37468564959,3301.1227329160492,3325.674797536497,3331.002312242659,3375.117326162539,3396.1400088189166,3414.7387073702866
W231,594.7975464082756,625.2126088240741,662.7317463096106,697.8978838475796,735.7450120127143,771.4021857407109,807.6504464464945,841.9848909407242,875.9439845112252,908.2471071981533,939.7511934615757,969.8103197711572,998.9088391558438
W232,1967.6972215025553,2029.4374608142557,2093.0925975944124,2156.5028830692263,2219.164068057959,2280.8829332698306,2341.618122817121,2401.365556215247,2460.1357041301208,2517.9429493949906,2574.802893491758,2630.7313164432117,2685.743882058016
W233,1044.7411970521582,1062.5936937823556,1082.0356290307745,1100.3986573116813,1118.7687074884898,1136.8043835365186,1154.619504253191,1172.179532319507,1189.500617432731,1206.581981814053,1223.4283894691205,1240.0426851713407,1256.4282919138284
W234,1921.0172578298277,1950.5320560101075,2015.7538536951745,2050.474197251674,2118.5136725147972,2168.0007318770377,2230.8390587685426,2281.1988044537748,2341.125645369024,2393.766618625261,2448.819818609156,2496.852214821599,2544.9676516659
W235,435.39457281413127,454.41871532555444,473.7236836632909,492.31032555843774,510.42832477972456,528.0504776878641,545.1938461068193,561.8719541608407,578.096867309222,593.8809340185059,609.2359835944319,624.1735697894256,638.7049281054103
W236,3335.6781465114373,3365.4452371864595,3405.1935252394933,3442.9830996875953,3485.892769857971,3523.761060422785,3563.066896455386,3600.1974562036703,3637.2617448737046,3673.2428459313132,3708.745630464122,3743.365503716063,3777.3770951375973
W237,1117.5016833785128,1161.872142322117,1210.946869422841,1259.1957044698772,1313.4397722502317,1377.7546155718144,1434.3412376350016,1487.5349723198915,1538.8135352738432,1576.9454104342633,1605.5613121448648,1627.3805824280112,1640.7840217974306
W238,393.2878776032053,414.5551261274586,437.7228436515687,465.86354426469916,503.2273700955516,539.5905783476237,573.1878302497935,607.9640000904454,639.314708583558,672.893161436189,702.2617671890298,726.3958303522753,748.1398339590326
W239,3837.4812205023327,3901.0103037543686,3972.672292251984,4041.9122819810173,4111.7577540049215,4180.54375238642,4248.820602469057,4316.326072002794,4383.1629180393065,4449.294603458728,4514.74509106,4579.5145649659535,4643.613228592846
W24,6942.6258227559665,6828.4387709902985,7512.465221465007,7540.389623423963,7370.390760226959,7776.259092121079,8219.969872545054,8071.961756357883,7929.560918051784,8297.646747575049,8410.56028097257,8398.33224701104,8176.418583195889
W240,2576.8235366675453,2610.1222451681283,2641.7833930590596,2673.6300424779083,2705.064831068516,2736.205255057365,2767.0293363604083,2797.5469977095595,2827.7599522102214,2857.6716882463556,2887.285249356012,2916.603745822407,2945.6302331008974
W241,1033.89142277844,1041.956529479866,1073.9584576400764,1087.4700428067317,1113.214219349671,1129.0095527844865,1151.3202931270873,1168.1254695171451,1188.2569444256674,1205.2479442526726,1223.8556487454407,1240.6056185073014,1258.0612288706006
W242,1476.1624301496618,1481.9930857965796,1509.6918250794974,1544.9647475156526,1587.523182887062,1607.2750787013492,1633.0428273235939,1662.4716530994583,1691.4283481109205,1724.8291027465334,1747.8611596628525,1767.8009402313396,1785.0264880888135
W243,1231.117649762624,1289.5301975725777,1357.274277642854,1424.7937060043134,1493.3417530329143,1559.5572038720084,1624.1363069216925,1685.9463467313135,1745.3790747153903,1802.1024393915732,1856.3562677101925,1908.0930327687802,1957.4781744631105
W244,789.6972442955291,811.4654298322105,825.4017318399855,850.5628209195235,874.9019534341276,901.9337608808659,926.7282734410488,952.5082684551109,979.1102043701017,1003.786736702499,1028.6811715857684,1048.6894048995098,1071.9765509625665
W245,2374.5159014585643,2404.2138057960206,2433.551392004623,2457.959362555469,2486.1281653679634,2513.770218326155,2540.9411737052637,2567.313428505465,2593.578618480979,2619.6045490654014,2645.33591699076,2670.7254648119156,2695.823097363441
W246,1116.760695221349,1128.95351369349,1140.119942775647,1170.657076833194,1230.1812704071467,1267.89147507129,1299.030586319892,1322.0226478428042,1366.430101312371,1399.918358479668,1443.3669260544816,1468.3014490728356,1508.9200221736048
W247,4281.423358496075,4346.912215738169,4382.740389861236,4430.9233435487595,4471.26526838278,4515.288972132803,4556.481036921066,4598.386036690907,4639.020751783683,4679.492816903921,4719.198952851939,4758.486145740484,4797.17344147713
W248,16216.963896260604,17403.959141130086,17412.022736282124,16753.085477645527,16762.90282124626,17075.074094104297,17105.263113428504,16956.651975700788,16988.16592509284,16947.7518977054,16966.586804584746,17575.79852651425,17577.653435658598
W249,21269.557452901234,21393.524951250976,21402.539837861834,21398.553152213106,21405.12150187882,21413.16332250275,21420.24286681028,21427.161202596573,21434.166980895556,21441.1903263303,21448.206132055227,21455.220413622275,21462.235681855913
W25,1391.3217576962356,1443.443614856059,1462.2916198471307,1525.8196349212128,1569.681397197247,1612.3213456760413,1646.9504961133587,1683.3394254930686,1717.2979922808045,1749.5924199388978,1779.2722798289547,1807.3436933861562,1833.7625778199651
W250,3362.195010933611,3179.5612668086333,3224.601166221324,3328.9512328390188,3411.9832587017136,3218.5578675410507,3218.914430623068,3319.080999596794,3449.5932105528755,3333.293095124621,3211.0209502899665,3283.3501460769576,3409.711664023457
W251,6716.941263494586,6727.751066633059,6701.639633615809,6711.961283875905,6697.761612702583,6712.552488792582,6681.944711697385,6664.432457407822,6669.960562276938,6681.113200156913,6702.457584978052,6681.905701315928,6691.303810321862
W252,8636.11402802479,8850.95587243047,8823.59737776771,8640.412903823517,8608.640472713289,8854.396515720513,8910.6071962456,8740.920187424208,8601.813721603497,8795.040114354182,8955.139345474237,8848.690612285585,8662.286255075122
W253,12397.6621369163,12474.365549101145,12445.359446482176,12370.899593207921,12387.210223926153,12496.835504260487,12487.458895794833,12424.793583818262,12393.853720719671,12483.539424232542,12519.42719544164,12466.641469829348,12410.235128607761
W254,5949.562759821013,5862.564327183822,5917.6437065976115,6013.240223504525,6004.401442425349,5919.0098633893085,5919.445740037574,6015.634031344344,6050.344200095822,5980.799581036911,5941.038645960369,6012.4393999571475,6080.5240535203975
W255,1927.8642414529274,1935.9146415200426,1936.9904529496355,1938.0603667507417,1940.8124501862062,1945.676179450309,1946.3625475718188,1944.6745729877562,1940.5161809250621,1941.9234654908455,1943.6112685084836,1945.3198706101846,1947.100194793802
W256,2992.5655547325828,2954.455883774046,3041.5755242259447,3149.46482243853,3347.6596232488464,2051.4967250803475,2082.3212711573733,2018.298923786252,2258.3669789342275,2516.960354890077,2553.047607567601,2559.126877954651,2699.792248445195
W257,4019.3201199175746,4020.9615712757663,4022.6550986177235,4024.3056689597915,4025.930029483349,4027.5711269529825,4029.214712942136,4030.839223739345,4032.43295913524,4034.0346023221246,4035.6317203612994,4037.2272864383385,4038.8195122539637
W258,2128.0275672452312,2128.309659656177,2132.31758216078,2135.804863451931,2137.7584228455557,2140.011760769618,2141.994442572586,2144.165386011672,2146.3574103659917,2148.5301280608232,2150.7010193339947,2152.8479360078204,2154.9895315133126
W259,6959.257263288716,6454.120897549397,6492.300776088224,6888.6522676784025,7357.801901106054,7399.034480677491,6954.115694365248,6523.052014747274,7349.340286469766,7746.022496134944,7822.64037087999,7632.011279251306,7999.222842493297
W26,3117.314399243435,3424.5091167940354,3616.1183534951438,3707.17048736979,3793.6288391065414,3945.8462434158046,4004.5636291608907,4113.23881392013,4211.945759603183,4343.330517735815,4424.919517126011,4478.569724052482,4517.2669953851
W260,619.6814313204659,253.6454932677625,368.64369913924315,460.49643747246523,449.0525460890974,488.36941429627655,320.4433593176418,458.98198405995004,384.4034711822601,392.9874484854329,150.2259196754519,257.60615578368834,230.39423817746933
W261,4687.766239517658,4686.001491562818,4678.321699922825,4674.705660019106,4677.800818870222,4678.995039593374,4678.908705172145,4678.40977552161,4678.579908352818,4678.808505297243,4678.954082498602,4678.985449369782,4679.042150874059
W262,4393.010840185304,4394.375529800134,4385.457217550764,4385.448262213834,4392.01812129055,4396.49732190437,4398.813710195488,4390.847013164192,4392.402209693324,4401.339287900883,4406.422282831667,4399.160617526683,4403.4905010564335
W263,2370.3621546567733,2394.6705774495776,2368.733606029037,2380.375666845863,2390.0510903316235,2418.7197014606822,2354.6724172783834,2297.8474866180095,2300.967760818472,2299.5250318708904,2293.454586631909,2289.284381696703,2279.202630501702
W264,3958.4001433015646,3913.694191303916,3868.624477490822,3824.7998549499844,3782.7733149574933,3742.3406660265086,3703.425671388629,3665.949097103475,3629.8352946088385,3595.012761405502,3561.413730034666,3528.973989682384,3497.6326995988748
W265,2183.0367366864475,2179.614340367226,2170.3931854094826,2161.9965061591606,2154.354842052474,2146.2411874061704,2138.7284127880116,2131.201404195941,2123.799766600619,2116.553416541401,2109.392807278465,2102.363108632835,2095.4420717195258
W266,2178.1691647515545,2173.9290686895843,2169.3898241918378,2164.9987462244494,2160.6879223468186,2156.463309359934,2152.3204369466403,2148.2564602571297,2144.2684309934452,2140.3535399259104,2136.5090776018696,2132.732435533396,2129.021101759244
W267,3164.3296502472194,3122.0685914058117,3081.5993555962386,3042.663967437226,3005.21235485102,2969.168233574757,2934.46324594797,2901.0317671499415,2868.811474139688,2837.7430812973707,2807.7702067745927,2778.8392281668157,2750.899147767951
W268,1355.3948801650167,1355.5086284711247,1340.7268197038306,1335.8599459644752,1321.606425055169,1319.6820356365465,1308.7068045032345,1304.0379503456713,1298.029919370226,1291.168022723144,1286.6676750462093,1279.9196973864896,1275.318510239395
W269,1327.0420531978627,1342.2337895418202,1294.9629547631873,1274.2243199931554,1280.4467321055224,1285.680765597443,1274.5099375524042,1270.146419891047,1260.077179175731,1260.6021316894487,1257.466097315405,1248.9151165273736,1247.7755423129468
W27,1902.2849420990894,2022.8975601003776,2126.2039662045527,2038.4592486196482,2198.0778472232632,2330.304296033571,2417.51128108414,2548.1326753218336,2608.0019997168533,2538.7080339724002,2560.836798629578,2549.1291467189067,2586.9778518330204
W270,8058.471578151772,8088.494527336909,8119.2400904707465,8166.1268198320995,8214.481058162162,8261.64297595956,8307.453259404067,8352.73986792317,8397.665897988885,8442.212194704825,8486.336479033072,8530.035979678858,8573.318738070926
W271,7791.696502899838,7835.496117886687,7875.161033288232,7929.883868846486,7984.410099215422,8038.074420688054,8090.3747332478815,8142.026722235351,8193.071429495547,8243.524899587674,8293.36376699057,8342.59586284604,8391.230433294128
W272,977.2585181672989,974.1660534698703,972.7570177897654,975.778017470866,974.3167631029621,970.5570816082875,968.2797443639586,969.3749745770989,966.9904552579718,964.8962054084956,963.4191501158207,964.7864884153075,961.7642902368563
W273,6496.0830874213225,6516.506759390483,6552.845373575562,6585.9426797566175,6597.096299375553,6631.3098178175605,6667.244276689111,6713.437400135959,6729.277645567826,6743.961788912229,6777.84102413835,6783.176280495964,6803.654156799272
W274,827.4126403952883,824.3080548985821,820.9062771680475,817.9763286593757,815.0247373020496,810.0542005937943,808.2383862720291,806.9670561444151,803.5280022448563,800.6991099406785,798.0777595623464,795.4636477272935,792.7536725288153
W275,8749.628872867688,8796.886418543665,8831.062313062159,8862.764571218744,8897.833572497191,8933.20625300449,8968.008054915692,9002.25304903511,9036.20740490994,9069.901079075846,9103.310019304143,9136.421562616368,9169.241036288646
W276,11179.439288729867,11125.978019778304,11197.082102647906,11093.266758043204,11037.722022873055,11038.326933553792,10987.092785143499,11010.18142725307,10950.35465663722,10844.400527592048,10840.45961328552,10832.314327039441,10815.428457502354
W277,3147.3742422109253,3144.058940713294,3139.9309730618647,3135.53981881935,3130.893871820552,3126.801912107572,3122.7135771429957,3118.6210304799524,3114.524736681942,3110.4286212209417,3106.3407271856067,3102.255366439923,3098.17248536346
W278,1310.8245202437677,1311.4530705562906,1297.5333030739494,1294.3431266615019,1280.5435919100266,1279.4117355179742,1269.1475279038575,1265.120602465057,1259.4102215852722,1253.2666059391327,1249.2421275468819,1243.0189621828135,1238.9707031003566
W279,1296.8390604343044,1316.48092838515,1315.4164306126186,1318.2070497394823,1324.2254985689374,1339.1079694974403,1350.6753642619158,1359.769060426344,1361.3000164646555,1364.8243750379847,1365.5721416873575,1368.9738582046111,1373.6769542723005
W28,4362.126473776838,4149.989029486488,3936.4821036491066,4473.883639144755,4103.040136794585,4469.082431082417,4228.516822702693,4907.616495990382,5125.062589093151,5513.388085305937,5125.483525419144,5245.120890898237,4975.325890040393
W280,5398.512379213211,5401.414949047129,5403.590790501419,5399.824655781367,5399.331902424565,5400.271531335498,5401.215524509243,5400.536690325511,5399.986006006079,5400.09185531627,5400.459733635366,5400.460095784741,5400.307503652907
W281,1726.6758592426813,1798.752746254902,1774.3936074237915,1770.3087386452755,1729.7210393833489,1781.4006294900491,1733.929272321879,1633.7083559990656,1711.8724196083272,1738.485639897764,1752.0907693848303,1706.9483576808852,1741.9813552770142
W282,2115.490913752239,2112.9339978988983,2109.263930481321,2100.302930659207,2074.576699940917,2071.6258142878532,2075.8213585355375,2067.2152993596587,2048.3655073969776,2034.1854921864026,2037.2820389714384,2033.9592978355606,2021.0091853952208
W283,341.37966822068324,342.67012292143033,346.74776302333134,352.1364509735803,354.72627038138637,358.82585818265136,362.18448685668886,366.9521101682857,375.05930630913383,378.2406593827883,382.51334764809997,388.63518091160984,395.2542215941048
W284,570.4384778876059,572.9873216855642,575.4462013967398,577.8955850288166,580.3327362870875,582.7561894098537,585.1661090791886,587.5625853922503,589.9456776741217,592.3154473646184,594.6719561566895,597.0152653939325,599.3454361273484
W285,817.4903015248697,1023.8612596209684,1062.237545560263,1471.5028719737409,1172.9923330531524,1201.1234789886041,1276.7102778312214,1340.2779600677854,1414.9602320619833,1482.4627255427372,1549.0807445383766,1622.249457249108,1684.7669826250808
W286,10764.557758311972,10813.875686737158,10816.622846841497,10862.115549963984,10868.50093555653,10864.798806463794,10925.315204448956,10991.743428193065,10962.769680785052,11003.19973394949,11074.37594868784,11019.935783814524,11078.783328378993
W287,2223.6291509153725,2220.8079014260243,2219.1986109729833,2234.4572836621032,2241.9209588132226,2250.356514611225,2259.5217764606323,2264.355957567179,2271.745388922072,2279.1265506664954,2285.00113463378,2292.058819508742,2298.1263091434735
W288,7827.63870820803,7834.23908959205,7840.762434251208,7849.582117365627,7856.532058535803,7864.263374683181,7870.189909672145,7878.991403892506,7886.021281035515,7893.481135554345,7900.8684774862195,7908.312520204153,7915.711026599688
W289,9966.830095322579,9953.111781208634,9944.481924587732,9956.348342525764,9955.604649488836,9956.708581316396,9960.111847966511,9961.852774422592,9964.017499114167,9966.460985775002,9968.727478935465,9971.106463075093,9973.552693419844
W29,759.8097069230841,794.2372130981812,796.8419453637337,813.8212112448458,849.8340206580197,872.6020737535241,910.8332831743783,930.6389750075022,939.1341906698748,976.5695887609132,992.924695044948,1000.6902687974355,1003.0907470208663
W290,15728.73936068426,15361.88782869059,14912.343826043132,14943.029781456993,15120.76764928901,14988.950657729165,14677.939731867182,14369.658578982362,14869.44542012942,14857.793355583006,14815.027517959057,14500.15967262482,14978.380787498127
W291,8244.339534152077,8396.550103612208,8102.243648995469,7962.006698016026,7927.12682089457,8144.0609364157135,8218.781721499565,8113.277619698469,8099.466592483696,8194.003312013228,8232.064112564642,7940.277992371741,7754.1957792718695
W292,18052.47468711092,18407.250194581222,18106.780571329316,17742.515721576852,17629.341711885892,18169.315860011913,18130.736470277297,18032.54568565674,17895.279057549156,18090.289315959963,18198.13350871745,17717.910614019886,17391.026699397462
W293,1824.506917927888,1935.4124017382862,1844.3353772615349,1792.9218042214675,1779.5100449814856,1813.2622761219654,1762.8976940802734,1826.6009586022988,1836.2410562934215,1829.4863292234081,1786.9227176007175,1848.9404239363328,1834.4728648617927
W294,1510.2630824906798,1537.494087177674,1519.5524709146812,1543.7067559371278,1530.6535409686044,1551.2031362646862,1547.2414479078805,1556.1997934397812,1557.01855469827,1564.930242976848,1566.527000264024,1572.9635909278472,1575.4602449487497
W295,2878.4856379763055,2794.667976261094,2751.7766084938203,2712.053856415253,2668.956706146682,2628.57880154696,2591.716750107199,2556.8098943434647,2523.280692711164,2491.0736925465926,2460.0213486180232,2429.9025382413392,2400.552722272808
W296,3188.311086820303,2503.409094184118,2684.0925716338734,3172.4118578192633,2997.850095362094,2833.875837282583,2440.6943052579245,2712.8399031099316,3128.324070932841,2854.16699087068,2588.042010405823,2574.9087809948746,2798.953192199867
W297,4825.7759524594885,5306.253514709952,6153.457896566224,5629.0388502632995,5541.965069589401,5005.023528042506,5178.151033915305,6113.172193666687,5758.722771923036,4911.813944512754,5697.333858111743,6192.090656884864,5454.6525103585245
W298,3676.9301825765147,3390.351921257066,3934.571084605565,4266.647876038598,3868.904058278242,3901.271624634305,3900.095649670677,4144.29776213751,3897.3100052423897,3837.040999463551,4056.7713254330874,4363.976175037511,4236.933589737903
W299,3256.0466113819098,3013.2924082911504,3537.713670985499,3665.2208534738998,3458.222869935005,3363.548170961772,3345.2367563033727,3392.7493541723807,3657.615832786775,3567.9345811067724,3436.0586338466896,3736.010473251255,3864.0951171293445
W3,9677.706836522211,9885.17043275174,9848.710862021437,9660.73010369231,9631.741619920582,9869.309713348372,9925.54670294897,9748.926793212022,9615.75706727562,9797.558232628122,9955.8234434654,9846.17944435783,9666.560560067222
W30,3716.371399992186,3991.453555939311,4036.785229088834,3950.429966811381,4009.855377523145,4322.354455786916,4460.702090419901,4390.891780133706,4469.484272009714,4515.978326945392,4632.175122252275,4510.3588815112835,4599.6834006874105
W300,1808.001914522168,1832.8764249872584,1946.8324856346446,1864.8310836977253,1955.132598970813,1950.6917728552457,2010.4879851654978,2081.6827522091285,2089.6980622132114,2048.8975159382694,2087.968132335235,2168.814868559195,2036.754956597156
W301,2516.4148276323913,2546.917135997953,2524.778321463346,2519.5376349046655,2515.184107185882,2508.35300015344,2502.5845918849463,2496.914595812721,2491.2101375251796,2485.6387919063436,2480.13530366564,2474.6873017439398,2469.2957808351434
W302,2880.8779525697387,2771.5024230212116,2839.053776801339,3056.4576321898057,2911.9191500297957,2885.369670199293,2927.233618554915,2894.198750483449,3084.649977289374,2914.761054465971,2852.814473733452,2919.6039357964414,2923.1513708694133
W303,5328.543632486003,5274.277282344609,5742.381846204859,5828.395060049641,5455.085645866655,5709.068401178676,5606.466675467149,5883.952669287831,5704.709705721008,5703.747298004818,5924.009801647736,5986.362854797444,5791.267575295657
W304,3089.2320053676467,2644.6637498834325,2806.532265514287,3051.4978601228427,3006.6057806364424,2792.5176411896355,2760.367641180739,2876.2278978353365,2894.1068015326773,2807.0411966361003,2762.505390169862,2794.9767262878036,2816.6421950670046
W305,3226.689808553854,3338.6428832702995,3492.049363311408,3782.683821662079,3600.0950191752886,3598.1319352096216,3584.036869594316,3694.4885841427936,3749.294001136515,3695.345226109745,3841.1028874592566,3896.7335924556974,3952.4245491842053
W306,2477.596406639588,2348.549529000929,2644.470931394823,2847.1536334779835,2540.319032179639,2492.326089840579,2771.4081670385103,2719.643032816155,2657.709217216308,2629.4791649991453,2708.139299448512,2885.920636271328,2768.493129116134
W307,3198.804793588368,3005.881010701653,3277.3075660812424,3924.1772550036158,3482.591388069018,3445.8487765253144,3430.0600176335374,3559.7684342734815,3598.481460504362,3288.0923676186303,3499.420021138735,3468.93890707591,3652.547242469508
W308,2331.944933771277,2083.215046823125,2424.792343250976,2592.5717172293844,2338.2042124364752,2414.4416141736833,2506.8220633686274,2485.4305518476767,2471.1094162807717,2395.6759544901042,2471.976444545146,2611.155258091628,2542.2858516141437
W309,6269.1479820098075,6550.558073037293,6987.024661353773,7090.132174334165,6829.430838746723,6660.835605429427,7003.339555279757,6838.765766621263,6251.900256769211,6316.968801923913,6184.826341881372,6323.831242644954,5915.32011939466
W31,1043.0430090353743,1074.995383467564,1119.042851596724,1176.7751707308882,1207.4895895890768,1239.2502690290855,1269.6587005967945,1298.2719775785938,1323.4525108787059,1346.5491065689298,1367.7502216277503,1387.1746260920115,1404.8915146249535
W310,3979.8389028194015,4390.017251747002,4699.757181414449,4376.31143400186,4462.052855198795,4065.58396157008,4121.197920468112,4607.337762846704,4123.5861350927025,4117.11537627748,4135.191779933683,4215.8985044087685,4153.800404898972
W311,4859.6367625309695,4264.7170338885335,4419.441332823321,4750.750466738037,4694.333540294899,4504.699565476423,4498.398072735334,4588.443080762542,4596.050591326038,4543.685404615271,4527.318957102244,4547.837314561929,4555.072211968174
W312,4066.772061224521,3921.923997388949,3956.7000237745274,3979.593075552594,3947.4623374400135,3914.0789660688242,3899.196577513628,3889.668708946432,3877.057428719685,3864.038731045367,3853.3412382002025,3844.4291884022073,3836.238731759609
W313,2023.8630819573766,2017.340652242191,2004.7062707017512,1990.3567794679705,1993.498141440164,2003.6458797536125,2030.8274832218797,2025.5712048290702,2041.86099389343,2033.2909120694048,2028.5074519111263,2017.5954790323603,2009.76638065466
W314,7803.243078755798,7855.86965898989,8007.377557697915,7791.54898972117,7709.237311660864,7697.388293582179,7629.273294289673,7573.407508640932,7539.0939077191515,7500.911066848046,7465.3184133963405,7436.501755089103,7410.078107866523
W315,4971.991818791357,5450.060509133839,5666.756587108426,5553.774789056737,5649.521441735052,5668.64004721792,5773.1614931836775,5704.486079464293,5531.198810066068,5549.429626767373,5556.048980335626,5664.8868935047785,5323.112104807529
W316,2657.312898664842,3131.765662310001,3305.6526610242177,3208.0553876211397,3116.5524937998266,3141.644940269745,3123.0426689366313,3134.364134639879,2971.607989421833,3037.2128810794866,3127.307554339473,3080.8461861265414,2915.082093513215
W317,3871.7727674789267,3935.386147356975,4151.045195970073,3964.3263428204114,4205.68599065303,3602.010234509636,4379.800526509616,4165.823589080414,4311.611864133145,4682.749444914831,4738.635927312279,4439.054785135797,4342.616241781557
W318,3749.10222450872,3424.456812186942,3361.218922543288,3540.466413905144,3351.3265428368854,3568.303964876088,3570.7357441916697,3512.028290406502,3616.6805228985045,3753.547431736753,3815.166711762132,3851.1723606010205,3896.0048842614906
W319,2336.9306671870204,2161.413173668507,2533.494037802942,2560.0568085672517,2426.859648146163,2449.549056778596,2429.859406497204,2680.8345149132783,2478.723372026766,2790.856552807654,2482.9644923020046,2731.656400182536,2498.435208094038
W32,4415.6709718625925,4585.7701875524635,4678.540539325411,4828.831136521803,4965.977706811078,5096.548217615809,5212.365630463717,5327.411019590863,5437.7959583471475,5543.473562942896,5643.413524911775,5739.065388558554,5830.523722768368
W320,2149.067167872751,1969.3200661990745,1955.6030015926276,1914.5359554654185,1866.6769266288939,1837.3611420732818,1815.8991602448095,1797.5322104338277,1783.1150369248603,1771.9639117311872,1763.0172844502843,1755.7760472878522,1749.894216773327
W321,5675.830080887565,5439.472393934844,5417.981256108196,6400.793157799718,5998.013815318518,6141.128350466774,6344.511353684122,6332.224801073759,6665.910056263941,6757.509447527714,6688.179423995285,6622.3006087655,6705.209987982406
W322,2255.7782574584894,2235.4928054655056,2270.8434233771477,2271.8551502759688,2266.631589855093,2265.7754397726176,2268.3958553914927,2269.613152296377,2270.3193927082652,2271.322960159125,2272.612011301876,2273.9082480635752,2275.221005908218
W323,2910.213841233241,3641.4919234404715,3553.501818004185,4422.208495012426,4182.972456570251,5137.260974334063,5249.062560950926,4721.517645268037,5280.1489411773255,5113.248001108706,5284.8804662288385,4992.757825738368,5028.858313954443
W324,2378.5585013739937,2253.3680758216274,2244.022224173913,2336.7008599774563,2371.1527245507978,2323.7065408069975,2293.1260470245174,2300.9144190471707,2320.3688417099393,2321.5650555440834,2309.9899199403876,2304.248301443929,2307.1004825013506
W325,3677.9785682505594,3562.689618906373,3766.700444928009,3684.2164709702824,3634.2290567559903,3575.9127960546402,3600.9135417782736,3589.496652594354,3568.2693371414275,3539.941088194194,3530.9352066970578,3521.750401124604,3509.71928791027
W326,3556.3745405811837,3456.5309227699963,3468.153435021515,3796.0281307424984,3675.0203977077986,3528.030833560194,3787.8422143507955,3696.110844315582,3958.566876677449,3988.241076318223,3914.638202299285,4038.5499046973287,4039.3393467743304
W327,8351.13063904434,8433.672956073837,8942.094883936568,9579.635212326139,8941.233886895003,8899.07753570335,9655.117934417642,9525.835228862605,9984.26710774015,10308.396863133483,8958.733313959425,9517.092691606229,9767.453108037696
W328,2333.911154493663,2265.098233284841,2343.80318821632,2458.939828486634,2373.6154533807953,2255.1408212705746,2303.2239520266035,2346.024162593102,2315.1141309179993,2259.9197551480656,2259.4486415930196,2282.594477757552,2267.9442462093975
W329,9298.41358612597,8904.325970957027,9272.409418024617,9150.972810900765,8953.160814107825,8954.957570808629,8928.83370187384,8856.06060865628,8816.237371067698,8788.492017780702,8752.334938464764,8720.390819345468,8694.541696148368
W33,1703.6363663365223,1773.7168309107876,1764.2876466455518,1862.2135228065413,2066.1115899144493,2077.1680879055275,2074.727698518108,2073.6930551747623,2179.7430421867443,2257.2188771395886,2160.312486144345,2154.390261541267,2154.890522621718
W330,3444.214261692414,3348.7962999275333,3233.3257116724844,3440.0660502855,3431.827592614607,3435.4908705332987,3217.0759704045877,3274.549725978773,3423.4158328122603,3350.1486509201395,3304.5760731119894,3234.720383205795,3288.5219403526676
W331,5805.025289908948,5606.586746063704,5722.220321561293,5938.456232618771,6012.408072485502,5949.105403474793,5607.765623800232,5773.142047999654,5894.198873809704,5731.8535673353235,5652.9353666453435,5610.239940496396,5613.801506564853
W332,3175.5261704097206,3083.2370320912523,3579.718285057186,3445.1811501512393,3434.295096751442,3711.7531969447064,3476.4071582737233,3569.0138118084897,3878.0612782369644,3584.2002003172984,4050.427051603369,4087.002029961458,4055.184375133517
W333,2546.4632097246053,2318.004901329616,2354.540589725602,2464.957701576616,2436.997730505942,2368.5708491164996,2347.796096325,2360.94035805022,2357.61212682474,2338.1513743094365,2323.4040905418938,2318.1553331495893,2313.1585173659305
W334,3270.5045074512936,3525.449226701876,3664.3815003127106,3939.0510452285334,3895.8702203948715,3339.5169523173035,3814.1619663627093,4105.577964912204,3999.1134458013544,3441.547911153384,3715.0441280521113,4069.1218248764662,3917.559096684692
W335,4031.741320862506,3875.1585030521187,3875.4790417892996,3915.274695499411,3884.033972959189,3849.551898131776,3831.4240961527826,3821.8463276193274,3808.4956311088613,3794.353777863796,3782.1782641814443,3771.7867686551585,3761.896992894414
W336,1590.1685871669963,1298.6632010423205,1432.38642903797,1647.4633388893405,1562.7789859460215,1403.974447584774,1412.3688666766232,1503.6601242267784,1498.4802797706998,1428.295464736548,1408.7711133061237,1440.334635605028,1448.0424666589204
W337,1485.984402299681,1582.977889022067,1830.9850370976992,1968.0884355137957,1891.5891917921479,1880.8643105837705,1926.4887307276822,2079.196110977866,2103.136795034115,1932.379547042307,1924.8655970510736,1927.9845339313124,1973.195448689867
W338,2005.130608236012,2017.2928800896752,2048.646779227482,2061.5111820333354,2042.6262787240073,2035.0465239092143,2048.646224864205,2052.263635932647,2046.6906162291195,2044.6895491461535,2047.7117690039454,2049.162791216735,2047.3409441828373
W339,3979.9660990668904,3843.323555762479,4140.961560484959,4252.6448767238,4230.643021804831,4114.026241824444,4096.126430141814,3886.8230130180636,4170.300700065186,4099.698176682112,4031.7728009080756,4218.330543910448,3983.867605004164
W34,1298.7987272910627,1337.1481288687942,1307.5891838498371,1402.992820345447,1434.7778164262197,1425.0030853854637,1408.1162721739886,1433.4057148705456,1431.1143905553433,1512.4903945057722,1456.1466738104302,1465.8782500669554,1510.771066435287
W340,6070.9063318295,5806.593855490542,6258.040898834573,6100.577211169765,5939.04358437945,6043.096258625566,6028.177014901263,5963.026866455458,5976.478209558136,5977.559894884104,5954.770334602973,5951.536934820375,5951.637143481973
W341,5217.007039558611,4799.707480720839,4922.031456007643,5016.819851951138,4917.695736257471,4845.4145649028715,4840.826633097663,4833.111996471866,4807.549738580346,4787.405368437378,4776.590117536474,4766.908701488507,4756.709549042416
W342,1201.4065718307716,1244.586113606582,1416.6875723821886,1339.92071949197,1335.6119489886787,1292.613305277985,1317.9553758705363,1296.2072177924665,1334.0006284888186,1311.4869228752004,1343.9241614277778,1298.0035980698042,1276.8536940990891
W343,3582.988779521013,3272.9647822458423,3360.9891524342424,3492.820843649216,3444.3845863224315,3362.1103220821096,3354.702909434115,3373.973715370518,3364.8005555586874,3341.8470699948066,3330.7782225468386,3328.245170035357,3322.4004468075254
W344,3477.1805112574534,3191.541742644812,3712.6425592774413,3888.7999466245637,3900.9125995226686,3749.413919933418,3681.374462184467,3885.9216138151683,3920.7714209772153,3793.9523227654618,3783.7872819296244,3985.685390550265,4002.8532663711376
W345,3101.3077316472986,2921.616447370623,3110.578286696337,2874.9138562846492,2613.4315180553226,2825.9397371446235,2550.712854361708,2464.929154356325,2539.5794139644468,2374.897729231884,2438.226285414284,2273.9151641058334,2065.1233078308614
W346,6009.3450006524945,6465.114581013159,6209.365498439251,5983.542608931095,6070.079069511574,6281.743933633642,6993.2278177767375,6373.294097763464,6000.821171278989,6341.961962159369,6700.48431947095,6820.151267385229,6284.185479665761
W347,3282.5718317739716,3467.5399770899908,3870.832581822692,3835.0426025326597,3856.638920958383,3700.5149257137923,4060.4006021116575,4049.108185478796,3946.328746483054,3973.2745889092503,3996.604460452654,4302.650640302977,4054.6495445604683
W348,4283.621708568464,4313.640305892472,4318.414923426617,4303.899377091284,4298.700330671462,4292.698374387705,4285.546092817593,4278.697998603328,4271.747415503633,4264.66150538922,4257.522526909735,4250.323818863129,4243.070666526123
W349,2765.754205393537,2340.0648535742303,2020.2339828569616,1830.700913584135,1667.41786961253,1508.9553196733066,1432.4522598633962,1379.1697528569002,1404.2595112160163,1448.7661740088813,1498.0712517964193,1528.844902590402,1539.9248512302972
W35,1195.6005175537791,1234.8105053666854,1281.7722113731968,1297.4440908687302,1330.5510686630248,1360.2146468810467,1385.3095483040688,1403.1116799823767,1419.5878680056962,1435.1335926459722,1448.983952213574,1460.4332517086202,1470.2028862238499
W350,4941.874763899859,4784.160412058843,4012.901585892922,3616.7866903516438,3366.040716130395,4042.5563086236243,3492.096497965327,3153.5049367318593,3589.803594530474,3305.392600624871,3056.3654503445255,2463.6723176846485,2859.40555023507
W351,1721.9651064305156,1907.154956360533,2082.372090429379,1929.3853796832464,1950.365065245367,2145.0364510891013,2163.120179267004,2092.1994257342126,1988.7456099102185,2177.996437312636,2264.166847493989,2177.581749970266,2215.081557270413
W352,1276.6264440944447,1271.9126093232949,1272.0878552024644,1267.6231742128634,1262.3586237151599,1266.736196272573,1285.1545072456215,1310.6526759276333,1345.372494328002,1365.0004355358894,1386.6489428840048,1407.6716924848035,1433.9495710886108
W353,1820.3976787045822,1629.3117589748574,1743.5360494472545,1641.259238440821,1625.451003750262,1685.697474812021,1634.8859445882526,1620.2362834552293,1631.7070506327796,1607.469371986663,1603.6892430275093,1606.2458055022532,1594.5518674836192
W354,3134.883987268935,2850.8161079077995,3450.038135048318,3485.711711438113,3273.7271245500892,3262.3369247429086,3243.4812245752937,3361.2845183521595,3640.7317468446668,3291.5128751522766,3334.688820633103,3336.7117866234507,3682.0911132503525
W355,2630.876022517071,2583.2384644879985,2612.087353255229,2594.202210911686,2574.848871390376,2545.1417440868904,2482.3760824012893,2396.4379044623483,2325.5324711912926,2229.3749899120944,2137.94761927162,2070.458983668585,1975.014007980335
W356,4213.243140139284,4237.9613766281855,4221.319909390524,4635.624296237237,4417.485704687832,4210.390145904612,4222.469004733714,4116.195585574049,4423.987333260385,4353.65007489428,4218.414585777293,4317.225363335754,4374.857630581675
W357,3573.413600005284,3588.8399279834166,3804.5942159883743,3858.1618108329767,3696.1840975396717,3739.7019492682007,3959.4951200299893,3789.6765137648076,3831.1603053167255,3834.8093331574805,3827.9026742558,3998.2982433852612,3828.236976033262
W358,5360.8356851166345,5228.136443825046,5724.039920931153,5905.5163773962595,5769.829274273041,5600.394054849372,5270.107792538834,5527.348542848531,6019.650269071878,5575.508355663065,5436.857741691743,5835.356526878705,5906.388073373157
W359,3585.9015141449972,3420.6132867591487,3959.5328553695394,3606.7611573050485,2954.248540489368,3272.587720655093,3383.898063269653,3093.7960117361104,3321.1569909176405,2916.4762420325997,2997.573313976268,3350.6625362681616,3113.194782430863
W36,17193.02947560997,15386.490142003178,14806.84620111807,15257.861777263333,15925.595718224871,15499.2090699011,14908.66933602535,14798.66415020051,15086.065458862167,15087.267778364889,14797.198963654035,14574.022276738775,14595.809287740143
W37,2893.9392402757494,2897.3294924018455,2905.895339788389,2903.9133323076417,2913.459709326653,2921.012494226171,2917.6671245343305,2924.0241203118253,2923.3797461040454,2922.3732795725673,2923.1455008823627,2919.0704119158063,2919.7923378792757
W38,3086.2049495495744,3089.4180026093563,3087.303097770851,3065.946638683036,3056.1847761585473,3057.9664509783,3052.737471634008,3047.602085447816,3048.177823237674,3051.0426636582006,3050.738881036814,3049.5254063101515,3046.9967769389978
W39,5847.595588313992,5853.887221355935,5854.982182935083,5856.652273844874,5860.557088720739,5867.248726188656,5868.4814689658315,5870.703622010285,5871.7581916238105,5877.023999215256,5880.051776012394,5882.838682455955,5886.088910855037
W4,2333.19054421407,2336.7893565296595,2336.79784916239,2468.6374369914765,2538.8157310097695,2555.9912312100323,2621.181995191436,2718.685007560388,2769.7391459725,2777.4535393039896,2826.3214416726087,2882.3633086191057,2952.485927647194
W40,5843.566219863977,5852.637219385604,5853.838844361847,5855.226801149898,5858.123163540514,5866.709880845303,5868.950927321667,5870.982970874644,5871.257174042867,5876.110168993745,5880.135614718216,5882.567525880331,5885.4385910713145
W41,6201.773709091769,6224.362901973521,6236.58080898923,6231.206107354996,6234.711599911845,6247.638665455891,6253.570732107004,6265.462528642565,6276.295628578075,6282.552660423158,6287.010167573607,6285.384975613131,6285.607779206291
W42,6214.3743800519505,6232.317024215917,6238.186331337869,6238.233474819814,6249.325213914824,6262.0014301655965,6265.951610254113,6276.90672671669,6281.842356550688,6287.0988211728545,6291.1441788256225,6294.213882221063,6302.23074656525
W43,6208.74731189302,6229.0392044569035,6237.8534630291415,6235.588284216973,6242.779590258151,6255.555779041526,6260.553408855471,6272.039544447152,6280.070495758721,6285.873434042075,6289.83107832969,6290.2769039538,6294.615957696934
W44,5838.736837444467,5850.814388640209,5852.8376841508425,5853.963633947106,5855.803395555514,5865.740570418436,5869.723503698252,5871.608649026887,5871.4857018336625,5875.39741402395,5880.680400149274,5883.193038135019,5885.615500142049
W45,2933.536184483588,2934.3686124560786,2935.09791464474,2935.7866947339253,2936.4737309218826,2937.160130368602,2937.8472262900395,2938.535017881645,2939.223550051574,2939.9128194061714,2940.602825535265,2941.293566247934,2941.985039514715
W46,3273.864846221988,3277.8425065353445,3282.368671020132,3275.2883438483946,3274.242514258584,3277.3716177612187,3276.4420360315808,3276.549392888467,3271.258751787004,3271.8190312956353,3271.317294003398,3270.854312881644,3269.9534195901283
W47,2932.206042452589,2933.034486079773,2933.764445633644,2934.4525162814894,2935.139011153693,2935.8248047209568,2936.511303072466,2937.198495591716,2937.8864304476933,2938.575103807261,2939.2645153966578,2939.954662999601,2940.645544586954
W48,2988.3206073476176,2986.2414457858267,2986.8341327294984,2987.3585740467215,2987.9771533259363,2988.5927655810315,2989.212651834966,2989.8333427827292,2990.4551439568886,2991.077927889419,2991.7017044546346,2992.326466289113,2992.9522110595162
W49,3216.606084708549,3211.0169592189113,3205.47982903825,3187.4473074105463,3178.757465637017,3221.600522520728,3195.3473069064294,3208.7119149718815,3202.2376794727197,3210.9916615136085,3193.6231629873832,3197.2021163155528,3202.3150964247607
W5,1736.8417429848366,1857.373869376394,2090.7802783448224,2220.5477380771563,2279.3714216933004,2292.1584951467885,2298.6708159011782,2367.0728234799285,2378.4440815081402,2397.90473474982,2445.236511742602,2384.690305991341,2351.60319844437
W50,3218.5409325133405,3212.6016994019774,3208.179495523417,3189.1866536435073,3180.408892217142,3222.6257872615874,3197.2482242173564,3209.8343978543335,3204.0139354347443,3212.937324784591,3195.620758300705,3198.846013684308,3203.814733551659
W51,6554.303976961945,6540.187867282654,6543.469966521612,6539.138703092443,6535.998136315651,6531.752577193237,6527.892393180055,6523.94825186729,6520.09078209625,6516.234657965193,6512.407367153746,6508.597400105282,6504.809523012716
W52,7067.693062599095,7072.471133579945,7081.857464975531,7087.070358588198,7092.740171256175,7095.177485893656,7101.6326145915,7114.67132476108,7127.615321313064,7132.871137336285,7138.355947386826,7143.745858190326,7149.6279341522495
W53,1953.2678518663183,1992.5976355093208,2010.6002593164853,2038.7203548013426,2073.094140465928,2107.1896506987464,2138.1810490989383,2168.583797479768,2199.683026769044,2230.9071734755157,2261.586042912116,2291.772425753088,2321.7237016509434
W54,2450.3343247482317,2445.1914277516503,2444.3560298656034,2447.1112723966426,2419.1832391196144,2414.7911237981475,2424.4534929030433,2419.3541333670687,2402.1889754713948,2384.466844367429,2393.2472486279976,2393.2828776946717,2383.263996155506
W55,5055.938357312905,5093.247362054799,5158.473073096517,5201.5901195865645,5264.757246087585,5340.249331394518,5418.474507323871,5452.550706922615,5543.1066553705205,5619.706269707807,5654.16597011882,5680.82181189507,5734.757557482608
W56,3026.815620887802,3072.5951428473195,3111.199017459992,3143.118694978827,3168.1097515873907,3186.2480174311236,3197.663788556905,3202.5962848557806,3201.3688541489055,3194.382430681987,3182.103770116506,3165.0544315618245,3143.7993014638537
W57,2060.304077927491,1946.119716168536,1826.322820889793,1708.9406739814194,1582.1343189832587,1454.1965512478487,1329.9089659723027,1221.4544119216105,1128.497942448123,1048.4035424775232,979.859921775887,921.8808422755297,876.3884545672825
W58,3495.8406834019197,3648.1752190697184,3514.930465620182,3537.77778844137,3549.887366701994,3526.6852311616135,3583.5644644149843,3582.2636792174776,3620.364965052233,3654.0018169994773,3666.5535460347255,3690.677142438908,3688.553261594577
W59,2247.477235234097,2022.633116155742,1945.0707692045041,1804.4388966671825,1803.8950211438228,1809.22236695318,1852.8068019142588,1720.102935300124,1805.4653722444498,1727.728742527986,1704.853843323419,1653.2291890976273,1681.0603157980436
W6,475.9724613255569,526.5401797275222,536.8665644793631,580.0522461079153,576.2635983867124,651.3125167885554,739.0584941947141,736.6316888011869,732.5345334814526,738.7102516153839,743.9243860582727,761.1108429315465,753.5158212694714
W60,9037.402253835202,9033.949530906844,9029.017955378782,9023.807398101108,9018.556772586415,9013.310776658524,9008.077482465907,9002.858287163033,8997.653393460441,8992.462792614928,8987.286438800511,8982.124279846614,8976.976262636685
W61,10146.835288461978,11295.630148286717,11305.81544955364,10665.417354498224,10681.780420349194,10968.325876327657,10975.177700925968,10829.060588086171,10847.410354448712,11024.174723458207,11032.598677918202,11358.65140124949,11377.734198874998
W62,7196.8786574034375,7112.2431498054875,7094.613331338105,7112.247177679139,7108.274671190438,7121.025979748106,7099.676247964973,7088.234535490714,7090.281551833498,7068.266410281998,7052.842186158675,7045.5003886870145,7050.867955334976
W63,6057.046096240937,6114.501708554974,6112.831373572667,6113.894168607661,6101.340753963346,6121.450423460809,6120.642867656492,6139.413870821136,6136.7183898726835,6023.549509443582,6037.030479988368,6134.089091865005,6132.931709401465
W64,14102.375870012884,12585.713123405869,12924.495273322402,13787.855218541546,14490.673340486366,12804.34796989158,12830.017218191802,13625.122448886184,14801.937795030808,13725.0825008952,12733.800654544337,13268.451601937162,14365.770011184424
W65,19601.35113997842,17739.475566364727,18186.348412405547,19222.293108673395,20037.36902741776,18076.206422178762,18087.054274598187,19081.348648618234,20385.186557431778,19165.008130890998,17937.251959328256,18656.920001503127,19915.701022655776
W66,7394.0445309027255,7599.83674622123,7577.46210784427,7403.419113911152,7369.278667160497,7601.053347932433,7658.007156160709,7494.193399947668,7358.765365945093,7540.9611193343935,7697.768335616291,7597.761963534356,7416.744603633833
W67,13418.90557768273,13430.997008034763,13467.32831918329,13522.895674675885,13575.540276199043,13592.58596407285,13598.512673284693,13629.652513200988,13685.895158861567,13716.073476056697,13735.420802364732,13733.813614803406,13753.002708858989
W68,6890.954010906455,6873.487593963513,6872.526525311276,6870.248626291069,6865.222619766673,6854.930984435011,6847.845713176364,6852.908583758501,6862.9622857422055,6870.960982708772,6876.743483140326,6884.901467315667,6897.507551969751
W69,6872.747243532628,6883.549825481372,6882.841449951913,6898.925111550727,6880.916791247602,6876.7058227440175,6881.603480637679,6894.933158705028,6899.129667179677,6898.905255397006,6908.856632560419,6928.664467508212,6948.410211534376
W7,3279.67353926147,3559.2047983204443,3927.827276589469,4035.607355336094,4064.401311396571,4117.351522217052,4290.4471454488175,4253.05715272309,4357.206490982293,4379.899819479331,4407.573118188864,4443.233671376516,4356.995667434868
W70,2602.4973169013374,2593.0669354965626,2581.7129896693514,2569.738405857951,2557.4715859004236,2545.0907284531067,2532.661131174981,2520.211520028266,2507.75344642279,2495.291760426442,2482.828456424384,2470.364363089422,2457.89982327701
W71,1878.0516363932434,1830.367196128414,1798.9687048910396,1769.9485553149489,1728.0322580559557,1688.9074685287828,1654.2530563327273,1618.1707505254171,1575.971135314284,1535.7881401344691,1499.5151440909863,1461.0282470239488,1421.436011863041
W72,1883.7501444631516,1838.220691989016,1811.3591376420857,1782.8595245862143,1746.6875229501939,1709.8156309037518,1677.398428231426,1644.5137943449713,1607.2108065301813,1570.3689124764917,1536.2446860723337,1502.289328458395,1467.8802288603604
W73,1883.6858636656204,1838.1420963883206,1811.236274905389,1782.7832661226266,1746.5857954435,1709.7680024255778,1677.3073926089683,1644.370447123702,1607.0875012444496,1570.2510535469967,1536.1279498849813,1502.1858277701558,1467.7582586396031
W74,4996.609408820094,4580.008134356513,4409.201348316386,4387.025534792855,4210.114126239755,4093.67086016863,4255.948066783834,4317.528994155673,4309.9198473161505,3817.210665929957,4045.9686437176415,4576.505636873908,5424.559277374316
W75,23607.55261802692,23676.327487814735,23715.94715366645,23653.206864578795,23859.765734520915,23889.219151842335,23687.336804356823,23573.12328088812,23568.88085895384,23450.31744841553,23309.982721932534,23213.415384695058,23052.158557859606
W76,459.3236473275301,478.8138121442471,497.3299047573619,515.4921762581434,533.3080074009845,550.7787644156865,567.9078883262541,584.698805883726,601.1549023500243,617.2795290344106,633.0760037265422,648.5476110074615,663.6976025816807
W77,3784.1674491523813,4136.479205888489,3944.785245575741,3741.3658268578974,3361.679213422428,3594.6923140248828,3564.8429770165194,3328.508005974308,3150.429370037706,3214.666584847588,3456.697070682652,3323.2268151988205,3233.8701019317596
W78,3863.0572769127666,3966.3364028337405,3820.6429224913372,3451.631544668925,3393.448919148986,3554.7521722960782,3515.9332815751723,3360.606410182097,3183.6718725491974,3318.8886863325515,3495.9112917162506,3214.835595036385,3134.0823912255273
W79,1481.092670701494,1501.7831440763848,1476.107076034103,1444.3693774946469,1403.1490755877815,1381.7852262533086,1371.480411840848,1372.789762756424,1377.3986395394031,1383.3403597892043,1385.932887177768,1385.5675799139494,1382.4052965026833
W8,2995.147502874119,3027.949472806659,3105.168815652744,3182.0600843052953,3237.163382467299,3288.803913480317,3337.5149861402597,3382.0123532356574,3422.1401650218418,3458.741022618633,3492.148885263574,3522.5937336764214,3550.3246716607937
W80,1565.4495764739956,1576.7720700737298,1574.0888554710343,1566.4474444449254,1556.6443158637096,1546.2412272218457,1535.8293365102534,1525.6804588330028,1515.8941304579673,1506.50206496853,1497.5043035413262,1488.888140089829,1480.6357680532105
W81,24252.068619178615,24210.997463163774,24037.498174458793,24141.196285754435,23964.649902405596,24187.93053189681,24151.44439117354,24000.413381906874,23949.605566162056,23829.163027351857,23902.75889159951,23713.334072101727,23733.685004333678
W82,4418.4644016355805,4419.356342204938,4418.4081717765475,4416.262086498768,4416.264908791025,4416.6614825867755,4416.347519085872,4415.741235299462,4415.89065479184,4416.2195780615875,4416.298377712919,4416.321449439091,4416.62365201825
W83,5970.219768606062,5967.710799168616,5965.602740975561,5963.752056128349,5962.123581231655,5960.706314879372,5959.49456688281,5958.4838611792175,5957.670049576756,5957.049119234586,5956.61714983065,5956.37030303866,5956.30481899872
W84,5967.547350312339,5965.54357734834,5963.56287060338,5961.786685422897,5960.215024337942,5958.849351690849,5957.686274494265,5956.721942424173,5955.952385509361,5955.373676101565,5954.9819559968955,5954.7734428039985,5954.744430110086
W85,17248.97369217361,17244.88079633285,17244.935579887027,17248.400090655097,17254.181159999964,17261.67365041059,17270.399823908854,17280.03612431942,17290.349139449205,17301.174756265224,17312.39622711393,17323.930779947197,17335.71952695965
W86,17269.655750825797,17277.54038848565,17284.219870746885,17293.60002682949,17303.451371619958,17314.198146881998,17325.36436236065,17336.931451018558,17348.767456447153,17360.83075356879,17373.07442896828,17385.47411086461,17398.010221163375
W87,1078.4051154677816,1072.6977128003437,1067.258133126945,1061.9676059219041,1056.6687651170282,1051.373281947193,1046.09646126529,1040.8484814464143,1035.626959340079,1030.429953943019,1025.256480607864,1020.106439974677,1014.9796281037843
W88,12018.263545802907,12038.678231911887,12032.687938221841,12057.90563452887,12065.354604256467,12085.689539589519,12092.220438788097,12108.780891972465,12120.67643763595,12136.062153832887,12147.762234303234,12162.09684139532,12174.850530145712
W89,1219.3602556094436,1221.4108196489578,1224.7832574409806,1202.8060935337303,1201.711920832579,1232.7471889047415,1228.5177912393162,1210.073897793865,1206.0337427986547,1216.0242348768277,1237.451413817448,1226.1755899079735,1211.7931262922552
W9,7609.691697353285,7639.955773428916,7770.071512302321,7901.045336191681,7991.826284506917,8079.149525935203,8167.552311423866,8252.396100135591,8331.138236331288,8405.690361694928,8476.67131405327,8544.061947022794,8607.877742811836
W90,1844.7831647223727,1853.243577545718,1868.0022955966165,1860.5056064449868,1864.2388622086712,1862.8739121280573,1867.9198435845585,1865.8705330316611,1864.7846807721653,1871.5342520378308,1875.8788752806272,1890.988813771344,1872.0824322902045
W91,19646.228761953986,19789.76521110462,19913.95970592375,19831.87418949619,19715.094082268613,19803.737437101885,19787.536753653156,19788.273257308643,19725.54875875062,19863.033665758187,19867.61022077275,20045.70533085756,19767.732028762362
W92,22874.716034316254,23040.160345502394,22825.47697361107,22634.687105386736,22850.927412430196,22907.275499572395,22767.884062446967,22543.67955547996,22430.084510650173,23019.595055878897,23042.095911521075,22444.200317441842,22049.075481262018
W93,1742.6922996547369,1738.816149900534,1732.3395309880625,1736.7704656204312,1745.6174420272137,1745.378206898492,1739.144033156675,1739.189077130819,1746.23799889942,1749.6333905342178,1745.294351905856,1742.7712906629313,1747.803398343493
W94,1818.2326028706634,1822.736361465708,1852.5324092103929,1856.1423927247652,1853.054114294819,1846.0504282673003,1878.5308262849621,1889.2544882217878,1900.7313430478089,1898.5574525497545,1896.2846241160205,1905.6327430070269,1897.522167772176
W95,1656.7704703855086,1664.7686073091193,1683.0992070233774,1690.2696542913782,1701.977692164923,1702.574155397644,1730.7299996296135,1731.467481024877,1739.2868353963802,1750.03945399613,1755.8600124868278,1767.4910819240702,1765.9838858086466
W96,11368.689595933833,11373.808284653778,11331.10715849042,11310.351070897694,11374.067149585851,11410.16003883516,11388.988976627923,11326.809788879886,11384.071935025393,11434.01280467245,11427.772431980038,11386.157972661194,11397.449533682253
W97,449.2411542970872,471.5579972674136,487.3466227543893,470.3285566748682,465.0204478861997,482.5362351120916,498.18571958776556,489.40918071029364,480.9491493073883,495.6355165590669,512.126832337173,507.0880996415142,499.0134845306536
W98,581.6519528649242,593.5715102869744,619.510209766629,609.9751491631896,601.1126998754607,615.7431745496751,633.0416226280277,622.5923856254458,614.9925258390822,621.8486336416481,645.9625476371375,641.838931615458,624.4593774945693
W99,15043.174171279741,14982.176653094191,14962.659498694054,14910.640453799286,14911.591454344334,14886.72003750727,14872.07498465078,14843.298053485656,14825.066890694314,14802.511123084922,14766.886505346334,14751.26183025281,14729.165510100413
