3.864517450332641602e+00 1.128053665161132812e-02
4.050392866134643555e+00 1.142621040344238281e-02
3.943953275680541992e+00 1.073694229125976562e-02
4.268095493316650391e+00 1.243615150451660156e-02
3.977327108383178711e+00 1.080632209777832031e-02
3.978531837463378906e+00 1.139807701110839844e-02
3.917767286300659180e+00 1.121902465820312500e-02
4.199054241180419922e+00 1.213121414184570312e-02
3.936558723449707031e+00 1.159906387329101562e-02
3.885358572006225586e+00 1.134252548217773438e-02
3.932410240173339844e+00 1.128101348876953125e-02
4.006454944610595703e+00 1.140785217285156250e-02
4.010388135910034180e+00 1.168704032897949219e-02
3.882405042648315430e+00 1.013445854187011719e-02
3.906267166137695312e+00 1.160454750061035156e-02
3.903710126876831055e+00 1.115560531616210938e-02
4.168240785598754883e+00 1.176691055297851562e-02
4.062027454376220703e+00 1.169085502624511719e-02
3.955791234970092773e+00 1.135778427124023438e-02
4.106624603271484375e+00 1.166462898254394531e-02
4.195652484893798828e+00 1.144695281982421875e-02
4.064567089080810547e+00 1.139307022094726562e-02
4.047045469284057617e+00 1.154828071594238281e-02
4.088234186172485352e+00 1.156067848205566406e-02
4.297724962234497070e+00 1.237034797668457031e-02
4.185606479644775391e+00 1.101803779602050781e-02
3.983200073242187500e+00 1.137185096740722656e-02
4.186681270599365234e+00 1.132512092590332031e-02
4.030337095260620117e+00 1.151728630065917969e-02
4.103266954421997070e+00 1.003694534301757812e-02
4.257529973983764648e+00 1.146459579467773438e-02
4.081313848495483398e+00 1.136851310729980469e-02
3.999670267105102539e+00 1.130127906799316406e-02
4.075850963592529297e+00 1.140236854553222656e-02
3.967224359512329102e+00 1.114010810852050781e-02
4.029654741287231445e+00 1.140713691711425781e-02
4.059216737747192383e+00 1.144027709960937500e-02
4.006530284881591797e+00 1.008224487304687500e-02
4.065137863159179688e+00 1.114487648010253906e-02
3.993839502334594727e+00 1.133418083190917969e-02
4.019459247589111328e+00 1.143026351928710938e-02
4.030247449874877930e+00 1.162242889404296875e-02
4.012643575668334961e+00 1.145505905151367188e-02
4.147565603256225586e+00 1.167511940002441406e-02
4.032346248626708984e+00 1.136970520019531250e-02
3.959937334060668945e+00 1.167774200439453125e-02
3.935280799865722656e+00 1.133990287780761719e-02
4.177702903747558594e+00 1.182699203491210938e-02
3.983679294586181641e+00 1.126551628112792969e-02
4.109381914138793945e+00 1.222419738769531250e-02
4.033228397369384766e+00 1.121783256530761719e-02
3.965590476989746094e+00 1.133894920349121094e-02
4.271494388580322266e+00 1.264095306396484375e-02
4.031812667846679688e+00 1.195096969604492188e-02
4.057195663452148438e+00 1.164889335632324219e-02
4.013511657714843750e+00 1.154232025146484375e-02
4.042473554611206055e+00 1.150989532470703125e-02
4.125870943069458008e+00 1.144599914550781250e-02
4.053974866867065430e+00 1.144170761108398438e-02
3.973913431167602539e+00 1.030802726745605469e-02
3.984143018722534180e+00 1.137304306030273438e-02
4.105534791946411133e+00 1.157259941101074219e-02
4.278861284255981445e+00 1.270580291748046875e-02
3.982427358627319336e+00 1.138663291931152344e-02
3.973886728286743164e+00 1.134443283081054688e-02
3.968038320541381836e+00 1.129555702209472656e-02
4.153854846954345703e+00 1.143813133239746094e-02
4.004452228546142578e+00 1.002311706542968750e-02
4.065694808959960938e+00 1.140856742858886719e-02
4.032448291778564453e+00 1.119208335876464844e-02
3.958042144775390625e+00 1.035046577453613281e-02
4.038382768630981445e+00 1.139497756958007812e-02
3.994132518768310547e+00 1.124024391174316406e-02
3.971296072006225586e+00 1.134395599365234375e-02
4.019181489944458008e+00 1.146197319030761719e-02
3.976232528686523438e+00 1.138091087341308594e-02
4.184459447860717773e+00 1.163315773010253906e-02
4.017682313919067383e+00 1.126337051391601562e-02
4.152024507522583008e+00 1.211905479431152344e-02
5.499737739562988281e+00 1.131439208984375000e-02
5.445625066757202148e+00 1.167035102844238281e-02
5.545468807220458984e+00 1.061153411865234375e-02
5.713857650756835938e+00 1.165819168090820312e-02
5.513219356536865234e+00 1.041555404663085938e-02
5.762486457824707031e+00 1.214575767517089844e-02
5.570794343948364258e+00 1.146340370178222656e-02
5.526810407638549805e+00 1.151084899902343750e-02
5.525471925735473633e+00 1.130390167236328125e-02
5.726668596267700195e+00 1.193642616271972656e-02
4.015835762023925781e+00 1.130723953247070312e-02
5.591743230819702148e+00 1.099967956542968750e-02
5.637887239456176758e+00 1.162910461425781250e-02
5.851282119750976562e+00 1.256561279296875000e-02
5.634359836578369141e+00 1.110911369323730469e-02
5.488060235977172852e+00 1.133823394775390625e-02
6.023528099060058594e+00 1.244235038757324219e-02
5.558165073394775391e+00 1.139593124389648438e-02
5.461201190948486328e+00 1.132655143737792969e-02
5.528873920440673828e+00 1.047515869140625000e-02
5.507029771804809570e+00 1.039385795593261719e-02
4.039369821548461914e+00 1.149940490722656250e-02
5.587760210037231445e+00 1.156497001647949219e-02
5.415310621261596680e+00 1.129484176635742188e-02
5.592605352401733398e+00 1.135873794555664062e-02
5.538058280944824219e+00 1.089954376220703125e-02
5.510706424713134766e+00 1.140165328979492188e-02
5.493382215499877930e+00 1.151895523071289062e-02
5.541916370391845703e+00 1.026964187622070312e-02
5.620538473129272461e+00 1.150751113891601562e-02
5.608675241470336914e+00 1.163768768310546875e-02
5.523568868637084961e+00 1.151180267333984375e-02
3.978193283081054688e+00 1.123857498168945312e-02
3.953465223312377930e+00 1.147365570068359375e-02
5.529332399368286133e+00 1.126623153686523438e-02
5.607251167297363281e+00 1.146912574768066406e-02
5.550270080566406250e+00 1.045703887939453125e-02
5.556888103485107422e+00 1.154780387878417969e-02
5.484027147293090820e+00 1.124429702758789062e-02
5.596394062042236328e+00 1.157617568969726562e-02
5.594179391860961914e+00 1.091384887695312500e-02
5.606475353240966797e+00 1.161217689514160156e-02
5.584638833999633789e+00 1.165676116943359375e-02
5.695816040039062500e+00 1.184558868408203125e-02
4.150989532470703125e+00 1.175475120544433594e-02
5.601309537887573242e+00 1.019406318664550781e-02
5.643409490585327148e+00 1.144576072692871094e-02
5.851018905639648438e+00 1.247787475585937500e-02
5.942010402679443359e+00 1.268124580383300781e-02
5.540846586227416992e+00 1.157426834106445312e-02
5.431715250015258789e+00 1.132535934448242188e-02
5.457144021987915039e+00 1.128840446472167969e-02
5.662274837493896484e+00 1.226568222045898438e-02
5.534606218338012695e+00 1.136326789855957031e-02
5.516007184982299805e+00 9.696245193481445312e-03
3.971804141998291016e+00 1.032853126525878906e-02
5.544862985610961914e+00 1.077938079833984375e-02
5.558441877365112305e+00 1.161599159240722656e-02
5.440193891525268555e+00 1.117897033691406250e-02
5.538641929626464844e+00 1.154732704162597656e-02
5.459080934524536133e+00 1.137971878051757812e-02
5.515546798706054688e+00 1.139521598815917969e-02
5.547369718551635742e+00 1.133227348327636719e-02
5.487524032592773438e+00 1.145505905151367188e-02
5.622426509857177734e+00 1.096773147583007812e-02
5.603026390075683594e+00 1.165795326232910156e-02
4.088631868362426758e+00 1.172780990600585938e-02
5.498333930969238281e+00 1.136803627014160156e-02
5.582263231277465820e+00 1.164889335632324219e-02
5.661049127578735352e+00 1.152515411376953125e-02
5.605173826217651367e+00 1.149368286132812500e-02
5.697427511215209961e+00 1.168942451477050781e-02
5.667382478713989258e+00 1.187181472778320312e-02
5.607321739196777344e+00 1.160550117492675781e-02
5.612172365188598633e+00 1.132225990295410156e-02
5.655443668365478516e+00 1.049447059631347656e-02
5.670682191848754883e+00 1.148343086242675781e-02
4.175931453704833984e+00 1.184868812561035156e-02
5.721359252929687500e+00 1.169896125793457031e-02
5.685120582580566406e+00 1.180863380432128906e-02
5.771182775497436523e+00 1.156878471374511719e-02
5.536400318145751953e+00 1.029324531555175781e-02
5.563990354537963867e+00 1.144552230834960938e-02
5.466407299041748047e+00 1.034474372863769531e-02
5.782779455184936523e+00 1.162266731262207031e-02
5.486225128173828125e+00 1.045346260070800781e-02
5.576895236968994141e+00 1.136875152587890625e-02
5.574922323226928711e+00 1.125335693359375000e-02
3.949388742446899414e+00 1.114416122436523438e-02
5.913098812103271484e+00 1.235079765319824219e-02
5.516400575637817383e+00 1.134228706359863281e-02
5.587131500244140625e+00 1.158690452575683594e-02
5.609288215637207031e+00 1.156020164489746094e-02
5.513261079788208008e+00 1.122069358825683594e-02
5.530682086944580078e+00 1.140451431274414062e-02
5.595856666564941406e+00 1.129364967346191406e-02
5.912741184234619141e+00 1.222300529479980469e-02
5.564242839813232422e+00 1.175522804260253906e-02
5.516390562057495117e+00 9.881258010864257812e-03
4.110513448715209961e+00 1.203370094299316406e-02
5.486058235168457031e+00 1.177525520324707031e-02
5.604539632797241211e+00 1.145792007446289062e-02
5.595070838928222656e+00 1.124429702758789062e-02
5.657040357589721680e+00 1.144862174987792969e-02
5.541650295257568359e+00 1.160168647766113281e-02
5.606328725814819336e+00 1.072359085083007812e-02
5.656689882278442383e+00 1.162672042846679688e-02
5.486945629119873047e+00 1.168966293334960938e-02
5.588123321533203125e+00 1.161646842956542969e-02
5.602343082427978516e+00 1.170730590820312500e-02
4.099349260330200195e+00 1.080799102783203125e-02
5.604904413223266602e+00 1.163887977600097656e-02
5.604677915573120117e+00 1.147079467773437500e-02
5.474448204040527344e+00 1.119422912597656250e-02
5.478319644927978516e+00 1.136779785156250000e-02
5.579676628112792969e+00 1.137351989746093750e-02
5.495647907257080078e+00 1.126527786254882812e-02
5.792044639587402344e+00 1.186227798461914062e-02
5.682669878005981445e+00 1.169681549072265625e-02
5.434578418731689453e+00 1.130318641662597656e-02
5.519912242889404297e+00 1.125621795654296875e-02
3.991787195205688477e+00 1.049447059631347656e-02
5.464770793914794922e+00 1.149630546569824219e-02
5.560237169265747070e+00 1.129627227783203125e-02
5.562509775161743164e+00 1.132655143737792969e-02
5.511986255645751953e+00 1.047730445861816406e-02
5.563471794128417969e+00 1.147937774658203125e-02
5.538133859634399414e+00 1.126527786254882812e-02
5.825322628021240234e+00 1.223683357238769531e-02
5.503254890441894531e+00 1.143360137939453125e-02
5.574415445327758789e+00 1.139974594116210938e-02
5.846375703811645508e+00 1.222872734069824219e-02
4.140761613845825195e+00 1.151895523071289062e-02
5.555064201354980469e+00 1.134967803955078125e-02
5.582254171371459961e+00 1.140713691711425781e-02
5.586665868759155273e+00 1.145386695861816406e-02
5.498103618621826172e+00 1.235127449035644531e-02
5.643168210983276367e+00 1.165032386779785156e-02
5.504526615142822266e+00 1.142764091491699219e-02
5.608750104904174805e+00 1.159453392028808594e-02
5.583822727203369141e+00 1.190900802612304688e-02
5.565606117248535156e+00 1.162385940551757812e-02
5.576680660247802734e+00 1.138925552368164062e-02
4.125545263290405273e+00 1.277923583984375000e-02
3.983479261398315430e+00 1.141834259033203125e-02
5.401264190673828125e+00 1.125097274780273438e-02
5.483018398284912109e+00 1.135921478271484375e-02
5.582291364669799805e+00 1.042127609252929688e-02
5.579262256622314453e+00 1.135563850402832031e-02
5.438604116439819336e+00 1.138043403625488281e-02
5.512770175933837891e+00 1.128315925598144531e-02
5.607992410659790039e+00 1.144313812255859375e-02
5.681640148162841797e+00 1.188707351684570312e-02
5.888461351394653320e+00 1.256060600280761719e-02
5.496590852737426758e+00 1.149988174438476562e-02
4.009902000427246094e+00 1.122879981994628906e-02
5.527003288269042969e+00 1.131463050842285156e-02
5.491641759872436523e+00 1.159429550170898438e-02
5.517660617828369141e+00 1.137328147888183594e-02
5.623911619186401367e+00 1.180505752563476562e-02
5.483401775360107422e+00 1.002359390258789062e-02
5.568004846572875977e+00 1.148772239685058594e-02
5.613798141479492188e+00 1.171445846557617188e-02
5.606148242950439453e+00 1.122736930847167969e-02
5.501773118972778320e+00 1.130270957946777344e-02
5.886761426925659180e+00 1.280760765075683594e-02
3.974011898040771484e+00 1.129317283630371094e-02
5.790298700332641602e+00 1.163721084594726562e-02
5.563775777816772461e+00 1.149511337280273438e-02
5.546605348587036133e+00 1.158094406127929688e-02
5.541141510009765625e+00 1.155519485473632812e-02
5.621419429779052734e+00 1.139140129089355469e-02
5.693313837051391602e+00 1.191306114196777344e-02
5.663463592529296875e+00 1.118469238281250000e-02
5.593108177185058594e+00 1.167225837707519531e-02
5.644759416580200195e+00 1.187205314636230469e-02
5.633139133453369141e+00 1.145100593566894531e-02
3.970657348632812500e+00 1.113796234130859375e-02
5.515369653701782227e+00 1.147365570068359375e-02
5.506728410720825195e+00 1.119160652160644531e-02
5.522505760192871094e+00 1.150250434875488281e-02
5.439135074615478516e+00 1.133799552917480469e-02
5.513114452362060547e+00 1.136779785156250000e-02
5.557093858718872070e+00 9.747028350830078125e-03
5.601243019104003906e+00 1.143455505371093750e-02
5.566422939300537109e+00 1.151204109191894531e-02
5.748497724533081055e+00 1.171183586120605469e-02
5.603115081787109375e+00 1.184797286987304688e-02
4.064529180526733398e+00 1.111459732055664062e-02
5.619926929473876953e+00 1.005554199218750000e-02
5.556702613830566406e+00 1.129889488220214844e-02
6.059049129486083984e+00 1.151657104492187500e-02
5.601587057113647461e+00 1.114344596862792969e-02
5.641688346862792969e+00 1.162147521972656250e-02
5.547017097473144531e+00 1.033568382263183594e-02
5.572671175003051758e+00 1.165866851806640625e-02
5.492367744445800781e+00 1.039171218872070312e-02
5.543341398239135742e+00 1.124334335327148438e-02
5.954112529754638672e+00 1.131558418273925781e-02
4.049859285354614258e+00 1.143741607666015625e-02
5.590380668640136719e+00 1.153516769409179688e-02
5.541916370391845703e+00 1.138567924499511719e-02
5.452783107757568359e+00 1.025199890136718750e-02
5.551711320877075195e+00 1.020550727844238281e-02
5.611603021621704102e+00 1.170921325683593750e-02
5.612293243408203125e+00 1.057195663452148438e-02
5.659817934036254883e+00 1.163125038146972656e-02
5.595472812652587891e+00 1.165318489074707031e-02
5.587981224060058594e+00 1.173496246337890625e-02
5.562960863113403320e+00 1.146888732910156250e-02
3.952674150466918945e+00 1.096296310424804688e-02
5.493454456329345703e+00 1.122188568115234375e-02
5.512478828430175781e+00 1.138496398925781250e-02
5.484801292419433594e+00 1.126384735107421875e-02
5.568643331527709961e+00 1.177573204040527344e-02
5.541776418685913086e+00 1.157116889953613281e-02
5.520082473754882812e+00 1.147699356079101562e-02
5.614675521850585938e+00 1.135182380676269531e-02
5.547648429870605469e+00 1.160693168640136719e-02
5.612012863159179688e+00 1.083040237426757812e-02
5.447240114212036133e+00 1.134634017944335938e-02
3.979351997375488281e+00 1.054382324218750000e-02
5.686724424362182617e+00 1.155376434326171875e-02
5.573604106903076172e+00 1.107788085937500000e-02
5.565244436264038086e+00 1.172947883605957031e-02
5.550036430358886719e+00 1.142811775207519531e-02
5.555188417434692383e+00 1.144528388977050781e-02
5.570425987243652344e+00 1.170873641967773438e-02
6.063166141510009766e+00 1.291465759277343750e-02
5.493307590484619141e+00 1.128649711608886719e-02
5.499500274658203125e+00 1.125550270080566406e-02
5.578734636306762695e+00 1.230692863464355469e-02
3.980861902236938477e+00 1.102066040039062500e-02
5.556750535964965820e+00 1.159167289733886719e-02
5.557066440582275391e+00 1.136827468872070312e-02
5.507055044174194336e+00 1.126384735107421875e-02
6.036267757415771484e+00 1.156902313232421875e-02
5.682323694229125977e+00 1.167798042297363281e-02
5.547550439834594727e+00 1.116704940795898438e-02
5.585218191146850586e+00 1.168680191040039062e-02
5.605393171310424805e+00 1.168107986450195312e-02
5.652048110961914062e+00 1.178503036499023438e-02
5.562345027923583984e+00 1.118659973144531250e-02
4.022274255752563477e+00 1.142239570617675781e-02
5.528531789779663086e+00 1.139521598815917969e-02
5.457153081893920898e+00 1.026177406311035156e-02
5.573633193969726562e+00 1.105785369873046875e-02
5.632824659347534180e+00 1.157546043395996094e-02
5.516746997833251953e+00 1.140332221984863281e-02
5.526348114013671875e+00 1.141929626464843750e-02
5.598913192749023438e+00 1.162695884704589844e-02
5.612226486206054688e+00 1.141333580017089844e-02
5.476273298263549805e+00 1.022577285766601562e-02
5.669270038604736328e+00 1.149034500122070312e-02
4.046322584152221680e+00 1.018571853637695312e-02
4.044999599456787109e+00 9.904384613037109375e-03
5.574417591094970703e+00 1.171588897705078125e-02
5.635230779647827148e+00 1.141405105590820312e-02
5.456692218780517578e+00 1.114249229431152344e-02
5.582977771759033203e+00 9.913444519042968750e-03
5.684481859207153320e+00 1.013875007629394531e-02
5.504702806472778320e+00 1.083421707153320312e-02
5.508660793304443359e+00 1.168489456176757812e-02
6.052902221679687500e+00 1.262736320495605469e-02
5.566933631896972656e+00 1.051115989685058594e-02
5.577581405639648438e+00 1.156616210937500000e-02
3.960798025131225586e+00 1.045703887939453125e-02
5.601510047912597656e+00 1.142191886901855469e-02
5.539067506790161133e+00 1.121377944946289062e-02
5.598194122314453125e+00 1.161003112792968750e-02
5.735146760940551758e+00 1.166701316833496094e-02
5.598153829574584961e+00 1.191329956054687500e-02
4.089557647705078125e+00 1.148223876953125000e-02
4.069952964782714844e+00 1.050662994384765625e-02
4.123721122741699219e+00 1.185846328735351562e-02
4.305437088012695312e+00 1.257872581481933594e-02
3.962984085083007812e+00 1.124644279479980469e-02
3.926860809326171875e+00 1.132082939147949219e-02
3.985449552536010742e+00 1.129817962646484375e-02
3.977782964706420898e+00 1.151442527770996094e-02
4.039149761199951172e+00 1.141691207885742188e-02
3.985102653503417969e+00 1.043343544006347656e-02
4.094024181365966797e+00 1.173686981201171875e-02
4.027857542037963867e+00 1.106667518615722656e-02
4.013245344161987305e+00 1.053714752197265625e-02
4.021060705184936523e+00 1.147675514221191406e-02
4.086325645446777344e+00 1.145863533020019531e-02
4.100331068038940430e+00 1.162433624267578125e-02
4.037111997604370117e+00 1.150798797607421875e-02
3.979614257812500000e+00 1.121807098388671875e-02
3.985476255416870117e+00 9.845972061157226562e-03
4.143428087234497070e+00 1.150870323181152344e-02
4.123571395874023438e+00 1.204276084899902344e-02
3.981132745742797852e+00 1.128864288330078125e-02
4.030444145202636719e+00 1.133203506469726562e-02
4.017613887786865234e+00 1.172113418579101562e-02
4.112646818161010742e+00 1.162362098693847656e-02
4.058772325515747070e+00 1.159763336181640625e-02
4.101181745529174805e+00 1.204276084899902344e-02
4.353459835052490234e+00 1.257133483886718750e-02
4.405743837356567383e+00 1.283693313598632812e-02
4.054839134216308594e+00 8.845567703247070312e-03
4.072303295135498047e+00 1.154732704162597656e-02
3.957736730575561523e+00 1.015472412109375000e-02
3.955126762390136719e+00 1.128315925598144531e-02
3.954135894775390625e+00 1.131749153137207031e-02
4.037632465362548828e+00 5.995988845825195312e-03
3.918657064437866211e+00 6.084203720092773438e-03
4.067675113677978516e+00 1.079869270324707031e-02
4.024216651916503906e+00 5.953073501586914062e-03
4.014640569686889648e+00 1.139569282531738281e-02
3.974597930908203125e+00 6.144523620605468750e-03
3.987216472625732422e+00 1.229524612426757812e-02
3.964579343795776367e+00 8.973121643066406250e-03
3.909516811370849609e+00 6.216287612915039062e-03
3.538015604019165039e+00 5.968332290649414062e-03
3.559214353561401367e+00 1.154851913452148438e-02
3.634381532669067383e+00 6.092548370361328125e-03
3.537727832794189453e+00 6.018638610839843750e-03
3.297172069549560547e+00 6.172418594360351562e-03
3.194913864135742188e+00 5.913734436035156250e-03
3.384342193603515625e+00 5.923271179199218750e-03
3.294813632965087891e+00 5.946159362792968750e-03
3.201436281204223633e+00 5.925416946411132812e-03
3.032364606857299805e+00 6.328582763671875000e-03
3.133738756179809570e+00 5.214214324951171875e-03
2.993305921554565430e+00 6.247520446777343750e-03
2.996802806854248047e+00 5.934238433837890625e-03
2.993951559066772461e+00 5.124807357788085938e-03
2.883051156997680664e+00 5.578517913818359375e-03
2.807931900024414062e+00 5.453586578369140625e-03
2.535075664520263672e+00 5.190610885620117188e-03
2.424345016479492188e+00 5.619287490844726562e-03
2.558028459548950195e+00 5.191802978515625000e-03
2.242802858352661133e+00 5.347967147827148438e-03
