1.712793855209690519e-02
3.339215383207434079e-02
1.807454316466954730e-02
4.040631550857782389e-03
1.078544166790198870e-02
2.637722766466745958e-02
1.398265087392409727e-02
1.310777875793736960e-02
2.901979459122548850e-03
1.023598114125862449e-02
3.235055253391930837e-03
4.217772085351829611e-03
2.292088674336636989e-01
1.637894118750184841e-02
4.664014815942588155e-02
3.458104445988824903e-03
2.964213599903309584e-02
3.555255381106184331e-02
3.220500310856710957e-02
1.913500563847938749e-02
1.484487315003562777e-02
4.458828410418223462e-03
1.105801036813828797e-01
1.921220364193934951e-02
8.567482031063768100e-02
8.767134181508540181e-03
7.219089327782811372e-02
5.146267679368354830e-02
5.758945864336887342e-03
1.405982655072411137e-02
6.628024918711828556e-03
1.213208332694682909e-02
2.164933558594470814e-02
1.386494810677064808e-02
3.299732787665838468e-02
8.906626163489568190e-03
2.883201486241829085e-03
1.195069711476403305e-02
3.644425813051614498e-03
5.650600824039227026e-03
1.369074312456173594e-02
2.251947780123155982e-02
5.672511233020873303e-03
6.445752371341942344e-02
3.844897120481734903e-02
3.892340198044286215e-02
3.603406771342759773e-02
2.377003827856344689e-02
1.312358195181675957e-02
4.410005596062195089e-03
7.809357055059257258e-02
3.908832485837094445e-02
1.079892949753960205e-02
2.118288167729846516e-01
1.169901219448325203e-01
9.753558476876126107e-03
1.245356936109769525e-01
1.686844911115037426e-02
1.280406658852559394e-02
1.273191707732109976e-02
2.302839879049688177e-02
2.798485918106842843e-02
1.585311083926833203e-02
1.618086185655698284e-02
5.274699997294168136e-03
8.045014153349541036e-03
3.175465923938746403e-03
1.247515587063931369e-01
5.474873994771966082e-03
9.415522727584450108e-03
1.982798546013568239e-02
3.078971464363792696e-02
1.049167849764280971e-02
2.981466647231034370e-02
2.900971146978086751e-02
2.316944684428016293e-02
3.107810914921246143e-02
3.444449669081026122e-02
2.261754605780321933e-02
2.102777547259289739e-02
1.261319067680925082e-02
7.352645697863034388e-03
9.779364142983079655e-02
5.754091419264653617e-03
1.006062172140008600e-02
1.418765753719201418e-02
3.348687364025651481e-02
2.319957303311762434e-02
4.318365660650930887e-03
5.081658446362068843e-02
1.244234794239175088e-02
1.601278038821871835e-02
8.738546500881824719e-02
2.243391457166477379e-02
7.202089465655410992e-03
7.137253689774311106e-03
2.022903581388527453e-02
2.749803665878356243e-02
1.399235814675944822e-02
8.326711138263355461e-02
2.223684645161725648e-01
2.329181539540292958e-02
9.656643789132890454e-02
6.194296853008596226e-02
2.645685945801129133e-02
1.013139664175105870e-01
3.557960453143228785e-02
4.772388080257784077e-02
4.974944673946616464e-02
6.496207865025568906e-02
5.685308871111012519e-02
2.411433448744776387e-02
1.187637297474310460e-01
9.980895864312545884e-02
3.386721154612008094e-02
1.257745537657044797e-02
6.511261522852997141e-02
8.555844008337113935e-03
6.682451697041534577e-02
1.257236308015466653e-01
2.309249718961272346e-01
8.772085518760126821e-02
3.915845215045183486e-02
1.595171547939094880e-01
1.239001705424212785e-01
4.341899157269491459e-03
2.992845876528501398e-02
5.066629192386733899e-02
4.384556528929586805e-02
3.068546529067783801e-02
2.299190724925590998e-02
2.251222855878071138e-02
3.049424967766741976e-02
2.566491244991093990e-02
1.478377621538328746e-01
5.818618707011562370e-03
4.160731302466403464e-02
6.798291135430188648e-02
1.080114451776191357e-02
6.411240502950953102e-02
5.124357749590643940e-02
1.297533950921731793e-01
5.355256210653036586e-02
6.140411936735938603e-02
1.094223192958473229e-01
1.287841678774921672e-01
1.075160441017575380e-01
1.821366135150308818e-01
1.035305419706627206e-01
1.070041907595716268e-01
9.271300450417099825e-02
2.114870210306510900e-01
5.804137191151791109e-02
1.640823289916375216e-01
1.260899744323323857e-01
9.191316923152352547e-02
2.506101257746473077e-01
1.325988404426461098e-01
1.180056536974738723e-01
6.307713674346178412e-02
4.273502732809761340e-01
1.954894512229926051e-01
6.483387902377443779e-02
9.501708077017696763e-02
2.062418134048221996e-01
1.879384991536377919e-02
2.752448722999003769e-02
3.070436545580268461e-01
9.887079715769018715e-03
4.537791748367863559e-02
6.115602169321511170e-03
1.201263062447784774e-02
6.246207880873076018e-03
3.694596371228333481e-02
2.355708547648956500e-02
1.295769994943236306e-03
5.897612762593947705e-02
1.675025393994281908e-01
1.879389460910075860e-01
5.402352735554025731e-01
1.128852315143322876e-02
2.118617985257111730e-03
2.081881125614497285e-01
9.634862046322786866e-02
6.327776862254934354e-02
5.601392806208827652e-02
2.322707030468803557e-01
3.138759451050184002e-02
3.486089559714525971e-02
2.086463348021208586e-01
2.220516592019116872e-02
2.209898690688690340e-02
2.068448844599296219e-02
1.778583264809632455e-02
1.284348352992465414e-01
1.357482826393032194e-01
4.700418742100818947e-02
4.581745513709830492e-02
3.253172640181204583e-02
1.070975260612598706e-01
3.369805189116273914e-01
1.186209237156212251e-02
6.500535260765895329e-02
2.683141686750337498e-02
9.135024211285222573e-02
3.148219366862260726e-02
5.818022095557521256e-01
3.827963529039268148e-02
2.635315904637756945e-02
8.072361516277309218e-03
1.292966785522332331e-02
3.240035764396721474e-01
5.510017937900391766e-02
4.040584275985935336e-02
4.425254410323808951e-02
1.555490055199877653e-01
1.955554478827562226e-01
2.014333584839846092e-01
1.242201523427950705e-01
1.655358557955657062e-01
1.703128854514455448e-01
1.505644456605566561e-01
1.041351764959757252e-02
1.722880306170214704e-01
1.509173627612792890e-01
1.147523420396849708e-01
9.868800397337064434e-02
1.477096652262696874e-01
1.106707695857045287e-01
2.742654778883533151e-01
1.865978127694794819e-01
1.248845685486361795e-01
1.451307419052955405e-01
8.943881752652932393e-02
2.735046044536393328e-01
1.908929925399391603e-01
1.122399261100625600e-01
1.265017525262037146e-01
7.841460752197418338e-02
1.177346971702531025e-01
1.473680116417361297e-01
9.383076740724370646e-02
1.137906360187458249e-01
6.035845158834925867e-02
1.179357166600507462e-01
1.874161752849349272e-01
3.029350919032989253e-01
1.209372574457062421e-01
1.197316671676102728e-01
2.178563457480958698e-01
2.348049394939844270e-01
9.898410368157328776e-02
1.122733495617187355e-01
1.035212046986082601e-01
1.523561330789305612e-01
1.550656464947779700e-01
1.296934660197645861e-01
1.360776073238188222e-01
1.265963080195288692e-01
1.415491672282379321e-01
2.163290725822892280e-01
9.810833001849020296e-02
1.973654127892385257e-01
2.285986047086993600e-01
1.568335928475170227e-01
2.297239325844594449e-01
1.383740461877364936e-01
2.075660647834862982e-01
1.476884926030760936e-01
1.206571291563395543e-01
9.952314489931153585e-02
1.568095492435477856e-01
1.575031800244982849e-01
2.700648897077927435e-01
1.678362052563503182e-01
1.217978270885896469e-01
1.312190094914328364e-01
7.095710269127226688e-01
2.261067747034653519e-01
4.405469327374816890e-01
2.378783376402514582e-01
5.911796483579882799e-02
1.109819486184851212e-01
1.620622840099208151e-01
1.812659213242528711e-01
1.450575553736285217e-01
1.237174568124512763e-01
9.825331781296965661e-02
1.996843251954086851e-01
1.471177591144877395e-01
2.106467339457969434e-02
1.119306058510080755e-02
1.862580433569797911e-02
1.231004571498283684e-01
1.921922718427610324e-02
2.652324767141534326e-02
2.650733579044726659e-02
2.663605678764983942e-02
1.984434043286856936e-02
3.822124620255167721e-02
5.213413311501478853e-02
3.804366886219275740e-02
2.353325432489412894e-02
3.285106885410167543e-02
2.278480771227115453e-01
3.281434132996967346e-02
1.340556259435748965e-02
2.456522085226137825e-02
9.566031806927788317e-02
1.702745488203849869e-02
8.633229938900061073e-02
1.079732453533552572e-01
1.657823090871980432e-01
6.696834981447133406e-02
1.565989095380428964e-01
1.565364932161828482e-01
4.229704550478213115e-02
4.058233136527679419e-02
2.726598723147779027e-02
2.323303597593562655e-02
1.717702091225095998e-02
1.577034253393694296e-02
5.685461581986004688e-03
1.794823539282123029e-02
1.655872550880671881e-02
1.355680361409075836e-02
3.274094874238262509e-01
3.382131742325977103e-02
1.469791088764242359e-01
1.316928071503743469e-01
1.317535394681665362e-01
1.342777672494193386e-01
4.603262651495122065e-02
4.504616064654460295e-01
2.338799062724107869e-01
2.271273725091552398e-01
1.895926045783753733e-01
3.386073611490756918e-01
1.160112359895588419e-01
3.030372386458669159e-02
1.300854366308045905e-03
6.754090387035445280e-03
6.691340844872684449e-03
1.569241529293577755e-02
1.360683462261328205e-02
4.553792002018589719e-02
3.372061041835886300e-03
8.150868754582596409e-02
1.048582776959569307e-01
9.113505407938149450e-03
9.191102598355725684e-03
2.209087916269618368e-02
4.447068102356509754e-03
6.994321483376003679e-02
5.077878718618775156e-02
4.963237600656514661e-03
3.391708566221036947e-02
2.608648412602650526e-02
6.190316234697267224e-03
