1.276204323768615723e+01 5.098819732666015625e-03
5.327174186706542969e+00 5.034923553466796875e-03
1.350028920173645020e+01 5.115747451782226562e-03
2.239444971084594727e+00 5.240678787231445312e-03
1.336648225784301758e+01 4.969835281372070312e-03
1.340111207962036133e+01 5.227804183959960938e-03
2.294384956359863281e+00 5.237102508544921875e-03
1.357771205902099609e+01 5.034923553466796875e-03
3.688621044158935547e+00 5.033016204833984375e-03
1.329062080383300781e+01 4.972696304321289062e-03
1.344169425964355469e+01 5.271911621093750000e-03
1.347346091270446777e+01 5.064725875854492188e-03
5.543111801147460938e+00 4.879474639892578125e-03
2.265441894531250000e+00 5.197525024414062500e-03
2.165205001831054688e+00 5.134820938110351562e-03
1.338891363143920898e+01 5.225658416748046875e-03
6.236924648284912109e+00 5.239486694335937500e-03
6.121736288070678711e+00 4.903078079223632812e-03
1.319341349601745605e+01 5.041599273681640625e-03
1.343158268928527832e+01 5.071640014648437500e-03
5.155547142028808594e+00 5.026578903198242188e-03
3.857087612152099609e+00 5.151748657226562500e-03
1.608310699462890625e+00 4.919052124023437500e-03
2.759361505508422852e+00 4.976987838745117188e-03
1.708722114562988281e+00 5.115985870361328125e-03
1.422304558753967285e+01 5.391836166381835938e-03
1.342809462547302246e+01 5.066394805908203125e-03
1.380964136123657227e+01 5.067348480224609375e-03
1.335268735885620117e+01 5.302190780639648438e-03
1.370759725570678711e+01 5.367755889892578125e-03
2.325973033905029297e+00 4.930019378662109375e-03
1.325435853004455566e+01 4.992246627807617188e-03
1.324194884300231934e+01 5.112409591674804688e-03
2.283802270889282227e+00 5.302190780639648438e-03
4.238965034484863281e+00 5.375862121582031250e-03
1.337817382812500000e+01 5.039215087890625000e-03
3.973696231842041016e+00 5.314826965332031250e-03
1.359633803367614746e+01 5.332469940185546875e-03
1.340475726127624512e+01 5.060672760009765625e-03
1.335680437088012695e+01 5.017757415771484375e-03
2.235094070434570312e+00 4.737138748168945312e-03
2.245075702667236328e+00 5.135774612426757812e-03
9.776898860931396484e+00 5.148410797119140625e-03
6.069930315017700195e+00 5.021095275878906250e-03
6.273361682891845703e+00 5.305051803588867188e-03
4.152884721755981445e+00 4.943132400512695312e-03
9.564443349838256836e+00 4.723548889160156250e-03
9.607394218444824219e+00 5.074977874755859375e-03
4.966596603393554688e+00 5.026817321777343750e-03
6.616270303726196289e+00 5.577325820922851562e-03
5.540692806243896484e+00 5.290031433105468750e-03
5.578516483306884766e+00 5.245208740234375000e-03
9.622952938079833984e+00 4.995107650756835938e-03
9.649604797363281250e+00 5.006790161132812500e-03
9.557429075241088867e+00 5.025863647460937500e-03
9.838299751281738281e+00 5.353689193725585938e-03
4.264281272888183594e+00 5.342483520507812500e-03
9.726586103439331055e+00 5.093812942504882812e-03
9.614926099777221680e+00 5.026578903198242188e-03
1.030960750579833984e+01 5.604982376098632812e-03
9.501421451568603516e+00 5.010366439819335938e-03
6.072361707687377930e+00 5.030632019042968750e-03
6.126356840133666992e+00 4.969358444213867188e-03
9.679551839828491211e+00 5.270719528198242188e-03
6.068182706832885742e+00 4.985332489013671875e-03
9.708794116973876953e+00 4.972934722900390625e-03
9.653861761093139648e+00 5.224704742431640625e-03
4.232263803482055664e+00 4.948139190673828125e-03
9.749655723571777344e+00 5.258798599243164062e-03
6.135889768600463867e+00 5.609750747680664062e-03
6.024700164794921875e+00 4.949092864990234375e-03
2.185991525650024414e+00 5.213260650634765625e-03
9.736052751541137695e+00 5.156755447387695312e-03
6.168098211288452148e+00 5.040168762207031250e-03
6.074612379074096680e+00 4.787921905517578125e-03
9.585871458053588867e+00 5.091428756713867188e-03
1.017243695259094238e+01 5.392313003540039062e-03
4.903234481811523438e+00 4.952430725097656250e-03
4.157893657684326172e+00 4.986286163330078125e-03
9.619920969009399414e+00 5.001783370971679688e-03
3.859649419784545898e+00 5.164146423339843750e-03
1.337231612205505371e+01 4.890203475952148438e-03
3.868928670883178711e+00 5.083560943603515625e-03
2.231123924255371094e+00 4.966735839843750000e-03
9.704279184341430664e+00 5.264520645141601562e-03
9.573538541793823242e+00 4.928350448608398438e-03
9.580926418304443359e+00 4.988908767700195312e-03
2.234976768493652344e+00 4.701375961303710938e-03
9.517280817031860352e+00 5.537748336791992188e-03
4.193150758743286133e+00 4.966259002685546875e-03
3.790106058120727539e+00 4.987955093383789062e-03
9.588083028793334961e+00 5.046367645263671875e-03
2.203413486480712891e+00 4.696607589721679688e-03
9.615144491195678711e+00 5.122900009155273438e-03
9.624976873397827148e+00 5.076885223388671875e-03
9.708685874938964844e+00 5.035638809204101562e-03
2.278093099594116211e+00 5.229473114013671875e-03
4.764482259750366211e+00 4.246950149536132812e-03
4.784124374389648438e+00 5.005598068237304688e-03
4.841946840286254883e+00 5.122423171997070312e-03
9.392240762710571289e+00 5.023241043090820312e-03
4.935816764831542969e+00 5.028247833251953125e-03
4.971541166305541992e+00 5.219459533691406250e-03
4.976434946060180664e+00 5.366086959838867188e-03
4.880439519882202148e+00 5.313158035278320312e-03
4.776120901107788086e+00 4.982233047485351562e-03
4.917913913726806641e+00 5.298614501953125000e-03
4.802372694015502930e+00 4.938364028930664062e-03
4.758058786392211914e+00 5.077838897705078125e-03
4.940485477447509766e+00 5.029439926147460938e-03
4.835910081863403320e+00 5.297660827636718750e-03
1.006435894966125488e+01 5.222797393798828125e-03
9.968209266662597656e+00 5.030870437622070312e-03
4.830532550811767578e+00 4.745960235595703125e-03
4.888521671295166016e+00 5.088329315185546875e-03
4.844547033309936523e+00 5.061388015747070312e-03
4.790528297424316406e+00 5.014657974243164062e-03
7.549315452575683594e+00 5.095720291137695312e-03
5.815806627273559570e+00 5.385160446166992188e-03
5.438032388687133789e+00 4.965543746948242188e-03
5.410456180572509766e+00 4.937648773193359375e-03
5.486844301223754883e+00 4.979610443115234375e-03
5.405812025070190430e+00 4.717826843261718750e-03
9.636854171752929688e+00 5.269289016723632812e-03
5.605638980865478516e+00 4.586696624755859375e-03
5.327738761901855469e+00 4.996299743652343750e-03
5.485083818435668945e+00 5.046606063842773438e-03
5.852828741073608398e+00 5.601406097412109375e-03
5.438942193984985352e+00 4.977941513061523438e-03
5.551308870315551758e+00 4.949092864990234375e-03
5.461155891418457031e+00 5.274295806884765625e-03
2.600292921066284180e+00 4.922151565551757812e-03
2.649922132492065430e+00 4.980087280273437500e-03
3.337323188781738281e+00 4.861593246459960938e-03
9.394330263137817383e+00 5.266189575195312500e-03
2.459368467330932617e+00 4.789590835571289062e-03
6.375507831573486328e+00 5.063533782958984375e-03
6.441530704498291016e+00 5.352973937988281250e-03
7.126629352569580078e+00 5.133867263793945312e-03
1.539192724227905273e+01 5.073308944702148438e-03
9.313406229019165039e+00 5.089044570922851562e-03
9.358685255050659180e+00 4.829168319702148438e-03
9.500617265701293945e+00 5.158901214599609375e-03
9.654561042785644531e+00 5.034446716308593750e-03
9.458502769470214844e+00 5.032300949096679688e-03
9.278287649154663086e+00 5.078792572021484375e-03
9.388846874237060547e+00 5.021810531616210938e-03
9.441015005111694336e+00 5.003452301025390625e-03
9.318822860717773438e+00 5.436658859252929688e-03
9.250244140625000000e+00 5.047082901000976562e-03
9.311975002288818359e+00 4.955530166625976562e-03
9.879812479019165039e+00 4.988670349121093750e-03
9.418880224227905273e+00 4.988908767700195312e-03
9.429808139801025391e+00 5.391836166381835938e-03
9.188676595687866211e+00 4.989624023437500000e-03
9.786853551864624023e+00 5.331277847290039062e-03
9.327433109283447266e+00 5.059719085693359375e-03
9.286631345748901367e+00 4.956483840942382812e-03
9.533016443252563477e+00 4.715442657470703125e-03
9.460692167282104492e+00 5.294561386108398438e-03
9.392017841339111328e+00 4.702806472778320312e-03
9.514331102371215820e+00 5.347728729248046875e-03
9.466299057006835938e+00 5.249738693237304688e-03
9.435088634490966797e+00 5.289554595947265625e-03
9.513062238693237305e+00 4.870653152465820312e-03
1.280181193351745605e+01 5.502939224243164062e-03
1.301071238517761230e+01 5.084276199340820312e-03
9.620688438415527344e+00 5.109310150146484375e-03
1.298393511772155762e+01 5.147457122802734375e-03
1.141909909248352051e+01 5.292415618896484375e-03
1.300652980804443359e+01 5.258083343505859375e-03
1.088983440399169922e+01 5.028486251831054688e-03
7.701579570770263672e+00 4.768848419189453125e-03
4.183856248855590820e+00 4.947423934936523438e-03
4.175234794616699219e+00 5.055189132690429688e-03
4.223672628402709961e+00 5.093336105346679688e-03
4.204492092132568359e+00 5.033254623413085938e-03
4.249663352966308594e+00 4.788637161254882812e-03
9.388225078582763672e+00 5.058288574218750000e-03
4.267365217208862305e+00 5.029678344726562500e-03
4.247873544692993164e+00 5.070447921752929688e-03
4.165299415588378906e+00 4.689216613769531250e-03
1.558988332748413086e+00 4.829883575439453125e-03
1.646996259689331055e+00 4.935026168823242188e-03
2.240527868270874023e+00 5.019903182983398438e-03
2.313674449920654297e+00 5.434274673461914062e-03
1.657013893127441406e+00 5.031347274780273438e-03
2.166808605194091797e+00 4.920005798339843750e-03
2.344757318496704102e+00 5.199909210205078125e-03
9.490417480468750000e+00 5.126953125000000000e-03
5.547420263290405273e+00 5.256652832031250000e-03
5.450238466262817383e+00 4.947423934936523438e-03
2.187946796417236328e+00 4.862785339355468750e-03
8.517618894577026367e+00 5.072832107543945312e-03
2.227753639221191406e+00 5.007028579711914062e-03
6.130564212799072266e+00 5.001544952392578125e-03
2.243250846862792969e+00 5.160093307495117188e-03
9.701214313507080078e+00 4.926443099975585938e-03
2.201342582702636719e+00 4.642009735107421875e-03
6.444012165069580078e+00 5.294561386108398438e-03
9.389786958694458008e+00 5.046367645263671875e-03
9.684559106826782227e+00 4.410743713378906250e-03
4.818099260330200195e+00 4.763841629028320312e-03
4.833497285842895508e+00 5.057096481323242188e-03
4.815696001052856445e+00 5.028247833251953125e-03
5.761910676956176758e+00 5.274534225463867188e-03
5.547846794128417969e+00 5.039930343627929688e-03
5.537999391555786133e+00 5.362272262573242188e-03
5.422187566757202148e+00 5.031108856201171875e-03
5.561442852020263672e+00 4.996538162231445312e-03
6.373316764831542969e+00 4.786014556884765625e-03
9.440665245056152344e+00 4.901885986328125000e-03
6.325967550277709961e+00 4.975318908691406250e-03
7.037370443344116211e+00 5.093336105346679688e-03
7.244273900985717773e+00 5.080461502075195312e-03
7.142982721328735352e+00 5.020618438720703125e-03
7.131392002105712891e+00 5.026578903198242188e-03
4.816279411315917969e-01 4.921674728393554688e-03
4.838132858276367188e-01 4.564285278320312500e-03
5.080528259277343750e-01 4.896879196166992188e-03
4.876601696014404297e-01 5.288124084472656250e-03
4.800724983215332031e-01 4.843711853027343750e-03
1.259781193733215332e+01 4.980802536010742188e-03
9.651596307754516602e+00 5.290508270263671875e-03
5.469744205474853516e-01 4.802942276000976562e-03
4.935200214385986328e-01 4.844903945922851562e-03
5.146114826202392578e-01 4.899978637695312500e-03
4.965903759002685547e-01 4.917860031127929688e-03
4.861466884613037109e-01 5.007982254028320312e-03
4.901700019836425781e-01 4.832744598388671875e-03
5.024652481079101562e-01 4.383325576782226562e-03
4.798943996429443359e-01 4.916429519653320312e-03
5.409522056579589844e-01 4.964590072631835938e-03
4.729239940643310547e-01 4.938125610351562500e-03
9.485086679458618164e+00 5.044460296630859375e-03
4.844303131103515625e-01 4.940509796142578125e-03
4.932954311370849609e-01 4.575490951538085938e-03
4.953026771545410156e-01 5.036115646362304688e-03
4.985625743865966797e-01 4.965782165527343750e-03
4.879312515258789062e-01 4.315137863159179688e-03
4.992227554321289062e-01 4.923820495605468750e-03
4.962878227233886719e-01 4.909515380859375000e-03
4.919645786285400391e-01 4.896163940429687500e-03
4.770786762237548828e-01 4.811763763427734375e-03
4.753119945526123047e-01 4.830837249755859375e-03
9.521958112716674805e+00 5.278348922729492188e-03
4.830653667449951172e-01 4.880666732788085938e-03
4.902274608612060547e-01 4.874706268310546875e-03
4.860911369323730469e-01 4.646778106689453125e-03
4.725153446197509766e-01 4.281044006347656250e-03
5.189499855041503906e-01 5.266189575195312500e-03
4.824628829956054688e-01 4.927635192871093750e-03
4.821581840515136719e-01 4.896879196166992188e-03
5.277912616729736328e-01 4.934072494506835938e-03
4.902508258819580078e-01 4.667758941650390625e-03
4.910461902618408203e-01 4.896402359008789062e-03
9.439757585525512695e+00 5.127429962158203125e-03
5.247006416320800781e-01 4.819631576538085938e-03
5.086357593536376953e-01 5.293607711791992188e-03
4.787042140960693359e-01 5.050420761108398438e-03
4.881291389465332031e-01 5.473136901855468750e-03
4.751534461975097656e-01 4.259586334228515625e-03
4.810595512390136719e-01 4.723548889160156250e-03
4.881584644317626953e-01 4.882574081420898438e-03
5.185821056365966797e-01 2.853631973266601562e-03
4.860110282897949219e-01 4.877090454101562500e-03
5.150296688079833984e-01 4.901409149169921875e-03
1.014571928977966309e+01 5.291461944580078125e-03
4.917383193969726562e-01 5.152225494384765625e-03
4.854190349578857422e-01 4.862546920776367188e-03
5.203633308410644531e-01 4.677772521972656250e-03
4.858353137969970703e-01 4.516839981079101562e-03
5.123209953308105469e-01 5.242824554443359375e-03
4.728951454162597656e-01 4.850149154663085938e-03
4.851076602935791016e-01 4.945755004882812500e-03
4.781112670898437500e-01 4.849672317504882812e-03
5.459330081939697266e-01 5.110263824462890625e-03
5.406420230865478516e-01 4.983186721801757812e-03
9.513475656509399414e+00 5.057096481323242188e-03
4.845867156982421875e-01 4.674673080444335938e-03
4.829378128051757812e-01 4.931211471557617188e-03
4.863009452819824219e-01 5.005121231079101562e-03
4.867062568664550781e-01 4.890441894531250000e-03
4.956595897674560547e-01 4.930019378662109375e-03
4.848055839538574219e-01 4.614591598510742188e-03
4.810061454772949219e-01 4.882097244262695312e-03
4.729750156402587891e-01 4.816532135009765625e-03
5.199081897735595703e-01 4.801511764526367188e-03
5.293736457824707031e-01 5.163908004760742188e-03
5.416764736175537109e+00 5.003690719604492188e-03
3.004247665405273438e+00 5.031347274780273438e-03
2.973393201828002930e+00 4.333972930908203125e-03
8.794980525970458984e+00 4.989624023437500000e-03
1.466072583198547363e+01 2.927541732788085938e-03
8.828893423080444336e+00 5.046844482421875000e-03
6.095845699310302734e+00 5.246400833129882812e-03
5.891301870346069336e+00 5.096912384033203125e-03
6.002819538116455078e+00 5.064249038696289062e-03
9.017318964004516602e+00 5.230665206909179688e-03
7.554371356964111328e+00 5.048751831054687500e-03
6.020787239074707031e+00 4.776000976562500000e-03
7.552614688873291016e+00 5.048513412475585938e-03
7.607069253921508789e+00 5.051374435424804688e-03
5.837771892547607422e+00 4.995107650756835938e-03
9.282744646072387695e+00 5.052328109741210938e-03
6.173563003540039062e+00 5.720853805541992188e-03
5.915546894073486328e+00 4.932165145874023438e-03
5.968627452850341797e+00 4.965543746948242188e-03
7.246707677841186523e+00 5.116462707519531250e-03
4.835709095001220703e+00 5.093812942504882812e-03
9.464960336685180664e+00 4.829883575439453125e-03
6.596263408660888672e+00 4.997014999389648438e-03
2.140086889266967773e+00 4.449129104614257812e-03
3.876152515411376953e+00 5.047798156738281250e-03
2.021071672439575195e+00 5.012512207031250000e-03
9.323125839233398438e+00 4.987716674804687500e-03
1.148891592025756836e+01 2.921581268310546875e-03
9.118037462234497070e+00 3.025054931640625000e-03
1.097530722618103027e+01 2.885580062866210938e-03
1.076497578620910645e+01 2.765417098999023438e-03
1.009382343292236328e+01 2.827644348144531250e-03
1.076954269409179688e+01 2.963542938232421875e-03
1.028479886054992676e+01 2.714872360229492188e-03
7.485325574874877930e+00 5.398035049438476562e-03
3.862675428390502930e+00 5.266666412353515625e-03
2.999886751174926758e+00 4.989385604858398438e-03
8.608883619308471680e+00 3.392219543457031250e-03
2.844468832015991211e+00 5.030155181884765625e-03
2.854601860046386719e+00 4.261970520019531250e-03
2.867033004760742188e+00 5.001306533813476562e-03
2.815321207046508789e+00 4.273653030395507812e-03
4.241224527359008789e+00 5.040407180786132812e-03
4.250086545944213867e+00 4.948854446411132812e-03
1.510635614395141602e+00 5.110740661621093750e-03
4.152811527252197266e+00 5.091905593872070312e-03
4.134100198745727539e+00 2.837181091308593750e-03
4.193319797515869141e+00 4.970550537109375000e-03
7.572074651718139648e+00 3.107786178588867188e-03
4.142404079437255859e+00 5.006074905395507812e-03
4.219552278518676758e+00 5.044937133789062500e-03
6.422345161437988281e+00 2.928972244262695312e-03
2.873449802398681641e+00 5.145311355590820312e-03
2.792835235595703125e+00 4.955053329467773438e-03
4.395225048065185547e+00 2.937316894531250000e-03
4.024824619293212891e+00 4.459381103515625000e-03
2.230368137359619141e+00 5.195140838623046875e-03
9.170028686523437500e+00 2.769231796264648438e-03
5.754102230072021484e+00 3.094673156738281250e-03
7.228397846221923828e+00 2.615213394165039062e-03
4.994771242141723633e+00 2.893924713134765625e-03
8.560810804367065430e+00 2.714633941650390625e-03
8.479544878005981445e+00 2.567291259765625000e-03
3.354708433151245117e+00 4.970312118530273438e-03
1.694782018661499023e+00 5.666017532348632812e-03
1.366485595703125000e+00 3.192663192749023438e-03
7.257962465286254883e+00 2.463817596435546875e-03
7.153169393539428711e+00 2.454042434692382812e-03
7.544022321701049805e+00 2.530097961425781250e-03
7.189506292343139648e+00 2.502202987670898438e-03
