2.018117753319262064e+01
6.033967137487584509e+00
3.991361761224743621e+00
1.159059600934705614e+00
2.817040151950213289e+00
2.701925733042191080e+00
2.555156231617904616e+00
4.124850890749513610e+00
1.155348430884143740e+00
7.781792790775553748e+00
3.336069814154722035e+00
3.528284610148187728e+00
6.219502360288206022e-01
4.022689683559491414e+00
4.307050516188462908e+00
4.100038037799214052e+00
6.391118725105511267e-01
2.849162626740742610e+00
2.283736078424901006e+00
4.899740475744308377e+00
3.194934325855361301e+00
7.567071785404263506e-01
4.233506824780326028e+00
2.171354399185212891e+00
2.353366243132952285e+00
9.599763512227692530e+00
4.712795685666871792e-01
3.545097168032940171e-01
3.319985723385302734e+00
2.654442959550454617e+00
2.047384711695805937e+00
2.792794836501587774e+00
2.428336968416133779e+00
1.240208806424479171e+00
1.326414651462777883e+01
3.844791835246597511e+00
1.231346783934600397e+00
8.043272679361360034e+00
4.232233712385373714e+00
4.642110751745060604e+00
2.399581496833260719e+00
6.781155762640908691e+00
3.830281378636257728e+00
7.090732538512499739e-01
1.779453907373223842e+00
2.447621890558511204e+00
2.063146392343413460e+00
3.479647809511128731e+00
2.791720896964601906e+00
1.934236253467402689e+00
2.468152578375395478e+00
2.965206450752163381e+00
4.320679701254885430e+00
8.617059074975086386e-02
1.554140618807510754e-01
1.267582865208345622e+00
1.206185753187440923e+01
3.057054836286069666e+00
3.747089499296996085e+00
2.616258164633493699e+00
1.845623455083271303e+00
3.344331171042570272e+00
4.130168303596957635e+00
3.662604643191369469e+00
2.493189139303077173e+00
4.925763853656966340e+00
1.685584700276798742e+00
1.255178616370364253e+01
3.340098105415540530e+00
2.276180967479620509e+00
1.633744975490960272e+01
3.430867271899926241e+00
1.764520202060312126e+00
2.106200227382629409e-01
2.110895571590067910e+00
2.097412535251224508e+00
3.174622321751550569e+00
4.046454519160969099e+00
4.691350790517212488e+00
5.525315576523770034e+00
2.539129586876671674e+00
3.345454242079753282e+00
8.597885540693681605e-01
1.272324905645119797e+00
3.426058110381236865e+00
1.624322719091994216e+00
1.167018324568837473e+00
3.554326806285281748e+00
1.580604060406407996e+01
9.836088067380540423e+00
2.813435561144999930e+00
5.300107638019768252e+00
4.133966809414316046e+00
2.958700133233491236e+00
5.076469856921478119e+00
4.449528725068624624e+00
2.398666537477419425e+00
1.461509821181173452e+00
2.555642869842634113e+00
2.565101394204813090e+00
4.335883749252069097e-01
4.531780364094364799e+00
2.370882808817677212e+00
2.296489404461711903e+00
2.887614838623655533e+00
3.874846156464307745e-01
1.386356059746203462e+00
5.682495382266700368e+00
1.606851298671307493e+00
7.094726640531074935e+00
1.509321170809448498e+00
7.428363795021791560e+00
9.587573583043383918e-01
8.801964670690005654e-01
1.836895187769734816e+00
8.343866302767524168e-01
5.566972336428886337e+00
6.518974101144509037e-01
6.665715623225914932e+00
1.913899285220317381e+00
1.307147859136608758e+01
2.456902864000486630e+00
1.662381900621173259e+01
5.832231170260721020e-01
5.963773661085389755e+00
3.760688846628219295e+01
2.002312555398856553e+00
1.525981580425888939e+00
5.908063649592739885e+00
5.682963912618642865e+00
4.131551977824661215e+00
9.733916972408844792e-01
9.931275488450843625e-01
3.048185239440302396e+00
6.067404980502241196e-01
6.676329976431233382e-01
1.724812377133391195e+00
2.679739816667070507e+00
1.801592766600320639e+00
2.404413810034328858e+00
6.414164501503061278e-01
4.699973604656351611e+00
1.723656783130295800e+00
1.363876172499196571e+00
9.081355700807747233e-01
4.841790972042497310e-01
1.498803282897574807e+00
2.335010362799442074e+00
2.414587931048441050e+00
2.260984905737585926e+00
8.807163529749901798e-01
2.645683374457024062e+00
1.878597086831753638e+00
1.140210341339892741e+00
6.023391595191934123e+00
1.933024960692174998e+00
1.368141521087446799e+00
4.049966496932105642e+00
2.827360947465223706e+00
9.652156660045680958e-01
3.259132453543017505e+00
6.914020005137579972e+00
1.359646207535001983e+00
2.916534342517983269e+00
4.883969343628035809e+00
3.271981172740141108e+00
1.308079303333331644e+01
1.601819659774945670e+00
7.117079750181257047e+00
1.193162824990102600e+01
6.133607303119886112e+00
5.477139937173191697e+00
6.819154641789157978e+00
4.203993014977895015e+00
4.139066532533555609e+00
1.022722774658625378e+00
5.511185910283591838e+00
2.299607090730115377e+00
1.381391645367708421e+00
3.080599125301904939e-01
2.339206640198372877e+00
1.501783018819019322e+00
4.049311115022161012e+00
1.327265725266781216e+00
2.573145064000668558e+00
4.951451595501733749e+00
2.923471645733662250e+00
2.167558329167403208e+00
6.877080615601637303e-01
1.208358657049122487e+00
1.177152496310953644e+00
1.175910863632111614e+00
2.226414761832617550e+00
8.409169432759082241e+00
6.061000273440478203e+00
2.986116519127206992e+00
1.473125498831704183e+00
1.744990094624500943e+00
1.232520085970994383e+00
8.627540615906733601e-01
1.569702344360602631e+00
1.714743417335414799e+00
1.408536558286060059e+00
7.514839003634439241e-01
8.132559612570386953e-01
1.842303704358943639e+00
1.025986076681214776e+00
4.188054318588799063e+00
3.501364317753864253e+00
2.152416452087592358e+00
2.406595174024727335e+00
1.454218310789029189e+00
2.296496594066564700e+00
5.101410052527534766e+00
5.476309107255989517e+00
1.104678992527559522e+00
3.196798320683343686e+00
8.409608214890819111e-01
1.042237570391318924e+00
6.563888969649398497e-01
9.355440582393169668e-01
1.572790456311666141e+00
8.621842112844392503e+00
1.075408034791586198e+00
1.557136904585116444e+00
1.000976692686104341e+00
1.527333995191617388e+00
7.744527538433401137e-01
1.810809356387777624e+00
1.571489538612360404e+00
8.151852182573162686e-01
7.440221429007120024e-01
8.295047630243357339e-01
1.389483024476435569e+00
1.349376531398725376e+00
2.278159056506063429e+00
1.117080744370350986e+00
1.051504454373300312e+00
8.486346586285778981e-01
8.835394438492892855e-01
1.204537920127500383e+00
1.179369246226064094e+00
6.782486610158511287e-01
1.077193621171485871e+00
1.095520104893997315e+00
6.683189041813299980e-01
1.967764110415312961e+00
1.141708727390353451e+00
2.081869420588467356e+00
2.805618435995193671e+00
1.891214265447371812e+00
4.757525634460482711e-01
1.770394576866192615e+00
1.795367675226749782e+00
1.422024957232800091e+00
1.068206953098814749e+00
1.435044453091061989e+00
1.521212862179440517e+00
1.031292035638258886e+00
1.405348969719809382e+00
1.415246530789926238e+00
1.533410635578887682e+00
2.443970426285707820e+00
1.482840182207290525e+00
1.896104259787001922e+00
1.590709662425596527e+00
9.572851470082148762e-01
1.939216708080611529e+00
1.422533660299202918e+00
1.015372446513241877e+00
1.724143975223958014e+00
1.365960498782240240e+00
1.016179765863429507e+00
1.778139923973650394e+00
9.825313033732615553e-01
8.148997821767509642e-01
1.459175411780586629e+00
4.173300548345110883e+00
1.607303781143117893e+00
9.750426075091803702e-01
1.300585114032124734e+00
3.033810317727847927e+00
9.185832488761269676e-01
1.689527739797965999e+00
2.801176736206115958e+00
1.026368582682963826e+00
9.197552723276263276e-01
1.496423080640566283e+00
1.212608384938782313e+00
2.197610607502463953e+00
5.644837580595259752e+00
9.787415441482943956e-01
2.200716057471229004e+00
8.894033915908453602e-01
3.453032284791760276e+00
1.420570800088222674e+00
1.079615421740919512e+00
1.513107848694341673e+00
3.457996201182829132e+00
6.022460462372293932e+00
5.675385072108710460e+00
5.499234195534484115e+00
6.309770016743062371e+00
3.499317237816865322e+00
1.021112372870630169e+00
2.855648624693352122e+00
1.777744011760507670e+00
1.591697714249100892e+00
5.458902709940671727e-01
4.248450576020220693e-01
2.605005805244849260e+00
9.137484952131610383e-01
2.651913780977408042e+00
2.440317246769799997e+00
1.141001707788646735e+00
6.436337693888951605e-01
7.628904170823410880e+00
4.246780428633380566e+00
3.175592388997979576e+00
3.541479484201398797e+00
3.331884873242136891e+00
3.521522612037223610e+00
6.822969399483229225e+00
1.931956928032545662e+01
1.449460583214239540e+00
1.353021240968599104e+00
6.032514635269299319e-01
3.463435853286553456e+00
8.457084908113213784e-01
1.152942897050087900e+00
1.264775618748426256e+00
1.424949380526345877e+01
3.299203765354745244e+00
8.318577157106659126e-01
2.393031237129521482e+00
3.248004336528000913e+00
1.997025628748248849e+00
2.234022634012654773e+00
3.350751734635082801e+00
3.750164873858866432e+00
2.836624906319638484e+00
2.522265099625956353e+00
2.546415360392950245e+00
6.989454845875139988e+00
3.162781987041101583e+00
3.351954961873178096e+00
2.718324360267073914e+00
1.504122668944523511e+00
1.282628767857951546e+00
1.551611447178313341e+00
1.900642506449108371e+00
1.289756752367426351e+01
7.299094470438872717e-01
4.046932464354453529e+00
3.001285248924610016e+00
6.180560298000098207e+00
5.307451765811306288e-01
5.953406012529984803e-01
5.783976295133868462e+00
