id,0,1,2,3,4,5,6,7,8,9,10,11,12
W1,36381.549485478674,35854.18468354046,36648.179006617574,36542.117068248044,36711.34039032229,37151.46195043465,37216.20437088453,37557.750027976625,37275.06337181528,37383.445037140074,37343.27702961033,37486.935227788264,37485.49578444565
W10,5118.256695300321,5091.626071168204,5084.291437187327,5084.720644224632,5084.8075952885765,4979.930882001516,4970.073419870054,4971.2445453088,5016.6841235265865,5028.671454480641,5111.407547948673,5123.118323852823,5127.7109176477215
W100,11363.664492248714,11439.140602756606,11332.377227457582,11389.538843450415,11462.77536393534,11383.143248373051,11430.199280791323,11538.252100453188,11445.740755589422,11501.41695381961,11498.78243622146,11466.400105731074,11466.006998520796
W101,9902.613517877637,9873.4803052045,9819.655275032814,9892.54102869325,9913.472393976112,9863.693975446984,9900.4014215359,9960.557557722115,9986.276996814531,9967.533878566283,9948.211323018191,9959.558349212768,9926.082419294282
W102,15938.825012773737,15944.117299933725,15949.409587093716,15954.701874253704,15959.994161413691,15965.286448573679,15970.578735733667,15975.871022893654,15981.163310053642,15986.45559721363,15991.747884373617,15997.040171533608,16002.332458693596
W103,4143.568516785841,4087.77473381086,4078.4541044596535,4115.137570021892,4073.894127464326,4112.625502127422,4089.2365408567453,4079.615916623256,4059.2432833534176,4067.780052830183,4086.36979873669,4071.5959779909253,4075.99935952641
W104,1035.349745856623,1034.102039650107,1021.9619136896222,1022.2997374489553,1028.0432473943335,1028.3221128549021,1029.9802353513335,1028.264039074345,1027.5860723961944,1017.9091481654989,1014.895211851678,1011.075668660459,1004.7961000590942
W105,9158.990448410452,9168.806366312709,9151.774250309076,9137.364828367536,9145.834143575928,9153.395373368745,9167.361603880197,9159.060943763558,9161.756815982202,9170.172439080245,9184.138669591697,9175.838009475057,9178.533881693702
W106,2146.8792071774724,2135.0381022775427,2145.877660320844,2153.4357035730404,2161.4311598404392,2147.1945814855635,2146.5388534024373,2148.270730360321,2145.338214755156,2148.3515168267722,2149.585543626829,2141.358100349222,2147.496047748831
W107,23885.331027587887,23894.023485252605,23902.71594291732,23911.408400582037,23920.100858246755,23928.793315911473,23937.48577357619,23946.17823124091,23954.870688905627,23963.563146570345,23972.255604235062,23980.94806189978,23989.6405195645
W108,15892.07944294503,15937.888260935382,15914.64557552181,15855.756310563254,15856.745394779451,15902.808774832713,15968.732112699508,15974.950697623135,15971.251997435582,15966.13605212421,15959.211069403515,15930.442466001712,16001.388430015384
W109,14167.003730485307,14217.138290335552,14150.841482370117,14169.051503672465,14148.689018977526,14226.371598119307,14205.369406706472,14160.11589506382,14095.636927769381,14147.09612835003,14210.334147596082,14269.523953258795,14277.25073252862
W11,310.28086126251094,334.5200104641716,283.1493805193718,343.390396069433,396.14773720077585,368.40393178252805,376.8401754369362,388.6836412565423,439.21834695052655,461.93300604657986,413.1955397592633,495.7189489599981,401.82499907733836
W110,7215.993640039511,7235.971898246317,7250.334743777334,7276.086840302895,7371.739435974778,7233.080505699181,7348.753339365516,7348.125231397683,7319.009577692266,7245.190457131531,7288.424654075337,7287.37158712416,7267.697377908313
W111,1062.54514270979,1059.4724383074554,1055.9422114915146,1049.607573227438,1046.0773464114975,1042.547119595557,1039.0168927796167,1035.4866659636762,1031.9564391477356,1028.426212331795,1024.8959855158548,1021.3657586999143,1017.8355318839738
W112,9443.11265153842,9374.504090371684,9465.003615011636,9417.626061809347,9396.129897473584,9375.795562706497,9543.670180255667,9499.874369762461,9548.170889245368,9474.532837659983,9451.282444118568,9437.465161635502,9393.734760112555
W113,697.4476342844166,710.3531690113832,726.8285680360618,725.0247090647238,703.1886692517394,669.7793691148227,689.8870943602245,662.7896591070444,697.6555217009509,671.4612547208453,669.7463212909912,680.358374847949,708.4086881727146
W114,10592.592755873588,10632.301311067737,10631.88480081905,10719.271569205483,10524.507127702836,10579.45705260114,10596.563955208623,10692.595243403632,10761.46836053269,10603.545465846557,10644.19564190114,10702.041291739699,10702.054771533223
W115,11229.227305247843,11191.89759038713,11194.395305880262,11177.028326293937,11330.47874886934,11241.924370175177,11260.4145579619,11233.305350965718,11251.86073669845,11164.485273102628,11210.699427773805,11228.771180981672,11244.490212787132
W116,14929.49461016063,14772.985981835609,14471.624300927399,15446.684189174253,15525.272853204617,15433.36631031721,15492.663628897762,15365.927036943742,15425.224954318268,15682.285958583667,15034.71178159552,15074.19740276314,15218.311492538522
W117,7077.4120195428,7098.431876969671,7154.011475593825,7162.370626286602,7159.5973182534535,7162.917343929647,7135.199472130797,7130.633204146314,7137.958959796063,7132.340491609356,7164.863756412789,7223.051939889112,7251.629302853062
W118,1742.600813099436,1749.1523138416896,1739.93180590985,1734.9725277573903,1747.3179221416226,1761.8922560937895,1738.726385445136,1725.6883061030255,1743.5495517387258,1750.816929117922,1736.0157664542414,1728.7832142858922,1739.7100779939153
W119,978.7834186624398,971.890636501469,954.8212300861541,958.187835070193,986.4893243688015,946.0619579375818,971.7663269090164,934.1215609252088,967.9680974578152,962.8165472984394,998.8170007950911,992.3285542227993,1003.6706714957968
W12,1084.5114275672909,1078.016209847521,1071.0042273566296,1063.2609790145657,1054.1944255539686,1048.1226979891944,1040.264698708556,1033.5755721909013,1024.7016084396917,1013.921199269597,1029.932381042854,1017.8502183734814,1011.9804159277033
W120,853.9541727217999,874.7849335187893,883.8619463925396,879.1511382842017,920.311997901747,904.4695276610212,881.6719371732572,904.5045807708234,916.296140072273,874.103027408537,876.4516729874184,896.5514159450508,934.0402264837969
W121,10362.62845012535,10328.19403842777,10271.470404619471,10288.53427481093,10352.912188600832,10192.39814982408,10176.179587169594,10226.45313490442,10227.838121905284,10210.228662640844,10185.62499362171,10195.381459803568,10258.068678943038
W122,384.24577517438865,390.7318855728611,371.47031312048057,380.75714107152976,381.7830510339629,380.8197532216486,384.82429973541434,388.5040589164005,385.16977427015286,382.1923757451202,388.07450485915706,389.4700094427167,397.25618628054985
W123,467.317169676041,470.0119738274657,474.33075523051434,477.49927378859456,477.39299216276686,470.63643886664636,464.5208261962964,497.39837825701716,483.84259704860597,488.9689860115252,481.7528868624313,473.74204370878306,468.01494769465853
W124,8472.713694529024,8531.881793083554,8511.164216450321,8452.059180247812,8410.318589963446,8482.043346624889,8544.662140586994,8525.190983591574,8515.774761994731,8528.418694817909,8519.346558181363,8571.062641149938,8573.167121348815
W125,10896.71885076798,10840.094138598766,10919.507806017353,11010.712062213906,10943.17087552302,10943.46242303732,11014.109058265518,10988.237754792091,10995.216467397302,10985.444339690812,10990.827647992033,11000.18715062852,11021.770729921514
W126,9631.493865333272,9623.59586324334,9607.240893928261,9591.305444023763,9600.05882308289,9612.270006853765,9595.563484271965,9603.159458659791,9576.05129319291,9531.217935952132,9570.20392366181,9643.170209039305,9653.590873348445
W127,10926.239116576497,10980.400166933101,10911.53288463399,10915.651218495874,10918.317893374642,10993.587627375684,10996.88449248633,11000.181357596975,10931.505353817225,10934.80221892787,10938.099084038517,11013.368818039558,11016.665683150204
W128,3660.133214533196,3654.460562467676,3738.2397157482856,3701.7124895045263,3730.205511003158,3653.018584727265,3683.4391758774354,3676.4758829943717,3674.288753212255,3680.315562692662,3693.441589043717,3685.4960110974225,3723.556591029391
W129,1012.0277488610625,1000.2692930723197,985.1966551144826,990.4128886984463,993.6077921646254,988.5357701287849,993.628603043659,994.5786112539528,994.5539220188691,988.8144179960325,977.6821672566515,982.5500433916778,980.0495054100604
W13,2237.9843059772875,2221.698260608455,2216.205753446763,2108.868741130339,2059.006728777711,2057.380559648093,2118.645035958077,2114.9588640482807,2070.542857300192,2076.258958517347,2124.9377501500962,2092.1147425972413,2066.520024697567
W130,8149.516496721165,8155.996953674912,8158.031253087058,8165.631972998751,8169.192246593501,8169.817493735667,8172.691860163697,8177.57889800083,8183.576042995036,8185.946785861775,8187.761563731952,8189.446399431971,8194.333437269104
W131,2154.5859805685154,2142.316063539033,2141.6912964200983,2146.3762631787263,2146.2582360695596,2137.285738635911,2144.8556800202437,2149.7543438707357,2147.1078712974263,2141.288987135609,2144.239621517135,2148.132152183837,2147.9943365323065
W132,22616.73460624923,22624.85174825111,22632.968890252985,22641.086032254865,22649.20317425674,22657.32031625862,22665.437458260498,22673.554600262378,22681.671742264258,22689.788884266134,22697.906026268014,22706.02316826989,22714.14031027177
W133,13746.625285812943,13782.794570729875,13810.875085458509,13770.218575204644,13799.215583599711,13827.296098328345,13786.63958807448,13815.636596469549,13843.71711119818,13803.060600944316,13832.057609339385,13860.138124068017,13819.481613814152
W134,11999.466621944815,12022.701773364606,12057.330630024855,11997.122824900429,12067.400602159985,12033.874007110462,11963.158763198313,12035.03210398089,12091.36005673802,12113.471878441429,12069.300149175595,12063.214218368961,12072.70537865896
W135,6211.311847760022,6211.836371385769,6199.19780224197,6205.2797440069835,6206.3853576558695,6213.749338842311,6243.187700540302,6237.313078127931,6246.326640555885,6259.740836768485,6260.9556049711,6269.725149407809,6267.563657329997
W136,6354.582342642877,6358.382439013972,6362.182535385066,6365.982631756161,6369.782728127257,6373.582824498351,6377.382920869446,6381.183017240541,6384.983113611635,6388.78320998273,6392.583306353825,6396.3834027249195,6400.183499096015
W137,6961.203939668273,6958.715624530094,6976.614436890435,7010.198941713199,7002.170084729379,7037.328341278002,7008.378025276477,7038.803004594489,7020.606577489585,7046.003089437017,7025.942594271566,7040.188976952873,7031.278611053547
W138,335.0210533997986,362.56600343304876,360.41053858675724,358.08975485821594,357.34847384181523,355.3119547523239,334.5013937227009,338.21894111720513,336.46688316305807,312.8400062463676,315.946057173091,315.5019440523976,325.0223545106421
W139,7811.2284896334595,7778.7823300746895,7822.811436282834,7827.086010134919,7916.700841991538,7883.9860244635765,7872.12021853809,7853.633282004999,7864.948460476951,7817.099424204258,7852.5111143315025,7727.550033443389,7839.410321745703
W14,2389.2988471813806,2356.6881330990136,2396.665169968699,2432.7630627505923,2410.1309673284773,2405.004860286549,2421.1410219787886,2408.2450859450487,2412.0466002815165,2412.087919237849,2415.889433574316,2415.930752530649,2419.732266867117
W140,8259.906632750688,8261.383973192811,8203.676314849232,8239.686580758269,8207.381168466733,8199.73075680694,8041.006407243077,8018.276821089761,7946.732925333332,8236.879036351243,8240.23980994858,8299.21250413881,8262.992103501329
W141,11078.497972586823,11181.98292695408,11305.323396729167,11309.835496924696,11220.964202820503,11052.280397816721,10972.812403061771,11047.008981844076,11472.062534076565,11329.066103141253,10925.327158172197,11394.175569592235,11038.947421218823
W142,5439.446709308734,5419.090672056195,5408.101813883837,5399.492360819926,5406.427515349426,5411.053219571788,5407.947419829541,5415.714154567514,5416.794654491584,5426.638056444289,5438.377230658362,5430.192986337788,5448.379675676594
W143,11259.417748241485,11325.990411517185,11395.71096254742,11292.520838098117,11362.660921036999,11467.601974906422,11547.770568567277,11509.629665661854,11543.874898162676,11509.859492247484,11553.042852061999,11554.922596250515,11504.618863982161
W144,1007.0178922290792,1019.2788695793665,1021.9965408561636,1051.8982446299706,1022.3305688664436,1039.6506667174826,1036.0919467643168,1045.4203833590238,1037.436330302876,1038.934538952147,1037.9647796936927,1042.1821477975832,1043.2859243450778
W145,8380.761569735638,8275.23447757403,8423.610957645862,8450.955836708474,8325.414524511147,8273.739027058975,8406.286694675471,8043.599113077148,8594.45372181181,8269.519101130807,8204.630406222674,8521.894711211362,8515.07139854527
W146,6726.3008692625735,6647.827447824535,6657.995230928497,6733.3342223253585,6700.677396201747,6658.874552217608,6707.770456789612,6762.58921836659,6721.537766191316,6778.851916203867,6749.207300268843,6785.683096817484,6760.348576490211
W147,119.79822244903926,113.19540463434419,114.13212174819694,117.08479034845323,111.57977363544751,117.32069863228719,121.33765285101208,128.32328687455185,134.1773145539605,116.09636130704973,114.59552726804884,117.34768248742284,113.84577126869272
W148,229.16370816653557,224.7427840454593,224.29499332498813,222.0357838303771,214.25793563469847,208.8737757632482,205.8545021126124,207.5989406795204,204.59601416866008,208.11154856492885,209.19151482173584,207.49667086698378,213.62120877137704
W149,4398.501086736669,4384.61665322506,4382.652105750694,4400.269378049439,4390.910940540448,4405.406408770112,4379.867504556889,4383.58716967026,4357.949131440608,4370.07153265973,4372.882378370877,4383.339040481558,4413.377274406331
W15,3559.8081873809106,3152.501781654444,3101.7564633473207,3121.1034657239834,3406.8305666427514,3628.7808890818737,3381.564879223903,2958.56269080018,3099.6333231562967,2937.1822689984847,3008.0414804770317,2890.671259339117,2948.689207574337
W150,8148.767865056434,8112.821141282182,8149.756087541761,8147.581686375495,8120.892386685846,8166.557338788745,8068.95292926594,8067.721927442984,8078.772672248843,8118.8203529382345,8067.858873973721,8100.646094290929,8123.838780456143
W151,6287.412367122075,6307.053612427636,6283.778528815279,6297.415058918304,6298.063734705138,6300.810547512328,6303.557360319519,6306.304173126709,6309.0509859339,6311.79779874109,6314.544611548281,6317.2914243554715,6320.038237162662
W152,8383.881956164669,8391.502733561521,8431.531891219849,8398.929743673394,8402.64324872933,8405.502439130069,8410.0702588412,8413.783763897136,8417.497268953071,8421.210774009007,8424.924279064942,8428.637784120878,8432.351289176813
W153,2906.5730199602244,3002.5455329619035,2904.9102180766104,2902.3897189290856,2926.0994273880933,2970.339712874751,2998.5511361261683,2835.3837147060826,2972.549214637363,2929.664512298669,2994.966820839375,2923.706309872425,2946.966023189157
W154,8637.954662025862,8649.257675230067,8660.56068843427,8671.863701638475,8683.166714842679,8694.469728046883,8705.772741251087,8717.07575445529,8728.378767659495,8739.681780863699,8750.984794067903,8762.287807272107,8773.590820476311
W155,4608.4835414123,4638.104011224247,4632.980224388467,4624.890779458411,4633.947207171492,4632.791486128754,4618.278824489736,4630.053349486387,4615.652887754662,4622.944221446359,4645.206939288439,4645.236023455242,4641.294530010175
W156,5439.933463968354,5442.736233821168,5437.058709349386,5463.320782205955,5437.216345065299,5433.876773438524,5436.204027120427,5438.10177460526,5415.42265736369,5441.303228360873,5446.924493026485,5437.329399772071,5456.325227349384
W157,1439.6194061791225,1445.2989058583028,1441.813084969144,1440.028556443894,1443.8924734851985,1441.5341394382913,1439.4594427158133,1441.896591871874,1444.0830618290213,1447.1448585920693,1446.2582111659879,1442.964633352276,1444.920738162527
W158,16541.757930861128,16548.88983545964,16556.021740058146,16563.153644656657,16570.285549255164,16577.41745385367,16584.549358452183,16591.68126305069,16598.8131676492,16605.94507224771,16613.07697684622,16620.208881444727,16627.340786043234
W159,9214.456222811128,9204.365793986963,9243.536657585111,9218.86665376826,9256.009454578887,9316.570111026178,9337.720601266228,9304.655355456514,9285.705989722466,9250.353865764024,9274.139024466736,9273.797741107868,9268.071445734658
W16,3879.507327783896,3118.1698663408306,3324.822896949604,3342.928547469632,3002.839079068039,3014.1152845737906,3027.6410513391015,2996.5879907120543,3022.049649502477,3040.575877044328,2957.5261210847084,3013.5337411683777,3101.5742915418823
W160,8011.28373846968,8009.285158982493,8005.651044773058,8045.391607947049,8025.142536805793,7974.0336266345,7990.359095960153,8029.315543689656,8000.083667161602,7982.943788141716,7985.635782988619,7981.723943766042,7984.838586056345
W161,12038.41575726004,12076.539467288603,12111.8716911919,12065.494716324049,12103.618426352612,12138.95065025591,12092.573675388057,12130.69738541662,12166.02960931992,12119.652634452068,12157.77634448063,12193.108568383928,12146.731593516077
W162,4276.964719813017,4256.590862121014,4238.693114137495,4179.78160305931,4170.907287897508,4131.551826008738,4176.361770544029,4180.803261632971,4176.706210657661,4179.7620770874255,4182.671801388469,4177.161999905933,4181.152345311539
W163,3755.286509333752,3748.540055027361,3740.71799775123,3737.144924717815,3730.3984704114246,3723.6520161050344,3716.9055617986437,3710.1591074922535,3703.412653185863,3696.6661988794726,3689.919744573082,3683.1732902666918,3676.426835960301
W164,24919.101643628303,24672.28106166335,24698.82219150396,24603.399539172347,24748.09378907979,24874.96516266679,24725.429438388244,24655.59588802135,24645.228412388773,24913.317775916643,24875.923972575547,24791.3090024178,24684.55554917782
W165,3784.424674385681,3690.743378422845,3757.4774862517525,3534.9222013933104,3600.041967811208,3605.6335001626585,3695.8117133327814,3690.593109081791,3607.8703750247223,3657.0231769938237,3773.253317705224,3823.828961305868,3925.15308440449
W166,2714.9366217668785,2715.664057335213,2696.029057970459,2703.888766420762,2685.1974559005926,2652.7643173118113,2648.8558258764424,2659.7911599726885,2732.2449031912356,2714.257314923742,2714.807479209277,2679.12828802843,2646.624750548134
W167,3106.0580286101117,3024.4692894793116,3041.8092308282266,3045.919798511949,3086.8686968913535,3059.289290576466,3093.604672383577,3103.418261634748,3149.667970695068,3120.899327723757,3132.8769988860427,3101.74335972522,3161.9273629089485
W168,3687.6321775514734,3679.0950427621765,3565.769621042861,3550.053801117584,3532.6324673755425,3442.845550765812,3579.2307358552134,3647.6119340463247,3527.9403415025863,3389.9453637447164,3539.283343005526,3614.4888641681164,3552.8814431615733
W169,1665.815791903254,1657.8863752407094,1641.0252711336786,1650.3862265758642,1661.184820346872,1644.4053119759465,1650.7470855531744,1651.066308392341,1642.3544715253065,1652.6693814809532,1653.296364237711,1662.9691113868018,1669.9876495987844
W17,12033.635057280848,12059.920257255642,12086.738313305546,12106.484678852603,12105.289648076445,12122.078986621169,12150.522883057714,12170.827088268223,12176.201978369427,12189.37518089407,12202.08151453115,12204.02468945144,12211.003869210408
W170,3588.1717686246816,3590.3056077217507,3590.471476880609,3596.1192481752623,3595.257149911307,3597.3909890083764,3597.5568581672346,3603.2046294618876,3602.3425311979327,3604.476370295002,3604.64223945386,3610.2900107485134,3609.4279124845584
W171,6026.71259208712,6004.549856987896,6021.654569287101,6029.679996233873,6052.897473151352,6069.271938640481,6046.3204747715245,6021.369075642578,6030.085865117739,6039.403844472057,6082.245168481201,6071.203221291526,6065.002950436068
W172,3663.9240186092043,3673.821012270486,3659.3497222251035,3660.6088944342464,3661.86806664339,3663.127238852533,3664.386411061677,3665.6455832708207,3666.9047554799636,3668.1639276891074,3669.4230998982503,3670.682272107394,3671.941444316538
W173,3327.5310847508604,3531.9434765424135,3393.7436652577553,3519.822875731237,3390.2480883499297,3555.928174913582,3625.578190313646,3955.3446287593433,3971.6571723339785,3867.382317401674,3939.0796926799385,4016.568561777317,3697.068122147806
W174,2806.827990115046,2786.419068337231,2803.1168528223325,2812.3719736461967,2820.0381437753113,2816.921785450335,2794.067500084787,2809.118000953109,2804.009770045591,2811.9374499066985,2813.360790400525,2802.6816904107345,2811.926509513998
W175,3243.83410566224,3237.5217953944484,3263.8121734938727,3282.240842180029,3275.321764780988,3240.1078702035566,3261.061802358324,3255.995828886984,3249.6835186191925,3275.9738967186167,3294.402565404773,3287.4834880057315,3252.2695934283
W176,2554.648359542264,2466.2863360551505,2487.373766676749,2533.361326862321,2532.241525011338,2494.413685021489,2480.2576123158415,2497.440850290396,2636.8590594176194,2535.6808650616726,2521.3690377863772,2473.306796999892,2546.0118443237907
W177,6601.160179705357,6484.297362860009,6577.479997542227,6703.079198066743,6634.1676717381015,6773.383201454858,6832.36138588116,6791.1965518013,6771.644194372548,6657.5564961165355,6662.504465794324,6737.0138581297115,6913.929991270285
W178,1466.083150943718,1432.8877405901462,1455.9717080480118,1476.5818366565322,1482.9794436049356,1506.8777384274413,1448.9376205685758,1447.4215229193735,1430.0798401196153,1461.7293692764742,1486.762654171112,1446.8796446655774,1447.189524290721
W179,2683.6157084441993,2652.3698322821774,2589.0591994123756,2595.1402599532457,2595.0960593832942,2586.675180156744,2579.7572140177526,2576.8350315631365,2584.4267855936105,2584.4138927658614,2592.0315417612296,2602.955481912526,2598.202931956607
W18,4346.255686331608,4358.582710156179,4370.90973398075,4383.236757805322,4395.563781629893,4407.890805454466,4420.217829279038,4432.544853103609,4444.87187692818,4457.198900752752,4469.525924577323,4481.852948401896,4494.179972226468
W180,7232.553546458519,7233.475598138747,7244.022396554006,7239.443570961768,7234.999536579737,7219.149112291646,7226.520552595389,7215.894792653218,7217.475838123931,7214.746967364592,7230.932138811079,7230.253097747155,7229.339022689512
W181,8801.344452020912,8815.967838114053,8814.682778050495,8798.765533605856,8780.658317903508,8791.36435560344,8786.807553946364,8819.041451189114,8804.804050030805,8806.019829655244,8812.57706002088,8831.299600443028,8845.831980553738
W182,1350.0496808073258,1342.3769169591621,1347.353085016353,1225.5116795471447,1400.6450878881233,1391.9046891424618,1393.2811801735813,1401.4439641968477,1406.4039124149685,1381.8276025736818,1378.8551163760628,1381.4825765860617,1367.9529227869566
W183,6065.354762746843,6094.818438113502,6098.301426718128,6107.851562062483,6112.58621068408,6115.212796198868,6155.915982162185,6177.777162097974,6199.932037709165,6208.171609080273,6208.566005429824,6200.924662059827,6216.104775541025
W184,4596.397329071236,4597.450437932033,4601.125288699528,4595.5567007022155,4592.094131755832,4596.626607990694,4595.52742057732,4608.395753161083,4603.930770912084,4607.14493878272,4605.892481455445,4617.606690028326,4607.611143024453
W185,4055.878858771316,4049.244562190287,4065.6189514809903,4059.5423911668368,4063.3586737008595,4052.8334774405503,4052.257461306927,4043.259342927212,4047.8143162853794,4057.1331520559265,4058.5866731263727,4055.441102279531,4055.8746088795124
W186,1738.1389512004307,1736.1793347453888,1742.2340946206878,1744.1732479201462,1741.5905098644346,1742.388737851836,1739.29250020745,1736.6739092532594,1739.813391414081,1743.3030050831615,1751.3545672907069,1756.5591519991017,1761.1050728151413
W187,936.0337505202203,934.2244020657337,925.2479560674824,926.827668362087,924.8618708820371,923.6457841928107,920.5216596076334,921.1325367424049,920.6911262731694,915.2558670962893,922.5085954717732,920.0948413067117,906.043547320443
W188,2305.2971248950876,2338.6376734249275,2396.7014592290066,2423.8560311731853,2366.5644601406225,2371.49417993668,2433.4775100790553,2370.565743759937,2363.3938158681312,2394.059373565159,2402.4204802350796,2403.5627080743097,2437.7233593071464
W189,2033.2621104677842,2104.0991697137792,2064.480044455653,2069.382695084077,2045.3480263032195,2052.152615643732,2059.6939592970457,2067.4851134437868,2064.02946273458,2085.1793457302188,2051.870638115981,2098.4090820025385,2117.390951204937
W19,3079.8911481194837,3223.8280701519425,2008.5239732232726,2771.6976592037227,2826.4187450431136,2364.653609948524,3356.7833280270547,4977.841236643537,4149.677137571758,4122.77776173766,6626.707102013672,4474.626268818545,4507.128882430661
W190,457.1169211849957,443.8117461656132,434.6689664781402,438.80800493957463,431.24763470455486,359.7128491934203,356.5696906021145,360.28397795663636,361.4176548436469,361.26065174406875,357.56338985962634,360.3498204288028,361.66659530418394
W191,6582.387771235689,6932.2601184106425,6992.972247686931,6821.263639658879,6957.259213042327,6722.86576735834,6674.725094486298,6374.495651240254,6286.934559528821,6597.65485234858,6744.581418406774,6651.323446991286,6199.573092079403
W192,1107.6256043112337,1178.6752849666295,1178.418817744226,1204.4800629081697,1178.1467739196048,1214.7972637092412,1201.178218745862,1201.432897103758,1233.0284960820522,1274.232879830742,1281.184482282228,1280.9253877241467,1300.401550868158
W193,5950.196271557409,5987.279247436317,6123.1753442462195,6254.215085204197,6143.269712588556,6143.02836465766,6163.059747899031,6273.165869773003,6302.733094949669,6238.618520189964,6276.226695500236,6361.397050552728,6283.844237578363
W194,501.6510117203862,525.4142440877844,515.4682767697757,523.6157092527534,500.43269559416353,534.7880352233748,497.4302085767637,504.5463952049125,495.2356545373294,507.0896643359405,497.39295334941846,522.5987762963525,494.130630864997
W195,930.778433981805,931.9839061978238,933.1893784138423,934.3948506298608,935.6003228458795,936.8057950618983,938.0112672779168,939.2167394939353,940.422211709954,941.6276839259725,942.833156141991,944.0386283580098,945.2441005740285
W196,9352.140806422825,9665.179715765647,9240.235541302127,9167.683848011297,8770.545653881774,8543.438107452841,8514.014395916478,8560.842593142996,8687.042931589003,8953.198400243427,8979.975800758557,8933.936597300168,9102.108297130733
W197,3311.021575453355,3256.362537251828,3223.737304946465,3206.612690247204,3240.4753618320283,3315.2994321976144,3305.708842991793,3287.3211501339993,3308.4571142909763,3336.2162176773754,3356.9253036503305,3434.851658324034,3494.5777213389497
W198,2297.3026540762285,2300.728834574579,2256.771713932407,2233.775728996431,2156.0491815144333,2200.2230049299264,2203.2987824292973,2124.350980409597,2092.2214673317194,2177.3732331541632,2172.39059089373,2175.0136145585275,2135.305367857475
W199,783.738897951614,816.7294810450101,807.0497847633897,800.0579582545304,819.6094336892857,842.1066272197779,836.6193179368893,858.8339396148406,862.8885861156432,867.1470509821279,893.5651550964701,917.2149475150263,904.3749811420771
W2,3488.751134530178,3514.8739563328236,3544.279717962586,3556.3895759506136,3559.551322792701,3515.4426983195435,3521.1840185477968,3567.9807457902425,3556.7836813886684,3541.757109220383,3557.4850043224606,3555.5722233679708,3574.8654798877565
W20,3953.1221226023126,3483.569835410611,3986.8265846527356,4258.88507757025,4390.749318016442,4456.753839332493,4362.186550822433,4264.566274804881,4373.558788838836,4211.530194343954,4346.6588509287885,4421.244050508449,3900.078470711945
W200,1923.7063369393982,2029.7793742198255,2110.472216118811,2115.684339758137,2008.3110730662456,1709.884559696472,1781.5799847707012,1879.42240609886,1826.373783980087,1910.2697793485158,1526.7186968021051,1740.754825110922,1966.0914596204448
W201,1897.5512395063606,1899.814973815322,1902.0787081242838,1904.3424424332452,1906.6061767422066,1908.8699110511684,1911.1336453601302,1913.3973796690916,1915.661113978053,1917.9248482870148,1920.1885825959766,1922.452316904938,1924.7160512138994
W202,4136.015569129429,4167.986640228039,4169.655016004732,4171.77581196181,4198.84870923098,4115.730534233245,4057.5297499256853,4073.589708357322,4111.748189604628,4067.3205370878513,4083.9336087423953,4108.086192851955,4052.084965848937
W203,5615.583846425371,5589.823417061191,5621.291927576605,5643.560760029256,5635.625316537086,5633.589057355365,5631.202090686134,5617.561912157414,5639.113218539728,5633.5657111268965,5641.251139201677,5671.770987661836,5764.436134970329
W204,7307.664342788263,7304.300726508288,7305.6260542091595,7310.474370577807,7318.22880597482,7320.13628180817,7320.015452820044,7328.342259816012,7327.829065949181,7339.910535831552,7340.918333573954,7341.6295172144555,7349.956324210424
W205,12592.841505424016,12433.817307476775,12454.393470589333,12464.303475988567,12516.606587082804,12561.266400282504,12534.940426126137,12615.854260420196,12550.609529895015,12672.828114058542,12485.750225420612,12762.730933198272,12696.660351236476
W206,958.1578812117767,899.9043061608279,890.2511928021179,987.518958053126,1011.8840804486115,1081.3962556629142,1125.8620086838741,1137.7139670711126,1181.4026664532303,1274.9174541143157,1250.6867955787577,1277.3761995902255,1304.3518392408505
W207,10819.162529341636,10571.069572335888,10745.418070498683,10782.626147393566,10857.709489461631,10818.694440957841,10801.04891427192,10815.102929204442,10781.484397316368,10784.182864132992,10778.313297630712,10839.349540410041,10890.191969823083
W208,26799.738253384214,26932.90205091361,27606.90310905184,28101.401966320213,28721.22580562711,28037.48692131736,24269.86823633255,27476.69032401774,27417.460419639043,25953.117245288864,27720.920239755207,28061.445986598796,28711.535465425255
W209,4185.447868389373,4187.381538273383,4187.566140250248,4186.279985394576,4186.870833776587,4224.158643808157,4245.581866355197,4315.258435402401,4386.553318595894,4395.710518350401,4393.005408697869,4389.859589302406,4392.0803823153
W21,2389.6748984160527,2382.87149611736,2198.5601016918554,2247.9519639391756,2683.7312056903625,2876.8386251561565,3027.753463740085,3042.930424633338,3172.5234258158625,3198.5407198979333,3003.0605741335103,3062.170572541184,3948.1387785071247
W210,8028.276656726601,8031.937624638353,8035.598592550103,8039.259560461853,8042.920528373605,8046.581496285355,8050.242464197105,8053.903432108857,8057.564400020607,8061.225367932357,8064.8863358441085,8068.547303755859,8072.208271667609
W211,18964.7614768915,18976.68125130794,18988.601025724372,19000.52080014081,19012.440574557244,19024.360348973678,19036.280123390112,19048.19989780655,19060.119672222983,19072.03944663942,19083.959221055855,19095.87899547229,19107.798769888723
W212,5420.48665554875,5430.0740224573365,5460.539234662051,5437.648407037397,5427.892853657415,5423.427061166811,5397.123583608687,5566.654843408101,5532.2835953535905,5512.037545845291,5520.177376143419,5495.409846876191,5504.997213784778
W213,3170.5086707084547,3176.9445602387914,3156.7970341197806,3160.123199181029,3163.2446453505745,3199.9763347801786,3337.0866664374516,3335.916804099922,3347.317868489192,3363.6169807095002,3275.2146184526837,3325.333328669224,3339.754182144905
W214,1926.0890195519123,2104.9633181815993,2081.218914109675,2131.256996352946,2152.3314752249794,2177.2794626673467,2177.2469653207104,2251.642479083314,2205.9429377636056,2196.713666502972,2213.057513333521,2289.4834945069533,2271.6473513793553
W215,2356.162977652008,2343.229814862282,2347.4218223781336,2339.6905643265445,2342.1237944336613,2358.399185732811,2368.218938554128,2353.801280769325,2340.7088107170016,2345.95956276652,2337.1695601812644,2339.6027902883807,2355.8781815875304
W216,3142.8093488121513,3146.280544382232,3148.962587771065,3147.1622419489495,3147.1055765077626,3146.064550093891,3148.4847882990257,3151.1668316878586,3149.366485865743,3149.3098204245557,3148.2687940106844,3150.6890322158188,3153.371075604652
W217,9813.630380502731,9740.47884665525,9643.225118349495,9899.236406664982,9812.293590840947,9948.870851543763,9805.438202700845,9533.741397216887,9434.703232383441,9252.980616107998,9463.49157998327,10039.356263466225,9305.848250559467
W218,9860.393985008146,9873.121849464436,9874.41104696958,9870.359816465312,9871.488801799678,9872.617787134044,9873.74677246841,9874.875757802776,9876.00474313714,9877.133728471506,9878.262713805872,9879.391699140238,9880.520684474604
W219,1043.0064806499922,1036.1764261077813,1029.0395914611045,1026.676307882243,1035.5035994239436,1032.8107493874359,1031.5188690525297,1032.9617018992,1032.9329112617702,1032.3226887712028,1033.4504764888522,1036.493616056765,1031.15756469207
W22,4371.49180807098,4176.652897148731,4122.044988511781,2849.4823708139793,3951.2196634221405,3526.5025703345937,3470.6942157458225,3835.0124101719607,4027.5817154815118,4526.769473348273,4200.961494277101,3757.7827536814107,4033.0029701764843
W220,1813.012351820162,1806.1030203655394,1799.1277618059978,1792.1214979754598,1784.9692782633476,1778.0821136581437,1785.372961908231,1813.5480737129255,1804.558329163844,1797.1368923575892,1791.5866255438514,1784.351968435747,1811.0136366298502
W221,7495.492764133239,7406.553508011486,7288.811270100861,7329.115450857624,7186.0861752564715,7192.058281868277,7187.281844019822,7164.041571425546,7203.492070414286,7342.740723104549,7356.106314242041,7336.851237462497,7155.21444159782
W222,8006.494443128818,7810.204504043681,7871.120728520118,7930.568893343328,8037.7896615829395,8019.401298440016,7846.015820500124,7834.4945453087275,8003.232139248997,7978.349177057612,7857.976134330281,7844.264232837594,8008.256328456795
W223,28101.421062180027,28246.51508024605,28009.046149646478,27910.076298220032,27647.451731912268,27830.152954030535,28165.703616297054,28324.469614637565,28085.785322087962,27975.522031156277,27712.897464848516,27895.598686966783,28231.1493492333
W224,1713.5825190672147,1714.0710470731108,1714.5595750790064,1715.0481030849026,1715.5366310907982,1716.0251590966943,1716.5136871025904,1717.0022151084866,1717.4907431143827,1717.9792711202783,1718.467799126174,1718.95632713207,1719.4448551379662
W225,2008.176708009478,1948.4568841174087,2008.8317390939144,1994.6769466281337,2030.6856055762717,2027.312855804546,2060.1324598713436,2110.597228799355,2224.2248726371886,2187.9486682091747,2212.106049688228,2177.512101206691,2177.8419637877487
W226,2961.3654599542715,3053.2499682355065,3189.099013756384,3270.689499840388,3256.7232478449832,3222.331610948074,3116.869584631301,3109.954069299056,3057.988921725547,3081.0395133812026,3127.078043589724,3170.119944052677,3256.2763240069407
W227,1322.9320487889077,1321.7393833835317,1322.0987600739732,1322.458136764415,1322.8175134548565,1323.1768901452979,1323.5362668357398,1323.8956435261812,1324.255020216623,1324.6143969070645,1324.973773597506,1325.3331502879478,1325.6925269783892
W228,7658.751405723572,7719.903292772793,7567.714808683462,7364.436011435641,7920.90205860925,7934.915686044345,8069.416629841341,8276.033985454089,8072.557147658172,8297.104470721632,8142.388319372966,8170.897777461987,7965.088393815641
W229,486.96713342736814,471.35161948785526,487.35539472879907,474.7094304382331,497.84333503485254,477.08533946011585,494.5124188824143,473.4758571955308,513.1109947342891,485.92818291621995,530.8345589528935,483.2455872268748,517.2987018620156
W23,800.115368622548,775.8661931908972,805.0612573426231,776.6396027020917,781.5927059659862,753.6773341642961,763.0660603024718,753.0139036235252,800.3847904067026,805.4743422202434,845.6532658064142,860.0387358421438,748.189392487844
W230,3198.904883995234,3160.446119036961,3584.345869061184,3307.5624338919333,3597.620542074049,3529.340305388165,3236.7951021463714,3368.4130802745794,3542.232912735074,3227.232015271842,3300.580257568029,3698.9109308231427,3355.0671411023695
W231,586.5290300792844,605.057611999913,655.7951549374402,684.77755912695,713.6869625818218,705.9197266117498,729.5668892524737,768.1893205797141,827.0139735381833,866.8493208515866,965.3320200995736,941.9713923840594,1022.5674900965653
W232,1912.3300254378828,1914.0331936442717,1915.7363618506606,1917.4395300570504,1919.1426982634403,1920.8458664698283,1922.549034676218,1924.252202882608,1925.9553710889968,1927.6585392953857,1929.3617075017755,1931.0648757081644,1932.7680439145533
W233,1021.3317083256172,1021.7034713116707,1022.0752342977246,1022.4469972837776,1022.8187602698315,1023.190523255885,1023.5622862419384,1023.9340492279919,1024.3058122140453,1024.6775752000988,1025.0493381861522,1025.4211011722057,1025.7928641582591
W234,1851.886206542881,1852.2271589024392,1850.7713322992047,1851.112284658763,1851.4532370183208,1851.794189377879,1852.1351417374374,1852.4760940969952,1852.8170464565535,1853.1579988161113,1853.4989511756696,1853.839903535228,1854.1808558947857
W235,386.8562622628027,375.43357667909413,410.92214255631575,428.39539047948074,473.44611545126406,490.94567557482276,499.9340372622927,501.7034836221967,488.32057382181563,465.90785836386374,514.2463587289167,522.2542264687304,533.9888459688059
W236,3241.9779656821133,3244.4118120913495,3242.8064966075726,3228.9276877418024,3230.453352790349,3234.3170035853,3248.7529716156355,3251.1868180248716,3249.581502541095,3235.7026936753246,3237.228358723871,3241.092009518821,3255.5279775491576
W237,1080.0704438277623,1080.0911196767436,1080.1117955257248,1080.1324713747065,1080.1531472236877,1080.1738230726694,1080.1944989216506,1080.2151747706323,1080.2358506196135,1080.2565264685952,1080.2772023175764,1080.2978781665577,1080.3185540155393
W238,371.4227780253002,371.68118708941756,367.40380462377243,367.6622136878898,367.9206227520074,372.71482334588745,372.97323241000504,373.2316414741224,368.95425900847727,369.2126680725946,369.4710771367122,374.2652777305923,374.5236867947099
W239,3768.2796090455895,3763.5959493395567,3766.7189828583614,3769.842016377166,3772.965049895971,3776.0880834147756,3779.2111169335803,3782.334150452385,3785.45718397119,3788.5802174899927,3791.7032510087975,3794.826284527602,3797.949318046405
W24,7701.144527954377,7823.467013225389,7411.484573607651,8982.361537749897,9547.926489095214,7954.914418714288,9430.941715487486,8149.577301325409,7726.723569587174,9150.64005097725,9429.40674960235,7686.488589815677,8971.412508532429
W240,2444.4978714376684,2397.7563824035365,2394.1513866321557,2371.310881261562,2447.578442161051,2454.6779011856474,2516.9674331611423,2457.8237478291253,2405.862420158616,2382.9727234872616,2367.2025051625305,2455.6844799161304,2498.3684981606025
W241,1016.4417916593577,1028.7954434394937,1000.1601895052866,1017.529882989242,1029.883534769378,1001.2482808351708,1018.6179743191262,1030.9716260992623,1002.3363721650551,1019.7060656490105,1032.0597174291465,1003.4244634949393,1020.7941569788948
W242,1512.738365562679,1467.6365806399635,1485.064885183339,1447.306205448288,1487.360085853536,1466.3104876862321,1491.0846560571226,1471.5704380117072,1491.9504871939293,1462.790093778016,1494.2456878641265,1476.1608393521014,1497.970258067713
W243,1141.1278019350166,1220.3670848811344,1233.637862818148,1277.711954986293,1432.2256858502615,1764.085413481086,2009.8220547514966,2139.1285043582275,2450.1313356023848,2596.6266873434374,2937.7284509351193,2973.2668318633687,3127.2860072780722
W244,766.0322867084833,774.6589316189581,767.2451798816289,775.871824792104,768.4580730547748,777.0847179652496,769.6709662279202,778.2976111383953,770.883859401066,779.5105043115411,772.0967525742117,780.7233974846865,773.3096457473573
W245,2332.6512250593787,2334.08865940336,2335.5260937473413,2336.9635280913226,2338.400962435304,2339.838396779285,2341.2758311232665,2342.7132654672478,2344.150699811229,2345.5881341552104,2347.0255684991916,2348.463002843173,2349.9004371871542
W246,1064.2722100950004,1059.2922175531048,1057.2231015409188,1081.3429949167898,1067.4107881347331,1077.485423274255,1028.6550358752725,1116.0659452086768,980.0361530487089,1080.0438418671372,959.833383935594,1039.6698827203495,951.7383684904114
W247,4198.208830616222,4300.6689772861155,4206.502746306804,4254.675296947958,4209.37643195833,4296.861185327045,4202.153576190576,4242.980736134201,4028.017122303091,4243.2770865740995,4133.937025362156,4288.151985897288,4187.690291972982
W248,15936.996404757023,16273.112084527911,17213.759169596466,16876.322163769746,16115.150315908402,15941.648576327914,16323.286423575439,17193.951345597117,16909.81637860295,16156.196546732426,15956.404188233862,16347.76034467496,17203.53908667382
W249,21985.655918902234,21877.537428740936,21840.582416650308,22336.071629422826,22413.297448450925,22592.765871916505,22055.879718772507,21999.359032216278,21889.503076180452,22383.9598121892,22461.185631217304,22640.654054682876,22103.767901538886
W25,1208.6405017225538,1368.122822271057,1308.420932217175,1345.3140240401306,1413.2983874733632,1454.305469812629,1661.0477578516263,1671.446394173985,2092.9440572231133,2478.0611238155248,2141.3486911182013,2079.5080720021633,2198.9294627442655
W250,3348.5379531626013,3085.4684831697523,3053.136128588538,3179.5920108951286,3266.1301953802817,3118.6931885519252,2999.1127389425337,3049.094232417241,3177.0177100589995,3234.460111118664,3038.8863216410755,3077.7774499166208,3220.2697209691164
W251,6740.953724032372,6726.7800171910985,6671.873371263482,6649.710306537754,6624.2078069747695,6612.969178264269,6598.417976322344,6622.445770833641,6596.82364758601,6635.354918473827,6697.763291709916,6754.665035750083,6748.4617045918085
W252,8419.302179809354,8656.428675487257,8808.940456055027,8761.22899572085,8505.225204102988,8434.467309627269,8672.909763212536,8745.320052673786,8684.66393981928,8504.307520106486,8452.16436768946,8673.804704354188,8636.578622815714
W253,12272.788297044532,12277.717549348778,12381.833705950554,12415.545576104463,12425.187600707308,12317.340763631479,12302.363810869996,12307.293063174238,12411.409219776015,12445.121089929928,12454.763114532769,12346.916277456943,12331.939324695457
W254,5856.54517240897,5828.990699071725,5931.91169105149,5978.741365068681,5867.043952538891,5836.53892493436,5942.410471181412,5986.800393036813,5877.542732668812,5847.03770506428,5952.909251311332,5997.2991731667325,5888.041512798732
W255,1921.513030680877,1930.664481322094,1931.1704555442989,1922.7140687184005,1935.4790663576869,1946.8426229226345,1948.5043692817483,1946.486082572461,1945.6582648122971,1937.1159694547046,1942.6938035074386,1951.233310929888,1948.3348494446172
W256,2676.551634545428,2742.3528193656352,2904.862032522675,2790.9121094801026,2882.495838774385,3018.7324539624065,2938.7515254006457,3065.6221931193227,3061.8178117289945,3102.269279494593,3209.435679468547,3149.3785822625287,3296.5380797345306
W257,4024.396752991252,4030.2485212884644,4036.100289585677,4041.952057882889,4047.8038261801016,4053.655594477312,4059.5073627745246,4065.359131071737,4071.2108993689494,4077.062667666162,4082.914435963374,4088.766204260585,4094.617972557797
W258,2143.137327505631,2122.363303914934,2096.2071105727655,2085.1881077061753,2128.970045663711,2145.4098590375734,2141.483455426566,2112.257380601743,2096.889895753716,2104.9047636650257,2092.338140611867,2139.2743635233646,2163.6557312476275
W259,6877.629852986805,7645.516314217724,6987.63460767866,7239.690908750756,6640.648641514814,7349.0164670374825,7522.698000071207,8425.861603141551,7611.684039916129,7968.123635827466,8334.715465443896,7587.792895811047,7881.444851310578
W26,2902.713081321468,2645.1348829550107,2662.5095944848326,2793.985129581488,2581.6725812927843,2637.5145649635706,2700.977061746262,2561.100185706032,2624.1810798961633,2827.7823896715254,2561.024299996351,2606.5090288520014,2775.9053943642066
W260,755.3925337581795,92.47179248298517,445.8023131761047,606.7648064735201,553.6315725156148,519.3180553038053,632.5904671456481,1730.3592879718535,586.365469529226,710.2597695256143,258.69976921704324,695.7702211952217,585.937979239204
W261,4775.697700766756,4905.325124350036,4770.885139890192,4713.567694763296,4687.154187188239,4770.787819747693,4854.273014959421,4837.228058761724,4840.483825186515,4873.81898363802,4849.043793434747,4902.418233244674,4883.682048943182
W262,4386.769921327017,4387.225689322777,4389.985334462404,4399.861936115824,4402.669213431478,4393.041883168958,4391.598419490704,4393.7532880123745,4404.259521158582,4414.142102170269,4422.0068017843605,4420.3697437140745,4424.295743759763
W263,2350.7245899474865,2329.9493954683026,2338.9350608570912,2364.590276402456,2400.8667750621435,2442.835912948006,2295.6357098776557,2280.6911492991717,2263.7988715889014,2240.501930844067,2284.2488174256814,2294.639162315769,2458.588036650131
W264,4064.034104501586,4020.191711316137,3929.6667942062745,3928.300405757121,3821.716347744326,3849.027699412102,3712.32422288809,3753.343498681124,3540.267772078706,3496.1707452021237,3438.785775273841,3527.4211679687564,3578.40930006041
W265,2203.574811891551,2215.9407388358914,2212.8302227567756,2208.60792797242,2208.3066847858,2205.1961687066837,2187.0323365336467,2153.4156404773603,2157.8144688312477,2138.7091949964956,2172.1584138644803,2204.117994597994,2171.5168513689478
W266,2279.124465620899,2241.265108244861,2336.510077854207,2331.4449424509353,2393.2369316314434,2354.992272371074,2373.2643871541873,2411.4092605596306,2470.8291045759534,2493.566266377727,2518.511950955935,2532.6376118483026,2518.7720432840892
W267,3190.6709346824873,3131.2735882761103,2917.5637571783295,2980.7785418887797,2924.5934851736156,3153.474564700326,3053.4831442925747,2960.820885987024,2952.9523022197545,3213.6495815155995,3446.690968877365,3230.0327169098005,3141.2448211634564
W268,1379.9441260256733,1417.6348176554368,1402.0752327503906,1447.3958680605538,1421.3786692410754,1489.1750072487202,1374.2662450475173,1402.2208648413543,1417.2450996695075,1464.2228633908892,1402.9685726509397,1427.788317356225,1368.856937678434
W269,1302.2350129677795,1256.9021107786161,1309.1636554509216,1304.040257561494,1267.6996048147441,1271.178385309522,1251.285696205883,1224.337031443031,1237.0587653839364,1225.7462125228221,1240.2721003072488,1252.404229692864,1272.4530065700815
W27,1881.0990561475876,1877.0239575449568,1967.6021880280855,1900.7078063372173,1965.1545389995608,1883.3594468694473,2252.2993615503156,2170.5823759249283,2050.7087387441998,2347.2272195785895,2138.3980068321125,2316.5020771786362,2003.443677866978
W270,7861.253329658087,7796.5114459269225,7834.715551866857,8018.942581689549,8117.415544743551,8028.684206474693,8103.315438314237,8004.982535788289,7939.113979371647,7929.670311391948,7891.073197107229,8089.464951089185,8187.937914143187
W271,7649.035645556461,7752.115825022889,7686.400071878254,7667.052727132183,7682.923804250073,7706.499375147378,7699.2143809167865,7714.0730661398375,7715.871856846046,7730.7305420690955,7732.529332775304,7747.388017998355,7749.186808704562
W272,979.4891142419744,979.3150238970607,976.5591665581939,974.8917692124265,974.063368126827,968.17483222486,963.4863606055286,953.7450476080495,955.8981392088973,956.6200220509145,954.3810137219924,955.5762358095417,945.3614183628125
W273,6459.241176214416,6459.14663574207,6459.052095269724,6458.957554797378,6458.863014325032,6458.768473852686,6458.673933380341,6458.579392907995,6458.484852435649,6458.390311963303,6458.295771490957,6458.201231018611,6458.106690546265
W274,837.4409559553328,887.1596113456847,863.642839572977,834.9554613014152,817.4438325992425,808.9098644595457,809.040016654667,817.428622385217,799.7207793666114,850.8328816113271,851.5522471462011,855.3378274468213,865.1940818705942
W275,8665.808481360662,8692.464236651727,8695.840592535962,8690.61668106737,8685.869118747221,8690.727840703064,8705.669196083347,8720.134202315181,8714.910290846588,8710.16272852644,8715.021450482283,8729.962805862564,8744.4278120944
W276,11238.543132035678,11314.503925996236,11348.351173733558,11197.496201436716,11253.84379450933,11365.645505337554,11360.888430243345,11260.934781015983,11263.617645055256,11339.578439015811,11373.425686753133,11222.570714456291,11278.918307528907
W277,3183.5048676847746,3189.7274503373756,3237.832631427047,3234.982900317191,3232.753578488076,3211.920596347641,3210.0906434601966,3153.3250634751357,3144.9157984900526,3168.992455214153,3194.1461863925138,3195.5624201812952,3131.9914684202063
W278,1271.7364213319197,1235.486287178628,1169.5605167147169,1154.0463224954278,1218.8000239005926,1145.0208530713705,1189.9459279381122,1251.6278533356042,1305.3811799081575,1271.5258661454727,1454.7883175892182,1418.5428723940431,1383.8580028496558
W279,1216.0311523761366,1215.8391985245125,1218.2657816029084,1279.7892998767234,1271.6194024383622,1234.2399869550995,1274.488134718308,1250.3733418335478,1222.9743006312565,1211.611334953335,1247.3680807870962,1249.8181850223955,1253.351287610412
W28,4320.022584937494,3877.3130499463286,4136.012733738642,3842.1686515211554,4744.446349078304,5297.901580233598,4681.446271704382,4794.122694371716,5123.3303286496,8402.867925891638,9837.517083904408,7870.761123450289,7161.343356761149
W280,5380.750793322708,5380.9636840288285,5383.6418815713,5394.484652953634,5390.4930405496925,5403.497685468742,5403.066845091383,5400.468364170151,5414.175474922495,5412.73891285858,5410.14043193735,5423.847542689692,5422.410980625778
W281,1808.346505855333,1821.8723521968939,1808.0133964026495,1808.8555067914947,1830.0669846230887,1827.0311197711278,1770.5326820362354,1783.7688918011133,1775.4662436010237,1812.0659623891981,1798.704503029678,1857.293975041929,1816.6722080095597
W282,2129.2164577545923,2110.191659423467,2122.4452235677923,2124.372297309772,2101.5865300947744,2078.191879349351,2079.337287967044,2079.904430310841,2085.6178977929917,2069.837215633184,2055.362392289853,2046.6438519050039,2044.9927650608654
W283,344.61536126473254,347.12717103758484,350.23484223123967,352.43406195734485,355.6475538996658,360.2460325872546,355.09071028104665,364.98552598710535,388.90159089145914,359.802230008577,361.44285636429856,346.79990900237726,344.2950630892608
W284,565.0726052638713,564.5753757800246,564.0781462961779,561.668776209366,559.9418402814708,549.2965635972494,544.0185786553802,541.2529241313924,542.8593886293191,545.4581981934203,549.3885905451706,547.6551106174089,556.2455579851994
W285,717.8940605758057,713.4639401258387,710.9337081213248,722.6357246452171,731.4513641529461,719.377001404202,725.5017239512676,736.753514108003,736.2497184053886,735.519556570122,714.8010981617704,740.9851177294317,736.7993223488402
W286,10887.004270462872,10791.350989027713,11054.754808536461,10685.381453482954,11067.391006796071,10703.085502178805,11080.027205055681,10715.721700438415,11092.663403315293,10728.357898698025,11105.299601574903,10740.994096957635,11117.935799834513
W287,2218.349746046595,2235.6606034894457,2239.714618010564,2241.8549878421436,2233.2797794317357,2239.2726765651096,2247.314837555151,2243.0851279589524,2242.019033576313,2251.946827935075,2250.794480871503,2247.3662833264298,2258.943694875535
W288,7831.092980507742,7849.08771978468,7849.502052028486,7884.907828493777,7867.703468348169,7870.57914900433,7894.75097337612,7891.03551566641,7870.929811222875,7840.627287844692,7886.020970912468,7886.761014396243,7899.421632124299
W289,9847.707197082134,9900.591762996812,9860.51997567033,9874.424550559685,9786.001806261218,9818.174108951976,9623.794503340518,9571.022013927113,9620.988788143153,9635.133219668134,9626.25396142795,9689.798315441181,9719.090502111312
W29,522.2798781163923,627.8903579461088,678.5530477649884,662.8524255059367,605.3092222800265,663.5074122190831,1017.1960080974482,915.4391813797268,1065.785235817541,1004.2631700572288,984.0485488426376,859.9996519259637,1156.2441548724553
W290,15579.051192499168,15323.809180134333,15280.775465180508,15576.663591599443,15347.015234541603,15538.178179862645,15663.017777423187,15569.734086616492,15432.270807891382,15915.834939839351,16011.632843962392,15742.868198934182,15240.951541046514
W291,8489.984163556393,8575.301525154195,8715.564685832147,8869.461971052966,8793.184126830885,8726.844146401812,8492.815158200112,8667.789009517614,8624.499759185108,8656.732149765867,8815.011661131093,8784.674197857816,8735.598284510064
W292,18081.913301164343,18131.22145917121,18884.1006595431,18890.29943430569,18636.287254644383,18730.3282162255,18634.20318858726,18975.29211147604,19043.67615530642,18702.87743020887,18822.07118502498,18742.269569817363,19010.461158467344
W293,1786.6221405034212,1653.383861256329,1950.9317977387045,1551.3934032627697,1809.696547560301,1490.9515881181867,1698.8067928951677,1587.0383853157578,1608.2547821664116,2481.3397187040528,2904.1092946853664,1705.770256692083,1656.6868835228317
W294,1553.9786130472944,1576.202585160968,1622.685567794048,1655.1314690427364,1704.6717989432307,1612.2503226151844,1695.2214805683197,1654.845664658715,1747.9146048334799,1677.7398432896853,1649.7949501880985,1935.835921011353,1823.761723376726
W295,3268.400626659156,3339.4628406258917,2791.2057626446153,2566.1199490036242,2563.367974581937,3326.079361302969,3625.0088684562875,2769.4033822668603,2486.091537273088,2704.8424299625694,2318.374462353809,3686.970140900306,4065.841780219019
W296,2794.9462080056505,2573.8319957309936,3082.8602822923986,3098.8908535416017,2329.20476829788,2478.5957557828083,2082.3688529298315,2612.1481118158854,3150.0720873402333,2750.405115125684,2304.6976014294523,2368.9652501943247,2210.1687462779273
W297,4256.348906187454,4703.072351590014,4625.8618404165345,4035.848826375034,4576.785517799006,3917.0027349467923,3842.281602064628,4032.9879756549303,4818.232890136336,4674.056560084679,4189.450619806048,5811.89547967455,5758.150992379262
W298,3068.7305961690927,3072.680972275633,2685.357649502858,3065.542327278671,3275.9918812925207,3142.3591326177725,3617.133884236332,3267.6063922890403,3723.566153265242,3532.0594944672866,3530.9513499077184,3275.835067765012,3823.83220884408
W299,3418.269750077373,3042.910398294688,3016.2323174043295,2841.4361495460616,3697.1155793458324,3478.405521057527,3781.3010748506495,4451.9117631051995,3912.041514756865,3671.4881256907543,3882.613356820797,4302.740231922367,4042.1286532056215
W3,9457.348359002617,9660.788640807032,9807.105539261733,9680.616048938171,9464.755647181672,9568.227564978955,9756.54419869429,9566.762010882558,9420.229786090604,9554.892136905019,9629.533948336972,9546.57633513574,9448.840923813777
W30,3653.6473184428196,3975.089664353125,3690.557191441195,3706.5977542078326,4027.426600510943,4280.567486652676,4770.275812323611,4502.2133541607545,4541.055099274109,4584.25243784434,4951.597066407498,4465.159296186272,4282.6430436708615
W300,2037.2287776278758,1863.9650122168182,1675.9517373859626,1735.2008372338003,1976.2189641217792,2148.5321982120195,1883.1330173586907,1716.4313282958735,1622.9642156090022,2196.9179735643943,1992.5000443390575,2151.6881744555726,3193.0555457925275
W301,2644.1215435912263,2574.2846411347177,2546.539543148965,2284.5699024844885,2446.7578278732917,2826.4201198288993,2486.8291919780268,2603.501694125205,2540.723446210978,2511.3340227551535,2249.3643820906773,2411.55230747948,2791.2145994350876
W302,2647.970873057917,2636.15136837645,2636.003167803218,2591.622976990926,2583.0641230369843,2582.846950475861,2667.1339182716947,2472.522194165228,2190.1817479318815,2605.289717984451,2658.7028735631297,2474.195347812166,2083.7066549632473
W303,5095.78613701093,5442.31756701953,4829.937063953476,5270.441076444264,5002.990961681126,4469.999630769567,4359.906545301774,5350.019352433852,4742.663146634781,4395.333588916785,4200.196558999476,5230.9528056149775,4654.209928175158
W304,3077.936619774723,3533.4079220609074,3896.4611877916414,3710.114774091974,4136.570294339312,3255.5532110223608,3126.1581442684715,3532.6026973661556,3768.2151983598947,3691.4677526648447,4167.828730787553,3271.039593839304,3102.3333200771917
W305,2884.177181864342,3375.5370690823715,3620.077425480828,3278.5084724710932,3706.502344549889,3293.022073073276,3669.6087293620103,3277.7118800589096,3621.718176960292,3344.342782588041,3230.888731756573,3086.92054227414,3369.5915855318235
W306,2338.2728950589244,2323.304603138858,2277.8950711234447,2463.0060594393763,2180.256403184626,1965.0614630721523,2177.50144208429,2350.747707068847,2142.469194879653,2156.6925188061987,2044.611202339185,2190.0012821579257,2196.1840734411157
W307,3308.529349384135,2993.6641199583787,3333.2394448282143,3240.4348289639347,2993.5865313440318,3132.382253110779,3606.072444515952,3068.5121632580294,3056.606410281599,2684.7445068879324,3121.408978963159,3270.3401730394016,2579.2207599881012
W308,1968.47919486347,2099.494216618684,2330.422457327759,2228.237778977292,2198.9675622835757,2127.657658982262,2402.8054993618393,2169.4240530412585,2223.306306662681,2117.089173238741,2303.505655870906,2221.4803783860966,2163.291584176611
W309,5913.84030831292,6485.129352864173,6899.838915879096,6298.141227332115,7375.960374166678,7814.740786621534,7747.183086866658,7183.764189754981,7146.879948732276,9094.041574908239,9501.892191062056,6173.723471833126,6185.14285084083
W31,1093.9696183545195,1077.7025689101524,1177.3692671557576,1158.8702879719385,1273.2055412991162,1212.6946024430297,1264.786514318715,1606.5243753336415,1470.3747893161687,1553.8622943648204,1604.7847260821172,1755.4776174667877,1673.8927563681577
W310,4151.1642862791305,3652.708472109221,3696.2533520457578,3862.513421370129,3558.70187242626,4045.0589368266174,4100.967697663098,3250.478918321549,3497.0640550849344,4186.243686743773,3330.4794507198058,2957.7425797213527,2706.8161541437594
W311,4409.930229998026,4867.612566320778,5045.771405297222,4400.196135964219,4452.71479609982,4337.192175770771,4523.801810548038,4167.958587041406,3891.0795961822073,3991.5992903595684,4140.913133827848,3973.3888838834555,4121.409395195594
W312,4439.524920336994,4118.896427020474,4135.630248152125,4219.7034692292145,4275.296809078691,4222.300111434139,4173.872283156377,4114.765012216776,4242.7273019213935,4344.201221335422,4236.490223231751,4036.331776164472,3622.26228400085
W313,1998.5635393956434,2198.0251576264645,1891.629095496222,2070.2174073158785,1647.623665752415,1800.7216721264012,1930.0423329885157,1879.7709091368456,1965.5867061349436,1917.632947375804,2114.3187230273084,1807.9226608970657,1986.5109727167226
W314,8576.323249199693,8606.640069867783,10964.315506929519,10519.112316279627,10485.200238675317,7819.714905272143,7664.999994200373,10048.405047728927,7538.648478544704,7478.954628373411,7915.701559080509,8362.590286587816,9137.17511054774
W315,4921.909658906292,4624.515432854972,4460.100053075774,4445.857809947191,3997.7457897543413,4793.138126980633,4647.877877753872,3967.2822726791446,5738.94869914632,5582.097579702128,5430.308334210793,4965.421589263752,4568.0131368074935
W316,3028.7426502302637,2801.278104917617,2867.1381725746605,2424.9252125184953,2517.9927107278027,2442.4384652047256,2307.198481973811,2473.0839182014597,2306.3905976270544,2649.134863450233,2353.752110897918,2241.5916924623466,3227.401765930419
W317,3526.3536472420396,3978.8309506914943,3924.3271469347947,3871.0618518346646,3920.2353185163083,3827.8696333316684,3737.673698891156,3647.2635002532193,4874.756810287816,4630.857771875278,3932.549348946996,3990.128666443181,4195.541142374532
W318,4721.278167584953,4237.828123446191,4106.9789450990165,3226.388229016966,3772.5218501683394,3213.5007008223433,3377.168757416659,4799.881347657004,4101.846477876571,3970.9972995293965,3090.406583447346,3636.540204598719,3077.5190552527233
W319,2432.9543302812244,2318.801479006046,2219.798856291316,2117.255555753379,2313.690228355767,2321.283452992842,2270.5163577353633,2158.378762099844,2022.0153526459105,2236.1967109890807,2055.177320733933,2202.5353888538602,2478.5721745590563
W32,4962.712218837697,3978.5858266988807,5577.03985221887,5018.36657417947,4324.138679592662,5372.473987491543,5765.95735184216,5681.676879085368,5917.207833848761,6773.994895882461,6534.470756500266,5954.272877093526,6664.601945977727
W320,2253.868038873018,2255.8530590169016,2980.0931311250097,2502.2157483146675,2296.338734792846,2338.758307282275,2127.9812059161413,2089.581837550318,1995.5431828752144,2719.6646092262463,3439.2509536616053,2150.220338260938,1916.0563444435697
W321,6083.389138342325,5578.635015932105,5628.778668837487,5195.440549650672,4359.158575846754,5172.584167870841,5144.709334583585,4457.224642943627,4917.920158792318,5372.500947657732,4364.798217689374,5666.73174639996,4874.725441281951
W322,2086.993944565774,2204.908681317581,1814.5811681058196,2035.4750621342114,1807.391816985521,1896.4236557097415,1970.1336249274616,2047.815639751323,1823.418636895717,1802.1479286302197,1951.5698764837384,1995.6983774369685,2012.6319047887696
W323,4086.3414752686053,3679.4612342631526,3911.623433936468,3878.7748201674276,3276.456223702322,3586.520937611186,3476.6177000567404,3689.0247117725903,3376.835070697706,3711.770269692064,3145.612055937568,3251.409534978937,3374.3728475266607
W324,2502.732298457187,2222.3850957498103,2225.9310362128836,2257.457651553743,2374.632325723245,2025.2430777340714,2679.413720946623,2300.054399690985,2439.5058683823836,2463.1780671447304,2315.691951512795,2243.8794677138344,2362.249019680574
W325,3585.556594351431,3385.756320131288,3384.915740759185,3695.880329084688,3370.9665057778725,3621.098207383478,3085.4349759132615,3703.8578044004826,3541.8426252833447,3477.8986320427616,3103.114111539556,3866.7279700436425,3822.6027612703992
W326,4180.082022366209,4113.478763399722,4221.973921189415,5521.325630377194,3750.16502935835,3640.9990887339122,3171.473288851022,3180.5855303170633,2936.897443211074,3058.640891101229,2733.1287456705377,3076.954190507255,3085.170782229709
W327,8837.795187367108,8198.597058350606,9501.158252233505,8562.995864298222,7363.610316250475,6856.220880821324,6849.639334553211,7096.85895364432,7420.793255059307,6726.150478732838,7635.469377757288,6913.630380672423,7199.00900435022
W328,1904.451887238973,2530.1854065439684,2344.8483775317513,1871.1516947529706,2177.3122428012607,2090.7303779149315,1733.637566521852,1931.5666710798582,2275.7992975067864,2072.090562889739,2213.682527978009,1859.814032966344,2219.572957042869
W329,10495.079809609922,10592.807442043286,11587.605216311244,11562.203040674256,11308.748149285957,10048.878902366103,10324.784363541015,8992.98463551518,10159.634469476801,12471.164164476668,10442.609862165507,11080.235333178061,10469.518374300693
W33,1587.4617964239353,1589.1769913422368,1583.6019923191698,1578.4769967729928,1764.976675596095,1690.802207328391,1939.1259303403085,1800.7393547079735,1924.9752210361928,1997.278776712819,2026.1497720430436,2181.616154898951,2080.9709115808873
W330,2985.001334678507,3211.909522785361,3148.2169921721857,2830.3750243160634,3337.2604323375203,2997.331117353268,3166.9431127083535,3107.8323715788606,2793.4523498080857,2978.3667100420735,3041.7271884191086,3043.3622511089675,2812.3936635398554
W331,6602.620788427847,5988.255503277022,5574.416186739444,5134.596868275581,5975.418504251664,6213.179248012882,5778.160590326296,5877.639637944817,5771.981443323992,5846.661487866643,5963.799703662687,5476.345480060745,5416.8557755786
W332,3265.693327267087,3424.138459416335,3117.8079111666,3365.8456016915143,3214.963849937779,3129.6083529596813,2929.003533337876,2773.398313376491,2470.112930706345,2777.9472180750686,2658.5204486453554,2766.0351613111634,2644.9195535866766
W333,2616.3984052957144,2519.240253028483,2399.6967122896326,2662.945121569523,2661.5078018315403,2538.62457686381,2338.715306900243,2354.357430433901,2847.245504950847,2721.01273101427,2551.93433802235,2167.9649917292513,2467.869476013035
W334,4075.6301477155966,3453.81026688647,3716.2882489987246,3103.8450319943686,3309.656549805996,3251.7227651077633,3450.3055334720916,3138.5813754968217,3038.757146398316,3624.19144949241,3154.2301970400777,2696.418541281302,3019.7149433246504
W335,3832.9793587226,3797.763240080643,3523.056079841354,3335.0783901520936,3626.17794899385,3342.916168242987,3636.856711281343,3375.258616517706,3513.243208077961,3445.806473561801,3324.497676189695,3244.2934373541734,3232.0701283805784
W336,1500.526330485543,1605.710231504315,1897.7545556812415,1694.3184907897469,1360.7702356161014,1739.6147658942084,1424.544478636252,1540.8022725435903,1709.3422612271654,1723.2563764056454,2020.1456014330288,1966.0026277855447,1349.776513376815
W337,1617.8130318485457,1569.7177337085775,1576.5379809242602,1597.1118547609187,1712.7330586015348,1578.0241325625352,1635.2870891754108,1772.0152640898805,1732.49919617933,1533.5595556907329,1619.5710122530945,1678.7532504068554,1657.1724051634496
W338,2193.4582163179443,2002.7756600307384,1971.114997851754,2621.2836535224906,2341.737904024217,2211.311104362742,2855.13417915336,2211.5031647063433,2243.9036324495414,2039.2090639681358,2089.0728132491204,2138.023985614911,1983.1287664914616
W339,3814.901901703957,3580.771200706932,3640.5624683633205,3488.411783321489,3284.0569430749124,3669.6300952988636,3661.968408968542,3420.6882058083083,3149.562095327968,3688.150652097825,3472.2359884028792,3182.585656285641,3425.840492305347
W34,1244.778421042297,1270.4498693364035,1170.932839532959,1220.4098438687342,1348.8688764357125,1297.8841533236405,1351.3637649471702,1341.9525453780384,1339.521403659603,1560.896254724586,1335.7133577009988,1486.7537391565047,1374.6290168670284
W340,5952.210171089281,6304.164682683094,7377.3709898408,5978.388593833657,6627.054639298449,7126.825167268908,5883.911644637175,5757.085895895339,5864.730119834722,5362.482166907605,5305.897800173029,6413.020777832064,6562.688595179637
W341,5032.7721002043845,5408.012305118417,6118.676927123624,5708.213570176829,5658.263471081202,5988.7069920132835,6826.041307466757,6666.888923794241,5398.332815518848,5137.382540769808,4863.162203468244,5626.334152385976,4986.870232125275
W342,1349.236864921657,1273.7165532167685,1112.4878791869774,986.1647882094553,1188.3224694975522,1189.897281262456,1114.0215815108845,1099.7184406766971,1060.224404086038,1078.6581689616119,974.2951922032923,925.1600234450252,879.6531472851591
W343,3308.8621161886235,3259.535101272355,3736.4178650920176,3520.213530107213,2950.3566222469067,3146.017562572883,3107.6881375705807,3534.6203528472884,3623.748439646672,4120.41085044651,3956.389006934007,3310.8210517073435,3677.7121077223583
W344,3677.8420007338655,3798.924233230549,3677.3916350916124,3785.583733053305,3277.171590627222,3759.7986320337495,3585.04652582563,3526.9703583269575,3344.683976941164,3688.328717129655,3330.2371533941164,3705.870106028001,3699.092792923493
W345,3131.4202160754617,2725.1237633053247,3153.7657646451316,2625.1126367951533,2867.6351092871805,3084.311733166583,3164.1244103320546,2431.7406530616354,2544.228303439845,2503.538585941607,2404.6688179758535,2515.910906400902,2539.161598333102
W346,6062.502383287611,6442.266269496056,5907.870920792136,5505.81566020447,5347.10867218828,5838.341412642447,5482.002142952438,4857.218412158641,6205.964590308559,6110.794163961365,6322.102086313746,5594.909432637525,5580.352383880995
W347,3544.231628174264,3476.0767197102573,3534.510017801872,4143.569432544892,3865.5843590210934,3620.763880774371,3372.2629852705104,3770.615335851098,3464.582443595811,3177.110852660574,3699.4143150539767,3591.722087647809,3409.03183005366
W348,3673.0949777885235,4183.396721465702,3863.072392326097,3773.691091372092,3764.4560320348182,3375.2448773821384,4037.5023836791365,3851.4465382942676,3730.14810678673,3465.1527359308593,3577.6208182144724,3733.01886104072,3590.8352036941174
W349,3445.6508301910353,3259.7036156136073,1751.4686743927807,1309.9903725424888,964.200866916098,1516.8216319583019,1538.0736947778264,1478.8880903081727,1312.562081691019,1185.9456909931578,1183.1276264849926,1024.9473190673084,944.0903274352036
W35,1012.4089348867316,1103.7449985424853,1036.2512772009607,1094.5356421446988,936.3863305079191,1043.9274306735479,1014.7810987367573,1239.9261903476845,1244.8061217683783,1251.872740242024,1060.1743560451469,1098.6271646321009,1138.680131052809
W350,5760.240124924963,3964.0804256321094,4337.531432163557,3788.007480738392,4900.122982486763,3818.0507839261663,4778.853999419641,3502.8825536092204,4117.863674848226,3545.1248285482275,4854.989586937783,3289.6110542652427,4158.895661233405
W351,1665.2155170681303,1783.0310019307155,1847.0763918544376,1757.1167115936162,1515.183615391141,1536.0540241065169,1325.0905785098976,1317.0662911702966,1393.4794530270826,1332.7556335358001,1390.8245855476316,1297.3733172879624,1298.4222338389618
W352,1099.4548628348625,1063.5983537128823,1031.6551750912226,1159.0764313639813,1131.0465832426426,1099.103404620983,907.7957911049049,871.9392819829245,839.9961033612649,967.4173596340236,939.3875115126842,907.4443328910246,716.1367193749467
W353,1751.3318595861876,1754.685618552009,1661.3169129169266,1630.6538103364092,1516.69438474529,1421.701030358357,1619.5457201628537,1547.0607250717183,1366.0379034919854,1763.246695053103,1580.690872791358,1667.5407940802863,1536.1747306501193
W354,2981.6238702904,2836.055996724583,2914.039560602615,3477.4981179001134,3296.946967921814,2818.4202613501693,2639.9086446621736,3008.8550731789687,3382.393360864578,2567.25309800115,2359.8826328258106,2647.1698318814792,2887.598179833812
W355,2828.3789168105945,3563.363951740333,3113.764291227665,2640.434390258171,2468.3213510231194,1897.123541333392,1354.7405177765786,1537.438625444658,1842.6863493746575,1439.9589344853196,1786.3053152110995,1786.3411522523218,1556.0751354949737
W356,4313.676994708959,3489.7357349165795,3544.654502954344,3593.2157616016802,3589.6777894690713,3461.807029686975,3501.1359305945775,3558.325618365584,3537.6681307108397,3430.9356402733865,3486.0955823172676,3490.0710837485954,3470.220851559265
W357,3744.9070921904386,3050.602591591977,3294.3723501816307,3644.8856167795348,3775.380525531034,3310.8655807798255,3164.9387851310657,3278.922238008788,3517.2474837040463,3526.7104765387703,3316.795401816956,3313.101004031451,3437.1732608998063
W358,5559.292194235034,6454.347004788697,6391.23989438681,6494.859079668309,7093.865558839643,7191.866542917283,6348.927126309957,5844.358181569705,6142.582330879203,5481.562834361889,6147.35913411149,6063.809000867751,6180.910535094312
W359,3813.851607009624,3511.8640007681274,3997.23562664251,4800.53843097215,4043.1288663196947,3527.349554458231,3919.957211640036,4588.783364917136,4019.4286009801226,3505.450131918818,3895.630662595847,4569.362877340953,4000.0081134039388
W36,14600.371788405238,13841.797398946837,14929.52766009236,14730.856523040587,13920.671557025325,14027.401768508793,14898.93077215258,15411.436461418449,13532.256128836165,13243.558315237682,12440.7329714452,13792.753185169058,13657.043899796645
W37,2918.513963267601,2916.3668431559267,2896.7432589520013,2895.9248557990413,2928.961247170743,2953.953987214696,2985.8734263956103,2978.8848129656244,2980.9222425157814,2966.9771098151773,2991.3396864197716,2996.0114207869265,2981.557126192544
W38,3064.4121241147905,3048.0755023026127,3057.649025254382,3092.771476162759,3058.3024636510763,3053.3636831397516,3100.0983076187,3060.1186854517427,3054.986020292862,3068.877644633282,3060.7987484481387,3067.704216298173,3066.8669492927847
W39,5857.837850598032,5842.71477245479,5825.206262494831,5820.48340013114,5826.855967263308,5810.924549294839,5796.931825158563,5803.305234581347,5808.773440758041,5811.5918006561105,5810.211212249161,5814.194913610561,5817.039967642007
W4,2344.582917186242,2455.378974855913,2857.336226203476,2559.7297682650096,2692.8140427775543,2756.782037000582,2835.9182925726436,3122.4201012375606,3005.7134714157023,2823.619990046818,2901.1709130628883,2965.087400758563,3286.952070565402
W40,5831.5343493820465,5857.643287790679,5868.981182314925,5848.580559934138,5826.310693692935,5867.550116244712,5877.24281349648,5851.634524332563,5828.1331744321305,5840.997225383709,5835.036148070845,5841.236293798885,5822.573770767127
W41,6157.750136540683,6210.195402924274,6185.268282240122,6159.24927131995,6231.845818760462,6214.078984102545,6162.495051874128,6223.175457397707,6205.177977964554,6202.23101662238,6215.40155154842,6188.138149217795,6197.562410258468
W42,6206.120172709938,6182.125636903361,6212.8262329707,6243.640373109815,6199.87291583485,6194.3350369309255,6204.967814443332,6192.015250628677,6199.393652448747,6109.724152075266,6095.57431062495,6106.6317822753235,6055.389995434082
W43,6145.788851705143,6204.778281158862,6214.916716269912,6168.697709086848,6197.864996563312,6190.869309474347,6170.643343332186,6065.491767494304,6054.427547185449,5932.329234223799,5996.306798426218,5982.391177917961,6015.14828534726
W44,5858.562755977049,5872.856064047814,5887.971673703223,5902.310469708842,5857.83438958627,5822.932528100761,5805.018075108073,5806.2330581002725,5809.331216004479,5824.276645762965,5843.868114662271,5822.851013443568,5825.896198056553
W45,2967.5168945558175,2937.442581612789,2928.689229706965,2930.4985887683583,2930.345943237693,2928.5754325715016,2917.312584144006,2921.9959466208256,2935.7446622662405,2954.752595512708,2950.433989690222,2927.998841093212,2908.5019586876942
W46,3159.519973110949,3286.0358690880776,3344.178566847786,3321.950087427248,3377.595988935843,3410.5519376293464,3401.3186902872203,3387.445687275214,3366.9584373748976,3325.508933622631,3294.644410204276,3347.4083285839456,3274.4287719003764
W47,2960.0261082440884,2940.3345790886533,2936.3146891805877,2928.482013515328,2913.7972944800904,2914.496189556755,2923.7885610316835,2929.2444201486187,2945.24524663752,2977.1548613578516,2964.1721090321844,2957.602531101673,2954.3093305120256
W48,3060.295163323584,3065.767162035625,3070.91252754516,3070.615088688062,3106.068042903217,3129.162701483174,3097.992486735644,3054.9381590694325,3041.7371290793835,3018.1500057211038,3006.0164865190754,2992.6212493078706,3007.5321753068306
W49,3220.402003299676,3161.4611381670775,3141.1970144913103,3150.5694393143476,3134.634676927329,3114.9652765265973,3146.0652772632047,3152.280911863532,3190.698130153171,3163.097943141218,3176.0051357645057,3227.7546261474163,3199.567494703712
W5,1346.3883064544868,1881.761813635013,1631.0911339528943,2126.367547342925,1764.2683526308617,1943.2167821100604,2287.186598738044,2643.3041526409347,2770.4470768152682,3625.232329909043,3121.643409646661,3472.3588060708703,3567.7550590200785
W50,3205.766872563592,3168.5641778341524,3218.4760431770383,3215.3703080374157,3194.4102751143855,3156.3372368622486,3154.200976616894,3163.829269024675,3160.2204866063576,3193.091729271301,3158.0534177383897,3138.52240835217,3126.815732126493
W51,6575.552549987885,6638.622985573347,6556.532176499898,6503.585663405099,6471.49488937659,6515.534691544988,6465.901517469074,6614.768369195039,6530.607888487517,6567.297367824426,6625.160814463512,6482.768679245835,6348.346050173292
W52,7056.650231826335,7009.285749229925,6966.843165328678,6962.734078530599,7013.84355009766,6997.345108157849,7056.511235762947,7045.215685565869,7045.656914521589,7052.404186346033,7092.145356806108,7127.061884858205,7135.205081195225
W53,1862.2361442141719,1885.1166288197442,1856.3507788977813,1934.0679984691255,1960.7008752327324,1989.1123988858076,2032.0365322442613,2010.78684737715,1985.9118552683908,1964.704170746781,1975.3251609556164,1972.7810751247225,1979.1063783837208
W54,2467.7089627311952,2439.2068317052044,2454.8526514326018,2457.0012561668473,2466.360796719784,2462.7693780441027,2470.145236759102,2464.2927233819137,2456.3761186411157,2448.459513900317,2440.542909159519,2432.626304418721,2424.709699677922
W55,5011.308002047352,4974.283836817758,4809.208476394957,4745.281708375454,4823.238738244249,4903.3233802828,4756.484886841054,4794.0962677316,4843.873145808389,4691.1783641712045,4426.392602205661,4544.319111367489,4908.971434883212
W56,3030.6002481491323,3104.1418368228256,3182.621815439298,3272.654682318635,3348.584989625475,3422.9359080234,3503.600294093846,3576.9097386478206,3633.882899683802,3656.1061995619443,3718.218539113343,3730.2197566873115,3791.4187408991984
W57,2047.87951951601,1993.527759978022,1881.9667417700855,1824.955501242441,1778.614542342831,1722.5105588092333,1691.4646975646367,1645.2845805354589,1581.9659251715077,1529.887886415209,1491.4170817284028,1452.2965681665219,1460.0308590633385
W58,3382.0999961846414,3519.6398419959437,3650.945865849942,3625.46594769491,3598.8483288619095,3593.355116513925,3582.9596201770137,3556.838725348804,3532.5332625493656,3572.9903072333354,3522.3853466776604,3466.0551995020983,3481.8821702210544
W59,2018.2195759416534,1561.9059528177156,1760.4940778547343,1815.9804994570527,1930.180045761536,2091.0428901256537,1368.209316822705,1694.187567999983,1388.7210285122899,1600.8338350637255,906.3581078687139,1299.943913278738,1729.3877478600893
W6,502.7140614657051,572.2194559226831,531.7686984581633,625.9648300831556,604.8980001422565,684.7591652143622,745.2343563448017,695.9554793356779,774.1186290350215,786.1895104458763,885.5538068927191,922.979168374341,1434.2652903659878
W60,8961.793398595797,8900.145087134248,8963.355255104856,8958.195455793339,8997.570105482608,9004.817874006121,9037.158211726355,9031.45221105616,9014.767300479725,8968.929548875858,8901.829071207792,8926.011445221595,8908.977806085388
W61,9931.980170633246,10158.361754180703,10629.008313391409,10629.797933465332,10365.90231010022,10111.462300199124,10023.889368829125,10093.683595627394,10272.10947693178,10716.707228444737,10637.790822587243,10346.715262460606,10125.038901086555
W62,7197.459073008749,7096.036980268072,7101.743931248533,7063.737384723262,7066.510177712971,7039.254574610066,7024.529321934075,7059.989694883043,7084.01891222633,7068.274868450775,7057.297675709881,7041.729814319307,7121.389223367358
W63,6003.393147238208,5862.032855410833,5871.856794695607,6005.737618977471,6008.113128524714,6018.553739222647,6122.985650075713,6123.547452143923,6179.884917077355,6179.586009776732,6025.893431066382,6025.344344097613,5736.634152039816
W64,14328.041054534386,12742.383355332542,12589.804329258031,13606.427239091981,14357.433516744863,13540.840185435798,12728.989662619137,12998.631013009734,13840.293076920552,14260.153570941236,12277.48175612108,12255.700598608091,12829.904953114881
W65,19691.153596194505,17444.435598055898,17803.076604188496,18563.4233288668,19323.225875196462,17687.963209341753,17439.286884779627,18320.50909752749,19532.1557909846,19854.265890168932,17406.549033688327,17526.228360583256,18379.610694887127
W66,7197.599139400123,7377.64060394428,7377.875393308311,7202.961274244687,7241.340444393538,7479.721611478746,7480.36463101801,7358.74548186335,7220.5215758686445,7406.876321180302,7440.013842459525,7357.720350011834,7229.252768649974
W67,13190.56816157951,13194.899664668592,13258.10220685874,13281.283259554575,13229.022411354104,13225.741765547282,13221.89152111387,13295.877134317352,13294.990445251113,13261.677990497332,13252.633311626807,13248.783067193397,13322.768680396877
W68,6927.6729412781115,6941.928751609154,6956.184561940194,6970.440372271234,6984.696182602276,6998.951992933316,7013.2078032643585,7027.463613595399,7041.719423926441,7055.975234257481,7070.231044588523,7084.4868549195635,7098.742665250606
W69,6935.414538105661,6949.820513121666,6964.226488137671,6978.632463153676,6993.0384381696795,7007.444413185684,7021.850388201689,7036.256363217694,7050.662338233699,7065.068313249704,7079.474288265709,7093.880263281714,7108.286238297719
W7,3177.6750582319532,3815.823167939621,3181.8354075884295,3488.013830470475,3388.01827816956,3143.2573114434545,3023.248101817038,3177.4681175910273,3566.312451402843,3585.7740825607216,3809.707593777125,4407.843675954706,3955.332345172925
W70,2571.419622608959,2572.327525589268,2559.798623622403,2533.832916708365,2534.740819688673,2522.211917721808,2496.24621080777,2497.154113788078,2484.6252118212137,2458.659504907175,2459.567407887484,2447.0385059206187,2421.0727990065807
W71,1942.3549905451277,1933.7478291529787,1926.6677441941474,1965.516687448314,1931.5830883672743,1949.9186734620616,1919.7699362171068,1797.1318326793203,1681.8276331008387,1659.8812255527107,1690.6886841941787,1660.9346270045608,1705.2946712777307
W72,1935.5425756080429,1900.3011968984242,1872.5576039511216,1850.5289254883005,1828.6844242085836,1809.3842296706634,1788.1781873860791,1765.0662973548306,1743.8602550702462,1724.5600605323261,1703.3540182477418,1680.2421282164933,1659.036085931909
W73,1889.3091039671745,1857.6005442891696,1807.728921220119,1836.9750715397315,1785.8694181938406,1801.118934207675,1693.2934590231007,1744.764029879433,1636.1540695956246,1727.9107096175376,1740.7792798653059,1769.9184269269217,1810.1999662434555
W74,3326.2449860895113,3237.609760445459,3093.5970706641356,3368.9693532062583,3001.0813432539444,3048.5896617035173,3185.7053599804626,3172.726684596184,3045.5689702496074,2953.8536484023216,3139.7050373990637,3194.6418828332526,3571.9073747702096
W75,24386.65907558429,24732.51290575798,24750.339335828114,24899.818995312795,26221.25752830832,25943.768270427012,25560.70077345342,25342.54585987408,24581.31659901356,24767.970212567456,24537.944810463254,24686.559102017192,24502.82384597148
W76,453.96784539930513,460.65689361555496,457.63455906342415,436.2543917290345,419.0563008938029,402.3963101950326,385.73631949626133,369.076328797491,352.41633809871973,335.7563473999494,319.09635670117905,302.4363660024078,285.77637530363745
W77,3992.5077787154596,4186.152747907457,4127.210432620045,4290.330566080749,4320.72910325414,4299.445822512301,4009.4655236008093,3833.6363194167616,3803.736496730733,3638.16711366585,3959.522839911479,4043.7131531266855,4081.304120210986
W78,3919.939829604026,3725.6297206256786,3764.766185785167,3354.367469656208,3550.1061060093452,3475.680097740847,3742.3860291610345,3782.7453424940695,3430.159937341907,3599.454347002999,3594.245503571024,3794.3448920769274,3732.870998994702
W79,1348.6017567793756,1302.8034236133167,1369.2886791470773,1486.3064236062207,1592.6131833094453,1690.4245847077395,1731.9298108340536,1704.871289866226,1699.6087888757627,1679.6395822544446,1664.0864839426936,1585.9517202811676,1573.2138549294116
W8,3121.5685377092955,3094.3491374597666,3451.1977006743127,3235.9365527384152,3402.8309607204096,2901.6745466195025,2285.264814975456,1940.4027395487462,2731.688438312787,2782.7304854122635,2709.8411937340625,3437.4529389701606,2907.840189331157
W80,1618.4349972174625,1713.5434111059385,1733.150147516041,1835.6573730538712,2012.0913247669146,2099.870051792515,2181.353310085522,2187.1389726148827,2308.1269169332218,2292.15270508081,2186.4448118418,2130.2071594023632,2043.2928587433344
W81,24636.598049679706,25225.34846228307,25384.958215910454,25173.014887423335,25024.449935062654,24525.12961643371,24545.29055541373,24623.616619048007,25791.259771377474,25468.587141496217,25528.272467084775,25093.89796397839,24842.88189525356
W82,4421.389563900507,4424.372528746096,4429.09528987717,4432.078254722759,4435.061219568348,4438.044184413937,4441.027149259526,4444.010114105115,4446.993078950703,4449.976043796292,4452.959008641881,4455.94197348747,4458.924938333059
W83,5986.798617176732,5995.917385917631,5996.582989000233,5986.8943812879825,5976.967318069987,5961.091207541778,5975.557963607962,6063.579668342277,6086.892504790811,6098.223809561088,6110.687218754042,6104.694559534908,6111.2690572417205
W84,5969.485089296062,5961.676820198661,5934.813978465471,5942.852929912371,5966.078431628506,6057.078012144319,6059.395898005462,6063.706039085691,6101.634779193495,6073.336753754798,6133.808375748858,6081.405105224794,6119.722685272327
W85,17253.13634490989,17281.083467026296,17303.942324009084,17307.81518662694,17263.679798535915,17246.90983008033,17180.198634755947,17113.238474212783,17058.806250513917,17015.661007035473,16987.491843728887,16969.85225585759,16963.07343487828
W86,17313.67804318916,17371.415898230935,17439.246070371355,17492.703315807546,17530.960778440796,17544.19684124642,17495.854522010897,17454.23552482639,17462.45573132977,17433.16316126376,17432.51842342433,17362.987104207707,17308.78810718779
W87,1084.0965333100185,1080.5464454121736,1076.9963575143288,1073.446269616484,1069.8961817186391,1066.346093820794,1062.7960059229492,1059.2459180251044,1055.6958301272596,1052.1457422294147,1048.59565433157,1045.0455664337248,1041.49547853588
W88,11949.74678385885,12055.120282408756,11957.064227446719,12062.437725996624,11964.818544086738,12069.755169584492,11972.135987674606,12077.07261317236,11979.453431262476,12084.390056760229,11986.770874850345,12091.707500348097,11994.088318438213
W89,1238.6592725068074,1253.2705024472893,1204.9411195919572,1205.391046092624,1228.7267432677481,1215.4278325122273,1148.973548188393,1284.446163951654,1304.3540587492098,1344.652141254151,1269.377668121079,1270.4276665640461,1325.5464441128652
W9,7471.524545506519,7725.423668315689,8229.485891463337,9006.173271562468,8977.93432831454,8589.845095442157,8818.875478313674,8775.245706103844,8853.039697866945,9316.499113575375,9963.273917249147,11035.633204440102,12171.24069451036
W90,1839.3566759598673,1856.880807358421,1855.3946605390443,1853.559528360134,1865.1809853953828,1883.5591628414877,1891.8643917332572,1864.7114849838783,1866.6207088848216,1887.6959779844778,1907.3703335393059,1895.9960797651079,1886.1745493876788
W91,19486.928996440558,19426.009666753467,19405.26033307441,19518.138909819172,19475.74160796392,19585.328980766702,19502.839128011507,19596.30001359183,19552.926192869116,19601.43253787397,19562.70386052414,19606.36640479629,19563.06263992364
W92,23547.084873522064,23542.793633611294,24207.974771302655,24327.823881450768,24398.07545258296,24926.31657870428,25306.53744415466,24937.16805647817,25266.66962722251,25172.34247513882,25150.8705967129,25122.654698558716,24953.17604504939
W93,1743.2793601341787,1756.7492610963777,1752.0923422646968,1738.3106459239998,1751.466840485717,1769.8640036237327,1752.3525823392395,1735.8388974527986,1741.600350690537,1751.5295514827005,1764.9699779937157,1747.8208336841903,1733.8532521692816
W94,1745.318202242677,1706.6634154254682,1752.0854265695716,1705.6304779103737,1719.0907248246501,1704.866855738444,1765.3579138503758,1786.4775683794696,1746.274789891152,1732.2196048774115,1777.9364225877375,1749.8861750801966,1761.1883556262214
W95,1668.8566865033858,1618.9109427400545,1653.0473394576707,1636.421673108201,1622.9921239252708,1631.0911336365982,1625.7401050954754,1616.0587744805573,1614.1891486261318,1611.6669978854916,1613.9927960472112,1602.4298813280823,1589.2863216649969
W96,11367.237032303643,11394.440032126917,11257.377195168438,11213.355806536942,11254.337441378722,11225.150905143964,11201.030055011544,11249.288806732076,11226.339799250534,11220.114103674952,11233.956538285765,11232.197356051338,11223.277721539102
W97,526.1285245701104,539.6128522733602,504.2132080181136,511.84711628075934,550.7073942272289,524.4691012669948,519.808567114947,506.39793836694616,513.8389855625385,503.8098842308739,494.0146494735104,481.8020424317549,470.28532738661806
W98,651.085091217476,673.5549852903391,668.7321690200338,656.1378607099628,635.7917166898333,637.042292481382,671.461993563421,657.729480308974,606.7211172165066,626.2622181630945,652.6991733882055,653.272536894181,646.5722307738001
W99,15097.692801436588,15106.098382319513,15124.299387739295,15132.704968622224,15141.110549505149,15149.516130388074,15157.921711271003,15166.327292153928,15174.732873036854,15183.138453919782,15191.544034802708,15199.949615685633,15208.355196568562
