9.781167594918208641e-01
1.875957277092083597e+00
6.463902391871131359e-01
4.721926477061822447e-01
6.561681922416422452e-01
9.848655789673862460e-01
8.177210740579592407e-01
7.202398044686333378e-01
9.007039457834220553e-01
5.949529614792425924e-01
1.200439766200300573e+00
5.986073312010758984e-01
2.082010556066821394e+00
7.042764355145711974e-01
1.177021905701375992e+00
1.076204172453202323e+00
1.943060211361818057e+00
4.716891089437646456e-01
4.254974883340132408e-01
7.484597931278579308e-01
9.485950685129300730e-01
5.105862818655834134e-01
1.312004468792326906e+00
4.900908938054642228e-01
5.185004904117206381e-01
2.279218540983786179e-01
1.205294450423209263e+00
9.884533769361335542e-01
7.584855808479129546e-01
1.005234001195935978e+00
4.889137402839516811e-01
5.581422150416779360e-01
8.448754524564900947e-01
1.653372754818363433e+00
9.938799256991727171e-01
4.484931831893087528e-01
5.416195890598455298e-01
1.654467826191401647e+00
4.956570844288127886e-01
1.983208400524170134e-01
3.929104180090638443e-01
1.762624379089988147e-01
4.551733162322442183e-01
6.702633326460952778e-01
2.746654849729370795e-01
1.806562354480200749e+00
3.465359450724326273e-01
3.403558588660822726e-01
3.950167877658376514e-01
1.204940138836434471e+00
4.985353359483789548e-01
7.606611600882704494e-01
4.465359935265026947e-01
2.397190278759585291e-01
5.564444181846608384e-01
6.925955590262120598e-01
8.459629218885670321e-01
5.721234956902276902e-01
1.290660897623045589e+00
5.357060428738243951e-01
9.093866464208110179e-01
4.255288630795268090e-01
1.289584075165557397e+00
4.807897200994393772e-01
6.509885077112185225e-01
2.704380934618276999e+00
4.894504357851268139e-01
5.975042277521199763e-01
1.185004889378572734e+00
1.111064603603020950e+00
1.057817508722027178e+00
4.331641610326452674e-01
4.873723132374777056e-01
3.591274382031976464e-01
4.682549403439139057e-01
3.545095429807814114e-01
1.258475620781586590e+00
4.998386635434551306e-01
1.004437131473229439e+00
9.399391388259996649e-01
1.643170290469283090e+00
7.248031024992420690e-01
5.926677310993221370e-01
1.917931619704602852e-01
8.881239678527895753e-01
7.048129775977375333e-01
7.092112485529566968e-01
7.519485730565278470e-01
8.589092105351234796e-01
6.982889831492492538e-01
5.624542997241807063e-01
1.009067237160928165e+00
2.325804832652892173e+00
5.618748233169378326e-01
6.102590085736959713e-01
6.497934870277842778e-01
6.119804012907830160e-01
2.909772450369206176e+00
4.292148058964238011e-01
1.276800471502081757e+00
5.917094580678958771e-01
5.035710415942209472e-01
4.477521009712260303e-01
6.449621817812167812e-01
5.396375739015821793e-01
6.092746005540281562e-01
8.227891292961169167e-01
8.117685763894919582e-01
5.377431136926742461e-01
6.363264388931451077e-01
6.391212750872956594e-01
1.452664556980979738e+00
8.489740496374501566e-01
6.936902022543610657e-01
6.149188568379403419e-01
2.330265686148146886e-01
9.863616955391559804e-01
5.095898617575838063e-01
6.330044395249819766e-01
6.100331547057064041e-01
6.281260627015766707e-01
5.269689851547624260e-01
1.380804556397379423e+00
7.544550446486775197e-01
1.091639997959157116e+00
7.852866615487367197e-01
1.110545953619326065e+00
1.347258240773865134e+00
5.824283131325518337e-01
6.791410360971162907e-01
6.766113405999197861e-01
4.858366854545306257e-01
3.914798258922805307e-01
9.480166183832646754e-01
2.334814763373186608e+00
3.836337835999424906e-01
5.399540955381464391e-01
8.528335395728795509e-01
4.895376215422341665e-02
1.366441126032225395e-01
5.823488773818989994e-01
4.647107210227215957e-01
1.348774232251459315e+00
4.978754919198645545e+00
1.127303613712260288e+00
8.117795485605127093e-01
2.457824948331384651e-01
9.317809153090510499e-01
7.604388931378919247e-01
1.730729169304421555e+00
6.862223457209781774e-01
5.909433675766920802e-01
4.563823866255123929e-01
1.152688791584637329e+00
6.900855782595334276e-01
7.803158500196104574e-01
1.423750481787532829e+00
8.641644029948779560e-01
3.669543263154888546e+00
2.237888477452182112e+00
6.499335253159386205e-01
5.249096762190894050e-02
6.477304596737812892e-01
7.312337407443985082e-01
1.780676655812264697e-01
1.616458404497674306e-01
1.815903443768013825e-01
1.183847582138505050e+00
1.926035034424606218e+00
6.471814315734424339e-01
6.708641163213370229e-01
9.782518531054988919e-01
2.483956022779531814e-01
3.779947108536604317e-01
1.168387229413662132e+00
4.758945807630500791e-01
6.271854262689227077e-01
7.217976003926711570e-01
5.015596956160212061e-01
1.330221752068316832e+00
2.605904771545969556e+00
2.057459518055023029e+00
1.113211781315137650e+00
1.237504322854699801e+00
8.521215378055300160e-01
9.682852963109325195e-01
2.890497989126269429e-01
1.982397515727858939e-01
5.860936233852901189e+00
8.357282842333754180e-01
5.125004760630548217e-01
3.174904856925114816e-01
1.359789854776068674e-01
5.582481517055688514e-01
1.393551258745008292e+00
1.592784277208783461e+00
1.280938787333286033e+00
1.311670039647638619e+00
5.950236193832119103e-01
1.489234896639176853e+00
9.819915276423732964e-01
7.113877369422467734e-01
5.093750674627083308e-01
1.149067731328353714e+00
6.748407805289514672e-01
1.124629289008874933e+00
8.253816276182149858e-01
1.084604614278038781e+00
1.170424526970780921e+00
1.241701682050664113e+00
1.410609353468729177e-01
6.140506001184423690e-01
7.667610999797070948e-01
9.707412380839535171e-01
8.130468408236353195e-01
6.489691528097399909e-01
8.587147465016952141e-01
6.042341332313808655e-01
1.104467245955380816e+00
6.126193399121355743e-01
7.964201479495229830e-01
5.731428513316216833e-01
1.042481565618373462e+00
1.003376857686702817e+00
5.683721559156845737e-01
7.383208392279265730e-01
5.216273955156238706e-01
1.043725307283668746e+00
6.464272721464796589e-01
1.140240877726695468e+00
5.497463569147230666e-01
4.728496921452297608e-01
1.090388173410526074e+00
4.648777925960934088e-01
1.009941521237297746e+00
9.502511833313872502e-01
9.349398447178242089e-01
1.323779508938045302e+00
1.564126607924751999e+00
1.035062930032335071e+00
1.873091621584602740e+00
2.241293619839392459e+00
5.735225888042400078e-01
8.246504883598498870e-01
4.314205170778739329e-01
1.098861675362520440e+00
7.537754610132646471e-01
3.084785359898891244e+00
6.205298537002270631e-01
4.714180772253690477e-01
8.999863099944349631e-01
2.633001648660091010e-01
7.867622699142198250e-01
1.171109839989157519e+00
1.122930901044881802e+00
8.318583349635532143e-01
3.543009068842977616e+00
9.046951061337251687e-01
1.243000327842086916e+00
3.796376975658672936e-01
1.501926511918367790e+00
6.461530765398035836e-01
7.206394153346794562e-01
3.520158136253275227e-01
1.309430912264289759e+00
6.084966653181143048e-01
6.926499286807563660e-01
1.790516893291415723e+00
7.579926171761838249e-01
1.507798913581290812e+00
1.808063594769296234e+00
1.769774585205366790e+00
8.150057405410048306e-01
1.242265242930968183e+00
1.094545175949416693e+00
8.037849757341074541e-01
8.814440558882041810e-01
2.991282456494505304e+00
1.264946848725191808e+00
1.442618944240911638e+00
3.646653282741803559e-01
9.667774214539436306e-01
8.001995800102567058e-01
1.646013527686113864e+00
9.280061037112962152e-01
1.142051539595530629e+00
7.130503441134100617e-01
4.583992515975323090e-01
4.216269018128777080e-01
1.492213865294266695e+00
5.728286671718799683e-01
1.318644068624809984e+00
3.437749598450396404e-01
1.096826426183547420e+00
6.681501344794062991e-01
1.068503296312111495e+00
8.108975849968286242e-01
9.859216785630671165e-01
7.267038769137235121e-01
1.225737351454471824e+00
2.996982479579717751e+00
1.088906124189308100e+00
9.470365967881245739e-01
7.987836321756814906e-01
6.855923733748339188e-01
1.019618750861105427e+00
9.363740409438677803e-01
1.319044486862203991e+00
1.523254313550775896e+00
7.800485588731294051e-01
9.004683444496022204e-01
7.951156059415639410e-01
1.032829952280825969e+00
1.114648846188234232e+00
1.168452221842377181e+00
5.521501793555502191e-01
7.188974122882118012e-01
1.039512271164880097e+00
1.326955643491706471e+00
1.197487089319946296e+00
1.381802685411327225e+00
8.488429570955134951e-01
9.007297035646629757e-01
9.787220651639272351e-01
1.074399085175038460e+00
6.548463376096734789e-01
8.994469587104462205e-01
1.489010398274580593e+00
1.270427835431880981e+00
1.799405219574406356e+00
1.172062074821530242e+00
1.075414678326072515e+00
1.705042713466139670e+00
2.521848233824003138e+00
7.892712679790054864e-01
1.444343336597223804e+00
1.092973995599625381e+00
5.920566460941860676e-01
7.182280340721113321e-01
7.796687485070050716e-01
1.115952546539380030e+00
5.262722855370646213e-01
1.046223691979633275e+00
2.030077558967849249e+00
9.447142505840111504e-01
1.403397330356451533e+00
1.099505513565675496e+00
6.033013640617862494e-01
9.760202889386377922e-01
1.156387172128464647e+00
7.226644250972984462e-01
7.621368798539550626e-01
9.489082294317797706e-01
1.773238526077021371e+00
1.116677624357687026e+00
1.027168448792405098e+00
9.444533526559711900e-01
1.479710075445109574e+00
2.297000928178791312e+00
2.035376087506022280e+00
6.321468546831267021e-01
6.401874210242455288e-01
9.548834739912903657e-01
6.312361309800893494e-01
8.244612818898970907e-01
6.939005184607434096e-01
1.068009577970567614e+00
8.475312324370654071e-01
1.209301543130152812e+00
9.067509845628837217e-01
1.118909053162956191e+00
4.100453452038050894e-01
8.288856955264705118e-01
9.423252500636329909e-01
9.958351080903972141e-01
8.271460185352975669e-01
5.311214902713028430e-01
1.952066483836857325e+00
8.655119237036127400e-01
1.380564342333943983e+00
5.689103507334927201e-01
9.327272826801836780e-01
1.243170082041098023e+00
9.677053155679323782e-01
7.883191911164142418e-01
1.208356075578188138e+00
5.750746613072014179e-01
9.357307956084556233e-01
7.177528571437822302e-01
1.349936760184638596e+00
5.473217512485099023e-01
9.005852775563950585e-01
7.068914763007815294e-01
7.269735266774066673e-01
1.062876749499398477e+00
1.160204025789159044e+00
6.163988009521838007e-01
8.727468098439888911e-01
1.450540519063023170e+00
1.334470559529796985e+00
2.486192819212722949e+00
3.912991322699973518e-01
1.106284067722541620e+00
1.327541008401621925e+00
6.447690906904017805e-01
6.617352196354949756e-01
1.029985923052723296e+00
7.870514250247755417e-01
8.669083300889024457e-01
9.758121304307352251e-01
1.842093174770605524e+00
7.665970104992380074e-01
4.612823221344323210e-01
6.517283582999154889e-01
