1.248955726623535156e+00 1.130151748657226562e-02
1.253594636917114258e+00 1.149010658264160156e-02
1.259758472442626953e+00 1.103210449218750000e-02
1.413582563400268555e+00 1.207780838012695312e-02
1.287040472030639648e+00 1.199841499328613281e-02
1.334787368774414062e+00 1.669645309448242188e-02
1.390689134597778320e+00 1.446056365966796875e-02
1.327833890914916992e+00 1.301670074462890625e-02
1.288075208663940430e+00 1.611590385437011719e-02
1.386174678802490234e+00 1.202249526977539062e-02
1.391373872756958008e+00 1.380801200866699219e-02
1.446150064468383789e+00 1.254105567932128906e-02
1.273228883743286133e+00 1.153397560119628906e-02
1.340331315994262695e+00 1.150250434875488281e-02
1.397081375122070312e+00 1.174616813659667969e-02
1.466328620910644531e+00 1.541686058044433594e-02
1.337813138961791992e+00 1.372623443603515625e-02
1.465827226638793945e+00 1.178836822509765625e-02
1.490724325180053711e+00 1.500439643859863281e-02
1.464551210403442383e+00 8.305788040161132812e-03
1.371957540512084961e+00 1.365542411804199219e-02
1.408613920211791992e+00 1.164746284484863281e-02
1.491058111190795898e+00 1.393318176269531250e-02
1.333385705947875977e+00 1.261830329895019531e-02
1.302739620208740234e+00 1.372933387756347656e-02
1.330906867980957031e+00 1.337504386901855469e-02
1.441014766693115234e+00 1.429748535156250000e-02
1.489089250564575195e+00 1.357316970825195312e-02
1.483073472976684570e+00 1.159691810607910156e-02
1.391627073287963867e+00 1.711201667785644531e-02
1.485835075378417969e+00 8.145570755004882812e-03
1.427924394607543945e+00 1.153182983398437500e-02
1.374357461929321289e+00 1.144719123840332031e-02
1.441666364669799805e+00 1.159119606018066406e-02
1.305943965911865234e+00 1.122164726257324219e-02
1.285533189773559570e+00 1.201701164245605469e-02
1.434846878051757812e+00 1.390147209167480469e-02
1.479780197143554688e+00 1.442599296569824219e-02
1.567368268966674805e+00 1.327347755432128906e-02
1.354975223541259766e+00 1.149249076843261719e-02
1.351829767227172852e+00 1.196718215942382812e-02
1.378068208694458008e+00 1.441025733947753906e-02
1.422396421432495117e+00 1.172447204589843750e-02
1.396113634109497070e+00 1.146268844604492188e-02
1.344840049743652344e+00 1.190209388732910156e-02
1.413919687271118164e+00 1.368498802185058594e-02
1.374250650405883789e+00 1.198983192443847656e-02
1.410144090652465820e+00 1.186752319335937500e-02
1.415582418441772461e+00 1.388478279113769531e-02
1.382268905639648438e+00 1.377415657043457031e-02
1.441112518310546875e+00 1.223349571228027344e-02
1.467752933502197266e+00 1.558494567871093750e-02
1.443175554275512695e+00 1.457762718200683594e-02
1.419751882553100586e+00 1.227283477783203125e-02
1.452931880950927734e+00 1.428675651550292969e-02
1.376748561859130859e+00 1.162624359130859375e-02
1.336104393005371094e+00 1.188564300537109375e-02
1.293703794479370117e+00 1.378321647644042969e-02
1.348422288894653320e+00 1.367521286010742188e-02
1.341173410415649414e+00 1.385307312011718750e-02
1.315541982650756836e+00 1.350617408752441406e-02
1.319243669509887695e+00 1.127815246582031250e-02
1.326041221618652344e+00 1.141595840454101562e-02
1.358390569686889648e+00 1.035261154174804688e-02
1.380740404129028320e+00 1.130056381225585938e-02
1.333336353302001953e+00 1.229357719421386719e-02
1.430222988128662109e+00 1.165246963500976562e-02
1.364534378051757812e+00 1.206684112548828125e-02
1.267799139022827148e+00 1.148128509521484375e-02
1.321733474731445312e+00 1.204538345336914062e-02
1.394814729690551758e+00 1.393365859985351562e-02
1.374268293380737305e+00 1.449871063232421875e-02
1.425273418426513672e+00 1.180386543273925781e-02
1.471943378448486328e+00 1.129817962646484375e-02
1.373474836349487305e+00 1.448702812194824219e-02
1.458815336227416992e+00 1.155471801757812500e-02
1.355111360549926758e+00 1.156568527221679688e-02
1.480230093002319336e+00 1.171731948852539062e-02
1.348328828811645508e+00 1.278901100158691406e-02
2.145750522613525391e+00 1.420378684997558594e-02
1.853775024414062500e+00 1.186060905456542969e-02
2.186525583267211914e+00 1.412248611450195312e-02
2.024202823638916016e+00 1.170611381530761719e-02
1.868280887603759766e+00 1.163768768310546875e-02
2.070124387741088867e+00 1.214146614074707031e-02
2.073503494262695312e+00 1.167392730712890625e-02
1.865148305892944336e+00 1.210212707519531250e-02
2.068547964096069336e+00 1.459884643554687500e-02
2.060825109481811523e+00 1.361727714538574219e-02
1.261478185653686523e+00 1.324605941772460938e-02
1.968189954757690430e+00 1.377201080322265625e-02
2.175209760665893555e+00 1.471710205078125000e-02
2.263439893722534180e+00 1.191687583923339844e-02
2.075884580612182617e+00 1.171040534973144531e-02
2.042312860488891602e+00 1.186990737915039062e-02
2.020207881927490234e+00 1.197957992553710938e-02
2.068952322006225586e+00 1.235222816467285156e-02
2.121045351028442383e+00 1.150655746459960938e-02
2.024639129638671875e+00 1.170039176940917969e-02
1.983964681625366211e+00 1.141262054443359375e-02
1.395343780517578125e+00 1.152849197387695312e-02
1.918154001235961914e+00 1.206707954406738281e-02
2.105886697769165039e+00 1.230692863464355469e-02
2.085065841674804688e+00 1.392316818237304688e-02
2.037409543991088867e+00 1.466178894042968750e-02
2.029211759567260742e+00 1.155281066894531250e-02
1.900578022003173828e+00 1.159381866455078125e-02
2.122713088989257812e+00 1.320624351501464844e-02
2.021153688430786133e+00 1.137256622314453125e-02
2.020008563995361328e+00 1.165890693664550781e-02
2.060950994491577148e+00 1.368594169616699219e-02
1.401913404464721680e+00 1.125860214233398438e-02
1.258686542510986328e+00 1.142907142639160156e-02
2.028105020523071289e+00 1.151943206787109375e-02
2.096152067184448242e+00 1.215887069702148438e-02
1.863271236419677734e+00 1.161217689514160156e-02
2.078523159027099609e+00 1.178741455078125000e-02
1.967950105667114258e+00 1.143932342529296875e-02
1.929398298263549805e+00 1.199579238891601562e-02
2.064990997314453125e+00 1.202940940856933594e-02
1.981462478637695312e+00 1.452255249023437500e-02
2.048515558242797852e+00 1.372528076171875000e-02
2.104664564132690430e+00 1.389503479003906250e-02
1.369392156600952148e+00 1.181840896606445312e-02
1.974101781845092773e+00 1.146483421325683594e-02
2.025580883026123047e+00 1.135349273681640625e-02
2.095716953277587891e+00 1.217889785766601562e-02
1.928060293197631836e+00 1.190567016601562500e-02
1.962957620620727539e+00 1.417064666748046875e-02
2.029065608978271484e+00 1.172995567321777344e-02
1.968129396438598633e+00 1.236367225646972656e-02
1.968600511550903320e+00 1.373553276062011719e-02
1.940857410430908203e+00 1.149582862854003906e-02
1.947754859924316406e+00 1.158523559570312500e-02
1.338446617126464844e+00 1.089954376220703125e-02
2.029500722885131836e+00 1.192283630371093750e-02
1.933519363403320312e+00 1.140165328979492188e-02
2.098264217376708984e+00 1.222109794616699219e-02
1.860050916671752930e+00 1.165986061096191406e-02
1.867580175399780273e+00 1.383805274963378906e-02
2.062150239944458008e+00 1.227545738220214844e-02
1.970364809036254883e+00 1.286053657531738281e-02
2.008460998535156250e+00 1.166224479675292969e-02
1.883721590042114258e+00 1.303315162658691406e-02
2.012212991714477539e+00 1.366043090820312500e-02
1.333994626998901367e+00 1.189804077148437500e-02
1.789329767227172852e+00 1.152276992797851562e-02
2.125090599060058594e+00 1.168990135192871094e-02
2.155440330505371094e+00 1.607632637023925781e-02
2.137360334396362305e+00 1.316785812377929688e-02
1.987146139144897461e+00 1.269745826721191406e-02
2.089296579360961914e+00 1.475024223327636719e-02
1.960470914840698242e+00 1.189422607421875000e-02
2.028372764587402344e+00 1.181435585021972656e-02
2.064660787582397461e+00 1.230788230895996094e-02
2.002031803131103516e+00 1.192116737365722656e-02
1.361508369445800781e+00 1.103878021240234375e-02
2.304919719696044922e+00 1.174974441528320312e-02
2.264920234680175781e+00 1.154708862304687500e-02
2.159043550491333008e+00 1.277685165405273438e-02
1.928328275680541992e+00 1.238584518432617188e-02
2.407502651214599609e+00 1.410722732543945312e-02
1.938760519027709961e+00 1.128196716308593750e-02
1.908768653869628906e+00 1.190423965454101562e-02
1.876903295516967773e+00 1.132678985595703125e-02
1.883754253387451172e+00 1.171135902404785156e-02
1.808108568191528320e+00 1.213908195495605469e-02
1.327476263046264648e+00 1.178860664367675781e-02
1.963418245315551758e+00 1.374006271362304688e-02
1.977118253707885742e+00 1.180171966552734375e-02
1.991207361221313477e+00 1.174354553222656250e-02
2.061734914779663086e+00 1.397299766540527344e-02
1.882401227951049805e+00 1.342558860778808594e-02
1.883323669433593750e+00 1.295518875122070312e-02
1.992415189743041992e+00 1.166343688964843750e-02
2.162330389022827148e+00 1.361107826232910156e-02
2.096127271652221680e+00 1.260805130004882812e-02
2.030142068862915039e+00 1.147556304931640625e-02
1.281749725341796875e+00 1.321148872375488281e-02
2.022639036178588867e+00 1.172971725463867188e-02
1.830934524536132812e+00 1.119589805603027344e-02
2.168435573577880859e+00 1.423525810241699219e-02
1.968580722808837891e+00 1.180982589721679688e-02
2.224096536636352539e+00 1.437854766845703125e-02
2.097243070602416992e+00 1.190805435180664062e-02
2.150464057922363281e+00 1.162219047546386719e-02
1.860061407089233398e+00 1.167082786560058594e-02
1.854598999023437500e+00 1.206398010253906250e-02
2.021059513092041016e+00 1.231360435485839844e-02
1.347639083862304688e+00 1.192450523376464844e-02
2.015801429748535156e+00 1.229405403137207031e-02
1.947495222091674805e+00 1.407670974731445312e-02
2.105419635772705078e+00 1.260185241699218750e-02
2.093313932418823242e+00 1.158761978149414062e-02
2.115543842315673828e+00 1.357960700988769531e-02
2.065421342849731445e+00 1.246666908264160156e-02
2.054144859313964844e+00 1.109385490417480469e-02
2.016842126846313477e+00 1.172232627868652344e-02
1.943909883499145508e+00 1.160573959350585938e-02
2.011271476745605469e+00 1.177453994750976562e-02
1.278343200683593750e+00 1.110982894897460938e-02
1.943296194076538086e+00 1.387596130371093750e-02
1.952981710433959961e+00 1.164436340332031250e-02
2.014686822891235352e+00 1.177453994750976562e-02
2.159312486648559570e+00 1.316523551940917969e-02
1.921297311782836914e+00 1.323914527893066406e-02
1.998213529586791992e+00 1.397466659545898438e-02
2.092844963073730469e+00 1.178216934204101562e-02
1.961624622344970703e+00 1.208186149597167969e-02
2.119675159454345703e+00 1.370978355407714844e-02
1.853826522827148438e+00 1.191711425781250000e-02
1.350787878036499023e+00 1.429724693298339844e-02
1.898499011993408203e+00 1.163864135742187500e-02
1.931078672409057617e+00 1.108503341674804688e-02
2.099070549011230469e+00 1.196956634521484375e-02
2.148180007934570312e+00 1.214337348937988281e-02
1.969192743301391602e+00 1.176095008850097656e-02
2.081382989883422852e+00 1.119685173034667969e-02
1.997200250625610352e+00 1.399946212768554688e-02
2.009405374526977539e+00 1.246953010559082031e-02
2.125702381134033203e+00 1.206779479980468750e-02
2.040141105651855469e+00 1.171326637268066406e-02
1.403870582580566406e+00 1.423454284667968750e-02
1.312754392623901367e+00 1.169729232788085938e-02
2.038642644882202148e+00 1.408195495605468750e-02
2.045123100280761719e+00 1.264476776123046875e-02
2.038906097412109375e+00 1.143002510070800781e-02
1.957840204238891602e+00 1.334214210510253906e-02
2.057351589202880859e+00 1.312351226806640625e-02
2.087267637252807617e+00 1.231479644775390625e-02
1.968872070312500000e+00 1.189947128295898438e-02
1.955269813537597656e+00 1.110672950744628906e-02
2.084154129028320312e+00 1.134228706359863281e-02
1.986241579055786133e+00 1.401376724243164062e-02
1.242540121078491211e+00 1.139640808105468750e-02
2.037681818008422852e+00 1.461291313171386719e-02
1.950027704238891602e+00 1.191878318786621094e-02
1.843589544296264648e+00 1.390123367309570312e-02
2.105513095855712891e+00 1.292967796325683594e-02
2.138375520706176758e+00 1.328659057617187500e-02
2.003511905670166016e+00 1.221346855163574219e-02
2.005930900573730469e+00 1.181507110595703125e-02
1.974072694778442383e+00 1.176667213439941406e-02
2.024080514907836914e+00 1.379656791687011719e-02
2.178317546844482422e+00 1.193404197692871094e-02
1.229398250579833984e+00 1.173114776611328125e-02
2.076124429702758789e+00 1.465630531311035156e-02
2.037563323974609375e+00 1.135301589965820312e-02
2.032713651657104492e+00 1.219654083251953125e-02
2.017954111099243164e+00 1.402401924133300781e-02
2.030556917190551758e+00 1.198768615722656250e-02
1.897328138351440430e+00 1.162791252136230469e-02
1.984917640686035156e+00 1.214098930358886719e-02
2.105136156082153320e+00 1.141810417175292969e-02
1.961982727050781250e+00 1.414680480957031250e-02
1.959977865219116211e+00 1.161289215087890625e-02
1.296723604202270508e+00 1.171898841857910156e-02
2.165923357009887695e+00 1.232862472534179688e-02
2.033960580825805664e+00 1.139593124389648438e-02
2.173079729080200195e+00 1.285529136657714844e-02
2.173529386520385742e+00 1.175498962402343750e-02
2.137204408645629883e+00 1.213097572326660156e-02
1.999851942062377930e+00 1.115250587463378906e-02
2.036163806915283203e+00 1.148676872253417969e-02
2.344781637191772461e+00 1.486277580261230469e-02
2.137706041336059570e+00 1.423788070678710938e-02
1.919638872146606445e+00 1.109504699707031250e-02
1.343946695327758789e+00 1.138925552368164062e-02
2.097928285598754883e+00 1.398611068725585938e-02
2.015877246856689453e+00 1.353549957275390625e-02
2.071523904800415039e+00 1.469635963439941406e-02
2.016584634780883789e+00 1.312947273254394531e-02
2.044127702713012695e+00 1.223444938659667969e-02
2.017480850219726562e+00 1.178479194641113281e-02
1.937566518783569336e+00 1.210713386535644531e-02
2.100843667984008789e+00 1.322317123413085938e-02
2.010156869888305664e+00 1.389360427856445312e-02
1.980756759643554688e+00 1.466560363769531250e-02
1.360710144042968750e+00 1.151442527770996094e-02
2.038701295852661133e+00 1.148653030395507812e-02
1.989989519119262695e+00 1.204895973205566406e-02
2.094835042953491211e+00 1.227402687072753906e-02
2.065361738204956055e+00 1.178002357482910156e-02
2.067544698715209961e+00 1.408076286315917969e-02
2.198626518249511719e+00 1.249122619628906250e-02
2.081437110900878906e+00 1.191544532775878906e-02
2.052541971206665039e+00 1.258349418640136719e-02
2.087596178054809570e+00 1.197719573974609375e-02
2.245290040969848633e+00 1.412177085876464844e-02
1.210772275924682617e+00 1.090407371520996094e-02
2.046084165573120117e+00 1.164555549621582031e-02
2.027697801589965820e+00 1.135921478271484375e-02
2.024003028869628906e+00 1.115798950195312500e-02
2.048645734786987305e+00 1.139307022094726562e-02
2.173593044281005859e+00 1.476407051086425781e-02
2.250150203704833984e+00 1.189827919006347656e-02
2.166794061660766602e+00 1.166343688964843750e-02
2.038725614547729492e+00 1.215314865112304688e-02
2.154190778732299805e+00 1.368021965026855469e-02
2.281163454055786133e+00 1.172590255737304688e-02
1.318725824356079102e+00 1.171255111694335938e-02
2.165300846099853516e+00 1.479864120483398438e-02
2.183820962905883789e+00 1.195740699768066406e-02
2.062007427215576172e+00 1.244020462036132812e-02
2.023713827133178711e+00 1.494479179382324219e-02
2.119711160659790039e+00 1.157426834106445312e-02
1.933429241180419922e+00 1.169347763061523438e-02
2.020868539810180664e+00 1.246476173400878906e-02
2.108300209045410156e+00 1.213622093200683594e-02
2.155375242233276367e+00 2.351951599121093750e-02
1.976012229919433594e+00 1.075267791748046875e-02
1.294850587844848633e+00 1.409101486206054688e-02
2.015032768249511719e+00 1.233172416687011719e-02
1.973078966140747070e+00 1.155400276184082031e-02
2.220215320587158203e+00 1.465868949890136719e-02
2.112198114395141602e+00 1.170849800109863281e-02
1.972089290618896484e+00 1.160383224487304688e-02
2.037891626358032227e+00 1.254463195800781250e-02
2.252208948135375977e+00 1.204252243041992188e-02
2.074867010116577148e+00 1.127219200134277344e-02
2.113066434860229492e+00 1.207661628723144531e-02
2.212655067443847656e+00 1.182985305786132812e-02
1.335990190505981445e+00 1.119375228881835938e-02
2.151791810989379883e+00 1.167464256286621094e-02
2.178131103515625000e+00 1.150536537170410156e-02
2.011168479919433594e+00 1.135635375976562500e-02
2.070018053054809570e+00 1.134514808654785156e-02
2.176136493682861328e+00 1.200938224792480469e-02
2.160657882690429688e+00 1.472783088684082031e-02
2.171646118164062500e+00 1.153016090393066406e-02
2.173384666442871094e+00 1.377987861633300781e-02
2.082896232604980469e+00 1.151514053344726562e-02
2.237023591995239258e+00 1.167917251586914062e-02
1.582604885101318359e+00 1.135206222534179688e-02
1.325257539749145508e+00 1.144719123840332031e-02
2.021831512451171875e+00 1.383852958679199219e-02
2.005679130554199219e+00 1.233744621276855469e-02
2.001762628555297852e+00 1.164817810058593750e-02
2.031718492507934570e+00 1.237249374389648438e-02
2.138328790664672852e+00 1.583147048950195312e-02
2.115375995635986328e+00 1.298451423645019531e-02
2.061662197113037109e+00 1.152205467224121094e-02
2.174411773681640625e+00 1.165056228637695312e-02
2.108553886413574219e+00 1.134967803955078125e-02
2.144088268280029297e+00 1.292991638183593750e-02
1.324125766754150391e+00 1.191067695617675781e-02
1.949416160583496094e+00 1.391530036926269531e-02
2.218192577362060547e+00 1.154780387878417969e-02
2.197109460830688477e+00 1.408410072326660156e-02
2.088056087493896484e+00 1.222777366638183594e-02
2.071993350982666016e+00 1.189017295837402344e-02
1.280052423477172852e+00 1.119709014892578125e-02
1.307614564895629883e+00 1.171255111694335938e-02
1.287922620773315430e+00 1.153349876403808594e-02
1.293226480484008789e+00 1.146602630615234375e-02
1.303519010543823242e+00 1.161742210388183594e-02
1.385663747787475586e+00 1.089954376220703125e-02
1.401757478713989258e+00 1.141691207885742188e-02
1.332189321517944336e+00 1.118612289428710938e-02
1.284899234771728516e+00 1.087665557861328125e-02
1.201708793640136719e+00 1.244592666625976562e-02
1.272120952606201172e+00 1.178216934204101562e-02
1.342901468276977539e+00 1.398396492004394531e-02
1.402125835418701172e+00 1.489281654357910156e-02
1.246631383895874023e+00 1.094245910644531250e-02
1.402747631072998047e+00 1.143813133239746094e-02
1.302589178085327148e+00 1.271128654479980469e-02
1.435253381729125977e+00 1.144027709960937500e-02
1.383730649948120117e+00 7.532596588134765625e-03
1.471236944198608398e+00 1.404404640197753906e-02
1.316388607025146484e+00 1.193070411682128906e-02
1.308024406433105469e+00 1.302266120910644531e-02
1.313870191574096680e+00 1.188802719116210938e-02
1.310467720031738281e+00 1.140141487121582031e-02
1.390452623367309570e+00 1.130485534667968750e-02
1.362809658050537109e+00 1.243615150451660156e-02
1.343559503555297852e+00 1.148176193237304688e-02
1.293477058410644531e+00 1.147699356079101562e-02
1.297842264175415039e+00 1.159381866455078125e-02
1.261906862258911133e+00 1.105594635009765625e-02
1.386740207672119141e+00 1.377439498901367188e-02
1.297282457351684570e+00 1.145958900451660156e-02
1.370615482330322266e+00 1.144123077392578125e-02
1.386319637298583984e+00 1.122951507568359375e-02
1.304787158966064453e+00 1.116061210632324219e-02
1.338219881057739258e+00 7.447957992553710938e-03
1.374699115753173828e+00 1.125431060791015625e-02
1.284100055694580078e+00 1.118087768554687500e-02
1.311837196350097656e+00 7.770061492919921875e-03
1.334243297576904297e+00 8.407115936279296875e-03
1.346077442169189453e+00 1.200652122497558594e-02
1.261309862136840820e+00 7.917642593383789062e-03
1.262242555618286133e+00 1.127433776855468750e-02
1.396015882492065430e+00 7.392883300781250000e-03
1.253434181213378906e+00 7.855176925659179688e-03
1.300706386566162109e+00 8.154392242431640625e-03
1.284859895706176758e+00 1.135277748107910156e-02
1.302368164062500000e+00 7.953166961669921875e-03
1.195631980895996094e+00 7.795095443725585938e-03
1.239748239517211914e+00 8.528947830200195312e-03
1.172806024551391602e+00 1.115274429321289062e-02
1.167968273162841797e+00 7.547140121459960938e-03
1.136012315750122070e+00 7.719993591308593750e-03
1.124668121337890625e+00 7.935047149658203125e-03
1.158790111541748047e+00 7.711172103881835938e-03
1.172230482101440430e+00 7.232189178466796875e-03
1.122371912002563477e+00 6.790399551391601562e-03
1.037692308425903320e+00 6.464004516601562500e-03
9.199569225311279297e-01 6.591558456420898438e-03
9.801409244537353516e-01 6.703615188598632812e-03
1.014226436614990234e+00 6.768703460693359375e-03
9.458243846893310547e-01 6.982803344726562500e-03
9.524013996124267578e-01 7.221937179565429688e-03
8.864068984985351562e-01 6.633520126342773438e-03
