5.576339591637579501e-02
4.417436855931955453e-02
9.909733346510778140e-02
4.170884417763448537e-02
6.701719863199512295e-02
5.114566911232295426e-02
7.310181381063855788e-02
6.791015113437244566e-02
4.618587215685399094e-02
2.544169559340586292e-02
2.361515104518586705e-01
2.555788304335096517e-02
1.028196163254527784e-01
2.715092687204180913e-02
1.099718228439886675e-01
8.108263217185747440e-02
7.282889517041830907e-02
2.504962941870291990e-02
3.895651638649236248e-02
4.972871891144203804e-02
7.422790551420062333e-02
5.230411051836816178e-02
1.915954174107700192e-01
2.860063640819884845e-02
2.536051141392421313e-02
7.564150724420692223e-03
5.597904895158273275e-02
1.372158319832642304e-01
2.869982402622514028e-01
2.617688746999373151e-01
1.819255765999063801e-01
1.609863382470081150e-01
3.298036176926427143e-01
3.820196322351921414e-01
6.070158298904221317e-02
6.624582694562788365e-01
2.008417041197828878e-01
6.338838344304368322e-01
2.690019080697553799e-01
3.015182218798017066e-01
3.104289268964253168e-01
1.044448593504401918e-01
1.399950395774498257e-01
1.653610698633798670e-01
1.024445033198389393e-01
8.431753357322606390e-02
1.491108158590961630e-01
1.970685520568105364e-01
1.666701439572318977e-01
4.739706197877326943e-01
3.082249425204978688e-01
1.997989480528632178e-01
1.943057354180704188e-01
1.225048885939950399e-01
3.066640106068213023e-01
2.579546155491935777e-01
4.601156652677664688e-02
2.523041364902050554e-01
3.961722677968563811e-01
4.321909127753436053e-01
3.419632359159468504e-01
2.537985505834752797e-01
6.206351827947479416e-01
1.751464095163455248e-01
2.574570435225007614e-01
6.098909106283945114e-01
2.250604384675198022e-01
3.282781824279112221e-02
3.280566086333981946e-01
2.955364467568069586e-01
5.871267311844997616e-01
1.811129965773965733e-01
1.381628146822546643e-01
1.533166631645954403e-01
1.849803342089759717e-01
1.096635985373439759e-01
4.666234347156521522e-01
1.372045501126293032e-01
2.297560947170276466e-02
7.377925730917397375e-03
3.427936582325350617e-02
5.078439754095660612e-03
3.941685138016106683e-03
7.785804411800870649e-03
6.277732765333220687e-03
5.593979868250088805e-03
5.904477340937209877e-03
5.053379249630642750e-03
6.476823900894708268e-03
2.895948968198376952e-02
4.540824335269392706e-03
5.615422061085686978e-03
1.679159491796087958e-03
4.277150634751493083e-03
4.000603737020928807e-03
5.221790365066301433e-03
5.190509109187281880e-03
1.628721563461460941e-03
3.342937944861491817e-03
8.955469621950021622e-03
2.997207690373352926e-02
3.332998506052594571e-03
3.531165085196393081e-03
4.217237336329086525e-03
3.882262677397719988e-03
4.364778521526118012e-03
6.872561245829714345e-03
5.608318876400806251e-03
3.861117101278244753e-03
4.740474696258676311e-03
5.355882941417716529e-03
9.260750965597237816e-02
5.200459685013025801e-02
5.369980324759319155e-03
4.792545194410906262e-03
7.739211436461355953e-03
7.778802473304993748e-03
3.366558860162885761e-03
3.794565966396970871e-03
4.919475598492308206e-03
5.215705217503692308e-03
3.591404268227645687e-03
7.453093325570429167e-03
3.541358603049126613e-02
8.003020013750722361e-03
5.957027068628555251e-03
8.740756948895664000e-03
6.674516615634781998e-03
3.786141897223033962e-03
4.538724250028453727e-03
5.629572928878637424e-03
3.458839711679588536e-03
2.796480103277897145e-03
5.224333093396972723e-03
5.988012612767171922e-02
2.646759232335400749e-03
3.963102620955298062e-03
1.345375785221921972e-01
1.067511426789604680e-02
7.292371057112536671e-03
3.978535022196328166e-03
3.176797726031653068e-03
9.729297767333520974e-03
5.164760590014797620e-02
7.399694790359896517e-03
6.771986772066906912e-02
1.076193908916284712e-02
7.080246490462641096e-03
5.234381901495066720e-03
8.942764602313272790e-03
4.392283001538551702e-03
3.435163243654733300e-03
2.607374036116667793e-03
4.906555923230326334e-03
4.097677451436877553e-03
5.735228568022636940e-03
9.883202883189186327e-02
8.595573334115817754e-02
3.535641626892177883e-03
5.098601531302426014e-03
5.101798573356648020e-03
7.597306925371490223e-03
4.989142603386139026e-03
5.551618671966475869e-03
1.120164277733026216e-02
6.169194527155985770e-03
9.960980541866728058e-03
6.152864502528889584e-02
1.293563838561038494e-02
5.363795138666433565e-03
5.448259125469871907e-03
6.201215794505090563e-03
2.455794623790703846e-03
1.597557332826001278e-02
6.846508945105758692e-03
3.609765711780376415e-03
4.737572808324847819e-03
5.529989390825630451e-03
3.550118734256264147e-02
1.006611676123627015e-02
4.147028837027966208e-02
5.880114220072569196e-03
7.391366804566594680e-03
3.957949676656389443e-03
5.714845844877011749e-03
2.400418756413867823e-03
1.194003225454489357e-02
9.158492773067834422e-03
6.147935171370332193e-03
5.230155994403071218e-02
3.987644367727961187e-03
2.714844421447827269e-02
2.616708306504665280e-02
4.505489827098645324e-03
5.254010934114312741e-03
7.464814274860435798e-03
6.444379652631216510e-03
9.183618347764070308e-03
3.003154859400291882e-03
8.378939554236986345e-03
5.179466802539766518e-02
3.667051872746285995e-03
4.191046627251136802e-03
5.420236523527764694e-03
5.319840392781510600e-03
7.060469844165149882e-03
5.684113197749625888e-03
6.792625573573157771e-03
5.713812931709423559e-03
7.550726510814863290e-03
1.064838830652385659e-02
4.114719836213953652e-02
6.948037002253969370e-03
6.101922787591649959e-03
5.797691857811083233e-03
4.240278490176833254e-03
6.125510299477309080e-03
3.809980645577045518e-03
7.425298402126047186e-03
4.640315799201853025e-03
6.448318032991705480e-03
4.166991881039344876e-03
5.662012965462113329e-02
4.997741995814621724e-02
4.590325893381762799e-03
5.450115853589831798e-03
3.771431406577446192e-03
6.959619148153614598e-03
5.074679375096312860e-03
8.497406192742201422e-03
4.744454946861242570e-03
3.869085058936817204e-03
8.801721842224640921e-03
3.553106354887036310e-03
4.450851016695262646e-02
6.953909752995397243e-03
7.688646910039404446e-03
1.048330053360706227e-02
9.664737610499145662e-03
5.325061949676465796e-03
4.589538227509854483e-03
1.058665584923584348e-02
5.025264844187579856e-03
4.996515643752097620e-03
2.890189563803411982e-03
4.791103471021812554e-02
4.035523185277527757e-03
3.871026897595772950e-03
4.567493544870546845e-03
3.732465896417761549e-03
5.589016093844091822e-03
1.199372797471691399e-02
4.093144649303561387e-03
9.081401090469102058e-03
8.735251977103980492e-03
2.470341842925618536e-01
1.640377680738706878e-01
2.620593937558973741e-01
2.015389606489857710e-01
9.945319429070675898e-02
3.452183582179151888e-01
1.275460459317796502e-01
2.237544954179853940e-01
1.616958362161282359e-01
3.356719662540213478e-01
1.560293280053467180e-01
3.701685491266346051e-01
4.844780242402609710e-02
2.765763330735557801e-01
4.135830354594327574e-01
3.379676275982917422e-01
3.519988188571465115e-01
2.147492980401148888e-01
3.948620230437633327e-01
4.067461404978325867e-01
2.799665900086369397e-01
2.315395380450822882e-01
1.015474901134465258e+00
5.209752947622634661e-02
2.782844378069143088e-01
1.713690482863259312e-01
1.932863378516446462e-01
1.788383267053523518e-01
3.628663332961352128e-01
1.821327792956740355e-01
2.318681690681424212e-01
1.478922921270107993e-01
1.912104500710740673e-01
1.120636268734003238e-01
9.029708931953893403e-02
2.552360465078225005e-01
3.584076226436028745e-01
9.410413285164698216e-02
2.484019481636984272e-01
1.366714148304164211e-01
1.765852813014819611e-01
3.004213890529137121e-01
2.475555073560251340e-01
1.493382649607630508e-01
3.137227906618973994e-01
2.446607286545615378e-01
3.698054291603576904e-01
2.183765431542222801e-01
1.908969392956628430e-01
1.925273292338815223e-01
1.656799112984280453e-01
2.451519987045192861e-01
2.133659466502841051e-01
3.660021784569636449e-01
1.925048997914975413e-01
2.438820958946280870e-01
4.395514660157023856e-02
2.011121328705565980e-01
2.339765812618684604e-01
2.814559997480469700e-01
1.374868603155800506e-01
2.648618709641096802e-01
2.630157920153188278e-01
2.904417137330566057e-01
3.068793918989239367e-01
3.702724572660856528e-01
1.939989190982808476e-01
4.540614399157139741e-02
2.031575773520274686e-01
2.340828399338855670e-01
1.170837102024211290e-01
2.061975682540768406e-01
4.415273507692318300e-01
2.419132061110863541e-01
2.989698409418828362e-01
4.201630190974877110e-01
1.982941483899706425e-01
3.518498499628976983e-01
1.403985285877979161e-01
3.266678991501093671e-02
3.506648273958043460e-01
2.104148574726496523e-01
1.680221750116452917e-01
1.746193046487527767e-01
1.978430915024607939e-01
2.632669935415787865e-01
1.268326828927397176e-01
3.008560185350570571e-01
5.415791319214426913e-01
2.004503753348715611e-01
8.074195928065769357e-02
2.422000060496443119e-01
1.274494197413181540e-01
2.256440982206885104e-01
2.114990763890981229e-01
3.308410339586986826e-01
3.303857891305086308e-02
4.355157558987169525e-02
8.213466151468100385e-02
4.914230788209186102e-02
7.997113298061249431e-02
4.109069829159221060e-02
8.576656245456765193e-02
1.045977755704484702e-01
1.460493307622097447e-01
3.176783213195036315e-02
5.040539449417066192e-02
5.723333356357792473e-02
3.720702882714987253e-02
5.894171210036037306e-02
2.797326202376587689e-02
5.533271455191707960e-02
2.897567393358870327e-02
5.388845951271568208e-02
3.995061674000494056e-02
3.886382354811381001e-02
3.992587399107202367e-02
7.688109880750436387e-02
2.105487788745461220e-01
3.164831247764803013e-02
7.173243428582856684e-02
4.526983955161417716e-02
1.253149268214920897e-01
3.763046622597977786e-02
6.727148657976372848e-02
8.897359250282686760e-02
4.183946711443381483e-02
8.377174854636330881e-02
5.527456955668707400e-02
1.916996335756643022e-01
1.627798822717680116e-01
9.417566422129670933e-02
5.220782968469588753e-02
1.305783071420247576e-01
1.750808556880427691e-01
1.390889948152143098e-02
3.711693556348807932e-02
3.480638609563057456e-02
3.629123101134763135e-02
6.818614742690543018e-02
5.488661870884422450e-02
1.605025065337127854e-01
6.324086540455253758e-02
2.270639571747942453e-01
1.500296451499459338e-01
2.483341016832805170e-01
1.910605178541169638e-02
1.171820308775943925e-01
6.633489008893091177e-02
4.258278633523132628e-02
4.416984999987599858e-02
9.180681630065427867e-02
4.720629433334150998e-02
3.871946621080687295e-02
4.347359544692571548e-02
1.133314035675781484e-01
2.533316545254440944e-02
3.225627553779194384e-02
3.659935711765909677e-02
