1.774148702621459961e+00 4.910230636596679688e-03
7.561337947845458984e-01 5.940914154052734375e-03
2.390245437622070312e+00 6.222248077392578125e-03
3.380603790283203125e-01 5.221128463745117188e-03
2.674314022064208984e+00 5.033969879150390625e-03
2.583539009094238281e+00 5.244970321655273438e-03
3.222508430480957031e-01 5.431175231933593750e-03
2.248242616653442383e+00 4.917621612548828125e-03
5.412979125976562500e-01 6.096601486206054688e-03
2.322437763214111328e+00 5.032777786254882812e-03
2.270423889160156250e+00 5.937099456787109375e-03
2.352345705032348633e+00 5.773544311523437500e-03
9.713814258575439453e-01 5.759000778198242188e-03
2.653498649597167969e-01 5.160093307495117188e-03
3.848047256469726562e-01 5.843639373779296875e-03
2.580700874328613281e+00 5.481481552124023438e-03
1.102500438690185547e+00 6.190299987792968750e-03
1.027328968048095703e+00 5.655765533447265625e-03
2.556706666946411133e+00 5.833625793457031250e-03
2.779339551925659180e+00 6.412267684936523438e-03
8.739507198333740234e-01 6.488561630249023438e-03
6.403267383575439453e-01 5.021572113037109375e-03
2.922048568725585938e-01 5.484819412231445312e-03
4.761419296264648438e-01 6.043672561645507812e-03
2.740802764892578125e-01 4.952669143676757812e-03
2.420138359069824219e+00 6.196022033691406250e-03
2.886154174804687500e+00 8.903741836547851562e-03
2.816161870956420898e+00 5.579471588134765625e-03
2.404145479202270508e+00 5.684137344360351562e-03
2.673545122146606445e+00 5.903720855712890625e-03
3.961775302886962891e-01 5.741357803344726562e-03
2.712527275085449219e+00 5.131721496582031250e-03
2.607040882110595703e+00 5.907058715820312500e-03
5.439820289611816406e-01 5.591154098510742188e-03
8.230242729187011719e-01 5.680561065673828125e-03
2.233793497085571289e+00 4.930496215820312500e-03
5.863955020904541016e-01 4.970788955688476562e-03
2.405704498291015625e+00 4.992961883544921875e-03
2.265073537826538086e+00 5.514621734619140625e-03
2.502295732498168945e+00 6.264925003051757812e-03
3.756532669067382812e-01 5.136251449584960938e-03
3.922054767608642578e-01 5.859851837158203125e-03
1.695807456970214844e+00 5.791664123535156250e-03
1.123924732208251953e+00 5.166292190551757812e-03
1.074552774429321289e+00 5.328178405761718750e-03
7.122864723205566406e-01 4.934072494506835938e-03
1.788681030273437500e+00 6.752967834472656250e-03
1.758508205413818359e+00 5.175352096557617188e-03
8.015019893646240234e-01 4.936218261718750000e-03
1.049482583999633789e+00 5.738735198974609375e-03
9.995868206024169922e-01 5.188941955566406250e-03
9.951853752136230469e-01 4.909992218017578125e-03
1.648170948028564453e+00 5.141735076904296875e-03
1.825530529022216797e+00 5.152702331542968750e-03
1.857220649719238281e+00 5.760192871093750000e-03
1.618205308914184570e+00 5.737543106079101562e-03
6.722233295440673828e-01 6.059646606445312500e-03
1.769900321960449219e+00 5.777359008789062500e-03
1.743000745773315430e+00 5.092859268188476562e-03
1.788858890533447266e+00 5.386352539062500000e-03
1.895917892456054688e+00 5.430936813354492188e-03
1.085757017135620117e+00 4.899740219116210938e-03
1.057836771011352539e+00 5.967378616333007812e-03
1.673279762268066406e+00 6.121397018432617188e-03
9.612588882446289062e-01 4.847764968872070312e-03
1.630548715591430664e+00 5.745887756347656250e-03
1.697911739349365234e+00 5.210399627685546875e-03
6.535298824310302734e-01 5.212306976318359375e-03
1.667636156082153320e+00 6.876468658447265625e-03
1.075599431991577148e+00 4.987001419067382812e-03
9.640440940856933594e-01 4.945755004882812500e-03
3.679199218750000000e-01 5.303382873535156250e-03
1.756018400192260742e+00 5.170106887817382812e-03
1.064274787902832031e+00 6.154060363769531250e-03
1.013853788375854492e+00 6.172657012939453125e-03
1.801285028457641602e+00 5.148887634277343750e-03
1.880966424942016602e+00 5.311727523803710938e-03
8.197484016418457031e-01 5.704402923583984375e-03
6.821770668029785156e-01 5.263090133666992188e-03
1.769088745117187500e+00 5.023717880249023438e-03
6.395237445831298828e-01 6.397247314453125000e-03
2.310875892639160156e+00 5.023956298828125000e-03
6.633601188659667969e-01 5.326986312866210938e-03
3.537538051605224609e-01 5.282163619995117188e-03
1.846235275268554688e+00 6.477355957031250000e-03
1.886868000030517578e+00 6.244182586669921875e-03
1.982371330261230469e+00 5.916357040405273438e-03
3.290011882781982422e-01 4.769563674926757812e-03
1.647228479385375977e+00 5.919218063354492188e-03
6.081233024597167969e-01 4.851102828979492188e-03
6.189484596252441406e-01 4.867553710937500000e-03
1.844095706939697266e+00 5.529642105102539062e-03
4.023752212524414062e-01 5.658626556396484375e-03
1.784161567687988281e+00 5.895614624023437500e-03
1.611529350280761719e+00 5.758762359619140625e-03
1.799624204635620117e+00 5.922079086303710938e-03
3.741304874420166016e-01 5.306005477905273438e-03
8.022975921630859375e-01 5.396604537963867188e-03
7.937250137329101562e-01 6.936788558959960938e-03
8.066446781158447266e-01 5.071640014648437500e-03
1.934789180755615234e+00 5.642890930175781250e-03
7.780447006225585938e-01 4.853725433349609375e-03
8.803088665008544922e-01 5.378723144531250000e-03
8.090794086456298828e-01 5.315542221069335938e-03
8.583257198333740234e-01 5.075693130493164062e-03
8.004124164581298828e-01 5.630254745483398438e-03
8.822002410888671875e-01 5.598068237304687500e-03
7.883312702178955078e-01 6.010532379150390625e-03
8.309581279754638672e-01 5.133390426635742188e-03
7.726833820343017578e-01 5.639553070068359375e-03
8.466901779174804688e-01 5.649089813232421875e-03
1.530339717864990234e+00 5.610466003417968750e-03
1.818612337112426758e+00 5.912065505981445312e-03
7.995135784149169922e-01 5.636215209960937500e-03
8.060016632080078125e-01 4.970788955688476562e-03
7.847542762756347656e-01 5.344390869140625000e-03
7.939016819000244141e-01 5.465030670166015625e-03
1.468389272689819336e+00 5.694627761840820312e-03
9.552502632141113281e-01 5.015611648559570312e-03
1.048624753952026367e+00 5.170583724975585938e-03
7.938725948333740234e-01 4.948616027832031250e-03
1.036858081817626953e+00 5.224466323852539062e-03
7.222776412963867188e-01 5.046367645263671875e-03
1.967016935348510742e+00 6.383895874023437500e-03
9.871902465820312500e-01 5.139350891113281250e-03
7.530117034912109375e-01 5.933761596679687500e-03
9.472010135650634766e-01 3.425598144531250000e-03
9.140248298645019531e-01 5.854606628417968750e-03
1.052011966705322266e+00 5.890846252441406250e-03
8.848183155059814453e-01 5.569934844970703125e-03
8.475449085235595703e-01 5.713701248168945312e-03
4.544312953948974609e-01 6.316661834716796875e-03
4.938540458679199219e-01 4.930019378662109375e-03
6.096391677856445312e-01 5.717515945434570312e-03
1.940584659576416016e+00 6.130218505859375000e-03
4.592111110687255859e-01 5.748510360717773438e-03
1.165652275085449219e+00 5.480051040649414062e-03
1.236809253692626953e+00 5.214691162109375000e-03
1.161644697189331055e+00 5.749225616455078125e-03
3.050032615661621094e+00 5.866050720214843750e-03
2.025152683258056641e+00 5.816936492919921875e-03
1.898028850555419922e+00 5.064249038696289062e-03
1.870324850082397461e+00 5.937814712524414062e-03
1.864918470382690430e+00 5.165815353393554688e-03
1.867808580398559570e+00 5.422830581665039062e-03
2.012997627258300781e+00 5.122423171997070312e-03
1.888531446456909180e+00 5.120992660522460938e-03
1.903946399688720703e+00 5.151748657226562500e-03
1.868962049484252930e+00 5.178689956665039062e-03
1.869204282760620117e+00 5.772113800048828125e-03
1.893505573272705078e+00 5.092144012451171875e-03
1.902078390121459961e+00 5.975723266601562500e-03
1.946276664733886719e+00 5.558729171752929688e-03
1.889948606491088867e+00 5.569458007812500000e-03
1.838514804840087891e+00 6.200790405273437500e-03
1.821505546569824219e+00 5.674123764038085938e-03
1.897949695587158203e+00 6.388902664184570312e-03
1.907803535461425781e+00 6.012678146362304688e-03
1.874159097671508789e+00 5.862951278686523438e-03
1.954414606094360352e+00 5.129575729370117188e-03
1.948538541793823242e+00 6.191015243530273438e-03
1.874517679214477539e+00 5.048990249633789062e-03
1.954069375991821289e+00 5.789041519165039062e-03
1.870575189590454102e+00 5.767107009887695312e-03
1.851231813430786133e+00 5.188941955566406250e-03
2.401194572448730469e+00 5.750894546508789062e-03
2.007869243621826172e+00 5.412817001342773438e-03
1.872581958770751953e+00 6.406545639038085938e-03
2.409704208374023438e+00 5.279064178466796875e-03
1.848516941070556641e+00 6.013154983520507812e-03
2.178284406661987305e+00 3.684997558593750000e-03
1.848976612091064453e+00 5.662679672241210938e-03
1.152680635452270508e+00 5.571603775024414062e-03
6.760230064392089844e-01 7.385253906250000000e-03
7.675890922546386719e-01 6.117820739746093750e-03
6.427021026611328125e-01 5.022287368774414062e-03
6.983487606048583984e-01 5.654811859130859375e-03
6.241605281829833984e-01 4.881858825683593750e-03
1.842460870742797852e+00 6.464242935180664062e-03
7.527759075164794922e-01 5.246877670288085938e-03
6.167278289794921875e-01 4.808902740478515625e-03
6.092157363891601562e-01 4.845857620239257812e-03
2.645361423492431641e-01 4.912853240966796875e-03
3.065621852874755859e-01 4.936456680297851562e-03
4.017527103424072266e-01 5.929946899414062500e-03
3.592696189880371094e-01 6.054878234863281250e-03
2.541809082031250000e-01 5.815982818603515625e-03
3.721303939819335938e-01 5.165576934814453125e-03
3.538606166839599609e-01 5.509853363037109375e-03
1.773716211318969727e+00 3.641605377197265625e-03
1.045350551605224609e+00 5.016326904296875000e-03
1.032027244567871094e+00 4.963159561157226562e-03
3.733704090118408203e-01 5.911588668823242188e-03
1.414055109024047852e+00 3.430843353271484375e-03
3.785173892974853516e-01 5.598545074462890625e-03
1.126640558242797852e+00 5.181312561035156250e-03
3.738207817077636719e-01 5.888700485229492188e-03
1.491952896118164062e+00 3.348827362060546875e-03
3.567788600921630859e-01 5.539178848266601562e-03
1.110548019409179688e+00 4.406690597534179688e-03
1.758812189102172852e+00 6.203174591064453125e-03
1.806089162826538086e+00 3.543376922607421875e-03
8.125491142272949219e-01 5.251169204711914062e-03
7.474524974822998047e-01 4.876136779785156250e-03
8.240442276000976562e-01 5.784273147583007812e-03
8.610911369323730469e-01 4.318475723266601562e-03
8.869931697845458984e-01 3.499031066894531250e-03
8.878858089447021484e-01 5.216121673583984375e-03
8.173496723175048828e-01 5.563020706176757812e-03
9.245753288269042969e-01 5.525588989257812500e-03
1.030093908309936523e+00 6.081342697143554688e-03
1.744083642959594727e+00 5.915880203247070312e-03
1.086055517196655273e+00 5.677461624145507812e-03
1.350449323654174805e+00 3.893375396728515625e-03
1.268020629882812500e+00 3.855466842651367188e-03
1.370229244232177734e+00 3.765344619750976562e-03
1.225729465484619141e+00 4.151344299316406250e-03
1.215958595275878906e-01 5.611658096313476562e-03
1.057875156402587891e-01 5.228519439697265625e-03
1.101493835449218750e-01 4.650831222534179688e-03
1.092138290405273438e-01 5.653142929077148438e-03
9.633207321166992188e-02 4.733800888061523438e-03
1.920394420623779297e+00 5.421876907348632812e-03
1.545280456542968750e+00 6.418704986572265625e-03
9.342956542968750000e-02 4.682064056396484375e-03
1.047847270965576172e-01 4.599094390869140625e-03
9.663200378417968750e-02 4.833698272705078125e-03
1.323373317718505859e-01 4.739522933959960938e-03
9.200859069824218750e-02 4.662275314331054688e-03
1.001501083374023438e-01 3.686904907226562500e-03
9.749126434326171875e-02 4.858016967773437500e-03
9.387826919555664062e-02 4.570722579956054688e-03
9.328722953796386719e-02 4.761219024658203125e-03
8.590197563171386719e-02 5.263566970825195312e-03
1.491905927658081055e+00 5.181074142456054688e-03
8.893680572509765625e-02 5.299806594848632812e-03
9.730100631713867188e-02 5.484104156494140625e-03
1.050939559936523438e-01 5.348443984985351562e-03
7.102632522583007812e-02 4.693746566772460938e-03
8.710098266601562500e-02 3.077030181884765625e-03
1.010653972625732422e-01 5.255222320556640625e-03
9.352397918701171875e-02 4.619598388671875000e-03
9.500122070312500000e-02 3.189563751220703125e-03
1.009097099304199219e-01 5.487442016601562500e-03
9.269475936889648438e-02 4.590034484863281250e-03
1.759686470031738281e+00 5.717515945434570312e-03
1.074893474578857422e-01 5.326509475708007812e-03
1.025578975677490234e-01 5.212306976318359375e-03
1.051719188690185547e-01 5.215644836425781250e-03
1.082296371459960938e-01 5.386114120483398438e-03
1.057925224304199219e-01 3.231763839721679688e-03
8.847570419311523438e-02 5.144834518432617188e-03
8.354043960571289062e-02 3.044843673706054688e-03
7.140731811523437500e-02 3.185987472534179688e-03
7.140517234802246094e-02 3.427267074584960938e-03
5.541324615478515625e-02 3.105163574218750000e-03
1.676991462707519531e+00 6.457805633544921875e-03
8.186554908752441406e-02 3.251314163208007812e-03
7.908701896667480469e-02 3.049850463867187500e-03
9.552645683288574219e-02 3.286123275756835938e-03
5.583667755126953125e-02 3.249406814575195312e-03
6.084442138671875000e-02 3.139495849609375000e-03
1.052708625793457031e-01 5.186080932617187500e-03
1.045274734497070312e-01 3.431081771850585938e-03
9.439420700073242188e-02 4.656314849853515625e-03
9.944319725036621094e-02 3.619670867919921875e-03
9.422135353088378906e-02 4.908084869384765625e-03
1.722502470016479492e+00 5.974531173706054688e-03
9.353256225585937500e-02 3.549337387084960938e-03
9.387612342834472656e-02 5.331516265869140625e-03
5.757093429565429688e-02 4.955053329467773438e-03
1.045885086059570312e-01 5.234241485595703125e-03
1.049575805664062500e-01 5.266666412353515625e-03
9.227943420410156250e-02 5.009889602661132812e-03
1.009399890899658203e-01 3.254175186157226562e-03
9.769225120544433594e-02 3.433942794799804688e-03
9.803795814514160156e-02 3.437995910644531250e-03
8.280801773071289062e-02 5.364179611206054688e-03
1.739448547363281250e+00 6.422042846679687500e-03
8.590650558471679688e-02 3.182649612426757812e-03
5.797123908996582031e-02 3.072023391723632812e-03
7.810926437377929688e-02 3.050804138183593750e-03
7.255887985229492188e-02 3.265380859375000000e-03
1.019382476806640625e-01 5.096673965454101562e-03
8.329582214355468750e-02 3.225803375244140625e-03
5.735683441162109375e-02 3.486633300781250000e-03
1.025414466857910156e-01 5.042552947998046875e-03
9.331703186035156250e-02 4.713535308837890625e-03
9.046053886413574219e-02 5.453824996948242188e-03
8.305900096893310547e-01 6.303071975708007812e-03
3.716263771057128906e-01 5.892515182495117188e-03
3.698153495788574219e-01 6.022930145263671875e-03
1.338312625885009766e+00 5.686759948730468750e-03
2.918130636215209961e+00 3.650426864624023438e-03
1.320089578628540039e+00 5.382537841796875000e-03
1.015984773635864258e+00 5.045890808105468750e-03
1.089275598526000977e+00 5.117893218994140625e-03
1.133234500885009766e+00 7.021665573120117188e-03
1.365381956100463867e+00 5.568742752075195312e-03
1.235478878021240234e+00 5.685806274414062500e-03
1.025160789489746094e+00 5.093812942504882812e-03
1.278577327728271484e+00 6.148338317871093750e-03
1.247315168380737305e+00 4.973411560058593750e-03
1.108165264129638672e+00 5.420923233032226562e-03
1.873302221298217773e+00 5.254507064819335938e-03
9.900832176208496094e-01 5.999803543090820312e-03
1.069297313690185547e+00 5.933284759521484375e-03
1.103454351425170898e+00 5.419492721557617188e-03
1.408210992813110352e+00 6.223678588867187500e-03
6.928801536560058594e-01 4.865407943725585938e-03
1.805705785751342773e+00 5.273342132568359375e-03
1.128869056701660156e+00 5.699872970581054688e-03
3.796970844268798828e-01 5.515336990356445312e-03
6.858499050140380859e-01 4.956483840942382812e-03
3.721103668212890625e-01 5.658626556396484375e-03
1.926670312881469727e+00 3.882884979248046875e-03
2.203846693038940430e+00 4.025936126708984375e-03
1.772584915161132812e+00 5.398511886596679688e-03
2.241345643997192383e+00 3.825664520263671875e-03
2.225826978683471680e+00 3.534317016601562500e-03
2.223270416259765625e+00 5.225181579589843750e-03
2.095289945602416992e+00 5.621910095214843750e-03
1.825459718704223633e+00 3.445386886596679688e-03
1.200712442398071289e+00 5.140781402587890625e-03
5.616934299468994141e-01 5.474805831909179688e-03
4.584405422210693359e-01 4.918575286865234375e-03
1.543686628341674805e+00 3.617286682128906250e-03
4.591820240020751953e-01 5.457162857055664062e-03
5.130970478057861328e-01 6.008863449096679688e-03
4.810848236083984375e-01 5.366563796997070312e-03
4.437012672424316406e-01 5.943059921264648438e-03
6.982042789459228516e-01 5.640983581542968750e-03
7.450625896453857422e-01 5.748987197875976562e-03
2.371907234191894531e-01 5.360364913940429688e-03
7.107024192810058594e-01 4.935503005981445312e-03
6.904926300048828125e-01 5.554437637329101562e-03
8.087356090545654297e-01 5.995035171508789062e-03
1.550614833831787109e+00 3.475189208984375000e-03
7.520768642425537109e-01 5.258321762084960938e-03
7.684905529022216797e-01 4.895687103271484375e-03
1.135863304138183594e+00 5.026578903198242188e-03
4.940032958984375000e-01 6.126165390014648438e-03
4.786448478698730469e-01 5.200386047363281250e-03
6.651902198791503906e-01 3.328561782836914062e-03
6.656711101531982422e-01 5.576133728027343750e-03
3.423769474029541016e-01 5.312204360961914062e-03
1.733677148818969727e+00 3.211021423339843750e-03
9.543211460113525391e-01 3.857135772705078125e-03
1.368116140365600586e+00 3.764152526855468750e-03
1.016000509262084961e+00 3.916978836059570312e-03
1.768965244293212891e+00 3.464221954345703125e-03
1.632990360260009766e+00 2.949953079223632812e-03
6.240940093994140625e-01 4.972219467163085938e-03
2.861974239349365234e-01 5.038976669311523438e-03
2.634356021881103516e-01 5.741596221923828125e-03
1.392921209335327148e+00 4.430532455444335938e-03
1.560244560241699219e+00 3.116130828857421875e-03
1.617753505706787109e+00 3.079891204833984375e-03
1.386146306991577148e+00 3.066778182983398438e-03
