1.343872031315189552e+01
5.138299508888400702e+00
4.993454752487946458e+00
1.544988258814034232e+00
2.122353569213481173e+00
2.817463409511232086e+00
7.217558441453612028e-01
4.186079377782945699e+00
9.211592916232148598e-01
4.423260747853109187e+00
1.898299147686942190e+00
1.899603710673553492e+00
1.926725560325099895e-01
1.830115429211447875e+00
1.097421285516151368e+00
2.167002609944465696e+00
3.236730320972213693e-01
2.069877780417647806e+00
2.952330300524958151e+00
2.174853868351058317e+00
3.437112569776529458e+00
1.400783037435028744e+00
3.187792035920841371e+00
2.717130870735740444e+00
2.737665756936378703e+00
2.888764229953216134e+00
3.241890763804238795e-01
3.499518931918907394e-01
1.329164703621005472e+00
4.455191789021466064e+00
2.041357245431747458e+00
3.277107011132279979e+00
2.930172480822156533e+00
7.076264097568746303e-01
5.732929039341037480e+00
3.527768744725656713e+00
9.240514942989632718e-01
4.658917907371762368e+00
1.637880310563409658e+00
2.121039396607570460e+00
1.546444219513326557e+00
3.544634317701799375e+00
1.349596863211455444e+00
4.985510157383561958e-01
2.205575951169397086e+00
2.474845050955068348e+00
2.556390005109556718e+00
2.010367615890404469e+00
3.037902054189759227e+00
1.056779544392947967e+00
3.281849462254077032e+00
2.501082070888737796e+00
2.781700463020874814e+00
2.693727848461195951e-01
3.623330315955972103e-01
1.215952238166538191e+00
5.644925870996604367e+00
4.130030297842756326e+00
3.240409502996027591e+00
2.996729712183360039e+00
2.552081611777129222e+00
8.738057560047631789e-01
2.662910970292647228e+00
4.519770750429857209e+00
1.090490037210331664e+00
2.759417033269239816e+00
1.329329161001133297e+00
6.079492691096614720e+00
1.850036323822652262e+00
1.828571031416329040e+00
1.926369730774543321e+00
1.507027977175540379e+00
1.222246954554566889e+00
2.579306081208178059e-01
1.324947631003629001e+00
1.092343644029871719e+00
2.277623865213478371e+00
3.667889095997321824e+00
6.683001016678907114e+00
4.710804208154246275e+00
2.154684622522442528e+00
2.130836817516439385e+00
1.291627461185326009e+00
1.016703085936433659e+00
1.914438477159410068e+00
1.726361023677010831e+00
1.406440877803494915e+00
6.276930537151168110e+00
1.895388359590985061e+00
5.875032485452202025e+00
2.162198510885632974e+00
4.528399841266468329e+00
4.945991998549045476e+00
6.146171327454366562e+00
1.864083919432979020e+00
1.485211583560425819e+00
2.853587008750024800e+00
1.923620944863763782e+00
5.106206691324832736e-01
3.560651465358013468e+00
7.192723124780262545e-01
1.328912407021064279e+00
2.776358816686165021e+00
8.260445732880222769e-01
1.413503685696433143e+00
8.428513777120887340e-01
2.052860714801850062e+00
3.296002310074441777e+00
1.803306405609390373e+00
3.471758099216695204e+00
2.208728588666759141e+00
1.093443819047573662e+01
8.734140232269371751e-01
1.068906722603024440e+00
3.704868716501312331e+00
8.307258003364836885e-01
3.163500295926048089e+00
9.674837768834512186e-01
3.688101192575673704e+00
1.341546984532572262e+00
1.096739334454441028e+01
2.209652449395553830e+00
1.004254761964245901e+01
9.075791780419368848e-01
5.762756605120120668e+00
4.401382348466432504e+00
2.167801560089912538e+00
1.994678676628973246e+00
1.023301052351765161e+00
4.688746320170932513e+00
4.314117485671810748e+00
4.483551556474652533e-01
1.016859950724440909e+00
1.700474593393204614e+00
4.142500487062093506e-01
1.510160536074379056e+00
2.034358229003296437e+00
2.625469744638015523e+00
1.058088615939281274e+00
3.626965949547494628e+00
9.510858925328171676e-01
1.824063430526645879e+00
2.119159829392530447e+00
1.491057520756702726e+00
2.848397561533999034e-01
4.926732091170129002e-01
1.299023800906561332e+00
4.267047693341529779e+00
2.505406554665430718e+00
2.448693031886516103e+00
8.130748832507882495e-01
3.598197501758781502e+00
2.128544384386083177e+00
1.146239279879806450e+00
5.896601572690181037e+00
2.078821506322296564e+00
1.136748275283216980e+00
3.273112340709122492e+00
3.301821731161085349e+00
9.704580643774226578e-01
6.834095387911801822e+00
6.443438922863665930e+00
1.457783885985386441e+00
2.724062069344504344e+00
4.282638456683632633e+00
2.323654980777824175e+00
1.095614955585587325e+01
2.715237003674781047e+00
3.266307447093265814e+00
1.138362526539473940e+01
3.993801935410675963e+00
6.885247439385432600e+00
3.157715599236956105e+00
2.837531676773346057e+00
2.476445039746966614e+00
5.222060480843174757e-01
5.443585173343153727e+00
8.252057959586790448e-01
1.318575659500315966e+00
3.368148401836437156e-01
6.135916999487514012e-01
1.399642173259666222e+00
4.496641804378265661e+00
9.438969931000055213e-01
2.675101354524633823e+00
1.993054428051267424e+00
2.688763727895965072e+00
1.360316096680141529e+00
1.156839268813773858e+00
1.541700512584356142e+00
1.150619207938791133e+00
1.222700160882621789e+00
4.312953371136735825e+00
3.999390104068321516e+00
5.669988345887988501e+00
2.862110064326046643e+00
1.629631236050092191e+00
2.308191703783037951e+00
1.333794496665375640e+00
1.161122546874034489e+00
1.407978382486516633e+00
1.867290924770142579e+00
1.820777829144513138e+00
3.499530697510605526e-01
4.525889811861801282e-01
1.299027561051672608e+00
6.768182451473174766e-01
2.152115947283857800e+00
4.427102180735505321e+00
1.912155510887264098e+00
1.421411149319905753e+00
1.819944961829235819e+00
2.708429811417995658e+00
3.219828057045706071e+00
3.931983820278301955e+00
8.918865110281773978e-01
1.933455622812791708e+00
5.087341693319141767e-01
7.938211094826133074e-01
7.578055474581589790e-01
7.611629849999571595e-01
6.870360587388332219e-01
4.234572988529034632e+00
1.680018160234229674e+00
7.333413933444619115e-01
9.327858489653650942e-01
9.242691449652301605e-01
6.847039962657480716e-01
8.132143353094183347e-01
1.038871098252697411e+00
8.686509241534742243e-01
7.110401490524724810e-01
7.075961597786468715e-01
1.033815774437571111e+00
1.965109342410347626e+00
1.171959617909385631e+00
8.328567838739785456e-01
1.038533890427866702e+00
5.367955388620534452e-01
6.789647555536895140e-01
7.093104476762118749e-01
6.227657827186930950e-01
4.281163726629801936e-01
5.984131513120438672e-01
1.230760135302176650e+00
2.085490224833173922e+00
1.565437888635933472e+00
7.506022311461156837e-01
1.102668263775320900e+00
1.965680023654609920e+00
1.982671187051394224e+00
9.805282762507959715e-01
1.050821866087399803e+00
1.195389767017328575e+00
8.459197235183991692e-01
1.152397647687652293e+00
2.437768067882615686e+00
9.846808871866419288e-01
9.745859328993137227e-01
7.838589036924940023e-01
1.458362415212467011e+00
1.208291503992761751e+00
1.557493494821355018e+00
1.133202082571646896e+00
2.068839755747143627e+00
1.951387718612648037e+00
7.656928817469715876e-01
2.365866079010035872e+00
1.374150924107708116e+00
9.457628613210362634e-01
7.111615910974365962e-01
1.044201067771897584e+00
8.539508243976829949e-01
8.770886651677957113e-01
7.178937000559911796e-01
7.648563857702084245e-01
1.027940447408128621e+00
5.925533293524526401e-01
1.672513969767873698e+00
4.370944644058102346e-01
8.400796386017838069e-01
4.400981595498500432e-01
1.180947729111891276e+00
1.151809142148301879e+00
7.846995778887047024e-01
7.983887557600316542e-01
8.402351767351484702e-01
7.981256167763995935e-01
1.266432739152843601e+00
2.218135828882199512e+00
3.078410531580220599e+00
1.618612053485730229e+00
3.611298877175377786e+00
1.807838720893189421e+00
3.900421257530746200e+00
1.497525297190670290e+00
1.476344065308486053e+00
1.499155373552320869e+00
4.258481489118080887e+00
5.771467153409406414e+00
4.203983891392734762e+00
5.747575449017087834e+00
2.682539811105577154e+00
2.566380903801113167e+00
5.500898294479023010e-01
2.562873628496636691e+00
1.696423250497017587e+00
1.399909872058815896e+00
6.929926893556610512e-01
5.118040184523655611e-01
1.974105690935841206e+00
3.213899106064979971e+00
1.441203880265346404e+00
3.515416069384105224e+00
8.442731511323661175e-01
1.381384760365008235e+00
6.296058662704695053e+00
2.397200604606013030e+00
2.881462827756862577e+00
2.805016854276589200e+00
3.627547826464465164e+00
3.441604276261543749e+00
4.186667848395750013e+00
1.357003135259303583e+01
4.676125731240080796e+00
3.615629637826625942e+00
5.507314958392118820e-01
7.897102057708182965e-01
2.101168236776100873e-01
2.346053489905156886e-01
2.338360532002835557e-01
1.825886765640884946e+01
2.847294122028059427e+00
9.223648222608279434e-01
3.118642915681292926e+00
2.440411862764806372e+00
2.084074385421407438e+00
2.249027544708927628e+00
1.464759231615802459e+00
2.527269453469247029e+00
1.016141651567327386e+00
1.055659499058005935e+00
1.373744222945485705e+00
6.433214895047406401e+00
5.773408172942636085e+00
1.095543363188167696e+00
1.984414458964752548e+00
1.010648259505351199e+00
1.167445728280914974e+00
1.428644480360162561e+00
1.386828323482316216e+00
2.588562735305546703e+00
1.397960235396449313e+00
2.942345841392163042e+00
2.615458548454602905e+00
1.800941228533017302e+00
2.715912323817086804e-01
2.433334511823155299e-01
2.971866909426237768e+00
