id,0,1,2,3,4,5,6,7,8,9,10,11,12
W1,35372.98166090226,35327.50702892565,35282.79827495301,35238.84250016382,35195.627022977824,35153.13937539637,35111.367299405254,35070.298743438194,35029.92185889986,34990.224996747485,34951.19670412999,34912.82572108377,34875.10097728411
W10,5122.140001611037,5122.140001611037,5122.140001611037,5122.140001611037,5122.140001611037,5122.140001611037,5122.140001611037,5122.140001611037,5122.140001611037,5122.140001611037,5122.140001611037,5122.140001611037,5122.140001611037
W100,11376.358698436601,11376.358698436601,11376.358698436601,11376.358698436601,11376.358698436601,11376.358698436601,11376.358698436601,11376.358698436601,11376.358698436601,11376.358698436601,11376.358698436601,11376.358698436601,11376.358698436601
W101,9805.941803155876,9817.021986415488,9828.102169675098,9839.182352934708,9850.26253619432,9861.342719453929,9872.422902713539,9883.50308597315,9894.58326923276,9905.66345249237,9916.743635751982,9927.823819011592,9938.904002271202
W102,15898.111717680886,15898.111717680886,15898.111717680886,15898.111717680886,15898.111717680886,15898.111717680886,15898.111717680886,15898.111717680886,15898.111717680886,15898.111717680886,15898.111717680886,15898.111717680886,15898.111717680886
W103,4077.536260664179,4077.5362606612957,4077.5362606612953,4077.5362606612953,4077.5362606612953,4077.5362606612953,4077.5362606612953,4077.5362606612953,4077.5362606612953,4077.5362606612953,4077.5362606612953,4077.5362606612953,4077.5362606612953
W104,1026.2553867587226,1022.5387265632996,1018.8546137656817,1015.2027633430126,1011.5828927684279,1007.9947219891966,1004.4379734050552,1000.912371846731,997.4176445546531,993.9535211578504,990.519733653035,987.1160163838667,983.7421060204014
W105,9166.695396889216,9167.794421558956,9168.35480801527,9168.640545896382,9168.786242024084,9168.860531654655,9168.898411516646,9168.917726243797,9168.927574713809,9168.932596392904,9168.935156918642,9168.936462516218,9168.93712823303
W106,2150.0194318458684,2150.0288168544407,2150.0291950614424,2150.0292103028282,2150.029210917042,2150.0292109417937,2150.0292109427915,2150.0292109428315,2150.0292109428333,2150.0292109428333,2150.0292109428333,2150.0292109428333,2150.0292109428333
W107,23904.859088256053,23935.322166594844,23965.78524493364,23996.24832327243,24026.71140161122,24057.174479950012,24087.637558288803,24118.100636627594,24148.56371496639,24179.02679330518,24209.48987164397,24239.952949982762,24270.416028321553
W108,15972.200981066018,15984.27935625381,15996.357731441602,16008.436106629393,16020.514481817185,16032.592857004976,16044.671232192768,16056.74960738056,16068.827982568351,16080.906357756143,16092.984732943934,16105.063108131726,16117.141483319518
W109,14212.355298601482,14223.015775424985,14233.676252248488,14244.33672907199,14254.997205895492,14265.657682718995,14276.318159542498,14286.978636366,14297.639113189503,14308.299590013006,14318.96006683651,14329.620543660012,14340.281020483515
W11,324.62360703066275,324.6236070306674,324.6236070306674,324.6236070306674,324.6236070306674,324.6236070306674,324.6236070306674,324.6236070306674,324.6236070306674,324.6236070306674,324.6236070306674,324.6236070306674,324.6236070306674
W110,7327.546232828716,7340.797864732152,7353.198282450375,7364.802163444572,7375.66067298733,7385.821689766899,7395.330016999852,7404.227579982988,7412.553610955554,7420.3448220869095,7427.635567352374,7434.457994011045,7440.8421843534825
W111,1070.3131807981536,1070.3131807981536,1070.3131807981536,1070.3131807981536,1070.3131807981536,1070.3131807981536,1070.3131807981536,1070.3131807981536,1070.3131807981536,1070.3131807981536,1070.3131807981536,1070.3131807981536,1070.3131807981536
W112,9517.83381825254,9534.37052643485,9550.907234617162,9567.443942799471,9583.98065098178,9600.51735916409,9617.054067346402,9633.590775528712,9650.127483711021,9666.664191893331,9683.200900075642,9699.737608257952,9716.274316440262
W113,741.012653297507,741.0126530752062,741.0126530751699,741.0126530751699,741.0126530751699,741.0126530751699,741.0126530751699,741.0126530751699,741.0126530751699,741.0126530751699,741.0126530751699,741.0126530751699,741.0126530751699
W114,10543.188435594557,10543.188435594557,10543.188435594557,10543.188435594557,10543.188435594557,10543.188435594557,10543.188435594557,10543.188435594557,10543.188435594557,10543.188435594557,10543.188435594557,10543.188435594557,10543.188435594557
W115,11292.392981548486,11292.392981548486,11292.392981548486,11292.392981548486,11292.392981548486,11292.392981548486,11292.392981548486,11292.392981548486,11292.392981548486,11292.392981548486,11292.392981548486,11292.392981548486,11292.392981548486
W116,14429.767281910476,14429.182468989571,14429.151689362156,14429.150069381765,14429.149984119638,14429.149979632159,14429.149979395976,14429.149979383545,14429.14997938289,14429.149979382855,14429.149979382853,14429.149979382853,14429.149979382853
W117,7066.922047948854,7066.968977021425,7066.970536697819,7066.970588533287,7066.970590256026,7066.970590313281,7066.970590315184,7066.970590315247,7066.97059031525,7066.97059031525,7066.97059031525,7066.97059031525,7066.97059031525
W118,1734.1217119308685,1734.1289154885837,1734.129168483512,1734.1291773689043,1734.1291776809664,1734.1291776919263,1734.1291776923113,1734.129177692325,1734.1291776923254,1734.1291776923254,1734.1291776923254,1734.1291776923254,1734.1291776923254
W119,1024.9960621768162,1024.995757655354,1024.9957563041398,1024.9957562981442,1024.9957562981176,1024.9957562981174,1024.9957562981174,1024.9957562981174,1024.9957562981174,1024.9957562981174,1024.9957562981174,1024.9957562981174,1024.9957562981174
W12,1037.014215343192,1037.014215343192,1037.014215343192,1037.014215343192,1037.014215343192,1037.014215343192,1037.014215343192,1037.014215343192,1037.014215343192,1037.014215343192,1037.014215343192,1037.014215343192,1037.014215343192
W120,877.7644495566758,877.7644495566758,877.7644495566758,877.7644495566758,877.7644495566758,877.7644495566758,877.7644495566758,877.7644495566758,877.7644495566758,877.7644495566758,877.7644495566758,877.7644495566758,877.7644495566758
W121,10386.526958420864,10397.213884573031,10407.900810725201,10418.587736877369,10429.274663029539,10439.961589181708,10450.648515333876,10461.335441486046,10472.022367638214,10482.709293790384,10493.396219942553,10504.083146094721,10514.77007224689
W122,369.49959485716016,369.49959485716016,369.49959485716016,369.49959485716016,369.49959485716016,369.49959485716016,369.49959485716016,369.49959485716016,369.49959485716016,369.49959485716016,369.49959485716016,369.49959485716016,369.49959485716016
W123,479.17099580101114,479.17099580101114,479.17099580101114,479.17099580101114,479.17099580101114,479.17099580101114,479.17099580101114,479.17099580101114,479.17099580101114,479.17099580101114,479.17099580101114,479.17099580101114,479.17099580101114
W124,8470.89891318592,8463.990488862264,8457.210126668,8450.555452703056,8444.024137072576,8437.613893071193,8431.322476382416,8425.147684292868,8419.08735492108,8413.13936646059,8407.301636437067,8401.572120979208,8395.948814103152
W125,10833.916954974356,10833.916954974356,10833.916954974356,10833.916954974356,10833.916954974356,10833.916954974356,10833.916954974356,10833.916954974356,10833.916954974356,10833.916954974356,10833.916954974356,10833.916954974356,10833.916954974356
W126,9528.067030763257,9538.495610503795,9548.92419024433,9559.352769984867,9569.781349725403,9580.20992946594,9590.638509206476,9601.067088947013,9611.495668687548,9621.924248428084,9632.352828168621,9642.781407909157,9653.209987649694
W127,11050.137180218415,11050.137180218415,11050.137180218415,11050.137180218415,11050.137180218415,11050.137180218415,11050.137180218415,11050.137180218415,11050.137180218415,11050.137180218415,11050.137180218415,11050.137180218415,11050.137180218415
W128,3571.947968718419,3571.9479687181897,3571.9479687181897,3571.9479687181897,3571.9479687181897,3571.9479687181897,3571.9479687181897,3571.9479687181897,3571.9479687181897,3571.9479687181897,3571.9479687181897,3571.9479687181897,3571.9479687181897
W129,1007.3490278991704,1003.7420236970015,1000.17161479745,996.6374299183942,993.1391015446004,989.6762658895057,986.2485628573883,982.8556360059218,979.497132509109,976.1727031205918,972.882002137334,969.6246873636718,966.4004200757295
W13,2519.167481778071,2520.887062846208,2521.0882920623562,2521.111840354543,2521.1145960282743,2521.1149185033673,2521.114956240123,2521.114960656162,2521.114961172937,2521.114961233411,2521.114961240488,2521.114961241316,2521.114961241413
W130,8168.640808405719,8169.910648061047,8170.463191022073,8170.703618010236,8170.808234557209,8170.853756160188,8170.873563890396,8170.8821827911015,8170.885933117292,8170.887564989733,8170.888275063345,8170.888584036351,8170.888718479198
W131,2148.911457595993,2148.919732327345,2148.920043724355,2148.9200554429344,2148.9200558839316,2148.920055900527,2148.9200559011515,2148.920055901175,2148.920055901176,2148.920055901176,2148.920055901176,2148.920055901176,2148.920055901176
W132,22633.037490953015,22661.594651249212,22690.151811545413,22718.708971841614,22747.26613213781,22775.82329243401,22804.380452730213,22832.93761302641,22861.49477332261,22890.05193361881,22918.60909391501,22947.16625421121,22975.72341450741
W133,13830.33676342468,13842.501521983711,13854.666280542742,13866.831039101773,13878.995797660802,13891.160556219833,13903.325314778864,13915.490073337895,13927.654831896925,13939.819590455956,13951.984349014987,13964.149107574018,13976.313866133049
W134,12073.445043301088,12083.83047973414,12094.215916167192,12104.601352600244,12114.986789033297,12125.37222546635,12135.7576618994,12146.143098332454,12156.528534765506,12166.913971198559,12177.299407631612,12187.684844064663,12198.070280497715
W135,6203.899422597005,6215.999621580427,6227.601960301786,6238.726923121782,6249.394151576204,6259.6224790537835,6269.429964047248,6278.833922036263,6287.850956058552,6296.496986023178,6304.787276817737,6312.736465259086,6320.358585935183
W136,6401.810138185001,6435.663711935931,6469.517285686861,6503.370859437792,6537.224433188722,6571.078006939652,6604.931580690582,6638.7851544415125,6672.638728192443,6706.492301943374,6740.345875694304,6774.199449445234,6808.053023196164
W137,7049.2972204592415,7060.84950372041,7072.401786981578,7083.954070242747,7095.506353503915,7107.058636765084,7118.610920026252,7130.16320328742,7141.715486548589,7153.267769809758,7164.820053070926,7176.372336332094,7187.924619593263
W138,365.20930597464917,365.20930597464917,365.20930597464917,365.20930597464917,365.20930597464917,365.20930597464917,365.20930597464917,365.20930597464917,365.20930597464917,365.20930597464917,365.20930597464917,365.20930597464917,365.20930597464917
W139,7882.405034866712,7882.405034866712,7882.405034866712,7882.405034866712,7882.405034866712,7882.405034866712,7882.405034866712,7882.405034866712,7882.405034866712,7882.405034866712,7882.405034866712,7882.405034866712,7882.405034866712
W14,2433.948847602306,2436.3035315339466,2438.6582154655866,2441.012899397227,2443.3675833288676,2445.722267260508,2448.076951192148,2450.4316351237885,2452.786319055429,2455.1410029870694,2457.49568691871,2459.85037085035,2462.2050547819904
W140,8245.97330445798,8245.973304457824,8245.973304457824,8245.973304457824,8245.973304457824,8245.973304457824,8245.973304457824,8245.973304457824,8245.973304457824,8245.973304457824,8245.973304457824,8245.973304457824,8245.973304457824
W141,10822.46090772809,10822.460907710958,10822.460907710958,10822.460907710958,10822.460907710958,10822.460907710958,10822.460907710958,10822.460907710958,10822.460907710958,10822.460907710958,10822.460907710958,10822.460907710958,10822.460907710958
W142,5406.8674947118525,5406.98922965795,5407.070434186843,5407.124602490392,5407.160736005965,5407.184839233539,5407.200917535642,5407.2116427299225,5407.2187970794075,5407.223569460701,5407.2267529259825,5407.228876488746,5407.230293032798
W143,11289.721442338318,11295.017448620047,11300.310021073059,11305.599161923783,11310.884873397203,11316.16715771686,11321.446017104858,11326.721453781855,11331.99346996707,11337.262067878286,11342.527249731846,11347.789017742654,11353.047374124184
W144,992.0069828611356,989.9114047411896,989.3432553826254,989.189219753715,989.1474578919507,989.1361354913454,989.1330657825237,989.132233528607,989.1320078894269,989.1319467145395,989.1319301289144,989.1319256322496,989.131924413122
W145,8615.74773002502,8617.198635035025,8617.604391677549,8617.717864614657,8617.749598186228,8617.75847272134,8617.760954552712,8617.761648615768,8617.76184271579,8617.761896997341,8617.76191217759,8617.761916422862,8617.761917610085
W146,6720.998310413819,6727.714746465152,6734.431182516483,6741.147618567816,6747.864054619148,6754.580490670481,6761.296926721813,6768.013362773145,6774.729798824477,6781.44623487581,6788.162670927142,6794.879106978475,6801.595543029806
W147,131.22314513198108,131.22314513198157,131.22314513198157,131.22314513198157,131.22314513198157,131.22314513198157,131.22314513198157,131.22314513198157,131.22314513198157,131.22314513198157,131.22314513198157,131.22314513198157,131.22314513198157
W148,232.81175131305247,232.81175131305247,232.81175131305247,232.81175131305247,232.81175131305247,232.81175131305247,232.81175131305247,232.81175131305247,232.81175131305247,232.81175131305247,232.81175131305247,232.81175131305247,232.81175131305247
W149,4395.283304752465,4384.044539985714,4377.230286904853,4373.098690060029,4370.593633044154,4369.074774624885,4368.153865087432,4367.595502065959,4367.256957126344,4367.051691606008,4366.927235650805,4366.851775901111,4366.8060233791475
W15,4470.856961292087,4470.856961292087,4470.856961292087,4470.856961292087,4470.856961292087,4470.856961292087,4470.856961292087,4470.856961292087,4470.856961292087,4470.856961292087,4470.856961292087,4470.856961292087,4470.856961292087
W150,8021.867862395304,8021.867862395304,8021.867862395304,8021.867862395304,8021.867862395304,8021.867862395304,8021.867862395304,8021.867862395304,8021.867862395304,8021.867862395304,8021.867862395304,8021.867862395304,8021.867862395304
W151,6276.618205679318,6283.210261991133,6289.802318302948,6296.394374614763,6302.986430926579,6309.578487238394,6316.170543550209,6322.762599862025,6329.35465617384,6335.946712485656,6342.538768797471,6349.130825109286,6355.722881421101
W152,8542.745182983057,8542.745182983057,8542.745182983057,8542.745182983057,8542.745182983057,8542.745182983057,8542.745182983057,8542.745182983057,8542.745182983057,8542.745182983057,8542.745182983057,8542.745182983057,8542.745182983057
W153,2913.8782030950524,2913.8782030950524,2913.8782030950524,2913.8782030950524,2913.8782030950524,2913.8782030950524,2913.8782030950524,2913.8782030950524,2913.8782030950524,2913.8782030950524,2913.8782030950524,2913.8782030950524,2913.8782030950524
W154,8585.650434168218,8558.480527970856,8532.739628620118,8508.352577204789,8485.248167812157,8463.358939619247,8442.620979919053,8422.97373750663,8404.35984588021,8386.72495574107,8370.017576303118,8354.188924948825,8339.19278479254
W155,4594.9907413880255,4595.664203246833,4595.78020858587,4595.80019076973,4595.803632746411,4595.804225634733,4595.804327761097,4595.804345352596,4595.804348382771,4595.804348904726,4595.804348994634,4595.804349010121,4595.804349012788
W156,5454.418157203016,5455.332402951593,5455.589013834382,5455.661039485329,5455.681255675452,5455.686929964233,5455.688522626004,5455.688969654982,5455.689095127265,5455.689130344878,5455.689140229773,5455.68914300427,5455.689143783016
W157,1424.381961902688,1425.0147587169815,1425.6471906533943,1426.2792579223196,1426.9109607340285,1427.5422992986714,1428.1732738262772,1428.8038845267538,1429.4341316098883,1430.0640152853464,1430.6935357626733,1431.322693251293,1431.951487960509
W158,16552.776713178915,16577.948585624654,16603.120458070396,16628.292330516135,16653.464202961877,16678.63607540762,16703.80794785336,16728.9798202991,16754.15169274484,16779.32356519058,16804.495437636324,16829.667310082063,16854.839182527805
W159,9220.31069761875,9227.504013889004,9234.697330159255,9241.890646429509,9249.08396269976,9256.277278970014,9263.470595240266,9270.663911510517,9277.85722778077,9285.050544051022,9292.243860321276,9299.437176591528,9306.630492861781
W16,4543.3118672209475,4543.3118672209475,4543.3118672209475,4543.3118672209475,4543.3118672209475,4543.3118672209475,4543.3118672209475,4543.3118672209475,4543.3118672209475,4543.3118672209475,4543.3118672209475,4543.3118672209475,4543.3118672209475
W160,8002.828486903225,8008.905460880162,8014.982434857099,8021.059408834036,8027.1363828109725,8033.213356787909,8039.290330764847,8045.367304741783,8051.44427871872,8057.521252695657,8063.598226672594,8069.675200649531,8075.752174626467
W161,12089.181389152287,12098.464520678888,12107.747652205488,12117.030783732089,12126.31391525869,12135.597046785291,12144.880178311892,12154.163309838492,12163.446441365093,12172.729572891694,12182.012704418295,12191.295835944897,12200.578967471498
W162,4462.233995981255,4473.743469429209,4484.827500946648,4495.501816781785,4505.7815618699315,4515.68132132144,4525.21514111535,4534.396548028111,4543.238568825645,4551.753748745988,4559.95416929872,4567.851465406468,4575.456841912758
W163,3771.7961873308013,3771.7961873308013,3771.7961873308013,3771.7961873308013,3771.7961873308013,3771.7961873308013,3771.7961873308013,3771.7961873308013,3771.7961873308013,3771.7961873308013,3771.7961873308013,3771.7961873308013,3771.7961873308013
W164,24610.397868494823,24610.406108660784,24610.40654235373,24610.406565179674,24610.40656638104,24610.406566444268,24610.406566447597,24610.40656644777,24610.406566447782,24610.406566447782,24610.406566447782,24610.406566447782,24610.406566447782
W165,3758.36694675995,3758.369141963363,3758.371315486102,3758.373467542295,3758.3755983439532,3758.3777081009944,3758.379797021264,3758.381865310553,3758.383913172622,3758.3859408092176,3758.3879484200943,3758.3899362030334,3758.391904353864
W166,2659.283919027254,2659.283919027254,2659.283919027254,2659.283919027254,2659.283919027254,2659.283919027254,2659.283919027254,2659.283919027254,2659.283919027254,2659.283919027254,2659.283919027254,2659.283919027254,2659.283919027254
W167,3031.765036616512,3031.765036616512,3031.765036616512,3031.765036616512,3031.765036616512,3031.765036616512,3031.765036616512,3031.765036616512,3031.765036616512,3031.765036616512,3031.765036616512,3031.765036616512,3031.765036616512
W168,3591.1857047574154,3593.138633443097,3595.091562128779,3597.044490814461,3598.9974195001428,3600.9503481858246,3602.9032768715065,3604.8562055571883,3606.80913424287,3608.762062928552,3610.714991614234,3612.6679202999157,3614.6208489855976
W169,1657.2493712258038,1657.2493712258038,1657.2493712258038,1657.2493712258038,1657.2493712258038,1657.2493712258038,1657.2493712258038,1657.2493712258038,1657.2493712258038,1657.2493712258038,1657.2493712258038,1657.2493712258038,1657.2493712258038
W17,12040.650417665225,12040.276594479372,12039.912313982284,12039.557332575083,12039.211412877305,12038.874323568169,12038.545839231878,12038.225740206888,12037.913812439021,12037.609847338315,12037.313641639545,12037.02499726629,12036.743721198485
W170,3596.1781820817505,3598.0713641635007,3599.9645462452513,3601.857728327002,3603.750910408752,3605.6440924905028,3607.5372745722534,3609.4304566540036,3611.3236387357542,3613.216820817505,3615.110002899255,3617.0031849810057,3618.896367062756
W171,6055.79596465484,6055.82992987763,6055.8310307128095,6055.831066391601,6055.831067547974,6055.831067585453,6055.831067586668,6055.831067586707,6055.831067586709,6055.831067586709,6055.831067586709,6055.831067586709,6055.831067586709
W172,3657.801995126668,3661.395757871272,3664.989520615876,3668.58328336048,3672.177046105084,3675.7708088496884,3679.364571594292,3682.9583343388963,3686.5520970835005,3690.1458598281047,3693.7396225727084,3697.3333853173126,3700.927148061917
W173,3345.388715745924,3333.616333340934,3327.623121344151,3324.5720320401574,3323.0187504365804,3322.2279890069312,3321.825419609869,3321.6204752190897,3321.516139907915,3321.4630237571555,3321.435982811576,3321.4222165139927,3321.4152082180517
W174,2812.019892858457,2812.0198928456484,2812.0198928456466,2812.0198928456466,2812.0198928456466,2812.0198928456466,2812.0198928456466,2812.0198928456466,2812.0198928456466,2812.0198928456466,2812.0198928456466,2812.0198928456466,2812.0198928456466
W175,3253.69969600724,3257.567910423437,3261.4361248396335,3265.30433925583,3269.172553672027,3273.0407680882236,3276.9089825044202,3280.7771969206174,3284.645411336814,3288.5136257530107,3292.3818401692074,3296.250054585404,3300.1182690016008
W176,2515.431882452498,2515.431882452498,2515.431882452498,2515.431882452498,2515.431882452498,2515.431882452498,2515.431882452498,2515.431882452498,2515.431882452498,2515.431882452498,2515.431882452498,2515.431882452498,2515.431882452498
W177,6586.496682957109,6586.496682957109,6586.496682957109,6586.496682957109,6586.496682957109,6586.496682957109,6586.496682957109,6586.496682957109,6586.496682957109,6586.496682957109,6586.496682957109,6586.496682957109,6586.496682957109
W178,1495.1441243281279,1495.3998256140933,1495.6532799339218,1495.9045070327504,1496.153526482206,1496.4003576819302,1496.6450198610914,1496.8875320798822,1497.1279132310046,1497.366182041141,1497.6023570724144,1497.8364567238336,1498.068499232727
W179,2713.6897548679267,2714.0690778586168,2714.383195241825,2714.643315858964,2714.8587217520408,2715.0370993803986,2715.1848139013155,2715.3071363017793,2715.4084314863167,2715.492314032536,2715.5617771722923,2715.619299601002,2715.666933926432
W18,4317.071568892962,4307.90149659654,4298.870665920656,4289.976962571306,4281.218304358672,4272.592640709642,4264.097952187732,4255.7322500202945,4247.4935756329105,4239.380000190848,4231.389624147481,4223.520576799575,4215.771015849311
W180,7250.525037754804,7250.559502899455,7250.560589637942,7250.560623904461,7250.560624984936,7250.560625019006,7250.56062502008,7250.560625020114,7250.5606250201145,7250.5606250201145,7250.5606250201145,7250.5606250201145,7250.5606250201145
W181,8794.340365259974,8800.122234452858,8805.904103645742,8811.685972838626,8817.46784203151,8823.249711224393,8829.031580417277,8834.813449610161,8840.595318803045,8846.37718799593,8852.159057188814,8857.940926381698,8863.722795574582
W182,1351.2510073951287,1351.251007434258,1351.2510074342597,1351.2510074342597,1351.2510074342597,1351.2510074342597,1351.2510074342597,1351.2510074342597,1351.2510074342597,1351.2510074342597,1351.2510074342597,1351.2510074342597,1351.2510074342597
W183,6075.094188542891,6075.094188542891,6075.094188542891,6075.094188542891,6075.094188542891,6075.094188542891,6075.094188542891,6075.094188542891,6075.094188542891,6075.094188542891,6075.094188542891,6075.094188542891,6075.094188542891
W184,4606.608437918238,4611.736812947116,4616.865187975993,4621.99356300487,4627.121938033748,4632.2503130626255,4637.378688091503,4642.50706312038,4647.635438149257,4652.763813178135,4657.892188207013,4663.02056323589,4668.148938264767
W185,4067.6524352948572,4072.1832667778067,4076.714098260756,4081.2449297437056,4085.775761226655,4090.3065927096045,4094.837424192554,4099.368255675503,4103.899087158453,4108.429918641402,4112.960750124352,4117.491581607301,4122.022413090251
W186,1740.1447901406432,1739.991569773851,1739.879354790905,1739.7971711839782,1739.7369818485602,1739.6929005988616,1739.6606165312357,1739.6369724415242,1739.6196560678638,1739.6069739642005,1739.597685890584,1739.590883524526,1739.5859016320583
W187,919.3193935268364,917.4224906240427,916.6324880905767,916.303475993034,916.1664524320406,916.1093862742683,916.0856199501467,916.0757219968884,916.071599799522,916.0698830293288,916.0691680466063,916.0688702779848,916.0687462663842
W188,2239.2920912533364,2239.4245282759775,2239.43149864559,2239.431865507149,2239.4318848156518,2239.431885831889,2239.431885885375,2239.43188588819,2239.431885888338,2239.431885888346,2239.4318858883466,2239.4318858883466,2239.4318858883466
W189,1996.589240239703,1996.589240239703,1996.589240239703,1996.589240239703,1996.589240239703,1996.589240239703,1996.589240239703,1996.589240239703,1996.589240239703,1996.589240239703,1996.589240239703,1996.589240239703,1996.589240239703
W19,2582.1213319191215,2582.1213319191215,2582.1213319191215,2582.1213319191215,2582.1213319191215,2582.1213319191215,2582.1213319191215,2582.1213319191215,2582.1213319191215,2582.1213319191215,2582.1213319191215,2582.1213319191215,2582.1213319191215
W190,446.46693333542436,445.90098506671035,445.65538579996587,445.54880538765633,445.5025536848778,445.4824822668419,445.4737720616435,445.4699921755158,445.4683518537538,445.46764001869,445.4673311102979,445.4671970562177,445.4671388820247
W191,6498.33473563954,6498.33473563954,6498.33473563954,6498.33473563954,6498.33473563954,6498.33473563954,6498.33473563954,6498.33473563954,6498.33473563954,6498.33473563954,6498.33473563954,6498.33473563954,6498.33473563954
W192,1152.1480629475286,1152.4056952798726,1152.4574452282102,1152.4678401081098,1152.469928101076,1152.4703475108881,1152.4704317566654,1152.4704486788996,1152.4704520780253,1152.4704527607992,1152.4704528979462,1152.4704529254946,1152.4704529310281
W193,5994.3943524806,5995.259336418451,5995.311565669821,5995.3147193638715,5995.314909789465,5995.314921287697,5995.31492198198,5995.314922023902,5995.314922026433,5995.314922026586,5995.314922026596,5995.314922026596,5995.314922026596
W194,479.45664408393316,477.13887023916175,474.84564566256813,472.57671033457814,470.33180698967857,468.11068108724663,465.9130807826889,463.73875689888547,461.58746289793675,459.45895485320966,457.35299142167963,455.2693338165656,453.2077457802554
W195,935.6579923675395,924.2996498045634,918.9897746840063,916.5074782010832,915.347037382941,914.8045466282408,914.5509393659538,914.4323813206277,914.3769570004217,914.3510468628024,914.3389342157016,914.3332717131728,914.3306245680343
W196,9560.687546045387,9496.952576287218,9452.52944981438,9421.566633434148,9399.985622048509,9384.943707039627,9374.459527077377,9367.152077898469,9362.058802726295,9358.508801714403,9356.034459221917,9354.309848228957,9353.107798356692
W197,3327.2789419022015,3304.174584060414,3287.7672714215983,3276.115793814159,3267.8416215944208,3261.9658066781926,3257.793159552549,3254.829998819379,3252.72574191334,3251.2314263748517,3250.1702541756977,3249.416674086852,3248.881527245691
W198,2375.149764530091,2370.6019757216486,2366.9427913504423,2363.9985846542954,2361.629654261542,2359.7235954195953,2358.189966436626,2356.9559972612565,2355.963136574172,2355.1642735526048,2354.5215024815675,2354.004324143594,2353.5881986436757
W199,752.4015556361542,732.3334880561722,714.879477972194,699.6990194254281,686.4959606107884,675.0127263246954,665.0252929942397,656.3388182567955,648.783839828638,642.2129695072306,636.4980178112955,631.5274931639798,627.2044268313026
W2,3462.8760943681136,3462.275764150295,3462.2347303073357,3462.231925557186,3462.231733846568,3462.231720742741,3462.2317198470664,3462.231719785845,3462.2317197816606,3462.2317197813745,3462.231719781355,3462.2317197813536,3462.2317197813536
W20,4119.7106213419,4119.710621288952,4119.710621288945,4119.710621288945,4119.710621288945,4119.710621288945,4119.710621288945,4119.710621288945,4119.710621288945,4119.710621288945,4119.710621288945,4119.710621288945,4119.710621288945
W200,1636.4537832231615,1613.9976026899099,1598.4492864865026,1587.6838699721864,1580.2300601055385,1575.069156070451,1571.495824990655,1569.0217051622244,1567.3086624049934,1566.1225777803197,1565.3013509131276,1564.7327459810945,1564.3390526161438
W201,1882.2735350741707,1864.424555847862,1852.6382823999415,1844.8554148181136,1839.71612901553,1836.3224880107275,1834.0815542094422,1832.601791236683,1831.6246546276977,1830.979418890491,1830.5533483157724,1830.271999772639,1830.0862159907485
W202,4120.55478424217,4114.081222195019,4112.346229756111,4111.881230928395,4111.7566056534215,4111.72320458177,4111.714252693097,4111.711853479333,4111.711210461206,4111.711038124619,4111.710991936343,4111.71097955733,4111.710976239605
W203,5391.043328168296,5371.932380739803,5367.0875605435585,5365.859349183459,5365.54798507004,5365.4690510898845,5365.4490405204115,5365.443967636846,5365.4426816090945,5365.442355587936,5365.442272938245,5365.442251985705,5365.4422466740225
W204,7307.882203609146,7307.961846964534,7307.984323870753,7307.990667291503,7307.9924575283985,7307.992962768121,7307.993105356612,7307.993145597862,7307.993156954727,7307.9931601598555,7307.993161064405,7307.993161319687,7307.9931613917315
W205,12690.845294397317,12756.840478096396,12821.13006581324,12883.758137395678,12944.767633480957,13004.200384937785,13062.097141547476,13118.49759994383,13173.440430830948,13226.963305497611,13279.102921646423,13329.89502855541,13379.374451589341
W206,1017.0488935097832,1017.0488935097832,1017.0488935097832,1017.0488935097832,1017.0488935097832,1017.0488935097832,1017.0488935097832,1017.0488935097832,1017.0488935097832,1017.0488935097832,1017.0488935097832,1017.0488935097832,1017.0488935097832
W207,11057.26018052165,11150.077017353242,11221.993905758796,11277.716972979037,11320.89264825188,11354.346279364792,11380.267018937864,11400.35107910303,11415.912728938709,11427.97029815613,11437.312814982302,11444.551638917168,11450.160467130692
W208,26635.919711773655,26635.919711773655,26635.919711773655,26635.919711773655,26635.919711773655,26635.919711773655,26635.919711773655,26635.919711773655,26635.919711773655,26635.919711773655,26635.919711773655,26635.919711773655,26635.919711773655
W209,4185.45,4185.45,4185.45,4185.45,4185.45,4185.45,4185.45,4185.45,4185.45,4185.45,4185.45,4185.45,4185.45
W21,1966.0318152623977,1966.0318152623977,1966.0318152623977,1966.0318152623977,1966.0318152623977,1966.0318152623977,1966.0318152623977,1966.0318152623977,1966.0318152623977,1966.0318152623977,1966.0318152623977,1966.0318152623977,1966.0318152623977
W210,8042.1347501227,8054.113159828576,8064.441878817606,8073.348105818843,8081.027749294651,8087.649736799273,8093.359730843855,8098.283333005049,8102.52884675733,8106.189659802476,8109.3462982998335,8112.0681981838525,8114.415232532203
W211,19122.91249281219,19290.38498562438,19457.857478436574,19625.329971248764,19792.802464060955,19960.274956873145,20127.747449685336,20295.219942497526,20462.69243530972,20630.16492812191,20797.6374209341,20965.10991374629,21132.582406558482
W212,5447.852389508761,5447.852389508761,5447.852389508761,5447.852389508761,5447.852389508761,5447.852389508761,5447.852389508761,5447.852389508761,5447.852389508761,5447.852389508761,5447.852389508761,5447.852389508761,5447.852389508761
W213,3210.173377374779,3180.9970489399357,3157.38880530281,3138.2860189849716,3122.8288570412883,3110.321579234901,3100.2012221670193,3092.012259807111,3085.386099872022,3080.0244931683037,3075.68610913789,3072.1756733608136,3069.335178084556
W214,1823.415323268818,1827.8853427999213,1829.061663729159,1829.371221868432,1829.4526845366618,1829.4741220809328,1829.4797635399516,1829.4812481344302,1829.4816388171876,1829.4817416284395,1829.4817686840322,1829.481775803925,1829.481777677581
W215,2363.602909797608,2363.7397616636354,2363.8375613555686,2363.9074528376495,2363.9574000222565,2363.9930942324218,2364.0186027100135,2364.0368320650277,2364.049859474564,2364.059169370558,2364.0658225860866,2364.070577233925,2364.073975091093
W216,3145.567867586973,3145.567867586973,3145.567867586973,3145.567867586973,3145.567867586973,3145.567867586973,3145.567867586973,3145.567867586973,3145.567867586973,3145.567867586973,3145.567867586973,3145.567867586973,3145.567867586973
W217,9819.762016172728,9819.762016172728,9819.762016172728,9819.762016172728,9819.762016172728,9819.762016172728,9819.762016172728,9819.762016172728,9819.762016172728,9819.762016172728,9819.762016172728,9819.762016172728,9819.762016172728
W218,9773.314004382119,9773.314004382124,9773.314004382124,9773.314004382124,9773.314004382124,9773.314004382124,9773.314004382124,9773.314004382124,9773.314004382124,9773.314004382124,9773.314004382124,9773.314004382124,9773.314004382124
W219,1050.6240628072867,1050.6240628072867,1050.6240628072867,1050.6240628072867,1050.6240628072867,1050.6240628072867,1050.6240628072867,1050.6240628072867,1050.6240628072867,1050.6240628072867,1050.6240628072867,1050.6240628072867,1050.6240628072867
W22,3595.285089207575,3595.285089207575,3595.285089207575,3595.285089207575,3595.285089207575,3595.285089207575,3595.285089207575,3595.285089207575,3595.285089207575,3595.285089207575,3595.285089207575,3595.285089207575,3595.285089207575
W220,1781.2565558025512,1781.2565558025512,1781.2565558025512,1781.2565558025512,1781.2565558025512,1781.2565558025512,1781.2565558025512,1781.2565558025512,1781.2565558025512,1781.2565558025512,1781.2565558025512,1781.2565558025512,1781.2565558025512
W221,7588.293978079351,7610.773810861887,7625.400939378577,7634.918487427688,7641.111344813454,7645.140899736901,7647.762841737115,7649.468881233558,7650.578963288457,7651.301269056394,7651.771257396527,7652.077068383602,7652.27605280902
W222,7936.589484283184,7937.186424128472,7937.2128400515285,7937.214009015196,7937.214060744453,7937.214063033588,7937.2140631348875,7937.2140631393695,7937.214063139569,7937.214063139577,7937.214063139578,7937.214063139578,7937.214063139578
W223,27642.93257025217,27642.932570252193,27642.932570252193,27642.932570252193,27642.932570252193,27642.932570252193,27642.932570252193,27642.932570252193,27642.932570252193,27642.932570252193,27642.932570252193,27642.932570252193,27642.932570252193
W224,1680.916125212127,1657.5677649210213,1638.0307481143468,1621.6829180763766,1608.0036778118622,1596.5574116236469,1586.9796129215244,1578.9652765021233,1572.2591856517165,1566.647784764546,1561.9523786600155,1558.023442030863,1554.7358578065714
W225,1922.0166823602135,1922.0166823602135,1922.0166823602135,1922.0166823602135,1922.0166823602135,1922.0166823602135,1922.0166823602135,1922.0166823602135,1922.0166823602135,1922.0166823602135,1922.0166823602135,1922.0166823602135,1922.0166823602135
W226,2871.743516916328,2852.47822741713,2838.1874831481323,2827.586792627994,2819.723336576405,2813.890325891129,2809.5634734955256,2806.353869971123,2803.973027307221,2802.206948803394,2800.8968944562625,2799.9251129704917,2799.2042579478316
W227,1283.1089056329909,1275.9958891616948,1270.4809042061738,1266.2049322353005,1262.8896128929712,1260.3191230917064,1258.3261272031828,1256.7808837209022,1255.58279925255,1254.6538800176418,1253.933654551261,1253.3752370883321,1252.942275359735
W228,7858.654456197453,7868.171551927315,7874.182349230385,7877.978642263903,7880.3763010219145,7881.890611816448,7882.847018634048,7883.451065045164,7883.832568041658,7884.073517302601,7884.225695783198,7884.321808507785,7884.382511281208
W229,465.75173752841386,458.81149641253535,452.9670828412693,448.0454714128347,443.9009565257319,440.41083872606634,437.4717921579269,434.9968055742306,432.9126063458547,431.15749120616977,429.67949950959303,428.43487492300204,427.38677000797804
W23,759.4923837734518,759.4923837734518,759.4923837734518,759.4923837734518,759.4923837734518,759.4923837734518,759.4923837734518,759.4923837734518,759.4923837734518,759.4923837734518,759.4923837734518,759.4923837734518,759.4923837734518
W230,3077.9127909192953,3077.912790959257,3077.912790959258,3077.912790959258,3077.912790959258,3077.912790959258,3077.912790959258,3077.912790959258,3077.912790959258,3077.912790959258,3077.912790959258,3077.912790959258,3077.912790959258
W231,558.7553247650727,565.8744271571699,572.2441503500988,577.9433763648248,583.0426838516848,587.6052221294017,591.6874932199905,595.3400515642015,598.6081300827061,601.532200336105,604.1484737207251,606.489349906964,608.5838180735989
W232,1906.6846541099785,1904.091588916559,1901.9706920255073,1900.2359868457497,1898.8171521662455,1897.656671485577,1896.7075014168868,1895.931164650317,1895.296190165755,1894.7768374654747,1894.35205310981,1894.004617256063,1893.7204456031782
W233,1013.1003145053606,1009.0844947537419,1006.1735433457943,1004.0634789944207,1002.5339544703146,1001.4252464499551,1000.6215761229772,1000.0390187836197,999.616739843802,999.3106420728764,999.0887606657525,998.9279252611742,998.8113403354648
W234,1880.8207350161629,1879.872111345666,1879.4404681859473,1879.2440617255913,1879.1546927716279,1879.1140280708944,1879.0955248008838,1879.0871054348265,1879.0832744511806,1879.0815312753173,1879.0807380946694,1879.0803771812623,1879.0802129582848
W235,394.47928581145476,392.58514770542746,391.0124769622028,389.7067151179506,388.6225632055108,387.72241026076006,386.97502853810096,386.3544901700133,385.8392676878541,385.41148719953327,385.0563083156052,384.7614093124187,384.5165596718135
W236,3207.7732697819138,3196.9458378619966,3189.4534279748245,3184.2688000471135,3180.6811203614593,3178.1985033431656,3176.4805720339227,3175.2917910171445,3174.469173547954,3173.89993540311,3173.5060317022017,3173.2334566349923,3173.0448390437055
W237,1079.1465224253022,1078.8502769784593,1078.7797409830082,1078.7629463733113,1078.7589475793184,1078.7579954670823,1078.757768769305,1078.7577147925988,1078.7577019407533,1078.757698880731,1078.7576981521402,1078.7576979786627,1078.7576979373578
W238,372.0070542054719,373.2748653811167,374.3163577077834,375.17193169809315,375.8747759093772,376.45215436048784,376.92646412992855,377.3161041605777,377.636188972795,377.89913497154544,378.11514209097083,378.2925894598761,378.4383604363846
W239,3740.394275437634,3732.3846499264428,3725.967623699999,3720.826531206557,3716.7076713026954,3713.4077876827687,3710.764038645602,3708.6459612293816,3706.9490331632023,3705.5895149323133,3704.500317424795,3703.6276912374965,3702.928574266053
W24,6756.259783096696,6756.259783096696,6756.259783096696,6756.259783096696,6756.259783096696,6756.259783096696,6756.259783096696,6756.259783096696,6756.259783096696,6756.259783096696,6756.259783096696,6756.259783096696,6756.259783096696
W240,2531.552107800625,2542.488875172837,2551.9643869020547,2560.1738805737095,2567.2865081837967,2573.448821420538,2578.7877912794206,2583.4134242290907,2587.4210288327154,2590.8931795272797,2593.901418023377,2596.507727381889,2598.7658091400585
W241,983.6663205107324,979.5168390016246,976.0225387834286,973.0799701786318,970.6020176693294,968.5153208193905,966.7581024194419,965.2783395563274,964.032223461073,962.9828625387536,962.0991901831161,961.3550450415266,960.7283965012408
W242,1482.8840922709242,1482.8840922709242,1482.8840922709242,1482.8840922709242,1482.8840922709242,1482.8840922709242,1482.8840922709242,1482.8840922709242,1482.8840922709242,1482.8840922709242,1482.8840922709242,1482.8840922709242,1482.8840922709242
W243,1206.3354938876803,1231.3051521461482,1253.27403181631,1272.6027574627005,1289.608614872027,1304.570759377418,1317.7347982618924,1329.3168224623346,1339.5069537553861,1348.4724656531823,1356.3605292392065,1363.300629017832,1369.4066884343176
W244,777.6244796115052,782.7104728553807,787.2610983893744,791.3327107092636,794.975732258638,798.2352778554467,801.1517133894336,803.7611557093164,806.0959198902643,808.1849194205861,810.0540242635055,811.726381228223,813.222700617707
W245,2320.4094818197746,2317.403651160836,2315.0011565777604,2313.080895300052,2311.5460725368116,2310.319322332604,2309.338807774463,2308.5551039728016,2307.928706696352,2307.4280410786637,2307.0278700208396,2306.7080220627163,2306.452374598174
W246,1091.679366002965,1085.067941304499,1079.5564036013916,1074.9617739658422,1071.1315141318278,1067.9384623388055,1065.27661165641,1063.0575906336844,1061.20772943303,1059.6656140467217,1058.3800473978038,1057.308349635442,1056.4149411958115
W247,4196.732123964503,4249.328187113104,4294.3526604797535,4332.895530051885,4365.889870324497,4394.134432862517,4418.31298307364,4439.010853310604,4456.729113032773,4471.896699068829,4484.880799639004,4495.995743521022,4505.510609555269
W248,16806.038429807722,16834.909308567134,16863.779652487206,16892.649461577854,16921.518735848975,16950.387475310486,16979.255679972288,17008.123349844293,17036.990484936403,17065.857085258533,17094.72315082058,17123.588681632456,17152.453677704067
W249,21267.4134837826,21276.994360337267,21286.575236891935,21296.156113446603,21305.73699000127,21315.31786655594,21324.898743110607,21334.479619665275,21344.060496219943,21353.641372774608,21363.222249329276,21372.803125883944,21382.38400243861
W25,1303.925463425414,1303.925463425414,1303.925463425414,1303.925463425414,1303.925463425414,1303.925463425414,1303.925463425414,1303.925463425414,1303.925463425414,1303.925463425414,1303.925463425414,1303.925463425414,1303.925463425414
W250,3293.7708044935193,3298.063712174636,3302.3538261746135,3306.641148311486,3310.925680402106,3315.207424262142,3319.486381706081,3323.76255454723,3328.0359445977165,3332.3065536684862,3336.5743835693092,3340.8394361087758,3345.101713094301
W251,6725.579529467882,6715.947626467701,6707.044616270712,6698.815340024242,6691.208813013452,6684.177908784093,6677.679067169216,6671.6720244109165,6666.119563705084,6660.987284623631,6656.243389985664,6651.858488857146,6647.80541445853
W252,8663.093197465956,8674.696525731235,8686.287884440664,8697.867285941587,8709.43474256861,8720.990266643614,8732.533870475767,8744.065566361543,8755.585366584733,8767.093283416452,8778.589329115159,8790.073515926666,8801.545856084154
W253,12302.447069114898,12301.304059322314,12301.151308013612,12301.130894398206,12301.12816633193,12301.127801754394,12301.127753032419,12301.127746521235,12301.127745651083,12301.127745534797,12301.127745519258,12301.12774551718,12301.127745516902
W254,5952.134983468965,5962.341025711834,5972.547067954703,5982.753110197572,5992.95915244044,6003.165194683309,6013.371236926178,6023.577279169047,6033.7833214119155,6043.989363654784,6054.1954058976535,6064.401448140522,6074.6074903833905
W255,1919.369391925766,1917.9845981943026,1917.2557593882693,1916.872160016673,1916.6702656105695,1916.564005396831,1916.5080789685474,1916.4786440062928,1916.4631519208958,1916.4549981917394,1916.4507067553413,1916.4484481046054,1916.4472593410603
W256,2641.8222808761784,2641.8222808761784,2641.8222808761784,2641.8222808761784,2641.8222808761784,2641.8222808761784,2641.8222808761784,2641.8222808761784,2641.8222808761784,2641.8222808761784,2641.8222808761784,2641.8222808761784,2641.8222808761784
W257,4017.6036656355145,4017.6243650259867,4017.6304831838233,4017.632291539261,4017.6328260382843,4017.632984021168,4017.6330307164662,4017.6330445182834,4017.633048597713,4017.633049803477,4017.6330501598673,4017.6330502652063,4017.6330502963415
W258,2125.5496259483543,2125.598939944021,2125.647943947959,2125.696639908801,2125.7450297629316,2125.793115434561,2125.8408988358055,2125.888381866761,2125.9355664155787,2125.9824543585414,2126.0290475601378,2126.075347873135,2126.1213571386543
W259,6311.168433565625,6311.168433565625,6311.168433565625,6311.168433565625,6311.168433565625,6311.168433565625,6311.168433565625,6311.168433565625,6311.168433565625,6311.168433565625,6311.168433565625,6311.168433565625,6311.168433565625
W26,2739.201061749646,2739.201061749646,2739.201061749646,2739.201061749646,2739.201061749646,2739.201061749646,2739.201061749646,2739.201061749646,2739.201061749646,2739.201061749646,2739.201061749646,2739.201061749646,2739.201061749646
W260,648.6617919477492,648.4937635245001,648.4507762852793,648.439778724866,648.4369651844471,648.4362453875657,648.436061239669,648.4360141285342,648.4360020759447,648.4359989924928,648.4359982036436,648.43599800183,648.4359979501993
W261,4657.095205741314,4657.095205741314,4657.095205741314,4657.095205741314,4657.095205741314,4657.095205741314,4657.095205741314,4657.095205741314,4657.095205741314,4657.095205741314,4657.095205741314,4657.095205741314,4657.095205741314
W262,4380.009814485174,4377.844535667729,4375.805023265164,4373.88397235629,4372.074502313428,4370.370132158067,4368.764757347942,4367.252627912399,4365.828327857723,4364.486755768677,4363.223106536762,4362.032854149763,4360.911735480928
W263,2380.9098656486035,2380.9098656486035,2380.9098656486035,2380.9098656486035,2380.9098656486035,2380.9098656486035,2380.9098656486035,2380.9098656486035,2380.9098656486035,2380.9098656486035,2380.9098656486035,2380.9098656486035,2380.9098656486035
W264,4008.4975255230543,4008.497528402575,4008.497528403227,4008.497528403227,4008.497528403227,4008.497528403227,4008.497528403227,4008.497528403227,4008.497528403227,4008.497528403227,4008.497528403227,4008.497528403227,4008.497528403227
W265,2194.918035560733,2194.7354117554187,2194.6999693408466,2194.6930909125467,2194.6917559928906,2194.6914969205545,2194.6914466415174,2194.6914368836956,2194.6914349899625,2194.6914346224394,2194.691434551113,2194.69143453727,2194.691434534584
W266,2184.3403947570796,2184.345114528209,2184.3453758911587,2184.3453903644436,2184.345391165919,2184.345391210302,2184.3453912127593,2184.3453912128957,2184.345391212903,2184.3453912129035,2184.3453912129035,2184.3453912129035,2184.3453912129035
W267,3224.1437582344747,3223.3270329501484,3222.957610205584,3222.7905122023503,3222.714930113549,3222.68074267841,3222.665278952282,3222.6582843700676,3222.6551205672467,3222.653689509896,3222.653042211295,3222.652749423952,3222.6526169898207
W268,1369.987652090339,1369.9866567135175,1369.9866455929819,1369.9866454687412,1369.9866454673531,1369.9866454673377,1369.9866454673374,1369.9866454673374,1369.9866454673374,1369.9866454673374,1369.9866454673374,1369.9866454673374,1369.9866454673374
W269,1316.7404768604974,1316.7404768605027,1316.7404768605027,1316.7404768605027,1316.7404768605027,1316.7404768605027,1316.7404768605027,1316.7404768605027,1316.7404768605027,1316.7404768605027,1316.7404768605027,1316.7404768605027,1316.7404768605027
W27,1795.2195619535391,1795.2195619535391,1795.2195619535391,1795.2195619535391,1795.2195619535391,1795.2195619535391,1795.2195619535391,1795.2195619535391,1795.2195619535391,1795.2195619535391,1795.2195619535391,1795.2195619535391,1795.2195619535391
W270,8004.387664824458,8004.5656256826405,8004.569493704565,8004.569577776949,8004.569579604282,8004.5695796439995,8004.569579644863,8004.569579644882,8004.569579644882,8004.569579644882,8004.569579644882,8004.569579644882,8004.569579644882
W271,7724.725350826569,7724.725350826569,7724.725350826569,7724.725350826569,7724.725350826569,7724.725350826569,7724.725350826569,7724.725350826569,7724.725350826569,7724.725350826569,7724.725350826569,7724.725350826569,7724.725350826569
W272,979.661604831183,979.7302511072252,979.7960610691597,979.8591519072868,979.9196359698599,979.9776209631483,980.0332101432332,980.0865024998806,980.1375929328152,980.1865724207132,980.23352818321,980.2785438362166,980.3216995408173
W273,6503.831076170041,6529.8173165173885,6555.678095382311,6581.414018492431,6607.0256886509205,6632.513705750619,6657.878666788084,6683.121165877578,6708.241794264981,6733.241140341637,6758.119789658143,6782.8783249380585,6807.5173260915535
W274,829.7336108056011,830.1648557128683,830.263528564426,830.286105831938,830.2912717210378,830.2924537245808,830.2927241780011,830.2927860602628,830.2928002195006,830.2928034592661,830.2928042005547,830.2928043701684,830.2928044089775
W275,8668.462945784457,8668.462945784457,8668.462945784457,8668.462945784457,8668.462945784457,8668.462945784457,8668.462945784457,8668.462945784457,8668.462945784457,8668.462945784457,8668.462945784457,8668.462945784457,8668.462945784457
W276,11265.934522625466,11266.321472154827,11266.621481155658,11266.854083585049,11267.03442447485,11267.174246043434,11267.28265224606,11267.366701544655,11267.431866492998,11267.482390061468,11267.521561902096,11267.551932541874,11267.575479450714
W277,3152.0268749722613,3152.026862218942,3152.0268622122776,3152.026862212274,3152.026862212274,3152.026862212274,3152.026862212274,3152.026862212274,3152.026862212274,3152.026862212274,3152.026862212274,3152.026862212274,3152.026862212274
W278,1324.5654266982194,1324.5654266982194,1324.5654266982194,1324.5654266982194,1324.5654266982194,1324.5654266982194,1324.5654266982194,1324.5654266982194,1324.5654266982194,1324.5654266982194,1324.5654266982194,1324.5654266982194,1324.5654266982194
W279,1270.2225001361362,1270.509669676144,1270.5950817342018,1270.620485611164,1270.6280414174446,1270.6302887204304,1270.6309571296674,1270.6311559328153,1270.6312150622969,1270.6312326490183,1270.631237879789,1270.6312394355632,1270.6312398982927
W28,4864.415466111541,4864.415466111541,4864.415466111541,4864.415466111541,4864.415466111541,4864.415466111541,4864.415466111541,4864.415466111541,4864.415466111541,4864.415466111541,4864.415466111541,4864.415466111541,4864.415466111541
W280,5395.955586539472,5395.955586539472,5395.955586539472,5395.955586539472,5395.955586539472,5395.955586539472,5395.955586539472,5395.955586539472,5395.955586539472,5395.955586539472,5395.955586539472,5395.955586539472,5395.955586539472
W281,1768.9293917840562,1768.9293917840562,1768.9293917840562,1768.9293917840562,1768.9293917840562,1768.9293917840562,1768.9293917840562,1768.9293917840562,1768.9293917840562,1768.9293917840562,1768.9293917840562,1768.9293917840562,1768.9293917840562
W282,2138.1148815360184,2132.8373121964173,2129.3633784181247,2127.0766787805837,2125.571470113394,2124.5806739919494,2123.928487371139,2123.4991887705914,2123.216605101207,2123.0305958058098,2122.9081561119324,2122.8275607921946,2122.774509323688
W283,343.95110208062584,344.282546125772,344.5608750274983,344.79460068548076,344.9908709357513,345.15568814697997,345.2940927858886,345.41031756562256,345.50791689127186,345.58987556126465,345.6587000489575,345.71649515601086,345.76502838177515
W284,567.8213149322117,567.8213149319388,567.8213149319388,567.8213149319388,567.8213149319388,567.8213149319388,567.8213149319388,567.8213149319388,567.8213149319388,567.8213149319388,567.8213149319388,567.8213149319388,567.8213149319388
W285,698.286678237477,698.286678237477,698.286678237477,698.286678237477,698.286678237477,698.286678237477,698.286678237477,698.286678237477,698.286678237477,698.286678237477,698.286678237477,698.286678237477,698.286678237477
W286,10676.681263725794,10674.762919633316,10674.315568400682,10674.211247634597,10674.186920391387,10674.181247362092,10674.179924431206,10674.179615928282,10674.179543986464,10674.179527209879,10674.179523297636,10674.179522385315,10674.179522172566
W287,2209.5397596108214,2209.5397596131584,2209.5397596131584,2209.5397596131584,2209.5397596131584,2209.5397596131584,2209.5397596131584,2209.5397596131584,2209.5397596131584,2209.5397596131584,2209.5397596131584,2209.5397596131584,2209.5397596131584
W288,7820.937043634704,7821.265717867383,7821.390546928703,7821.4379564698265,7821.455962409835,7821.462800988483,7821.465398251268,7821.466384680515,7821.466759322104,7821.466901609369,7821.466955649462,7821.466976173657,7821.466983968658
W289,9919.861043694023,9919.781362188525,9919.764587134736,9919.761055544464,9919.760312051776,9919.760155527,9919.760122574415,9919.760115637027,9919.760114176526,9919.760113869052,9919.760113804321,9919.760113790693,9919.760113787823
W29,709.8955742190064,709.8955742190064,709.8955742190064,709.8955742190064,709.8955742190064,709.8955742190064,709.8955742190064,709.8955742190064,709.8955742190064,709.8955742190064,709.8955742190064,709.8955742190064,709.8955742190064
W290,15655.467002075795,15655.46700222663,15655.467002226636,15655.467002226636,15655.467002226636,15655.467002226636,15655.467002226636,15655.467002226636,15655.467002226636,15655.467002226636,15655.467002226636,15655.467002226636,15655.467002226636
W291,8343.83151059146,8349.153317008851,8354.475123426242,8359.796929843633,8365.118736261024,8370.440542678414,8375.762349095805,8381.084155513196,8386.405961930588,8391.727768347979,8397.04957476537,8402.37138118276,8407.69318760015
W292,18285.545748209355,18285.545748209355,18285.545748209355,18285.545748209355,18285.545748209355,18285.545748209355,18285.545748209355,18285.545748209355,18285.545748209355,18285.545748209355,18285.545748209355,18285.545748209355,18285.545748209355
W293,1666.6481807036232,1666.6481807036232,1666.6481807036232,1666.6481807036232,1666.6481807036232,1666.6481807036232,1666.6481807036232,1666.6481807036232,1666.6481807036232,1666.6481807036232,1666.6481807036232,1666.6481807036232,1666.6481807036232
W294,1512.8636375091176,1512.8636375367719,1512.8636375367737,1512.8636375367737,1512.8636375367737,1512.8636375367737,1512.8636375367737,1512.8636375367737,1512.8636375367737,1512.8636375367737,1512.8636375367737,1512.8636375367737,1512.8636375367737
W295,2944.234639187592,2944.234639187592,2944.234639187592,2944.234639187592,2944.234639187592,2944.234639187592,2944.234639187592,2944.234639187592,2944.234639187592,2944.234639187592,2944.234639187592,2944.234639187592,2944.234639187592
W296,2991.8932736911884,2991.8932736911884,2991.8932736911884,2991.8932736911884,2991.8932736911884,2991.8932736911884,2991.8932736911884,2991.8932736911884,2991.8932736911884,2991.8932736911884,2991.8932736911884,2991.8932736911884,2991.8932736911884
W297,5256.043962858883,5256.043962858883,5256.043962858883,5256.043962858883,5256.043962858883,5256.043962858883,5256.043962858883,5256.043962858883,5256.043962858883,5256.043962858883,5256.043962858883,5256.043962858883,5256.043962858883
W298,3474.0585245244883,3474.0585245244883,3474.0585245244883,3474.0585245244883,3474.0585245244883,3474.0585245244883,3474.0585245244883,3474.0585245244883,3474.0585245244883,3474.0585245244883,3474.0585245244883,3474.0585245244883,3474.0585245244883
W299,3214.7640283349197,3214.7640283349197,3214.7640283349197,3214.7640283349197,3214.7640283349197,3214.7640283349197,3214.7640283349197,3214.7640283349197,3214.7640283349197,3214.7640283349197,3214.7640283349197,3214.7640283349197,3214.7640283349197
W3,9717.899124574884,9727.562417498135,9737.225710421388,9746.889003344639,9756.55229626789,9766.215589191142,9775.878882114393,9785.542175037644,9795.205467960895,9804.868760884146,9814.5320538074,9824.19534673065,9833.858639653901
W30,3650.7505713688515,3650.7505713688515,3650.7505713688515,3650.7505713688515,3650.7505713688515,3650.7505713688515,3650.7505713688515,3650.7505713688515,3650.7505713688515,3650.7505713688515,3650.7505713688515,3650.7505713688515,3650.7505713688515
W300,1829.479800177733,1829.479800177733,1829.479800177733,1829.479800177733,1829.479800177733,1829.479800177733,1829.479800177733,1829.479800177733,1829.479800177733,1829.479800177733,1829.479800177733,1829.479800177733,1829.479800177733
W301,2503.0739539981996,2503.5061285074603,2503.560887866512,2503.5678262382567,2503.568705375692,2503.5688167682,2503.568830882365,2503.5688326707227,2503.568832897319,2503.5688329260306,2503.5688329296686,2503.5688329301297,2503.568832930188
W302,2864.8627616673166,2864.8627616673166,2864.8627616673166,2864.8627616673166,2864.8627616673166,2864.8627616673166,2864.8627616673166,2864.8627616673166,2864.8627616673166,2864.8627616673166,2864.8627616673166,2864.8627616673166,2864.8627616673166
W303,5390.1456654128215,5390.1456654128215,5390.1456654128215,5390.1456654128215,5390.1456654128215,5390.1456654128215,5390.1456654128215,5390.1456654128215,5390.1456654128215,5390.1456654128215,5390.1456654128215,5390.1456654128215,5390.1456654128215
W304,2977.8724983268685,2977.8724983268685,2977.8724983268685,2977.8724983268685,2977.8724983268685,2977.8724983268685,2977.8724983268685,2977.8724983268685,2977.8724983268685,2977.8724983268685,2977.8724983268685,2977.8724983268685,2977.8724983268685
W305,3188.513380783538,3188.513380783538,3188.513380783538,3188.513380783538,3188.513380783538,3188.513380783538,3188.513380783538,3188.513380783538,3188.513380783538,3188.513380783538,3188.513380783538,3188.513380783538,3188.513380783538
W306,2425.797199965622,2425.7971999656606,2425.7971999656606,2425.7971999656606,2425.7971999656606,2425.7971999656606,2425.7971999656606,2425.7971999656606,2425.7971999656606,2425.7971999656606,2425.7971999656606,2425.7971999656606,2425.7971999656606
W307,3305.491822649146,3305.491822649146,3305.491822649146,3305.491822649146,3305.491822649146,3305.491822649146,3305.491822649146,3305.491822649146,3305.491822649146,3305.491822649146,3305.491822649146,3305.491822649146,3305.491822649146
W308,2228.2114340775224,2228.2114340775224,2228.2114340775224,2228.2114340775224,2228.2114340775224,2228.2114340775224,2228.2114340775224,2228.2114340775224,2228.2114340775224,2228.2114340775224,2228.2114340775224,2228.2114340775224,2228.2114340775224
W309,6202.756186211793,6202.756186211793,6202.756186211793,6202.756186211793,6202.756186211793,6202.756186211793,6202.756186211793,6202.756186211793,6202.756186211793,6202.756186211793,6202.756186211793,6202.756186211793,6202.756186211793
W31,922.670369770668,922.670369770668,922.670369770668,922.670369770668,922.670369770668,922.670369770668,922.670369770668,922.670369770668,922.670369770668,922.670369770668,922.670369770668,922.670369770668,922.670369770668
W310,4457.982737440117,4457.982737844024,4457.982737844047,4457.982737844047,4457.982737844047,4457.982737844047,4457.982737844047,4457.982737844047,4457.982737844047,4457.982737844047,4457.982737844047,4457.982737844047,4457.982737844047
W311,4626.266732949233,4626.266732949233,4626.266732949233,4626.266732949233,4626.266732949233,4626.266732949233,4626.266732949233,4626.266732949233,4626.266732949233,4626.266732949233,4626.266732949233,4626.266732949233,4626.266732949233
W312,4086.37740837704,4086.3774083781336,4086.3774083781336,4086.3774083781336,4086.3774083781336,4086.3774083781336,4086.3774083781336,4086.3774083781336,4086.3774083781336,4086.3774083781336,4086.3774083781336,4086.3774083781336,4086.3774083781336
W313,2023.585697231304,2023.585697231304,2023.585697231304,2023.585697231304,2023.585697231304,2023.585697231304,2023.585697231304,2023.585697231304,2023.585697231304,2023.585697231304,2023.585697231304,2023.585697231304,2023.585697231304
W314,8193.462018150087,8319.694067094082,8386.131987590878,8421.099314168114,8439.503170261383,8449.189410310466,8454.287431388926,8456.970600377588,8458.382794582147,8459.126054689808,8459.517244220155,8459.723133446654,8459.831496197443
W315,5222.990756952598,5222.990756952598,5222.990756952598,5222.990756952598,5222.990756952598,5222.990756952598,5222.990756952598,5222.990756952598,5222.990756952598,5222.990756952598,5222.990756952598,5222.990756952598,5222.990756952598
W316,2889.6579085212047,2889.657908544965,2889.6579085449653,2889.6579085449653,2889.6579085449653,2889.6579085449653,2889.6579085449653,2889.6579085449653,2889.6579085449653,2889.6579085449653,2889.6579085449653,2889.6579085449653,2889.6579085449653
W317,3947.5695761842876,3947.5695761842876,3947.5695761842876,3947.5695761842876,3947.5695761842876,3947.5695761842876,3947.5695761842876,3947.5695761842876,3947.5695761842876,3947.5695761842876,3947.5695761842876,3947.5695761842876,3947.5695761842876
W318,3476.8767476941607,3476.8767476941607,3476.8767476941607,3476.8767476941607,3476.8767476941607,3476.8767476941607,3476.8767476941607,3476.8767476941607,3476.8767476941607,3476.8767476941607,3476.8767476941607,3476.8767476941607,3476.8767476941607
W319,2194.875591133605,2199.155476107627,2200.318172485477,2200.6340367844646,2200.719846164519,2200.7431575983496,2200.7494905067906,2200.7512109384725,2200.751678320119,2200.7518052915098,2200.751839785235,2200.751849155984,2200.751851701692
W32,4095.177498814219,4095.177498814219,4095.177498814219,4095.177498814219,4095.177498814219,4095.177498814219,4095.177498814219,4095.177498814219,4095.177498814219,4095.177498814219,4095.177498814219,4095.177498814219,4095.177498814219
W320,2223.3453043245877,2223.3453043245877,2223.3453043245877,2223.3453043245877,2223.3453043245877,2223.3453043245877,2223.3453043245877,2223.3453043245877,2223.3453043245877,2223.3453043245877,2223.3453043245877,2223.3453043245877,2223.3453043245877
W321,6045.635452884322,6045.63548390218,6045.635484050491,6045.6354840512,6045.635484051203,6045.635484051203,6045.635484051203,6045.635484051203,6045.635484051203,6045.635484051203,6045.635484051203,6045.635484051203,6045.635484051203
W322,2256.5001107738076,2256.5001107738076,2256.5001107738076,2256.5001107738076,2256.5001107738076,2256.5001107738076,2256.5001107738076,2256.5001107738076,2256.5001107738076,2256.5001107738076,2256.5001107738076,2256.5001107738076,2256.5001107738076
W323,4125.102789972488,4125.102789973178,4125.102789973178,4125.102789973178,4125.102789973178,4125.102789973178,4125.102789973178,4125.102789973178,4125.102789973178,4125.102789973178,4125.102789973178,4125.102789973178,4125.102789973178
W324,2329.2075158508387,2329.2075158508387,2329.2075158508387,2329.2075158508387,2329.2075158508387,2329.2075158508387,2329.2075158508387,2329.2075158508387,2329.2075158508387,2329.2075158508387,2329.2075158508387,2329.2075158508387,2329.2075158508387
W325,3792.525605557243,3792.525605557243,3792.525605557243,3792.525605557243,3792.525605557243,3792.525605557243,3792.525605557243,3792.525605557243,3792.525605557243,3792.525605557243,3792.525605557243,3792.525605557243,3792.525605557243
W326,3559.337271998655,3559.337271998655,3559.337271998655,3559.337271998655,3559.337271998655,3559.337271998655,3559.337271998655,3559.337271998655,3559.337271998655,3559.337271998655,3559.337271998655,3559.337271998655,3559.337271998655
W327,8545.919051922643,8545.919051922643,8545.919051922643,8545.919051922643,8545.919051922643,8545.919051922643,8545.919051922643,8545.919051922643,8545.919051922643,8545.919051922643,8545.919051922643,8545.919051922643,8545.919051922643
W328,2327.351782697911,2349.4824906570307,2365.639362467145,2377.434941134157,2386.046489070223,2392.333485236215,2396.923405780657,2400.274349545861,2402.7207588047654,2404.5067984047732,2405.810724737289,2406.7626766876383,2407.4576641981866
W329,9156.73758645982,9156.73758646172,9156.73758646172,9156.73758646172,9156.73758646172,9156.73758646172,9156.73758646172,9156.73758646172,9156.73758646172,9156.73758646172,9156.73758646172,9156.73758646172,9156.73758646172
W33,1449.6199609302093,1449.6199609302093,1449.6199609302093,1449.6199609302093,1449.6199609302093,1449.6199609302093,1449.6199609302093,1449.6199609302093,1449.6199609302093,1449.6199609302093,1449.6199609302093,1449.6199609302093,1449.6199609302093
W330,3390.8642262804196,3390.8642262804196,3390.8642262804196,3390.8642262804196,3390.8642262804196,3390.8642262804196,3390.8642262804196,3390.8642262804196,3390.8642262804196,3390.8642262804196,3390.8642262804196,3390.8642262804196,3390.8642262804196
W331,5717.015143319464,5717.015143319464,5717.015143319464,5717.015143319464,5717.015143319464,5717.015143319464,5717.015143319464,5717.015143319464,5717.015143319464,5717.015143319464,5717.015143319464,5717.015143319464,5717.015143319464
W332,3142.5699466305928,3142.5699466305928,3142.5699466305928,3142.5699466305928,3142.5699466305928,3142.5699466305928,3142.5699466305928,3142.5699466305928,3142.5699466305928,3142.5699466305928,3142.5699466305928,3142.5699466305928,3142.5699466305928
W333,2507.747763804793,2507.747763804793,2507.747763804793,2507.747763804793,2507.747763804793,2507.747763804793,2507.747763804793,2507.747763804793,2507.747763804793,2507.747763804793,2507.747763804793,2507.747763804793,2507.747763804793
W334,3515.488531608465,3515.488531608465,3515.488531608465,3515.488531608465,3515.488531608465,3515.488531608465,3515.488531608465,3515.488531608465,3515.488531608465,3515.488531608465,3515.488531608465,3515.488531608465,3515.488531608465
W335,3928.64071267893,3928.64071267893,3928.64071267893,3928.64071267893,3928.64071267893,3928.64071267893,3928.64071267893,3928.64071267893,3928.64071267893,3928.64071267893,3928.64071267893,3928.64071267893,3928.64071267893
W336,1538.6650678892677,1573.1908055791687,1600.4477775272674,1621.966290077305,1638.9544714221672,1652.3661003502748,1662.9541548838254,1671.313087225779,1677.912198486111,1683.121986966832,1687.2349492951093,1690.4820022563626,1693.0454473092616
W337,1593.0576731121132,1593.0576731121132,1593.0576731121132,1593.0576731121132,1593.0576731121132,1593.0576731121132,1593.0576731121132,1593.0576731121132,1593.0576731121132,1593.0576731121132,1593.0576731121132,1593.0576731121132,1593.0576731121132
W338,2024.4840752625257,2042.8796987414266,2057.4025593826645,2068.867975678378,2077.919620122363,2085.0656552097194,2090.707261857632,2095.1611618428265,2098.6773986732433,2101.453375118309,2103.6449354696765,2105.3751146944405,2106.7410456613597
W339,3911.7402311830115,3911.7402311830115,3911.7402311830115,3911.7402311830115,3911.7402311830115,3911.7402311830115,3911.7402311830115,3911.7402311830115,3911.7402311830115,3911.7402311830115,3911.7402311830115,3911.7402311830115,3911.7402311830115
W34,1235.3510943626197,1235.3510943626197,1235.3510943626197,1235.3510943626197,1235.3510943626197,1235.3510943626197,1235.3510943626197,1235.3510943626197,1235.3510943626197,1235.3510943626197,1235.3510943626197,1235.3510943626197,1235.3510943626197
W340,6052.573906679265,6052.573906679265,6052.573906679265,6052.573906679265,6052.573906679265,6052.573906679265,6052.573906679265,6052.573906679265,6052.573906679265,6052.573906679265,6052.573906679265,6052.573906679265,6052.573906679265
W341,5103.254275869125,5103.254275869125,5103.254275869125,5103.254275869125,5103.254275869125,5103.254275869125,5103.254275869125,5103.254275869125,5103.254275869125,5103.254275869125,5103.254275869125,5103.254275869125,5103.254275869125
W342,1325.5557188440466,1325.5557188440466,1325.5557188440466,1325.5557188440466,1325.5557188440466,1325.5557188440466,1325.5557188440466,1325.5557188440466,1325.5557188440466,1325.5557188440466,1325.5557188440466,1325.5557188440466,1325.5557188440466
W343,3515.6426608762604,3515.6426608762604,3515.6426608762604,3515.6426608762604,3515.6426608762604,3515.6426608762604,3515.6426608762604,3515.6426608762604,3515.6426608762604,3515.6426608762604,3515.6426608762604,3515.6426608762604,3515.6426608762604
W344,3313.3851566537865,3313.3851566537865,3313.3851566537865,3313.3851566537865,3313.3851566537865,3313.3851566537865,3313.3851566537865,3313.3851566537865,3313.3851566537865,3313.3851566537865,3313.3851566537865,3313.3851566537865,3313.3851566537865
W345,3133.604666497421,3133.604666497421,3133.604666497421,3133.604666497421,3133.604666497421,3133.604666497421,3133.604666497421,3133.604666497421,3133.604666497421,3133.604666497421,3133.604666497421,3133.604666497421,3133.604666497421
W346,5796.598224657488,5796.598224657488,5796.598224657488,5796.598224657488,5796.598224657488,5796.598224657488,5796.598224657488,5796.598224657488,5796.598224657488,5796.598224657488,5796.598224657488,5796.598224657488,5796.598224657488
W347,3610.9634066104877,3649.348213776932,3677.461355824935,3698.051501097361,3713.131782113824,3724.176622862959,3732.26589567164,3738.1905021064044,3742.5297007262334,3745.7077421488407,3748.035348734456,3749.7400944243204,3750.988655020888
W348,4298.917860362516,4300.780234653954,4300.9762740530505,4300.996909779271,4300.999081960978,4300.999310611684,4300.999334680179,4300.999337213706,4300.999337480393,4300.999337508465,4300.99933751142,4300.999337511731,4300.999337511764
W349,3285.805217294367,3285.805217294367,3285.805217294367,3285.805217294367,3285.805217294367,3285.805217294367,3285.805217294367,3285.805217294367,3285.805217294367,3285.805217294367,3285.805217294367,3285.805217294367,3285.805217294367
W35,1070.7167754999214,1070.7167754999214,1070.7167754999214,1070.7167754999214,1070.7167754999214,1070.7167754999214,1070.7167754999214,1070.7167754999214,1070.7167754999214,1070.7167754999214,1070.7167754999214,1070.7167754999214,1070.7167754999214
W350,5681.524594956568,5681.52459495663,5681.52459495663,5681.52459495663,5681.52459495663,5681.52459495663,5681.52459495663,5681.52459495663,5681.52459495663,5681.52459495663,5681.52459495663,5681.52459495663,5681.52459495663
W351,1586.109735268374,1586.1103836583416,1586.1103906995763,1586.110390776041,1586.1103907768713,1586.1103907768804,1586.1103907768804,1586.1103907768804,1586.1103907768804,1586.1103907768804,1586.1103907768804,1586.1103907768804,1586.1103907768804
W352,1304.328569150064,1317.4499768537637,1325.4751802707012,1330.3834867068363,1333.385463207539,1335.2215064595302,1336.3444515666602,1337.0312576711783,1337.4513161604207,1337.7082287493217,1337.8653594347527,1337.961462363806,1338.0202400172432
W353,1759.555284355582,1759.555284355582,1759.555284355582,1759.555284355582,1759.555284355582,1759.555284355582,1759.555284355582,1759.555284355582,1759.555284355582,1759.555284355582,1759.555284355582,1759.555284355582,1759.555284355582
W354,3281.1955505848937,3281.195550602204,3281.195550602204,3281.195550602204,3281.195550602204,3281.195550602204,3281.195550602204,3281.195550602204,3281.195550602204,3281.195550602204,3281.195550602204,3281.195550602204,3281.195550602204
W355,2617.9908393528326,2617.9908393528326,2617.9908393528326,2617.9908393528326,2617.9908393528326,2617.9908393528326,2617.9908393528326,2617.9908393528326,2617.9908393528326,2617.9908393528326,2617.9908393528326,2617.9908393528326,2617.9908393528326
W356,4132.929537637459,4132.929537637459,4132.929537637459,4132.929537637459,4132.929537637459,4132.929537637459,4132.929537637459,4132.929537637459,4132.929537637459,4132.929537637459,4132.929537637459,4132.929537637459,4132.929537637459
W357,3471.70851727489,3471.70851727489,3471.70851727489,3471.70851727489,3471.70851727489,3471.70851727489,3471.70851727489,3471.70851727489,3471.70851727489,3471.70851727489,3471.70851727489,3471.70851727489,3471.70851727489
W358,5613.650366579247,5613.650366579247,5613.650366579247,5613.650366579247,5613.650366579247,5613.650366579247,5613.650366579247,5613.650366579247,5613.650366579247,5613.650366579247,5613.650366579247,5613.650366579247,5613.650366579247
W359,3819.084249411187,3837.6849339049086,3843.942180913924,3846.047110984914,3846.7552068292007,3846.993409385954,3847.073540428243,3847.100496410689,3847.1095643694835,3847.1126148194853,3847.113640987052,3847.1139861885385,3847.114102313887
W36,15998.829054524875,15998.829054524875,15998.829054524875,15998.829054524875,15998.829054524875,15998.829054524875,15998.829054524875,15998.829054524875,15998.829054524875,15998.829054524875,15998.829054524875,15998.829054524875,15998.829054524875
W37,2900.4731264758725,2902.636761163153,2904.5226768125426,2906.166520783764,2907.599364825647,2908.848292390733,2909.9369105635683,2910.885796279086,2911.712885265456,2912.4338110631434,2913.0622005282876,2913.6099314059597,2914.0873568419306
W38,3088.023726681326,3088.704511607504,3088.8627483437076,3088.899527748952,3088.9080764885343,3088.910063495882,3088.910525341533,3088.9106326896035,3088.9106576408144,3088.910663440294,3088.910664788283,3088.9106651016,3088.910665174425
W39,5842.338317303617,5846.797607010029,5850.430766422789,5853.390844862981,5855.802537656124,5857.7674390079,5859.368321729443,5860.672624098525,5861.735290743059,5862.601087221063,5863.306485800364,5863.881201877781,5864.349445760507
W4,2304.209623271164,2304.209623271164,2304.209623271164,2304.209623271164,2304.209623271164,2304.209623271164,2304.209623271164,2304.209623271164,2304.209623271164,2304.209623271164,2304.209623271164,2304.209623271164,2304.209623271164
W40,5838.550627079905,5843.850845545789,5848.335843252106,5852.131008405232,5855.342443389739,5858.059931099389,5860.359445020029,5862.3052732393935,5863.951815765313,5865.345105400379,5866.524094692562,5867.5217449413685,5868.365947705161
W41,6201.484464852804,6201.484531147513,6201.4845833910285,6201.484624561507,6201.484657005885,6201.484682573662,6201.484702722337,6201.484718600491,6201.4847311132635,6201.484740973949,6201.484748744656,6201.484754868359,6201.484759694141
W42,6209.962507188956,6209.917932837602,6209.883887120895,6209.857883134501,6209.838021390536,6209.822851067517,6209.811264033626,6209.802413902073,6209.795654205914,6209.7904911762,6209.786547674127,6209.783535642537,6209.781235064488
W43,6205.728715988015,6205.720374952827,6205.7139746847,6205.709063611772,6205.705295232569,6205.7024036685425,6205.700184904964,6205.698482396643,6205.6971760228535,6205.696173612201,6205.695404439454,6205.694814235516,6205.694361358461
W44,5834.928254037128,5841.4043237492715,5847.235394069744,5852.485705229695,5857.213099303392,5861.469657447696,5865.302273674181,5868.753171475067,5871.860368994573,5874.658097870448,5877.177180359978,5879.445368905258,5881.4876518786505
W45,2931.491453459372,2932.19886151958,2932.789528059155,2933.2827185959877,2933.694519314878,2934.038361743744,2934.3254608440257,2934.565180804283,2934.7653404679295,2934.932468357106,2935.0720156106913,2935.188533781771,2935.285823293696
W46,3272.9907673626913,3272.990767092687,3272.990767092672,3272.990767092672,3272.990767092672,3272.990767092672,3272.990767092672,3272.990767092672,3272.990767092672,3272.990767092672,3272.990767092672,3272.990767092672,3272.990767092672
W47,2930.140880273103,2930.837794835032,2931.419084931157,2931.9039337122163,2932.308341669725,2932.645654668098,2932.927004371433,2933.161675599487,2933.3574127359525,2933.520675300816,2933.656851120935,2933.7704341336753,2933.8651726913135
W48,2990.219145892939,2985.620606083491,2981.91197479304,2978.921037100111,2976.5089050809434,2974.5635683754517,2972.994692846392,2971.7294258009833,2970.709012985216,2969.8860702567526,2969.222383243158,2968.6871328098305,2968.2554639350305
W49,3226.0501415587673,3226.0501415587673,3226.0501415587673,3226.0501415587673,3226.0501415587673,3226.0501415587673,3226.0501415587673,3226.0501415587673,3226.0501415587673,3226.0501415587673,3226.0501415587673,3226.0501415587673,3226.0501415587673
W5,1442.874350847036,1442.874350847036,1442.874350847036,1442.874350847036,1442.874350847036,1442.874350847036,1442.874350847036,1442.874350847036,1442.874350847036,1442.874350847036,1442.874350847036,1442.874350847036,1442.874350847036
W50,3227.537562629439,3227.537562629439,3227.537562629439,3227.537562629439,3227.537562629439,3227.537562629439,3227.537562629439,3227.537562629439,3227.537562629439,3227.537562629439,3227.537562629439,3227.537562629439,3227.537562629439
W51,6560.464925739939,6557.0861684715355,6554.260566848685,6551.897560602063,6549.9214156011485,6548.268796582377,6546.886737259839,6545.730942760731,6544.764369978809,6543.956040346271,6543.280046973543,6542.714724335874,6542.241953895284
W52,7053.913649657926,7053.913649657926,7053.913649657926,7053.913649657926,7053.913649657926,7053.913649657926,7053.913649657926,7053.913649657926,7053.913649657926,7053.913649657926,7053.913649657926,7053.913649657926,7053.913649657926
W53,1914.4250487812035,1914.7590814594323,1914.783739277617,1914.7855594827565,1914.7856938477164,1914.7857037663468,1914.7857044985262,1914.7857045525745,1914.7857045565643,1914.785704556859,1914.7857045568805,1914.7857045568821,1914.7857045568824
W54,2483.782091002685,2480.4434712725347,2478.6508458566013,2477.688320579215,2477.171506022547,2476.8940096364686,2476.7450118126008,2476.6650095039904,2476.622053377405,2476.5989886828575,2476.5866044160052,2476.579954856213,2476.5763844675944
W55,5050.010732791282,5056.144430330093,5057.935050670248,5058.457789390617,5058.610393358999,5058.654943284725,5058.667948817301,5058.671745543667,5058.672853928196,5058.673177500702,5058.673271961752,5058.673299537921,5058.673307588277
W56,3032.2211773516105,3083.4258122219917,3130.9060500212427,3174.9327868035693,3215.757214850786,3253.6122558369584,3288.7138897510304,3321.262387159542,3351.443451840043,3379.429280304444,3405.3795442573546,3429.4423015947814,3451.7548411408366
W57,2050.0717744897393,1939.5081198503542,1837.9779083705075,1744.743075669252,1659.1258598461914,1580.5038745547017,1508.3055846225707,1442.0061513304895,1381.1236171460496,1325.2154021785132,1273.8750868856728,1226.7294576449835,1183.435793712021
W58,3420.2030475533793,3427.888398113917,3431.5288273268034,3433.253241164486,3434.0700687718095,3434.4569871121207,3434.640264220689,3434.727079693169,3434.768202811712,3434.7876821836535,3434.796909254573,3434.801279972377,3434.8033503123897
W59,2296.919008470409,2296.9190084704214,2296.9190084704214,2296.9190084704214,2296.9190084704214,2296.9190084704214,2296.9190084704214,2296.9190084704214,2296.9190084704214,2296.9190084704214,2296.9190084704214,2296.9190084704214,2296.9190084704214
W6,477.6869641940883,477.6869641940883,477.6869641940883,477.6869641940883,477.6869641940883,477.6869641940883,477.6869641940883,477.6869641940883,477.6869641940883,477.6869641940883,477.6869641940883,477.6869641940883,477.6869641940883
W60,9040.56683168147,9042.296904534554,9042.763357797718,9042.889120505528,9042.92302799407,9042.932169955144,9042.934634763238,9042.935299312005,9042.935478484193,9042.935526791669,9042.93553981608,9042.935543327654,9042.935544274425
W61,10742.64104514647,10766.805546650881,10790.970048155292,10815.134549659702,10839.299051164113,10863.463552668523,10887.628054172934,10911.792555677344,10935.957057181753,10960.121558686164,10984.286060190574,11008.450561694985,11032.615063199395
W62,7200.450905836408,7200.4509673194225,7200.45096746023,7200.450967460552,7200.450967460553,7200.450967460553,7200.450967460553,7200.450967460553,7200.450967460553,7200.450967460553,7200.450967460553,7200.450967460553,7200.450967460553
W63,6060.541620477349,6060.541620477349,6060.541620477349,6060.541620477349,6060.541620477349,6060.541620477349,6060.541620477349,6060.541620477349,6060.541620477349,6060.541620477349,6060.541620477349,6060.541620477349,6060.541620477349
W64,13452.959800867216,13471.584308952359,13489.22857976986,13505.944204754864,13521.780060003814,13536.782449187029,13550.99523893955,13564.459987126147,13577.216064355556,13589.300769099205,13600.749436751084,13611.595542947602,13621.870801449566
W65,18828.347113917724,18848.853711800042,18868.28101505697,18886.6858286688,18904.121967880008,18920.640415553782,18936.289471244727,18951.11489242562,18965.160028281203,18978.46594646018,18991.07155315605,19003.01370686793,19014.327326173916
W66,7421.335744791578,7431.047495948681,7440.757419195524,7450.465514876148,7460.171783334531,7469.8762249145875,7479.578839960164,7489.279628815047,7498.978591822952,7508.675729327536,7518.371041672386,7528.0645292010295,7537.756192256925
W67,13422.745877054378,13434.76462361327,13438.224852000822,13439.22106075149,13439.507871841324,13439.590445499904,13439.614218670931,13439.62106302869,13439.623033537086,13439.623600851577,13439.623764182894,13439.623811206406,13439.623824744596
W68,6899.237283759802,6887.423752225659,6876.252480532226,6865.688551288224,6855.698945437181,6846.252439051706,6837.319505738675,6828.872224350313,6820.8841917126965,6813.330440098886,6806.187359188772,6799.432622271667,6793.045116461017
W69,6907.0917192946945,6895.65930479059,6884.74788063806,6874.333704613068,6864.394116456341,6854.907488566793,6845.853178941918,6837.211486262748,6828.963607025656,6821.09159462771,6813.578320316573,6806.407435919958,6799.563338273557
W7,3018.358361081156,3018.358361081156,3018.358361081156,3018.358361081156,3018.358361081156,3018.358361081156,3018.358361081156,3018.358361081156,3018.358361081156,3018.358361081156,3018.358361081156,3018.358361081156,3018.358361081156
W70,2607.331744596191,2605.358884687603,2603.4770202854875,2601.6819543446486,2599.9696834029505,2598.3363886525567,2596.7784274229984,2595.2923250570775,2593.874767161479,2592.522592214818,2591.2327845166237,2590.0024674615497,2588.828897123797
W71,1931.9251501509627,1931.9251501509627,1931.9251501509627,1931.9251501509627,1931.9251501509627,1931.9251501509627,1931.9251501509627,1931.9251501509627,1931.9251501509627,1931.9251501509627,1931.9251501509627,1931.9251501509627,1931.9251501509627
W72,1930.099039014476,1930.0990390149084,1930.0990390153195,1930.0990390157103,1930.099039016082,1930.0990390164357,1930.099039016772,1930.0990390170916,1930.0990390173956,1930.0990390176848,1930.0990390179597,1930.0990390182212,1930.09903901847
W73,1930.0234070554905,1930.0234070559259,1930.02340705634,1930.0234070567335,1930.023407057108,1930.023407057464,1930.0234070578026,1930.0234070581246,1930.0234070584308,1930.023407058722,1930.0234070589988,1930.0234070592621,1930.0234070595127
W74,5693.618961793794,5693.618961793794,5693.618961793794,5693.618961793794,5693.618961793794,5693.618961793794,5693.618961793794,5693.618961793794,5693.618961793794,5693.618961793794,5693.618961793794,5693.618961793794,5693.618961793794
W75,24039.025039250595,24034.189943128295,24033.58842667475,24033.513594234042,24033.50428460643,24033.50312643004,24033.50298234559,24033.50296442058,24033.502962190592,24033.50296191317,24033.502961878658,24033.50296187436,24033.50296187383
W76,431.276872198238,411.6927691533206,392.6717929683294,374.1977513336322,356.254917537866,338.8280170799918,321.90221466631095,305.46310158137214,289.4966834220197,273.9893681841399,258.92795469196494,244.29962136008353,230.09191527859196
W77,3904.450411664358,3902.3933931484594,3902.2015797242752,3902.1836934537273,3902.182025589888,3902.1818700644653,3902.1818555619884,3902.1818542096576,3902.1818540835548,3902.181854071796,3902.1818540706995,3902.181854070597,3902.1818540705876
W78,3832.7039786049945,3832.703465041869,3832.7034326689063,3832.7034306282444,3832.703430499609,3832.7034304915005,3832.7034304909894,3832.703430490957,3832.7034304909553,3832.7034304909553,3832.7034304909553,3832.7034304909553,3832.7034304909553
W79,1487.2114444973306,1511.3553957553552,1520.250535692522,1523.5276925114783,1524.7350660763568,1525.179887916049,1525.3437696464619,1525.4041471260875,1525.4263914606865,1525.4345867418547,1525.4376060559691,1525.4387184348534,1525.439128258653
W8,2788.9507320177586,2788.9507320177586,2788.9507320177586,2788.9507320177586,2788.9507320177586,2788.9507320177586,2788.9507320177586,2788.9507320177586,2788.9507320177586,2788.9507320177586,2788.9507320177586,2788.9507320177586,2788.9507320177586
W80,1561.3222602377016,1574.4231295412983,1578.7058899816711,1580.1059525702344,1580.5636422493994,1580.7132640192583,1580.7621763610366,1580.778166127636,1580.783393287625,1580.7851020806445,1580.7856606963344,1580.7858433114816,1580.7859030095758
W81,24487.39149547937,24492.66072987227,24493.910962001715,24494.207604789062,24494.277989273043,24494.294689411377,24494.298651856006,24494.29959202591,24494.299815100178,24494.299868029048,24494.29988058749,24494.299883567233,24494.299884274238
W82,4416.703698143376,4415.314502597012,4414.119763509623,4413.09226130472,4412.208586540726,4411.448606576893,4410.7950068941145,4410.232896620609,4409.749469275238,4409.333710999207,4408.976149628831,4408.66863889253,4408.404172815446
W83,5973.308269919687,5973.087336807532,5972.962732028629,5972.892455777262,5972.852820447462,5972.830466389902,5972.817858852838,5972.810748287324,5972.8067379765325,5972.8044761884075,5972.803200555224,5972.802481106749,5972.802075342681
W84,5977.588662551594,5984.161721996767,5990.009209301549,5995.211217295666,5999.838997701229,6003.955937065095,6007.618424962179,6010.876626361506,6013.775168734036,6016.353753313579,6018.647698883212,6020.688425535416,6022.5038850319925
W85,17243.210865960296,17227.635377366416,17213.998072459006,17202.057767407474,17191.603290830786,17182.44974910628,17174.43525641622,17167.41807170104,17161.274091884563,17155.89465703748,17151.184628662,17147.060707111043,17143.449958384565
W86,17259.382311225956,17249.70864634385,17241.177439770603,17233.653767358704,17227.018639481357,17221.16711916807,17216.006662488144,17211.455654934616,17207.442120661028,17203.902584157117,17200.781066360454,17198.028199327127,17195.600445459673
W87,1084.53490372042,1084.4807565681215,1084.4394201358468,1084.407863524637,1084.3837729184513,1084.3653819289204,1084.3513420789757,1084.3406239288652,1084.3324415948487,1084.3261951260768,1084.321426514573,1084.3177861128509,1084.315006996815
W88,12025.989405416713,12044.318066305874,12062.646727195033,12080.975388084194,12099.304048973356,12117.632709862517,12135.961370751678,12154.290031640838,12172.618692529999,12190.94735341916,12209.276014308321,12227.604675197483,12245.933336086642
W89,1211.1100206543695,1211.1100206543695,1211.1100206543695,1211.1100206543695,1211.1100206543695,1211.1100206543695,1211.1100206543695,1211.1100206543695,1211.1100206543695,1211.1100206543695,1211.1100206543695,1211.1100206543695,1211.1100206543695
W9,7266.176207335174,7266.176207335174,7266.176207335174,7266.176207335174,7266.176207335174,7266.176207335174,7266.176207335174,7266.176207335174,7266.176207335174,7266.176207335174,7266.176207335174,7266.176207335174,7266.176207335174
W90,1838.0082474545545,1838.0082474545545,1838.0082474545545,1838.0082474545545,1838.0082474545545,1838.0082474545545,1838.0082474545545,1838.0082474545545,1838.0082474545545,1838.0082474545545,1838.0082474545545,1838.0082474545545,1838.0082474545545
W91,19635.08882583354,19635.08882583354,19635.08882583354,19635.08882583354,19635.08882583354,19635.08882583354,19635.08882583354,19635.08882583354,19635.08882583354,19635.08882583354,19635.08882583354,19635.08882583354,19635.08882583354
W92,22623.53424556903,22580.230348804893,22537.497351807375,22495.327728081906,22453.714050359966,22412.648989290905,22372.12531215106,22332.13588156984,22292.673654272665,22253.73167984042,22215.303099485292,22177.381144842755,22139.959136779456
W93,1734.834789253327,1734.8425850093988,1734.8428714091824,1734.8428819309117,1734.8428823174581,1734.842882331659,1734.8428823321808,1734.8428823322,1734.8428823322006,1734.8428823322006,1734.8428823322006,1734.8428823322006,1734.8428823322006
W94,1815.3327033352605,1815.2573641416539,1815.2443593312696,1815.2421144825391,1815.2417269839386,1815.2416600951708,1815.241648549046,1815.2416465559909,1815.241646211956,1815.2416461525697,1815.2416461423188,1815.2416461405492,1815.2416461402438
W95,1643.1794529935603,1643.2500291491801,1643.2538774718741,1643.254087310274,1643.254098752182,1643.2540993760774,1643.2540994100968,1643.2540994119518,1643.254099412053,1643.2540994120584,1643.2540994120588,1643.2540994120588,1643.2540994120588
W96,11333.802933466593,11344.065221517116,11354.32750956764,11364.589797618164,11374.852085668686,11385.11437371921,11395.376661769735,11405.638949820259,11415.901237870781,11426.163525921305,11436.42581397183,11446.688102022352,11456.950390072876
W97,470.9826022851841,470.98260219722357,470.9826021972185,470.9826021972185,470.9826021972185,470.9826021972185,470.9826021972185,470.9826021972185,470.9826021972185,470.9826021972185,470.9826021972185,470.9826021972185,470.9826021972185
W98,603.7795351479393,603.7795351479393,603.7795351479393,603.7795351479393,603.7795351479393,603.7795351479393,603.7795351479393,603.7795351479393,603.7795351479393,603.7795351479393,603.7795351479393,603.7795351479393,603.7795351479393
W99,15055.335455062632,15011.025299364926,14968.057590623193,14926.391657262231,14885.988059917188,14846.808554101775,14808.816054007517,14771.97459739975,14736.249311577167,14701.606380362655,14668.013012094212,14635.437408585623,14603.848735027528
