4.038464038031027575e-02
2.136413235122109830e-02
2.589201062544011500e-01
1.022841381410666273e-01
6.503056871838815145e-02
4.906675986480268231e-02
6.708235559862406328e-02
8.971729105685100070e-02
5.459779592991912539e-02
2.399233769856330342e-02
1.985199150018700509e-01
2.472419356010993954e-02
3.985493350148223701e-01
2.567937321510066484e-02
1.116771914093825230e-01
8.634354277672162681e-02
5.585305447490557240e-02
2.528809308306610368e-02
3.021470676929440338e-02
4.323181671580409585e-02
5.279579478877870907e-02
6.520817391375177685e-02
2.397671844823377196e-01
3.099881740861791177e-02
7.893637303800586646e-02
2.037300491785398043e-02
6.893011654688759038e-02
1.696126084550093338e-01
9.119577272460722694e-01
9.964170006286060532e-01
6.368543228099534659e-01
1.498001540516018304e+00
8.646551754294226066e-01
8.071504264567709308e-01
4.922038307653542333e-02
6.660374417377616929e-01
2.091282736011278731e-01
7.672680653747830926e-01
8.149215920544717884e-01
3.701258954199238005e-01
2.656485637959092316e-01
1.169278991944954882e+00
4.906944638710146744e-01
4.412462727603856383e-01
8.016441177450756017e-01
4.034171938972822002e-02
5.710131899443774417e-01
7.369431511808203217e-01
2.631786032164653011e-01
4.145157569187123969e-01
6.884253369223519714e-01
8.649486852454618679e-01
7.637457251309803796e-01
7.517171273005098797e-01
3.175588425600701648e-01
3.614971344721467084e-01
4.786242979115844925e-02
3.267728313564712272e-01
3.972833023931847674e-01
3.832842141408345782e-01
1.060011268686883668e+00
2.568584185780345419e-01
6.917561873266739880e-01
2.882647315647748343e-01
2.977780075541532345e-01
8.877736931691035949e-01
1.011986015330132105e+00
4.305265792182863538e-02
4.962692215073334912e-01
3.267765049805962385e-01
7.509273818603650064e-01
5.523650653506632091e-01
1.370330343203838508e+00
5.713060431703000930e-01
2.734407049406007428e-01
2.447773415100592820e-01
1.328008511167915628e+00
4.032832340808736316e-01
1.980150756263812303e-02
2.760482232264068261e-02
1.710674806155347838e-01
4.387805509085038885e-02
3.092095220179570669e-02
1.918984607631191996e-01
2.255233340280879753e-02
2.319083676510575939e-02
2.820280580436915208e-02
2.424264646774539067e-02
3.165014592781811853e-02
2.868963664697537705e-02
2.503989211039465979e-02
2.099170208878957736e-02
5.022167031472953708e-03
3.222677873852013847e-02
1.607020521468862859e-02
2.989855664610692118e-02
2.290060903226122033e-02
2.990315793994166322e-03
2.707849831974576404e-02
3.320255885527200607e-02
2.485644736947441660e-02
3.516213317918661513e-02
2.376818073748055912e-02
2.597301036404016383e-02
3.402902608067592122e-02
3.218543117844333695e-02
1.662508013870281007e-02
1.713786165533312533e-02
4.738099144222799458e-02
2.951056932964131810e-02
3.764938746055581514e-02
6.370049610841226062e-02
3.304495889835662448e-02
2.276691682900775296e-02
2.930202494873082944e-02
4.942666605891464227e-01
2.641070929008698318e-02
3.139541649729155753e-02
4.049702824302297416e-02
3.146806924703503955e-02
2.891473815714202047e-02
3.791411467850014372e-02
3.956343850698013781e-02
3.719559195327740153e-02
2.988540018438975987e-02
2.398061398678565451e-02
2.757553730048412435e-02
3.614344895531534235e-02
3.840405561001922902e-02
3.703685654655566872e-02
3.445367464586867462e-02
2.622548408766701630e-02
2.895974528815080037e-02
2.311822999930818190e-02
2.421727555529486556e-02
1.824103609284797797e-02
1.919835476673050281e-02
1.536146746090172599e-01
1.176764384517679646e-01
4.323846793903317054e-01
3.073972041492929394e-02
2.800942179556977288e-02
2.425236398676074503e-02
1.930146806895961242e-01
2.351504613070318217e-02
9.648856348032110175e-02
6.729444395973841475e-01
2.686531532676737430e-02
1.506877171797247061e-01
9.047154272104859438e-03
1.678146626149273554e-02
2.115738007334332094e-02
6.841422317702880278e-03
1.415746237979124446e-02
1.157914597262170962e-02
3.853054399198443947e-02
1.037132628915373722e-01
6.547923206606880153e-02
4.002641679137806247e-03
1.232464216260362004e-02
3.498225856015491075e-02
8.546702658925264817e-02
2.877019996508204877e-02
3.980399941573845718e-02
5.788913438528072719e-01
9.097135313936594025e-01
5.967156160066610093e-01
4.316836066991961568e-02
6.001648886224641988e-02
2.978980297283433457e-02
3.271415973276781131e-02
4.525908654504276485e-02
6.661607036416045124e-02
3.062920000510051532e-01
1.346984300279370494e-02
2.519708919728277582e-02
2.935135604799459300e-02
3.480214767798311959e-02
5.525328706066356954e-02
3.664748374170446327e-02
3.541605816955525898e-01
1.699023663057391484e-02
2.407265178352014853e-02
4.515157806310482469e-03
2.300407375561496978e-02
3.200267909062704582e-03
2.049665266226055327e-01
3.417363793834306551e-01
3.424703577855260032e-03
4.812060315026267521e-02
2.618184554935986882e-02
1.939108679824575743e-01
1.917767499524252461e-01
3.159577487192210404e-02
5.977268450748318002e-03
1.118176415683583801e-02
7.642540710552731854e-03
2.618144230933316594e-02
1.468757284846947814e-02
1.719993022938482233e-02
5.448033341182582229e-02
6.271272879962986636e-03
3.175512520325815546e-02
1.255564529015556520e-02
3.692544467378479356e-02
2.141190519397754080e-02
3.967923297937375748e-02
2.604223163650498662e-02
8.298482963173457044e-03
2.112679962156496435e-02
7.284199916369140659e-01
3.580347121335281796e-02
1.945764097509454504e-02
3.416045877862067953e-02
2.501133437405334004e-02
1.734686473935105611e-02
2.536128574124716165e-02
3.032268033057359743e-02
1.806608610010687274e-02
2.424986549220578547e-02
3.314790715887763056e-02
4.111810965733304901e-02
5.441781354533046372e-02
4.896470770170415626e-02
2.849593659426288492e-02
3.400306166406567854e-02
1.668571673633677255e-01
4.402244156388679386e-02
3.883078697620648972e-02
2.387985329945037719e-02
3.436236637863681470e-02
3.596042258136188802e-02
2.593029144070417222e-02
3.729746045784792380e-02
1.995201158486043305e-02
2.938332504718020252e-02
2.333885603574852377e-02
1.781152968996558075e-02
1.862503761290973739e-02
2.196886213990573156e-02
2.170262252701883610e-02
2.538356125943098951e-02
2.295231338102990404e-02
3.169521630310900145e-02
3.199509926694117656e-02
2.139927499663911090e-02
1.691980030490790668e-02
2.755715023851483883e-03
1.469072443021587904e-02
2.818027245627507602e-02
2.879988559993820751e-02
2.374894545934382872e-01
8.612534464628783179e-03
3.973515882486284290e-01
3.944465857327023040e-02
2.711855693715516935e-01
5.500576862237598758e-02
2.532335441377423502e-01
2.284154041646383193e-01
4.411115827259511346e-01
4.309573839507347404e-01
3.531510438918621375e-01
4.640241124016684093e-01
1.304283489638959070e-01
3.000047711435108733e-01
1.636422568306402092e-01
1.619603052666726828e-01
2.624212542535768466e-02
2.988781658690036203e-01
5.726796871562117586e-01
3.839336619854146204e-01
3.972123107986345047e-01
1.916557635466687171e-01
4.590046290899401638e-01
4.811177965693711478e-01
2.417874582032646380e-01
3.575669189869148945e-01
6.024843250157851937e-01
2.950761541251097075e-02
3.652783005705262931e-01
2.278974495660479882e-01
3.336306118305622515e-01
2.315564966247325440e-01
3.169584582726464594e-01
2.252733273564108962e-01
3.931853641789360698e-01
2.856946960693303450e-01
6.474139753307007750e-01
1.469208696889441057e-01
6.204843984056065964e-02
5.114596512456830446e-01
6.329045641371439102e-01
1.687577795049447771e-01
3.458024785935499001e-01
1.566564899376723108e-01
1.620520177344302593e-01
7.971292037139390274e-01
2.435200639349317520e-01
2.048665297046385891e-01
4.240710870523091702e-01
1.387537346267251337e-01
1.240685641502361714e+00
2.164182338583383880e-01
1.723594655547592003e-01
5.054701857141198351e-01
8.502257692379616705e-01
3.875138463193392724e-01
4.712648772806549147e-01
3.778652036000870740e-01
1.820919575496373621e-01
3.242719773015969031e-01
4.204975558595325236e-02
2.410303502145976218e-01
2.351753624175131063e-01
2.440611774326678363e-01
2.047175618040720513e-01
2.472065934327544456e-01
5.459534616567950360e-01
3.753543318522001293e-01
2.839013915678195166e-01
3.182291061172046187e-01
4.911773698685067413e-01
4.937409500056681028e-02
1.988473691742583815e-01
2.449639362691999889e-01
1.472434620592193710e-01
2.111907391014847535e-01
3.977218810673445737e-01
3.718808488599409934e-01
1.991039482294064966e-01
4.270314453240109387e-01
3.448169673757126019e-01
3.474701595819020272e-01
5.527000465527098089e-02
2.192648246553978095e-02
6.966500704831983803e-01
1.978615811117996337e-01
1.880297333357373868e-01
1.730900658095942124e-01
3.566845146048562287e-01
4.496583768907949641e-01
1.230702702148391142e-01
3.495760720526571164e-01
5.383036129478239173e-01
2.344228161367662155e-01
2.021024583853735582e-02
2.705707936948646974e-01
2.863071762530973174e-01
2.018280469402378985e-01
2.659721502657046988e-01
3.687410873792972832e-01
3.350868606451046922e-02
2.987862455984333435e-02
3.834025582716884401e-02
2.604508013954455817e-02
5.161006029955019642e-02
2.584940385004556515e-02
7.151705959657357614e-02
5.833927976397162291e-02
2.087638529279216559e-01
1.752939567328092724e-02
3.627070712191696189e-02
3.893932544960445469e-02
7.669585231943529258e-02
1.070488201950632462e-01
2.700419349644946412e-02
7.455563348744152774e-02
2.032111972008708578e-02
5.526192275602159754e-02
4.967483782707712847e-02
3.179494261022562662e-02
3.063904689331154937e-02
8.213359429235837783e-02
8.711848688408452279e-02
4.389123121268969502e-02
1.205051791682965473e-01
1.063053961628751126e-01
6.798865325725141073e-02
3.596042917036990083e-02
1.886569630909148629e-02
1.022654808439725921e-01
5.936286073944611191e-02
4.257313167304920820e-01
4.033701012536723002e-02
2.718685674296648092e-01
1.898556221825076495e-01
1.027577209113002404e-01
6.133086556676528578e-02
2.649986615387956990e-01
1.364871592821942647e-01
1.610196886179590670e-02
3.030041100340072346e-02
3.626713654842568524e-02
2.179316300626060396e-02
3.545575478324213686e-02
4.078024126125324306e-02
1.941352579466855133e-01
1.739674697264571857e-01
2.153047495405375489e-01
1.067542016972892194e-01
2.952305903162184830e-02
3.627574762338087178e-02
9.050419491539903050e-02
1.729953806452131856e-02
4.402167364699838270e-02
3.956027529237198664e-02
8.043164423931413454e-02
3.475905403340921046e-02
1.946509644376677103e-02
2.070564902686186301e-02
1.096807702556359815e-01
2.077698733756375496e-02
2.726432376831967874e-02
6.076740291809833855e-02
