6.051269980302897977e-01
9.112916091503485694e-01
2.003474078221195054e+00
1.071999320346966655e+00
6.603905435668521173e-01
9.397644908818220122e-01
7.656325869562887743e-01
9.893046093013413422e-01
1.085336153123271696e+00
5.647577391251206169e-01
1.125880711334564355e+00
6.356302552176866794e-01
6.873802540202012423e+00
6.720989342039489500e-01
1.236706043334486083e+00
1.172736758644914667e+00
1.507706049523463765e+00
4.786921722705498872e-01
3.593715568362877422e-01
6.974510380310943169e-01
6.861573794789216363e-01
6.320619133307570081e-01
1.373170517000771529e+00
5.302162380835574451e-01
1.673578168458004445e+00
6.063574699248169830e-01
1.504604938272076753e+00
1.153837443503616500e+00
2.938833391903780790e+00
3.890800108084304210e+00
2.833646796133124202e+00
4.852785163770976240e+00
2.721442081867373020e+00
3.025523785850340985e+00
8.302653681583145318e-01
4.278751371754420663e-01
6.082587650568211934e-01
2.402006895540113263e+00
2.111356770177678754e+00
3.011994843016929657e-01
3.180665362781328054e-01
2.786933920417504318e+00
1.969702433701168598e+00
1.964829338030763317e+00
2.909503363223609362e+00
8.262934277852718168e-01
2.011372030412259093e+00
2.339298106337306393e+00
1.019420255530771646e+00
1.227583083086950078e+00
2.760960252411265081e+00
4.050105215515619861e+00
2.343468268770051210e+00
2.787350563077021448e+00
7.131610619894312997e-01
6.392292118274878199e-01
8.436201408479613306e-01
8.323291861916057854e-01
1.281233359664341709e+00
4.888462958851828577e-01
6.500174459031874186e+00
3.058605794425377500e-01
2.404395946392907213e+00
1.142531602181643402e+00
1.118838512983908684e+00
6.685073991653725400e+00
2.644959439366309617e+00
7.516798818406286165e-01
1.730458123927314906e+00
2.302604581787543570e+00
1.927023402697458421e+00
2.044262685146333247e+00
1.983704238754346960e+01
1.700147734578087544e+00
7.735749638992391874e-01
1.122006154224261643e+00
1.628733370107098821e+01
1.704885385966503408e+00
8.889508130104584183e-01
3.594586228696222907e+00
7.809251987282922691e+00
7.352796794459530716e+00
4.620595608744071825e+00
4.918197446550255592e+00
3.494508874963015987e+00
3.242370166649691132e+00
3.649622815332373538e+00
3.879444275615941962e+00
4.569394352689802652e+00
6.778179597075602025e-01
3.350737311164877497e+00
3.535036327292656377e+00
7.218343728249344338e+00
5.011813483845559247e+00
2.376004393160920269e+00
4.260605892302105957e+00
2.789570105982511983e+00
5.386672065059173953e+00
3.502367232712771283e+00
4.980605281748642810e+00
5.403115001715493859e-01
6.258587062913965937e+00
3.420649186877794623e+00
4.207604216918526596e+00
5.246808186647930583e+00
4.786865241146994521e+00
1.885769441287908688e+00
2.703137146984877504e+00
7.271141614280983489e+00
4.331800074735945749e+00
5.262681956260732541e+00
9.372941558707116316e-01
5.966983009644876157e-01
3.403703368309814792e+00
3.990875711320761354e+00
1.189090678929511924e+01
3.965150527379525780e+00
5.034275201906595498e+00
6.889559199904473630e+00
4.164946177931508231e+00
3.966471740979054417e+00
5.789655956581836627e+00
8.125282645903551426e+00
7.929567132297444809e-01
4.280905654536854676e+00
3.306428182141702088e+00
3.709545670427887298e+00
7.871214670822129555e+00
6.306412455265532735e+00
5.833310525937051239e+00
4.831830871020813767e+00
3.907056126194893952e+00
4.224175879601133055e+00
4.118359120292205411e+00
9.830837254125115443e-01
2.799382335221138884e+00
2.748054623299885701e+00
1.031993697987927616e+00
5.637794425394686559e-01
1.054002985742284260e+01
4.586723295772404896e+00
4.514196763429620951e+00
3.422757313181160388e+00
1.737391947294237227e+01
3.706607693821570404e+00
1.064832071003587677e+00
2.614843461505532574e+01
3.616253574024993256e+00
2.373230892082814236e+01
1.743542793352847786e+00
2.654271651529590770e+00
3.611653014483186208e+00
1.220897845278176685e+00
3.216320196070449278e+00
2.000667568917659622e+00
6.197928815760830545e+00
1.481468378093395932e+00
6.481687980450345776e-01
3.855104751270572727e+00
5.381167957337113172e+00
4.633367225420633062e+00
5.952999422210727420e-01
4.074506144287183496e+00
5.458797646610054066e+00
7.793140333456291202e+00
1.664987988497885496e+01
1.450712444314560123e+01
8.126920984759503641e-01
9.011250892477061569e+00
3.878813289181391344e+00
4.339469845795485448e+00
7.353453473414480968e+00
6.757682576820687181e+00
6.385928939519084580e+00
2.399845737584711980e+00
3.474688726307431530e+00
4.066578134032894809e+00
4.708217504088109351e+00
7.568556723357352523e-01
4.930692624716544792e+00
2.381008300261495947e+01
5.830215641935656556e+00
3.478941997492931204e+00
1.411021067446439181e+00
3.892838176717146492e+00
1.295126068614427695e+00
4.610664914666454450e+00
8.314519171194556080e+00
3.329056361648869977e+00
7.640458658523338054e-01
3.428932965495528062e+00
2.444809130994720636e+00
9.627605456727844624e-01
3.546986841902553866e+00
1.639772513601091664e+00
2.517624139508685133e+00
1.520456225819780238e+00
4.168488541052083995e+00
2.725681748170820651e+00
3.204512264807598765e+00
1.096461690118446297e+00
1.212425493181774838e+00
4.061755479417881176e+00
2.488823209370507161e+00
5.240583158265364361e+00
3.816812357540905865e+00
5.704573445542981958e+00
4.500692923989288552e+00
1.598517760848027880e+00
3.725624840114312608e+00
8.455842327620363363e+00
5.454634932564883520e-01
2.461119810862039348e+00
5.941262489389278478e+00
3.492645330334716913e+00
2.761085892418166932e+00
3.675070364651735311e+00
5.224721652152912732e+00
2.696875225709857382e+00
3.331815441212755413e+00
4.429138895808862664e+00
6.580997945468273436e+00
9.961175124583475649e-01
9.684871826444675369e-01
3.905259990537427672e+00
4.855319671786859637e+00
2.805937061332191007e+01
7.937782712787931239e+00
5.443734464915396920e+00
3.458323451954514738e+00
4.439623646617092412e+00
4.995254437343953136e+00
3.488064269329624878e+00
5.229879607693701971e+00
4.675500768203393331e-01
4.153505347900509292e+00
2.852082679447112135e+00
2.476366741841082852e+00
2.530824035025958541e+00
4.139190141214458052e+00
9.273481443752551456e+00
5.214776362626248662e+00
3.121899614323168315e+00
5.431264516178180735e+00
4.866944405009908436e+00
5.013982647231284284e-01
2.962188054534701465e+00
2.204412625765308942e+00
2.127351550805347546e+00
4.012557804702594488e+00
4.893598437632670439e+00
5.624436319518365757e+00
1.703550666779275691e+00
4.005669919661118428e+01
5.124501419125032875e+00
9.417246451883033442e-01
1.259862202287622912e+00
8.905321177621943196e-01
1.379022611205733773e+00
1.735292862037072004e+00
1.421167001940471852e+00
1.902157067529532286e+00
1.605793398400458205e+00
2.627920947001458618e-01
1.142496684890821124e+00
6.564051010931927221e-01
3.014275817742965713e-01
9.193075876732759166e-01
8.347810098681982538e-01
2.067119685344830149e+00
1.966901346779428739e+00
1.873101438541632024e+00
7.820902298523091378e-01
1.416301456763942257e+00
1.289196301789266919e+00
7.181833152172255597e-01
1.247587199541649872e+00
1.101597872312567894e+00
7.335809726065649627e-01
1.741585289708492246e+00
5.388789590812835817e-01
1.330412582194133941e+00
1.113498408312643795e+00
1.420712363347900409e+00
1.201471973688779116e+00
1.618269235331844857e+00
1.365943546442728085e+00
2.212463557909306822e+00
6.333332817263893633e-01
9.950277552892470290e-01
9.941021451538581966e-01
3.669391650442819675e+00
6.965115954847026503e-01
1.421169500339519942e+00
7.442791983422472057e-01
1.028781514945050990e+00
3.207049851631114556e+00
9.372714290877253163e-01
1.110649290485283158e+00
1.524845599319337941e+00
1.907225087230001614e+00
1.191061193854065081e+01
8.820215687479091571e-01
8.043059756101981206e-01
1.730611346154373731e+00
3.259023094196201953e+00
1.760885702448373502e+00
2.599026549696167088e+00
1.647018131257077966e+00
7.728754509448239052e-01
1.261414950518842115e+00
7.157122723725605207e-01
1.348460015725707395e+00
1.105796773103106645e+00
1.027928861254822523e+00
8.611299891631306602e-01
7.034954590401114594e-01
1.995707133508939579e+00
1.694327176412358638e+00
1.129863267445796904e+00
1.107279582402790785e+00
1.663533824743270717e+00
9.768561042980679066e-01
9.290794919622314962e-01
1.081093422673572446e+00
8.266803137746030483e-01
9.473404875907702749e-01
1.392168357488188901e+00
1.635692807639976820e+00
1.296799949227235071e+00
8.620326313999788770e-01
1.890960453385035489e+00
1.620881518831700951e+00
1.067172807942260881e+00
4.963802386886427831e-01
2.165234860299796171e+00
9.977132440384429701e-01
6.286975112358129669e-01
6.717040047616632537e-01
1.545780137836022750e+00
1.586137779248492308e+00
5.217554217970862274e-01
1.168414136533830971e+00
2.110280721622561195e+00
1.008864057174473583e+00
3.554397000423665243e-01
1.156455757239908122e+00
1.340445712516282528e+00
9.049355271723146243e-01
1.202959588263749602e+00
5.607417669800848214e-01
7.433593959791002792e-01
6.308457008407230004e-01
8.449594493277663432e-01
6.243819535127849152e-01
6.426844503050911372e-01
6.161015459886264312e-01
1.237473081305965117e+00
1.322235572246011071e+00
3.061302543325588044e+00
3.304133236914489902e-01
4.432443093424519587e-01
6.339764016113749179e-01
1.251113215251576483e+00
1.618878630425631737e+00
6.565992643112177340e-01
1.444066293009954149e+00
5.971823312019149954e-01
1.231035289636482011e+00
1.094905261600355839e+00
9.579615016436374697e-01
3.235345545371256515e-01
8.787434739012914831e-01
4.953931919470489498e-01
1.362912927122772677e+00
1.497663021725966770e+00
1.329925529782018945e+00
9.009302601777151587e-01
8.041258582358374873e-01
3.711215285323096191e-01
6.660233050374569919e-01
1.185127792742603381e+00
5.700882282250522515e+00
7.862205320198394354e-01
1.021496459467765572e+00
1.454087311117758796e+00
6.722745233959624978e-01
1.056365257550707870e+00
1.796671902412675825e+00
1.056876924526929162e+00
6.966207022891711675e-01
6.889407338429623939e-01
7.490210447029510554e-01
4.359919281854121031e-01
5.502883788730144055e-01
8.498081003554046609e-01
7.754741892275404114e-01
2.522380786310632228e+00
1.369938330382127756e+00
9.462052878410093237e-01
3.073401751352894395e-01
7.332743210594880878e-01
8.274037155159758017e-01
3.269112588785749729e-01
6.512854183759410054e-01
5.865613586916450517e-01
8.140667512106785075e-01
5.542689153946773750e-01
4.013158339148799048e-01
4.325998035409716058e-01
1.811644437609104097e+00
5.925400226189799779e-01
3.870691421277334676e-01
1.021304674192908823e+00
