2.413871301213108347e-02
5.710346634964826029e-02
2.385833753787787795e-02
7.558510525169329086e-03
8.288993039059710036e-03
3.050347073187753902e-02
7.390644421379189387e-03
9.443327284953999257e-03
4.710282609538125366e-03
8.168588692097964940e-03
3.633627978677472781e-03
4.121342590047544739e-03
7.136453762100115894e-02
1.144623083356489240e-02
9.749281094200821021e-03
6.613548821570783970e-03
3.078093781206182183e-02
2.597097365717136383e-02
2.569810358392359689e-02
2.544966799741095811e-02
1.633699489642261721e-02
8.830370750534652369e-03
1.452189654636364957e-01
3.264834799620461303e-02
1.331832067791822172e-01
7.980643365062291966e-03
5.945188038671782998e-02
5.152781478081317618e-02
4.577667667799403123e-03
2.070541933395504686e-02
1.022663565677242939e-02
1.534010886531970465e-02
3.102661434325304501e-02
7.175367290220864905e-03
5.239522589698457355e-02
7.361624792643816674e-03
4.728592431930513269e-03
8.343067821124533837e-03
3.433708805105730941e-03
5.186011133645444457e-03
9.711363694065725666e-03
1.824855810480224827e-02
4.761749952581105158e-03
6.478755661692275902e-02
2.871667149403551306e-02
2.874929414750221346e-02
2.754690622257606816e-02
2.939704610648528893e-02
1.472346709624119260e-02
6.009007355737856944e-03
1.547907994488477712e-01
1.261946014034591446e-01
1.002570009738309662e-02
1.157941218009265749e-01
9.386273703247144384e-02
7.434804743673691790e-03
1.298166888023454812e-01
2.733775159511871861e-02
1.191644192948159223e-02
1.747562735662630540e-02
3.200217286977640602e-02
1.021506514437853230e-02
1.185930304860702104e-02
1.368043395815473316e-02
4.998211326229882318e-03
6.363074624382241903e-03
3.879694171961185246e-03
1.359834838325271189e-01
5.847576579607500179e-03
6.914765515569755092e-03
9.300256088984977174e-03
1.144070459709660599e-02
6.185391589910891989e-03
2.312629270886191329e-02
2.019424045160720868e-02
1.921554158738517787e-02
3.340290569045439861e-02
2.571663994999379838e-02
1.968069822635290164e-02
1.250888843098527450e-02
1.168410684679842097e-02
6.347103309794307167e-03
1.114182793431766766e-01
5.793756888711392404e-03
6.459654183260657954e-03
1.381231498456331024e-02
3.452693712689224731e-02
5.634691479660647317e-02
5.590302924046330890e-03
4.409059419543197994e-02
1.009345135549396914e-02
1.358894768825357098e-02
6.184433576279569494e-02
2.372433185011092044e-02
4.344711170575098549e-03
4.496673428530674130e-03
1.525039216935100868e-02
2.422147942485845806e-02
1.610810930359982476e-02
8.210190858622418153e-02
3.015907441707119663e-01
3.153410717627743581e-02
1.054979220607815960e-01
3.533739443171411698e-02
2.367145321369261424e-02
6.677901521312677724e-02
6.361933060961605380e-02
6.300543913701033005e-02
4.053104448830795181e-02
5.961408982735506845e-02
1.503683045839005750e-01
3.732742910750570797e-02
1.256426370145489468e-01
1.560236079280293564e-01
7.218286149497026016e-02
1.798580099920521480e-02
6.594721421660376670e-02
4.184611920745295519e-03
4.316939557042460268e-02
1.090011742404089490e-01
2.062584833438742549e-01
1.002873281071451905e-01
3.652659374506494333e-02
2.869209403174531881e-01
1.227993644461374961e-01
5.782353507125638850e-03
5.455590364496951117e-02
9.444202177669401566e-02
2.973303251233195416e-02
3.053505781169415373e-02
2.317652212850652982e-02
1.453807064965576858e-02
2.999106708031150023e-02
2.029989377803588513e-02
1.337301573021894008e-01
1.106379160119909735e-02
4.234670098228738438e-02
5.875075886886552134e-02
1.351369876432089064e-02
1.882776160766424511e-01
8.648205928739960413e-02
7.696922561304837818e-02
2.249387889938305185e-01
7.963121251522105315e-02
3.956305331208820331e-02
9.865251699478827518e-02
1.188576427665810481e-01
4.623344962230150346e-01
2.315918057456015644e-01
1.981825234330276408e-01
1.270781621467513278e-01
5.168606186904926014e-01
1.425903577339601713e-01
1.068808193544127094e-01
4.390533657404830925e-01
1.942675977060825399e-01
2.546924200057815724e-01
1.994715787373258775e-01
2.699104650606276024e-01
1.227153117714902958e-01
6.018354509999872537e-01
3.355026803243946198e-01
1.250117058697464700e-01
2.715260370269346191e-01
2.407573418952684563e-01
1.974043749359774211e-02
3.045087222844013522e-02
5.016659054100771620e-01
2.637403464367866004e-02
4.772202542577738682e-02
1.487406645490205875e-02
2.335019400646396598e-02
8.524037546369598803e-03
2.439771557978934538e-02
1.234992608481555593e-01
3.513508234015842984e-03
5.193432476000700571e-02
8.610309432216255165e-02
4.359268547625024803e-01
2.516177955623937756e-01
1.019814385467827760e-02
3.913186715492364062e-03
2.246736766537223706e-01
6.193060518655210678e-02
8.881101276975235381e-02
7.054156816931819729e-02
1.665565796167468582e-01
5.712403581299473065e-02
5.334145755173221731e-02
4.307857088872729667e-01
3.069951143982027272e-02
3.326486504206128958e-02
3.141688183044186178e-02
1.828302744025989829e-02
1.538352835245256900e-01
1.022936548968180759e-01
2.883122055746736509e-02
3.652537767667131396e-02
5.680157081125981888e-02
5.561942445439840843e-02
4.008470797244117478e-01
1.269679860126014283e-02
5.194881330370927641e-02
8.508801723163515046e-03
3.889741724148190749e-02
4.144989538160325643e-02
1.956093125361107674e-02
1.918831671788205628e-02
4.501660569707648107e-02
7.459302389058044581e-03
1.165050506834075170e-02
5.321295921452420252e-01
4.610499144565582269e-02
6.646492257712928453e-02
6.194528174605434118e-02
2.013855159746715806e-01
1.756108196099692154e-01
7.923902836354192181e-02
1.193265196458550559e-01
1.291152073119168076e-01
1.282520559050043252e-01
9.740760375652857128e-02
1.434025414439168283e-02
2.720214382517328056e-01
1.062010844178468555e-01
1.165283019292855660e-01
1.160110407438111751e-01
1.151368821960476185e-01
1.280958260445260177e-01
1.582332751000406212e-01
1.411452857966132013e-01
1.092679816060124903e-01
1.137731146306961982e-01
1.197362021969826246e-01
3.981665491602445761e-01
1.625307084946272240e-01
1.086846800516267919e-01
1.031211087041701974e-01
7.512618130251200177e-02
7.416130707194253102e-02
8.842850520427199268e-02
7.905847509523401817e-02
7.717559335848787894e-02
8.103859496111337490e-02
1.391023354073509799e-01
3.691578366941448697e-01
1.800181963574637722e-01
9.373146886448030513e-02
1.235944901323584311e-01
2.634532105560200010e-01
2.280112216381325052e-01
1.405130637638770386e-01
1.207549469945311954e-01
1.463298785672630387e-01
1.395205542565032542e-01
1.390834360399474945e-01
3.726546449991375298e-01
1.264161791251929567e-01
1.278274982365578682e-01
9.139932397181639578e-02
1.701064815024320998e-01
1.664240992697996468e-01
1.762825472752580502e-01
1.733509008612150182e-01
1.947993516513586987e-01
2.109223013532477431e-01
1.027112998097677588e-01
3.347357088352176380e-01
1.391419098650238939e-01
1.032756600857589746e-01
8.118205092970273706e-02
1.371184997218947710e-01
1.180112723165015615e-01
1.145897174409993557e-01
1.025651905074328879e-01
1.066575455237167014e-01
1.281354179496451973e-01
7.958805746503473666e-02
3.906717566082917870e-01
1.177299274831183629e-01
1.529497906072527225e-01
4.192382326605867404e-02
1.401907526884280941e-01
1.658665562410374106e-01
8.988440277525509836e-02
1.214426076524584147e-01
1.030708714465597003e-01
9.573412762785525609e-02
1.428571786225263929e-01
1.691362986526785406e-01
1.912693735564367087e-02
1.917116307866097158e-02
1.685030775045929380e-02
2.253086240571818555e-01
1.771272705369308573e-02
1.809819324785685857e-02
1.805501554270810133e-02
1.808241388662776977e-02
1.929081563998966478e-02
3.953539332371792947e-02
5.165803337083701291e-02
3.937806232908320353e-02
1.908086151622818624e-02
3.073479680721179219e-02
2.263824695061703585e-01
3.069960222787922188e-02
1.494899522355193702e-02
1.707174626384190541e-02
6.385306713367069897e-02
9.682458943217463893e-03
5.174485300589810877e-02
7.247229877710024970e-02
4.216474284419096524e-02
8.080901460979579565e-02
1.901157402827863829e-01
4.463703832689245865e-01
3.844987978905357873e-02
2.805449419871209465e-02
2.486265871569970712e-02
2.986049247528821740e-02
5.456865015026927945e-02
4.760062645661072150e-02
1.635164285630816283e-02
3.029472898561445804e-02
2.096137248590628985e-02
2.052968697377436855e-02
2.563914471485898017e-01
9.965657416525173021e-03
1.345149384161009425e-02
1.250586850112005849e-02
1.246668416506943253e-02
3.050450200291943137e-01
3.392080438373456380e-02
1.506092226514233468e-01
1.331134363600025572e-01
1.296836370604565192e-01
1.149858596109909481e-01
4.460622098137996261e-01
8.703502512830106619e-02
2.524653879020433839e-02
1.857651563023112601e-03
6.224331095981620703e-03
8.664037572942866194e-03
2.129615069409809477e-02
1.986386072808097800e-02
9.612014714369246371e-03
5.575041868192168529e-03
7.557977647343543104e-02
1.525648552171540995e-01
1.275267350305943521e-02
8.688181152466847856e-03
2.188968001231852284e-02
8.811836624544804736e-03
9.735404647391797395e-02
8.930527037313587546e-02
4.531478373381048544e-03
3.829154416453399434e-02
2.806833200531644659e-02
9.747100686489569912e-03
