1.724753379821777344e-01 1.156210899353027344e-02
1.945176124572753906e-01 2.161979675292968750e-02
1.806247234344482422e-01 2.137780189514160156e-02
1.925206184387207031e-01 1.171612739562988281e-02
1.480205059051513672e-01 2.164864540100097656e-02
1.943657398223876953e-01 1.372098922729492188e-02
1.793344020843505859e-01 2.104425430297851562e-02
1.812250614166259766e-01 1.416420936584472656e-02
1.974091529846191406e-01 1.346945762634277344e-02
1.592836380004882812e-01 1.955366134643554688e-02
1.717846393585205078e-01 1.461529731750488281e-02
1.820402145385742188e-01 1.843261718750000000e-02
1.848137378692626953e-01 2.103924751281738281e-02
1.783072948455810547e-01 1.653099060058593750e-02
1.581089496612548828e-01 1.312708854675292969e-02
1.571745872497558594e-01 1.025390625000000000e-02
1.676239967346191406e-01 2.109193801879882812e-02
1.929082870483398438e-01 2.081751823425292969e-02
1.705291271209716797e-01 1.127171516418457031e-02
1.922259330749511719e-01 2.179598808288574219e-02
1.591494083404541016e-01 2.167272567749023438e-02
1.918437480926513672e-01 2.190279960632324219e-02
1.792926788330078125e-01 1.141405105590820312e-02
1.681275367736816406e-01 1.241517066955566406e-02
1.625444889068603516e-01 1.185035705566406250e-02
1.555650234222412109e-01 1.134300231933593750e-02
1.737959384918212891e-01 2.171945571899414062e-02
1.483433246612548828e-01 2.178454399108886719e-02
1.504096984863281250e-01 1.936674118041992188e-02
1.833858489990234375e-01 1.155304908752441406e-02
1.748788356781005859e-01 1.122689247131347656e-02
1.436138153076171875e-01 1.175498962402343750e-02
1.908960342407226562e-01 2.149891853332519531e-02
1.612293720245361328e-01 2.112197875976562500e-02
1.915454864501953125e-01 2.153062820434570312e-02
1.679358482360839844e-01 1.112747192382812500e-02
1.526305675506591797e-01 1.976799964904785156e-02
1.590709686279296875e-01 1.667857170104980469e-02
1.658277511596679688e-01 1.659202575683593750e-02
1.728005409240722656e-01 1.103568077087402344e-02
1.578133106231689453e-01 1.144981384277343750e-02
2.017195224761962891e-01 2.165746688842773438e-02
1.639418601989746094e-01 1.211309432983398438e-02
1.242620944976806641e-01 1.353073120117187500e-02
1.441960334777832031e-01 2.154636383056640625e-02
1.639692783355712891e-01 1.526117324829101562e-02
1.563665866851806641e-01 1.109957695007324219e-02
1.584920883178710938e-01 1.998066902160644531e-02
1.310298442840576172e-01 1.114344596862792969e-02
1.407163143157958984e-01 1.347279548645019531e-02
1.627988815307617188e-01 1.101446151733398438e-02
1.313328742980957031e-01 1.157593727111816406e-02
1.728260517120361328e-01 1.129007339477539062e-02
1.802558898925781250e-01 2.124977111816406250e-02
1.342885494232177734e-01 1.334452629089355469e-02
1.425366401672363281e-01 1.079154014587402344e-02
1.624472141265869141e-01 1.532292366027832031e-02
1.283371448516845703e-01 1.365661621093750000e-02
1.775898933410644531e-01 1.172995567321777344e-02
1.665120124816894531e-01 1.208305358886718750e-02
1.463384628295898438e-01 1.138234138488769531e-02
1.547412872314453125e-01 2.006745338439941406e-02
1.471822261810302734e-01 1.199793815612792969e-02
1.423933506011962891e-01 1.170444488525390625e-02
1.799457073211669922e-01 1.974272727966308594e-02
1.269040107727050781e-01 2.203774452209472656e-02
1.322782039642333984e-01 1.915431022644042969e-02
1.499054431915283203e-01 2.180862426757812500e-02
1.703209877014160156e-01 1.111435890197753906e-02
1.892976760864257812e-01 1.125741004943847656e-02
1.699693202972412109e-01 1.102542877197265625e-02
1.466901302337646484e-01 1.122140884399414062e-02
1.465659141540527344e-01 1.958990097045898438e-02
1.492943763732910156e-01 1.104712486267089844e-02
1.443088054656982422e-01 1.117157936096191406e-02
1.329920291900634766e-01 1.133131980895996094e-02
1.407132148742675781e-01 1.102662086486816406e-02
1.203310489654541016e-01 2.049398422241210938e-02
1.558868885040283203e-01 2.046418190002441406e-02
1.634948253631591797e-01 2.558517456054687500e-02
2.293951511383056641e-01 2.695560455322265625e-02
1.761355400085449219e-01 2.770924568176269531e-02
1.838262081146240234e-01 2.778863906860351562e-02
1.715016365051269531e-01 2.526521682739257812e-02
2.187519073486328125e-01 2.140688896179199219e-02
1.880042552947998047e-01 1.410841941833496094e-02
2.008991241455078125e-01 1.429128646850585938e-02
2.087476253509521484e-01 2.801203727722167969e-02
1.774754524230957031e-01 2.561569213867187500e-02
1.501271724700927734e-01 1.757168769836425781e-02
1.938154697418212891e-01 1.440143585205078125e-02
1.810591220855712891e-01 1.348042488098144531e-02
1.844027042388916016e-01 1.359295845031738281e-02
1.989378929138183594e-01 1.375532150268554688e-02
1.695237159729003906e-01 1.874423027038574219e-02
1.874454021453857422e-01 2.588510513305664062e-02
1.864240169525146484e-01 2.794146537780761719e-02
2.018721103668212891e-01 1.932978630065917969e-02
1.952750682830810547e-01 1.521492004394531250e-02
1.736094951629638672e-01 1.479697227478027344e-02
1.624183654785156250e-01 2.240180969238281250e-02
1.797976493835449219e-01 1.444077491760253906e-02
2.058839797973632812e-01 2.995061874389648438e-02
1.791887283325195312e-01 1.432299613952636719e-02
2.084848880767822266e-01 2.624273300170898438e-02
1.982884407043457031e-01 2.432847023010253906e-02
1.551251411437988281e-01 1.299023628234863281e-02
1.709816455841064453e-01 1.466655731201171875e-02
1.872835159301757812e-01 2.512383460998535156e-02
1.892085075378417969e-01 1.338934898376464844e-02
2.001421451568603516e-01 1.304912567138671875e-02
2.116477489471435547e-01 2.139163017272949219e-02
1.527945995330810547e-01 1.930689811706542969e-02
1.803610324859619141e-01 1.456999778747558594e-02
2.139911651611328125e-01 1.719379425048828125e-02
2.223546504974365234e-01 1.531386375427246094e-02
2.177236080169677734e-01 2.585959434509277344e-02
1.816177368164062500e-01 1.364159584045410156e-02
2.092559337615966797e-01 1.305937767028808594e-02
1.813817024230957031e-01 2.124714851379394531e-02
1.804554462432861328e-01 2.439165115356445312e-02
1.764531135559082031e-01 2.278256416320800781e-02
2.012717723846435547e-01 1.910424232482910156e-02
1.702768802642822266e-01 2.133893966674804688e-02
1.804406642913818359e-01 2.855062484741210938e-02
1.390783786773681641e-01 2.724719047546386719e-02
1.693046092987060547e-01 1.390552520751953125e-02
2.069969177246093750e-01 2.364182472229003906e-02
1.732740402221679688e-01 1.509499549865722656e-02
1.813774108886718750e-01 1.418185234069824219e-02
1.813268661499023438e-01 3.034329414367675781e-02
2.159903049468994141e-01 1.772451400756835938e-02
2.125687599182128906e-01 1.797389984130859375e-02
1.926460266113281250e-01 1.770019531250000000e-02
1.538729667663574219e-01 1.233792304992675781e-02
1.732921600341796875e-01 1.336908340454101562e-02
1.726837158203125000e-01 1.354527473449707031e-02
1.668622493743896484e-01 2.737617492675781250e-02
2.002487182617187500e-01 1.427626609802246094e-02
1.732730865478515625e-01 2.479577064514160156e-02
1.514968872070312500e-01 2.461767196655273438e-02
1.979660987854003906e-01 2.800774574279785156e-02
1.872608661651611328e-01 2.530145645141601562e-02
1.883163452148437500e-01 2.530646324157714844e-02
2.073147296905517578e-01 1.401925086975097656e-02
1.790428161621093750e-01 2.148175239562988281e-02
2.083723545074462891e-01 1.481866836547851562e-02
1.786143779754638672e-01 1.493024826049804688e-02
1.998052597045898438e-01 1.819658279418945312e-02
2.005162239074707031e-01 2.506470680236816406e-02
2.137184143066406250e-01 2.678871154785156250e-02
1.839098930358886719e-01 1.677584648132324219e-02
1.830697059631347656e-01 2.016401290893554688e-02
1.970136165618896484e-01 2.612400054931640625e-02
2.061126232147216797e-01 1.502418518066406250e-02
1.831312179565429688e-01 1.331877708435058594e-02
1.748316287994384766e-01 2.215385437011718750e-02
2.049520015716552734e-01 1.568388938903808594e-02
2.985095977783203125e-01 1.205587387084960938e-02
1.459548473358154297e-01 2.594709396362304688e-02
1.910681724548339844e-01 1.435542106628417969e-02
1.838541030883789062e-01 1.752591133117675781e-02
2.068462371826171875e-01 2.568960189819335938e-02
1.992099285125732422e-01 1.482343673706054688e-02
2.017097473144531250e-01 2.677083015441894531e-02
1.852653026580810547e-01 2.243232727050781250e-02
1.999285221099853516e-01 1.402640342712402344e-02
1.661126613616943359e-01 1.143598556518554688e-02
1.818375587463378906e-01 1.521015167236328125e-02
1.867678165435791016e-01 2.571916580200195312e-02
1.748523712158203125e-01 1.250934600830078125e-02
1.705896854400634766e-01 2.462649345397949219e-02
1.846778392791748047e-01 2.724933624267578125e-02
2.083106040954589844e-01 2.781558036804199219e-02
1.705033779144287109e-01 2.555966377258300781e-02
2.052106857299804688e-01 2.782940864562988281e-02
2.069721221923828125e-01 2.699089050292968750e-02
2.038099765777587891e-01 1.420402526855468750e-02
1.563675403594970703e-01 1.984310150146484375e-02
2.010865211486816406e-01 1.776099205017089844e-02
2.043943405151367188e-01 1.460671424865722656e-02
1.933155059814453125e-01 2.522778511047363281e-02
2.043483257293701172e-01 1.401782035827636719e-02
2.174086570739746094e-01 1.343250274658203125e-02
1.541299819946289062e-01 1.462984085083007812e-02
1.772449016571044922e-01 1.483631134033203125e-02
1.990427970886230469e-01 1.342844963073730469e-02
2.046568393707275391e-01 1.573872566223144531e-02
2.248933315277099609e-01 2.557778358459472656e-02
1.578943729400634766e-01 1.124787330627441406e-02
1.890020370483398438e-01 2.732896804809570312e-02
1.594169139862060547e-01 1.243352890014648438e-02
1.719453334808349609e-01 1.401567459106445312e-02
1.775786876678466797e-01 2.696681022644042969e-02
1.690745353698730469e-01 1.358532905578613281e-02
2.048592567443847656e-01 2.540969848632812500e-02
2.735590934753417969e-01 1.298022270202636719e-02
1.618118286132812500e-01 1.432728767395019531e-02
1.749200820922851562e-01 1.348972320556640625e-02
1.567988395690917969e-01 1.323151588439941406e-02
1.787772178649902344e-01 9.373664855957031250e-03
1.490554809570312500e-01 1.311826705932617188e-02
1.836593151092529297e-01 2.465486526489257812e-02
1.923172473907470703e-01 2.702021598815917969e-02
1.721735000610351562e-01 1.422238349914550781e-02
1.534199714660644531e-01 1.508355140686035156e-02
1.628320217132568359e-01 2.451443672180175781e-02
1.909310817718505859e-01 1.313424110412597656e-02
1.726200580596923828e-01 2.529740333557128906e-02
2.077310085296630859e-01 1.877474784851074219e-02
1.945602893829345703e-01 1.543259620666503906e-02
1.560428142547607422e-01 2.053213119506835938e-02
2.024550437927246094e-01 2.527761459350585938e-02
1.890027523040771484e-01 1.484227180480957031e-02
1.831154823303222656e-01 1.719927787780761719e-02
1.888830661773681641e-01 1.318764686584472656e-02
1.940488815307617188e-01 1.446723937988281250e-02
1.958978176116943359e-01 1.303219795227050781e-02
1.929399967193603516e-01 2.575397491455078125e-02
2.045447826385498047e-01 1.463365554809570312e-02
1.731777191162109375e-01 2.063536643981933594e-02
1.473374366760253906e-01 1.329255104064941406e-02
1.604661941528320312e-01 1.969480514526367188e-02
1.609401702880859375e-01 2.170848846435546875e-02
1.736361980438232422e-01 1.412010192871093750e-02
2.107229232788085938e-01 2.755904197692871094e-02
1.815285682678222656e-01 1.350378990173339844e-02
1.917786598205566406e-01 1.571631431579589844e-02
1.812636852264404297e-01 2.475953102111816406e-02
1.836621761322021484e-01 2.660298347473144531e-02
1.758944988250732422e-01 2.621936798095703125e-02
1.894917488098144531e-01 2.498221397399902344e-02
1.522333621978759766e-01 2.284383773803710938e-02
2.041151523590087891e-01 2.853488922119140625e-02
1.757442951202392578e-01 1.153421401977539062e-02
1.905233860015869141e-01 2.585029602050781250e-02
2.226586341857910156e-01 2.736830711364746094e-02
1.966454982757568359e-01 1.401066780090332031e-02
1.507506370544433594e-01 1.914453506469726562e-02
1.639554500579833984e-01 2.553606033325195312e-02
1.858391761779785156e-01 1.380395889282226562e-02
1.343674659729003906e-01 2.495908737182617188e-02
1.855366230010986328e-01 1.992869377136230469e-02
1.954255104064941406e-01 2.101588249206542969e-02
1.797966957092285156e-01 2.360010147094726562e-02
1.496160030364990234e-01 1.035976409912109375e-02
1.840162277221679688e-01 1.650166511535644531e-02
1.706049442291259766e-01 1.507544517517089844e-02
1.774191856384277344e-01 2.727270126342773438e-02
1.627590656280517578e-01 2.139639854431152344e-02
1.578631401062011719e-01 2.698373794555664062e-02
2.111861705780029297e-01 4.081797599792480469e-02
1.664397716522216797e-01 1.340508460998535156e-02
1.677484512329101562e-01 1.338672637939453125e-02
2.101953029632568359e-01 2.778482437133789062e-02
2.011752128601074219e-01 1.508736610412597656e-02
1.816611289978027344e-01 2.273440361022949219e-02
1.864306926727294922e-01 2.689838409423828125e-02
1.621458530426025391e-01 1.308202743530273438e-02
1.529526710510253906e-01 1.329779624938964844e-02
2.056179046630859375e-01 2.531218528747558594e-02
1.936879158020019531e-01 2.528548240661621094e-02
2.067823410034179688e-01 2.736616134643554688e-02
1.793990135192871094e-01 1.307249069213867188e-02
2.045295238494873047e-01 1.342320442199707031e-02
1.757309436798095703e-01 1.486968994140625000e-02
1.387038230895996094e-01 1.381325721740722656e-02
1.786375045776367188e-01 1.948428153991699219e-02
1.703813076019287109e-01 1.305294036865234375e-02
1.968727111816406250e-01 2.395200729370117188e-02
1.866474151611328125e-01 1.938438415527343750e-02
1.883563995361328125e-01 1.381802558898925781e-02
1.640896797180175781e-01 1.292109489440917969e-02
1.806161403656005859e-01 1.454424858093261719e-02
1.648552417755126953e-01 1.484775543212890625e-02
1.898078918457031250e-01 2.598309516906738281e-02
1.726260185241699219e-01 3.087210655212402344e-02
1.876595020294189453e-01 1.441049575805664062e-02
1.296787261962890625e-01 1.950931549072265625e-02
1.665320396423339844e-01 1.595950126647949219e-02
1.690008640289306641e-01 1.394820213317871094e-02
1.928799152374267578e-01 1.865077018737792969e-02
1.900491714477539062e-01 1.314425468444824219e-02
2.018733024597167969e-01 1.279902458190917969e-02
1.736752986907958984e-01 1.331520080566406250e-02
1.801800727844238281e-01 2.148222923278808594e-02
1.501352787017822266e-01 1.320838928222656250e-02
1.769244670867919922e-01 1.494812965393066406e-02
1.717836856842041016e-01 2.130031585693359375e-02
1.755571365356445312e-01 1.915597915649414062e-02
1.766486167907714844e-01 2.094173431396484375e-02
1.989479064941406250e-01 2.523708343505859375e-02
2.016558647155761719e-01 2.682518959045410156e-02
1.911761760711669922e-01 1.303124427795410156e-02
2.087438106536865234e-01 2.936220169067382812e-02
1.597101688385009766e-01 1.853084564208984375e-02
2.033433914184570312e-01 2.725291252136230469e-02
2.132432460784912109e-01 2.678871154785156250e-02
1.905221939086914062e-01 1.327276229858398438e-02
1.680300235748291016e-01 2.146172523498535156e-02
1.680262088775634766e-01 1.034784317016601562e-02
2.153084278106689453e-01 2.656531333923339844e-02
2.112700939178466797e-01 2.896070480346679688e-02
2.018485069274902344e-01 2.602410316467285156e-02
1.974890232086181641e-01 1.690387725830078125e-02
1.686394214630126953e-01 2.532029151916503906e-02
1.687476634979248047e-01 2.521634101867675781e-02
2.088391780853271484e-01 2.996397018432617188e-02
1.683812141418457031e-01 2.561235427856445312e-02
1.537456512451171875e-01 1.351404190063476562e-02
1.961898803710937500e-01 1.300501823425292969e-02
1.546304225921630859e-01 2.223253250122070312e-02
2.027764320373535156e-01 2.692413330078125000e-02
1.709089279174804688e-01 1.324653625488281250e-02
2.026083469390869141e-01 1.936841011047363281e-02
1.753392219543457031e-01 1.311898231506347656e-02
2.043478488922119141e-01 1.330804824829101562e-02
1.697454452514648438e-01 1.408386230468750000e-02
1.691284179687500000e-01 1.314806938171386719e-02
1.798756122589111328e-01 1.499342918395996094e-02
2.041511535644531250e-01 2.662825584411621094e-02
1.656711101531982422e-01 2.458429336547851562e-02
1.545991897583007812e-01 1.981592178344726562e-02
2.048578262329101562e-01 1.561546325683593750e-02
2.157683372497558594e-01 2.385234832763671875e-02
1.949076652526855469e-01 2.686262130737304688e-02
1.809101104736328125e-01 1.329994201660156250e-02
2.047598361968994141e-01 2.386999130249023438e-02
1.993370056152343750e-01 1.645040512084960938e-02
1.827189922332763672e-01 2.602767944335937500e-02
1.995005607604980469e-01 1.470303535461425781e-02
2.092907428741455078e-01 2.585124969482421875e-02
1.855635643005371094e-01 1.404809951782226562e-02
1.710667610168457031e-01 1.170635223388671875e-02
1.087403297424316406e-01 2.005887031555175781e-02
1.454572677612304688e-01 2.561855316162109375e-02
1.688792705535888672e-01 2.707028388977050781e-02
2.038824558258056641e-01 2.687263488769531250e-02
1.809890270233154297e-01 2.638030052185058594e-02
1.775176525115966797e-01 2.642154693603515625e-02
1.881108283996582031e-01 1.435804367065429688e-02
1.815736293792724609e-01 1.660180091857910156e-02
1.573441028594970703e-01 2.561640739440917969e-02
1.835262775421142578e-01 1.319456100463867188e-02
1.814432144165039062e-01 1.399278640747070312e-02
1.363077163696289062e-01 1.976895332336425781e-02
1.811664104461669922e-01 1.321244239807128906e-02
1.559996604919433594e-01 1.412630081176757812e-02
1.522002220153808594e-01 2.063035964965820312e-02
1.827936172485351562e-01 1.219677925109863281e-02
2.016949653625488281e-01 1.527357101440429688e-02
1.656086444854736328e-01 1.629543304443359375e-02
1.493995189666748047e-01 1.187300682067871094e-02
1.796598434448242188e-01 1.962137222290039062e-02
1.345434188842773438e-01 2.241992950439453125e-02
1.859431266784667969e-01 1.962113380432128906e-02
1.641423702239990234e-01 2.159285545349121094e-02
1.543533802032470703e-01 1.019024848937988281e-02
1.646361351013183594e-01 1.838040351867675781e-02
1.496906280517578125e-01 1.210188865661621094e-02
1.708681583404541016e-01 1.117753982543945312e-02
1.377065181732177734e-01 2.030515670776367188e-02
1.577997207641601562e-01 1.039981842041015625e-02
1.782474517822265625e-01 1.624536514282226562e-02
1.463186740875244141e-01 1.027250289916992188e-02
1.539840698242187500e-01 1.081347465515136719e-02
1.573560237884521484e-01 1.108026504516601562e-02
1.389794349670410156e-01 1.033592224121093750e-02
1.272063255310058594e-01 1.128172874450683594e-02
1.734483242034912109e-01 1.184988021850585938e-02
1.438074111938476562e-01 1.637268066406250000e-02
1.301312446594238281e-01 1.143813133239746094e-02
1.722548007965087891e-01 1.148462295532226562e-02
1.327402591705322266e-01 1.417088508605957031e-02
1.958312988281250000e-01 1.469874382019042969e-02
1.513793468475341797e-01 1.202058792114257812e-02
1.472949981689453125e-01 1.082873344421386719e-02
1.319162845611572266e-01 1.024746894836425781e-02
1.827588081359863281e-01 1.247167587280273438e-02
1.468231678009033203e-01 1.040935516357421875e-02
1.458735466003417969e-01 1.988673210144042969e-02
1.455373764038085938e-01 2.023386955261230469e-02
1.689963340759277344e-01 1.125001907348632812e-02
1.371257305145263672e-01 1.782155036926269531e-02
1.407892704010009766e-01 1.322793960571289062e-02
1.499471664428710938e-01 1.946520805358886719e-02
1.158845424652099609e-01 1.461529731750488281e-02
1.912393569946289062e-01 2.051544189453125000e-02
1.833841800689697266e-01 1.140594482421875000e-02
1.759040355682373047e-01 1.081156730651855469e-02
1.575226783752441406e-01 1.288485527038574219e-02
1.349291801452636719e-01 1.797866821289062500e-02
1.492819786071777344e-01 1.031494140625000000e-02
1.167211532592773438e-01 1.061487197875976562e-02
1.131415367126464844e-01 1.055836677551269531e-02
1.366517543792724609e-01 1.045823097229003906e-02
1.445755958557128906e-01 1.136493682861328125e-02
1.254162788391113281e-01 1.115775108337402344e-02
1.245148181915283203e-01 1.005411148071289062e-02
1.707534790039062500e-01 1.102924346923828125e-02
1.322009563446044922e-01 1.034164428710937500e-02
1.536288261413574219e-01 1.201558113098144531e-02
1.450440883636474609e-01 1.036763191223144531e-02
1.156013011932373047e-01 1.022815704345703125e-02
1.416363716125488281e-01 1.141500473022460938e-02
1.629242897033691406e-01 9.128570556640625000e-03
1.806199550628662109e-01 1.481533050537109375e-02
1.235482692718505859e-01 9.340286254882812500e-03
1.076891422271728516e-01 9.812116622924804688e-03
1.576404571533203125e-01 1.359367370605468750e-02
1.162073612213134766e-01 9.975671768188476562e-03
1.503508090972900391e-01 9.111881256103515625e-03
1.169645786285400391e-01 1.115727424621582031e-02
1.251568794250488281e-01 9.537696838378906250e-03
