4.283387660980224609e-01 7.211303710937500000e-02
2.074825763702392578e-01 5.387544631958007812e-02
3.618018627166748047e-01 6.449437141418457031e-02
1.578979492187500000e-01 1.330947875976562500e-02
3.426856994628906250e-01 5.663108825683593750e-02
4.231183528900146484e-01 2.991437911987304688e-02
1.861643791198730469e-01 1.105260848999023438e-02
3.427929878234863281e-01 5.613279342651367188e-02
2.565026283264160156e-01 1.977634429931640625e-02
3.756644725799560547e-01 3.976154327392578125e-02
4.228334426879882812e-01 3.028225898742675781e-02
3.406381607055664062e-01 6.094074249267578125e-02
2.500221729278564453e-01 2.309083938598632812e-02
2.194619178771972656e-01 1.303243637084960938e-02
2.189497947692871094e-01 1.592350006103515625e-02
3.637368679046630859e-01 5.352759361267089844e-02
2.317934036254882812e-01 1.516771316528320312e-02
2.775011062622070312e-01 2.229523658752441406e-02
3.490781784057617188e-01 3.192877769470214844e-02
3.388493061065673828e-01 5.354022979736328125e-02
2.416403293609619141e-01 1.341748237609863281e-02
1.906390190124511719e-01 1.047658920288085938e-02
1.772532463073730469e-01 1.348447799682617188e-02
1.856567859649658203e-01 1.474285125732421875e-02
1.053931713104248047e-01 6.174564361572265625e-03
3.344049453735351562e-01 5.369257926940917969e-02
3.104343414306640625e-01 3.918075561523437500e-02
2.996697425842285156e-01 3.104305267333984375e-02
2.782833576202392578e-01 3.069138526916503906e-02
2.717323303222656250e-01 4.263925552368164062e-02
1.535196304321289062e-01 7.609128952026367188e-03
2.937567234039306641e-01 4.980945587158203125e-02
3.286724090576171875e-01 6.217479705810546875e-02
1.561858654022216797e-01 1.295876502990722656e-02
1.608943939208984375e-01 1.920723915100097656e-02
3.307154178619384766e-01 5.357384681701660156e-02
2.172532081604003906e-01 2.430295944213867188e-02
3.268671035766601562e-01 3.411388397216796875e-02
3.003292083740234375e-01 2.988457679748535156e-02
2.926833629608154297e-01 5.899143218994140625e-02
1.434340476989746094e-01 1.462030410766601562e-02
1.561107635498046875e-01 1.300621032714843750e-02
2.641699314117431641e-01 4.290771484375000000e-02
2.225091457366943359e-01 3.530573844909667969e-02
1.952326297760009766e-01 2.893471717834472656e-02
1.887285709381103516e-01 2.289700508117675781e-02
2.235283851623535156e-01 3.325438499450683594e-02
2.271356582641601562e-01 2.967262268066406250e-02
1.983196735382080078e-01 1.340389251708984375e-02
1.711964607238769531e-01 1.799869537353515625e-02
1.558163166046142578e-01 1.354312896728515625e-02
1.984188556671142578e-01 2.556777000427246094e-02
2.324769496917724609e-01 3.283739089965820312e-02
2.691285610198974609e-01 4.172754287719726562e-02
2.601950168609619141e-01 4.604005813598632812e-02
2.308425903320312500e-01 2.089428901672363281e-02
1.640179157257080078e-01 1.209354400634765625e-02
2.479078769683837891e-01 4.548048973083496094e-02
2.771477699279785156e-01 4.336142539978027344e-02
2.249045372009277344e-01 2.366900444030761719e-02
2.505326271057128906e-01 4.288172721862792969e-02
1.697077751159667969e-01 1.419281959533691406e-02
1.986331939697265625e-01 3.032064437866210938e-02
2.811923027038574219e-01 2.726173400878906250e-02
1.814830303192138672e-01 3.105545043945312500e-02
2.599256038665771484e-01 2.930736541748046875e-02
2.328925132751464844e-01 2.903842926025390625e-02
1.502866744995117188e-01 2.088761329650878906e-02
2.162690162658691406e-01 2.606558799743652344e-02
1.635243892669677734e-01 2.615642547607421875e-02
1.768188476562500000e-01 1.976990699768066406e-02
1.399910449981689453e-01 1.211690902709960938e-02
2.908899784088134766e-01 5.434060096740722656e-02
1.974055767059326172e-01 2.045702934265136719e-02
1.738634109497070312e-01 1.792716979980468750e-02
2.576923370361328125e-01 4.324340820312500000e-02
2.494902610778808594e-01 4.352521896362304688e-02
1.817195415496826172e-01 1.488804817199707031e-02
1.353807449340820312e-01 2.015280723571777344e-02
2.425060272216796875e-01 2.264285087585449219e-02
1.823945045471191406e-01 1.867246627807617188e-02
3.202061653137207031e-01 3.012275695800781250e-02
1.661262512207031250e-01 1.543807983398437500e-02
1.411569118499755859e-01 7.177114486694335938e-03
2.036886215209960938e-01 1.982617378234863281e-02
1.930928230285644531e-01 2.390503883361816406e-02
2.148561477661132812e-01 2.279019355773925781e-02
1.130523681640625000e-01 7.403135299682617188e-03
2.282073497772216797e-01 2.255010604858398438e-02
1.374697685241699219e-01 1.034498214721679688e-02
1.473233699798583984e-01 2.011060714721679688e-02
2.305631637573242188e-01 3.994870185852050781e-02
1.801168918609619141e-01 1.630640029907226562e-02
2.523543834686279297e-01 4.293990135192871094e-02
2.256700992584228516e-01 4.186296463012695312e-02
2.284252643585205078e-01 4.022502899169921875e-02
1.439301967620849609e-01 1.229834556579589844e-02
1.972746849060058594e-01 2.339482307434082031e-02
1.762983798980712891e-01 2.359890937805175781e-02
1.838374137878417969e-01 2.188563346862792969e-02
2.394070625305175781e-01 2.159523963928222656e-02
1.878697872161865234e-01 2.125167846679687500e-02
2.107739448547363281e-01 1.756238937377929688e-02
1.741287708282470703e-01 1.248693466186523438e-02
1.663117408752441406e-01 1.231026649475097656e-02
2.016308307647705078e-01 2.795219421386718750e-02
1.714067459106445312e-01 1.129460334777832031e-02
1.609289646148681641e-01 1.132917404174804688e-02
1.655180454254150391e-01 1.683163642883300781e-02
1.207020282745361328e-01 1.280617713928222656e-02
1.381988525390625000e-01 1.165866851806640625e-02
2.542345523834228516e-01 2.333617210388183594e-02
1.867547035217285156e-01 2.799701690673828125e-02
2.108981609344482422e-01 2.323317527770996094e-02
1.446123123168945312e-01 1.357293128967285156e-02
1.920926570892333984e-01 1.203703880310058594e-02
2.328529357910156250e-01 1.578450202941894531e-02
2.165198326110839844e-01 1.967215538024902344e-02
1.575465202331542969e-01 1.491117477416992188e-02
1.528582572937011719e-01 1.408576965332031250e-02
1.691677570343017578e-01 1.463842391967773438e-02
1.478269100189208984e-01 1.615357398986816406e-02
1.786246299743652344e-01 2.674627304077148438e-02
2.519772052764892578e-01 3.855276107788085938e-02
1.579003334045410156e-01 2.387762069702148438e-02
1.606302261352539062e-01 2.464342117309570312e-02
2.037553787231445312e-01 1.085662841796875000e-02
1.652595996856689453e-01 2.611637115478515625e-02
1.811182498931884766e-01 2.627968788146972656e-02
1.777234077453613281e-01 2.471828460693359375e-02
2.059030532836914062e-01 1.281833648681640625e-02
1.332476139068603516e-01 1.390647888183593750e-02
1.570291519165039062e-01 1.481604576110839844e-02
1.611304283142089844e-01 1.716661453247070312e-02
2.373793125152587891e-01 2.211093902587890625e-02
1.783442497253417969e-01 1.319551467895507812e-02
2.072060108184814453e-01 1.555752754211425781e-02
1.755583286285400391e-01 2.065372467041015625e-02
1.774730682373046875e-01 1.585483551025390625e-02
3.300418853759765625e-01 5.893111228942871094e-02
2.159569263458251953e-01 3.878712654113769531e-02
2.617406845092773438e-01 4.822587966918945312e-02
2.674455642700195312e-01 4.598975181579589844e-02
2.494671344757080078e-01 2.426052093505859375e-02
2.458586692810058594e-01 2.907466888427734375e-02
2.245967388153076172e-01 3.223824501037597656e-02
2.423238754272460938e-01 3.219699859619140625e-02
1.914384365081787109e-01 3.562068939208984375e-02
2.490878105163574219e-01 2.525234222412109375e-02
2.526774406433105469e-01 4.050850868225097656e-02
2.720994949340820312e-01 3.303551673889160156e-02
2.634422779083251953e-01 2.444529533386230469e-02
2.331748008728027344e-01 4.235577583312988281e-02
2.521507740020751953e-01 2.020382881164550781e-02
2.387087345123291016e-01 2.207159996032714844e-02
2.277779579162597656e-01 2.393531799316406250e-02
2.379679679870605469e-01 4.149317741394042969e-02
2.799272537231445312e-01 4.654312133789062500e-02
2.429442405700683594e-01 4.374670982360839844e-02
2.507469654083251953e-01 3.759264945983886719e-02
3.136475086212158203e-01 2.331280708312988281e-02
2.662842273712158203e-01 3.765797615051269531e-02
2.467827796936035156e-01 3.843927383422851562e-02
2.609779834747314453e-01 4.320216178894042969e-02
3.146677017211914062e-01 4.147887229919433594e-02
2.944123744964599609e-01 2.700805664062500000e-02
3.588471412658691406e-01 5.624389648437500000e-02
3.111238479614257812e-01 4.025602340698242188e-02
3.124444484710693359e-01 5.347323417663574219e-02
2.985064983367919922e-01 4.797649383544921875e-02
3.417389392852783203e-01 6.496477127075195312e-02
2.752745151519775391e-01 4.578495025634765625e-02
2.219252586364746094e-01 3.790998458862304688e-02
1.955347061157226562e-01 1.969838142395019531e-02
1.287109851837158203e-01 2.053070068359375000e-02
1.669018268585205078e-01 2.124667167663574219e-02
1.366183757781982422e-01 1.118946075439453125e-02
1.568360328674316406e-01 2.021574974060058594e-02
2.187311649322509766e-01 2.234792709350585938e-02
1.982915401458740234e-01 1.612782478332519531e-02
1.732618808746337891e-01 2.260756492614746094e-02
1.295027732849121094e-01 2.067708969116210938e-02
1.435439586639404297e-01 5.587339401245117188e-03
1.476528644561767578e-01 6.528854370117187500e-03
1.602413654327392578e-01 7.516860961914062500e-03
1.363320350646972656e-01 1.276230812072753906e-02
1.321163177490234375e-01 5.665540695190429688e-03
1.382179260253906250e-01 7.409095764160156250e-03
1.379463672637939453e-01 1.193451881408691406e-02
2.452042102813720703e-01 4.111123085021972656e-02
1.740248203277587891e-01 2.534556388854980469e-02
1.858253479003906250e-01 2.556562423706054688e-02
1.660275459289550781e-01 1.480960845947265625e-02
2.354364395141601562e-01 3.447890281677246094e-02
1.476156711578369141e-01 1.299548149108886719e-02
1.882364749908447266e-01 2.638530731201171875e-02
1.290798187255859375e-01 1.276016235351562500e-02
2.407832145690917969e-01 4.039406776428222656e-02
1.332118511199951172e-01 7.406234741210937500e-03
2.105638980865478516e-01 2.738952636718750000e-02
2.452678680419921875e-01 3.922128677368164062e-02
2.463283538818359375e-01 3.911137580871582031e-02
1.772398948669433594e-01 2.238321304321289062e-02
1.787250041961669922e-01 2.700018882751464844e-02
1.932699680328369141e-01 2.206707000732421875e-02
1.807975769042968750e-01 2.469897270202636719e-02
1.161670684814453125e-01 1.178288459777832031e-02
2.071936130523681641e-01 1.768684387207031250e-02
1.911771297454833984e-01 2.454376220703125000e-02
1.924645900726318359e-01 1.340723037719726562e-02
2.020964622497558594e-01 1.460051536560058594e-02
2.158837318420410156e-01 2.194452285766601562e-02
2.191758155822753906e-01 1.476335525512695312e-02
1.859395503997802734e-01 1.614093780517578125e-02
1.947913169860839844e-01 1.715302467346191406e-02
1.944539546966552734e-01 1.582407951354980469e-02
2.061605453491210938e-01 1.783061027526855469e-02
1.087517738342285156e-01 5.983591079711914062e-03
1.155381202697753906e-01 5.944728851318359375e-03
1.092426776885986328e-01 3.399610519409179688e-03
1.126995086669921875e-01 3.429174423217773438e-03
1.145832538604736328e-01 3.612756729125976562e-03
2.504696846008300781e-01 3.079223632812500000e-02
1.997213363647460938e-01 2.198934555053710938e-02
9.573769569396972656e-02 4.356861114501953125e-03
1.171181201934814453e-01 7.504940032958984375e-03
6.075382232666015625e-02 3.837585449218750000e-03
1.074881553649902344e-01 3.876209259033203125e-03
8.672761917114257812e-02 3.590345382690429688e-03
8.644580841064453125e-02 3.362178802490234375e-03
7.974123954772949219e-02 3.497600555419921875e-03
7.393693923950195312e-02 3.393888473510742188e-03
7.083463668823242188e-02 3.490447998046875000e-03
7.510209083557128906e-02 3.471136093139648438e-03
2.154202461242675781e-01 1.827454566955566406e-02
6.733250617980957031e-02 3.546476364135742188e-03
1.162984371185302734e-01 6.202936172485351562e-03
6.350660324096679688e-02 3.424167633056640625e-03
1.113588809967041016e-01 6.473064422607421875e-03
7.199120521545410156e-02 3.077030181884765625e-03
1.162652969360351562e-01 6.102085113525390625e-03
8.434891700744628906e-02 5.828380584716796875e-03
1.119091510772705078e-01 3.748178482055664062e-03
9.681987762451171875e-02 3.449916839599609375e-03
1.100564002990722656e-01 3.392696380615234375e-03
1.909205913543701172e-01 3.771400451660156250e-02
7.901597023010253906e-02 3.419876098632812500e-03
8.669090270996093750e-02 5.613803863525390625e-03
9.099173545837402344e-02 3.451824188232421875e-03
9.614276885986328125e-02 3.397226333618164062e-03
9.509921073913574219e-02 3.324270248413085938e-03
9.744477272033691406e-02 3.213882446289062500e-03
1.043465137481689453e-01 6.131410598754882812e-03
1.154508590698242188e-01 3.729104995727539062e-03
6.594204902648925781e-02 3.838300704956054688e-03
1.167497634887695312e-01 6.594896316528320312e-03
1.936891078948974609e-01 3.864550590515136719e-02
1.021623611450195312e-01 5.859375000000000000e-03
1.005837917327880859e-01 3.820896148681640625e-03
9.183144569396972656e-02 3.723144531250000000e-03
1.005268096923828125e-01 3.876924514770507812e-03
9.817504882812500000e-02 3.302812576293945312e-03
9.466743469238281250e-02 3.037452697753906250e-03
6.535553932189941406e-02 3.761053085327148438e-03
1.093614101409912109e-01 6.067037582397460938e-03
7.704806327819824219e-02 3.401756286621093750e-03
1.096615791320800781e-01 3.671646118164062500e-03
1.894171237945556641e-01 2.016139030456542969e-02
1.413815021514892578e-01 6.159305572509765625e-03
1.113424301147460938e-01 5.588531494140625000e-03
1.041190624237060547e-01 6.031036376953125000e-03
1.160812377929687500e-01 6.007909774780273438e-03
1.186294555664062500e-01 3.422498703002929688e-03
1.036422252655029297e-01 6.051540374755859375e-03
1.107342243194580078e-01 3.513336181640625000e-03
9.571528434753417969e-02 3.537416458129882812e-03
1.026947498321533203e-01 3.556489944458007812e-03
1.138646602630615234e-01 3.347873687744140625e-03
1.923210620880126953e-01 4.147219657897949219e-02
8.656597137451171875e-02 3.368139266967773438e-03
1.254389286041259766e-01 3.359556198120117188e-03
9.070563316345214844e-02 3.288269042968750000e-03
1.093790531158447266e-01 3.482103347778320312e-03
1.063323020935058594e-01 3.370523452758789062e-03
1.165280342102050781e-01 6.914615631103515625e-03
1.273815631866455078e-01 6.254673004150390625e-03
1.499776840209960938e-01 6.316423416137695312e-03
1.424982547760009766e-01 6.282091140747070312e-03
1.325211524963378906e-01 3.802776336669921875e-03
2.054712772369384766e-01 2.589035034179687500e-02
1.648302078247070312e-01 9.092807769775390625e-03
1.679210662841796875e-01 1.633834838867187500e-02
2.534544467926025391e-01 3.076958656311035156e-02
2.856824398040771484e-01 3.920006752014160156e-02
1.949467658996582031e-01 3.387737274169921875e-02
2.039823532104492188e-01 2.921748161315917969e-02
1.801660060882568359e-01 1.830410957336425781e-02
1.895403861999511719e-01 1.547813415527343750e-02
2.400650978088378906e-01 3.399777412414550781e-02
1.965453624725341797e-01 3.204226493835449219e-02
1.777958869934082031e-01 1.384449005126953125e-02
1.916322708129882812e-01 2.144503593444824219e-02
2.016651630401611328e-01 1.672077178955078125e-02
1.908802986145019531e-01 2.633595466613769531e-02
2.201969623565673828e-01 3.957605361938476562e-02
1.988677978515625000e-01 2.793216705322265625e-02
1.721394062042236328e-01 1.368522644042968750e-02
1.971340179443359375e-01 1.384305953979492188e-02
2.241408824920654297e-01 3.023672103881835938e-02
1.873483657836914062e-01 2.597498893737792969e-02
2.096877098083496094e-01 2.041864395141601562e-02
2.168078422546386719e-01 2.677154541015625000e-02
1.227607727050781250e-01 7.307767868041992188e-03
1.573860645294189453e-01 9.577512741088867188e-03
1.342594623565673828e-01 1.235651969909667969e-02
2.005608081817626953e-01 1.904392242431640625e-02
2.582228183746337891e-01 2.647829055786132812e-02
2.341630458831787109e-01 3.298115730285644531e-02
2.340142726898193359e-01 2.495527267456054688e-02
2.763695716857910156e-01 2.937459945678710938e-02
2.787103652954101562e-01 2.880978584289550781e-02
2.773971557617187500e-01 2.809309959411621094e-02
2.652564048767089844e-01 3.653573989868164062e-02
1.836490631103515625e-01 4.022502899169921875e-02
1.453437805175781250e-01 1.882863044738769531e-02
1.335601806640625000e-01 2.289509773254394531e-02
2.175848484039306641e-01 2.292823791503906250e-02
1.138935089111328125e-01 1.805663108825683594e-02
1.463572978973388672e-01 1.390457153320312500e-02
1.515305042266845703e-01 1.588249206542968750e-02
1.482224464416503906e-01 1.483559608459472656e-02
1.799788475036621094e-01 1.802754402160644531e-02
1.450238227844238281e-01 1.040339469909667969e-02
1.342942714691162109e-01 9.275197982788085938e-03
1.670658588409423828e-01 1.081609725952148438e-02
1.720480918884277344e-01 1.110315322875976562e-02
1.522741317749023438e-01 2.267146110534667969e-02
2.066955566406250000e-01 2.047038078308105469e-02
1.620740890502929688e-01 1.653361320495605469e-02
1.534197330474853516e-01 1.085829734802246094e-02
1.622478961944580078e-01 1.763939857482910156e-02
1.437678337097167969e-01 8.613109588623046875e-03
1.352832317352294922e-01 8.357286453247070312e-03
1.568834781646728516e-01 1.190209388732910156e-02
1.670358180999755859e-01 1.027631759643554688e-02
9.722542762756347656e-02 1.328802108764648438e-02
2.335424423217773438e-01 2.605605125427246094e-02
1.261401176452636719e-01 1.368713378906250000e-02
1.911237239837646484e-01 1.850533485412597656e-02
1.601164340972900391e-01 1.528310775756835938e-02
2.466890811920166016e-01 2.442145347595214844e-02
2.245275974273681641e-01 2.728343009948730469e-02
1.318945884704589844e-01 9.212255477905273438e-03
7.500696182250976562e-02 5.453109741210937500e-03
9.519529342651367188e-02 5.440711975097656250e-03
2.251257896423339844e-01 2.519559860229492188e-02
2.491812705993652344e-01 2.360010147094726562e-02
2.133862972259521484e-01 2.536058425903320312e-02
2.374598979949951172e-01 3.014063835144042969e-02
