7.503509998321533203e+00 3.360780000686645508e+00
8.212715387344360352e+00 3.455944299697875977e+00
7.889237403869628906e+00 3.457243442535400391e+00
7.833458185195922852e+00 3.477828264236450195e+00
7.744040966033935547e+00 3.538037300109863281e+00
7.029440879821777344e+00 3.419293403625488281e+00
7.319407224655151367e+00 3.414447307586669922e+00
7.738629817962646484e+00 3.380999565124511719e+00
7.724685192108154297e+00 3.433392524719238281e+00
7.422048330307006836e+00 3.430154323577880859e+00
8.228845119476318359e+00 3.371366024017333984e+00
7.503089189529418945e+00 3.434735059738159180e+00
7.239560604095458984e+00 3.322766304016113281e+00
7.636324405670166016e+00 3.403890132904052734e+00
7.962491273880004883e+00 3.504567384719848633e+00
7.688248634338378906e+00 3.406475782394409180e+00
7.504964113235473633e+00 3.652668476104736328e+00
7.018681287765502930e+00 3.385463237762451172e+00
7.952458858489990234e+00 3.540172576904296875e+00
7.532382965087890625e+00 3.380297183990478516e+00
8.178936481475830078e+00 3.454485416412353516e+00
8.028365612030029297e+00 3.349273681640625000e+00
9.061347007751464844e+00 3.456798076629638672e+00
7.249125003814697266e+00 3.387856483459472656e+00
7.158322572708129883e+00 3.245287895202636719e+00
7.020162820816040039e+00 3.331530809402465820e+00
7.802499771118164062e+00 3.489087820053100586e+00
8.092795372009277344e+00 3.343919754028320312e+00
8.380379199981689453e+00 3.414965867996215820e+00
7.992031335830688477e+00 3.728577375411987305e+00
8.231612205505371094e+00 3.401005029678344727e+00
8.377660751342773438e+00 3.437260627746582031e+00
8.436149120330810547e+00 3.434770822525024414e+00
7.852679014205932617e+00 3.314159154891967773e+00
7.926007986068725586e+00 3.260509252548217773e+00
9.699094772338867188e+00 3.333312749862670898e+00
9.064828634262084961e+00 3.406839370727539062e+00
8.242074012756347656e+00 3.403944969177246094e+00
8.675733327865600586e+00 3.540259122848510742e+00
8.467442035675048828e+00 3.510190486907958984e+00
8.334294557571411133e+00 3.513170480728149414e+00
7.686804294586181641e+00 3.383454322814941406e+00
8.163653612136840820e+00 3.398777961730957031e+00
8.069159269332885742e+00 3.497480154037475586e+00
7.926233768463134766e+00 3.385518312454223633e+00
7.344973087310791016e+00 3.404508829116821289e+00
7.893361091613769531e+00 3.348194837570190430e+00
7.938679218292236328e+00 3.488103866577148438e+00
8.682618618011474609e+00 3.645085334777832031e+00
8.536966085433959961e+00 3.495807409286499023e+00
8.362580776214599609e+00 3.526715517044067383e+00
8.315816402435302734e+00 3.399500608444213867e+00
8.114263534545898438e+00 3.278361797332763672e+00
7.859616756439208984e+00 3.487246036529541016e+00
8.879000902175903320e+00 3.391631126403808594e+00
7.758076429367065430e+00 3.548157930374145508e+00
7.124988555908203125e+00 3.286955595016479492e+00
8.319493532180786133e+00 3.338928222656250000e+00
8.483488321304321289e+00 3.476352214813232422e+00
8.520690441131591797e+00 3.322951078414916992e+00
8.793877601623535156e+00 3.776977539062500000e+00
8.417392969131469727e+00 3.436561822891235352e+00
8.537335872650146484e+00 3.538196563720703125e+00
8.328732252120971680e+00 3.342842578887939453e+00
8.968343257904052734e+00 3.083844900131225586e+00
8.278273344039916992e+00 3.265326023101806641e+00
8.131349802017211914e+00 3.048849582672119141e+00
7.791702985763549805e+00 2.932200670242309570e+00
8.495075464248657227e+00 3.301912546157836914e+00
8.519984006881713867e+00 3.398454427719116211e+00
8.072424888610839844e+00 3.281092405319213867e+00
7.835559606552124023e+00 3.048710107803344727e+00
8.291853904724121094e+00 3.066245555877685547e+00
7.778684377670288086e+00 3.464496612548828125e+00
8.202173709869384766e+00 3.069797515869140625e+00
8.831431150436401367e+00 3.391170978546142578e+00
8.338331937789916992e+00 3.456145048141479492e+00
7.930551767349243164e+00 3.444453001022338867e+00
7.409756183624267578e+00 3.227769613265991211e+00
1.032003688812255859e+01 3.308453083038330078e+00
1.008837962150573730e+01 3.343803167343139648e+00
1.014512920379638672e+01 3.501107215881347656e+00
1.003895926475524902e+01 3.316551685333251953e+00
9.490595817565917969e+00 3.288000822067260742e+00
1.057411074638366699e+01 3.129317522048950195e+00
1.021098875999450684e+01 3.179325342178344727e+00
9.975222349166870117e+00 3.248451709747314453e+00
1.041184544563293457e+01 3.542888879776000977e+00
9.857965469360351562e+00 3.042923927307128906e+00
7.285475969314575195e+00 3.069180488586425781e+00
1.023616003990173340e+01 3.112606048583984375e+00
1.060871624946594238e+01 3.269559144973754883e+00
1.160687446594238281e+01 3.345676898956298828e+00
1.032058405876159668e+01 3.416197299957275391e+00
1.085887432098388672e+01 3.155121326446533203e+00
1.031057906150817871e+01 3.391712903976440430e+00
9.973304748535156250e+00 2.966024398803710938e+00
1.115991330146789551e+01 3.065751075744628906e+00
1.020165991783142090e+01 3.312617301940917969e+00
1.018757987022399902e+01 3.046050548553466797e+00
7.377404451370239258e+00 3.410947322845458984e+00
1.013018631935119629e+01 3.243762969970703125e+00
1.031066751480102539e+01 3.139738082885742188e+00
1.047895550727844238e+01 3.185420036315917969e+00
1.027152585983276367e+01 3.352074861526489258e+00
9.932698249816894531e+00 3.454923152923583984e+00
1.041175246238708496e+01 3.369733333587646484e+00
1.066235160827636719e+01 3.100363016128540039e+00
9.982685089111328125e+00 3.389646768569946289e+00
1.006303930282592773e+01 3.408206462860107422e+00
1.008169674873352051e+01 3.457947015762329102e+00
7.268747568130493164e+00 3.188243150711059570e+00
7.056793451309204102e+00 3.274519920349121094e+00
1.034964466094970703e+01 3.230751752853393555e+00
1.007220578193664551e+01 3.280190944671630859e+00
9.287135601043701172e+00 3.162986040115356445e+00
1.009248471260070801e+01 3.300613880157470703e+00
9.964353084564208984e+00 3.344333410263061523e+00
1.012134981155395508e+01 3.099766016006469727e+00
1.016135787963867188e+01 3.194054841995239258e+00
9.934322118759155273e+00 3.183573007583618164e+00
1.010556411743164062e+01 3.272477865219116211e+00
1.021166849136352539e+01 3.394891977310180664e+00
7.506962776184082031e+00 2.978228092193603516e+00
1.010166001319885254e+01 3.452782392501831055e+00
1.027847766876220703e+01 3.007862806320190430e+00
1.008901166915893555e+01 3.361014604568481445e+00
1.038186645507812500e+01 2.944644927978515625e+00
9.939178466796875000e+00 3.444924354553222656e+00
1.017020416259765625e+01 3.077976226806640625e+00
1.013529157638549805e+01 3.023930788040161133e+00
1.018989062309265137e+01 3.281256437301635742e+00
9.970132350921630859e+00 3.049622535705566406e+00
1.022794342041015625e+01 3.302854776382446289e+00
7.384175062179565430e+00 2.995519876480102539e+00
1.092003798484802246e+01 3.192408323287963867e+00
1.024246335029602051e+01 3.442720174789428711e+00
1.022488498687744141e+01 3.035605907440185547e+00
9.833336114883422852e+00 3.083836317062377930e+00
9.230818271636962891e+00 3.235709190368652344e+00
9.977298498153686523e+00 3.357485532760620117e+00
1.010965967178344727e+01 3.402570247650146484e+00
1.008723378181457520e+01 3.364500284194946289e+00
1.250675487518310547e+01 3.330223083496093750e+00
9.978828907012939453e+00 3.338426828384399414e+00
7.447114706039428711e+00 2.969872236251831055e+00
9.357967853546142578e+00 3.203267097473144531e+00
1.011822032928466797e+01 3.461173057556152344e+00
1.027108073234558105e+01 3.279956102371215820e+00
1.029298329353332520e+01 3.340527057647705078e+00
1.037620687484741211e+01 3.223949670791625977e+00
1.024613451957702637e+01 3.354664564132690430e+00
1.015118980407714844e+01 3.058853149414062500e+00
1.048260736465454102e+01 3.077833175659179688e+00
1.007614731788635254e+01 3.239251852035522461e+00
1.016744375228881836e+01 3.414656639099121094e+00
7.329916954040527344e+00 3.386132717132568359e+00
1.108205771446228027e+01 3.037125587463378906e+00
1.120784163475036621e+01 3.176329374313354492e+00
1.099765896797180176e+01 2.952167034149169922e+00
9.841351747512817383e+00 3.012227773666381836e+00
9.500574350357055664e+00 3.420787572860717773e+00
1.009612822532653809e+01 3.221200466156005859e+00
1.003381180763244629e+01 2.957248449325561523e+00
9.315656900405883789e+00 2.983616590499877930e+00
9.358954429626464844e+00 3.059810638427734375e+00
9.353146076202392578e+00 3.314556837081909180e+00
7.129328489303588867e+00 3.062889099121093750e+00
1.007029509544372559e+01 3.331934690475463867e+00
1.010756373405456543e+01 3.077960014343261719e+00
1.013851213455200195e+01 3.131966114044189453e+00
9.700988531112670898e+00 3.251002311706542969e+00
9.660940647125244141e+00 3.387368440628051758e+00
9.212146282196044922e+00 3.365173578262329102e+00
1.013077378273010254e+01 3.246143102645874023e+00
1.040739774703979492e+01 3.173526525497436523e+00
1.024571180343627930e+01 3.054758310317993164e+00
1.000565052032470703e+01 3.077448368072509766e+00
6.971378326416015625e+00 3.164372682571411133e+00
9.992520570755004883e+00 2.985124111175537109e+00
1.229750227928161621e+01 3.039376258850097656e+00
1.040518021583557129e+01 3.160969495773315430e+00
1.007528924942016602e+01 3.328272342681884766e+00
1.026155710220336914e+01 3.381937742233276367e+00
1.060305595397949219e+01 3.379384994506835938e+00
1.028961157798767090e+01 3.062709093093872070e+00
9.426617145538330078e+00 3.224873781204223633e+00
9.283126354217529297e+00 3.321664333343505859e+00
1.092807459831237793e+01 3.345901727676391602e+00
7.427749633789062500e+00 2.964172840118408203e+00
1.016316032409667969e+01 2.931787490844726562e+00
1.012326812744140625e+01 3.131319046020507812e+00
9.791513919830322266e+00 3.087893724441528320e+00
1.021470999717712402e+01 3.027967214584350586e+00
1.004362177848815918e+01 3.427881479263305664e+00
1.026657080650329590e+01 3.026930332183837891e+00
1.011780190467834473e+01 3.014417648315429688e+00
1.042656040191650391e+01 3.169788360595703125e+00
1.017139506340026855e+01 3.175626039505004883e+00
9.887977361679077148e+00 3.150122880935668945e+00
7.144838809967041016e+00 3.020895242691040039e+00
1.022370719909667969e+01 3.049552679061889648e+00
9.996044397354125977e+00 3.285413980484008789e+00
1.013253760337829590e+01 2.963238239288330078e+00
1.009498047828674316e+01 2.962574481964111328e+00
1.049802136421203613e+01 3.032255411148071289e+00
1.039293265342712402e+01 3.420455694198608398e+00
1.054786610603332520e+01 3.330461740493774414e+00
1.007426023483276367e+01 3.111901760101318359e+00
1.067015743255615234e+01 3.190674781799316406e+00
9.389673471450805664e+00 3.274841070175170898e+00
7.240968227386474609e+00 2.966386318206787109e+00
1.018809151649475098e+01 3.364277601242065430e+00
1.039750337600708008e+01 3.267814874649047852e+00
1.085051536560058594e+01 3.294708490371704102e+00
1.008119440078735352e+01 3.419156312942504883e+00
1.017126822471618652e+01 3.052557468414306641e+00
1.015844440460205078e+01 3.139091491699218750e+00
1.015552067756652832e+01 3.018728971481323242e+00
1.008282852172851562e+01 3.087779283523559570e+00
9.814616680145263672e+00 3.050853729248046875e+00
1.018257308006286621e+01 3.422328948974609375e+00
7.139165163040161133e+00 3.222751379013061523e+00
6.959290027618408203e+00 3.373815774917602539e+00
1.036271834373474121e+01 3.305739164352416992e+00
1.018156409263610840e+01 3.021645784378051758e+00
1.054698491096496582e+01 3.021099805831909180e+00
1.010061573982238770e+01 3.421015501022338867e+00
9.951940536499023438e+00 2.965876579284667969e+00
1.005876159667968750e+01 2.951410770416259766e+00
1.017693209648132324e+01 3.080580472946166992e+00
1.004348969459533691e+01 3.147085189819335938e+00
1.017715239524841309e+01 3.129891872406005859e+00
9.825605630874633789e+00 2.958164453506469727e+00
6.913788318634033203e+00 3.390011310577392578e+00
1.018256163597106934e+01 3.218955755233764648e+00
9.882376670837402344e+00 3.006139993667602539e+00
1.034424233436584473e+01 2.996190786361694336e+00
1.059822654724121094e+01 3.125258207321166992e+00
1.057316541671752930e+01 3.242383718490600586e+00
1.056873631477355957e+01 3.050473451614379883e+00
1.043643021583557129e+01 3.333978176116943359e+00
1.026452875137329102e+01 3.458545923233032227e+00
1.000208854675292969e+01 3.206850290298461914e+00
1.034917712211608887e+01 3.144533634185791016e+00
7.041246175765991211e+00 2.959321022033691406e+00
1.062562537193298340e+01 3.076372623443603516e+00
1.098082423210144043e+01 3.293064832687377930e+00
1.055127739906311035e+01 3.075893163681030273e+00
9.909823656082153320e+00 3.281402349472045898e+00
1.006829142570495605e+01 2.998845100402832031e+00
9.347618341445922852e+00 3.501920938491821289e+00
1.022829437255859375e+01 3.319744110107421875e+00
1.018617677688598633e+01 3.123535871505737305e+00
1.004769110679626465e+01 3.088594913482666016e+00
1.200239753723144531e+01 3.353977918624877930e+00
7.195760488510131836e+00 3.019475460052490234e+00
1.192955446243286133e+01 3.311728477478027344e+00
1.179250741004943848e+01 2.955261707305908203e+00
1.125927472114562988e+01 3.419603824615478516e+00
1.139376425743103027e+01 2.963034629821777344e+00
1.148451399803161621e+01 3.523054122924804688e+00
1.190094923973083496e+01 3.045044898986816406e+00
1.194202589988708496e+01 3.118461847305297852e+00
1.202013611793518066e+01 3.091214895248413086e+00
1.309234929084777832e+01 3.350762605667114258e+00
1.170410490036010742e+01 2.993196725845336914e+00
7.509909152984619141e+00 2.954554080963134766e+00
1.107833766937255859e+01 2.963959217071533203e+00
1.158949208259582520e+01 3.261655092239379883e+00
1.194878888130187988e+01 3.036747694015502930e+00
1.149395275115966797e+01 3.074201583862304688e+00
1.187128376960754395e+01 3.264215230941772461e+00
1.188880300521850586e+01 3.086270093917846680e+00
1.148140764236450195e+01 3.362436294555664062e+00
1.202858734130859375e+01 3.337770462036132812e+00
1.154667186737060547e+01 3.287314414978027344e+00
1.179683184623718262e+01 3.060453891754150391e+00
7.298044204711914062e+00 3.108958482742309570e+00
1.196488094329833984e+01 3.036447048187255859e+00
1.150349593162536621e+01 3.200729131698608398e+00
1.104196834564208984e+01 3.103257179260253906e+00
1.223932194709777832e+01 3.054175853729248047e+00
1.227037549018859863e+01 3.163976907730102539e+00
1.263541078567504883e+01 3.267162561416625977e+00
1.228515005111694336e+01 3.210397481918334961e+00
1.172283244132995605e+01 3.060271501541137695e+00
1.123418092727661133e+01 3.041458845138549805e+00
1.144628953933715820e+01 3.361287117004394531e+00
6.835408449172973633e+00 3.145457744598388672e+00
1.168711662292480469e+01 3.294568061828613281e+00
1.172562193870544434e+01 2.956666469573974609e+00
1.184313607215881348e+01 3.382823467254638672e+00
1.128992033004760742e+01 2.952237606048583984e+00
1.178124690055847168e+01 3.457184076309204102e+00
1.189143776893615723e+01 2.995490312576293945e+00
1.229001188278198242e+01 3.120209932327270508e+00
1.194577693939208984e+01 3.076575517654418945e+00
1.173528838157653809e+01 3.087921380996704102e+00
1.164216136932373047e+01 2.978028774261474609e+00
7.259845495223999023e+00 3.031786680221557617e+00
1.211737513542175293e+01 3.282496213912963867e+00
1.261698913574218750e+01 3.456354618072509766e+00
1.281314754486083984e+01 3.085092782974243164e+00
1.117509078979492188e+01 3.320106506347656250e+00
1.117240715026855469e+01 3.052990913391113281e+00
1.160888576507568359e+01 3.435778141021728516e+00
1.163940525054931641e+01 3.278578281402587891e+00
1.220450568199157715e+01 3.215111732482910156e+00
1.201252627372741699e+01 3.202537298202514648e+00
1.189862751960754395e+01 3.066610336303710938e+00
7.203630447387695312e+00 2.893640041351318359e+00
1.221699094772338867e+01 3.292556524276733398e+00
1.214420390129089355e+01 3.022473096847534180e+00
1.168492388725280762e+01 3.042031049728393555e+00
1.268195986747741699e+01 3.077396154403686523e+00
1.191909098625183105e+01 3.080267906188964844e+00
1.187977385520935059e+01 2.940262079238891602e+00
1.134882855415344238e+01 3.342297077178955078e+00
1.209953284263610840e+01 3.132694721221923828e+00
1.213124632835388184e+01 3.291697025299072266e+00
1.128335070610046387e+01 3.348638534545898438e+00
6.916646003723144531e+00 3.090819835662841797e+00
1.230337333679199219e+01 2.946799278259277344e+00
1.266657233238220215e+01 2.992431163787841797e+00
1.274009537696838379e+01 3.376612663269042969e+00
1.199581551551818848e+01 3.358995914459228516e+00
1.165235567092895508e+01 3.013183116912841797e+00
1.179465603828430176e+01 3.484224081039428711e+00
1.193970203399658203e+01 2.932355642318725586e+00
1.159691739082336426e+01 3.019854068756103516e+00
1.189768075942993164e+01 3.072951793670654297e+00
1.250840568542480469e+01 3.108738183975219727e+00
7.140510082244873047e+00 3.089445829391479492e+00
7.373163700103759766e+00 3.042325496673583984e+00
1.250892829895019531e+01 3.373191833496093750e+00
1.272876000404357910e+01 3.141849994659423828e+00
1.217543625831604004e+01 3.227484941482543945e+00
1.207845854759216309e+01 3.111666679382324219e+00
1.218404626846313477e+01 3.190956830978393555e+00
1.137221527099609375e+01 3.363333225250244141e+00
1.223349142074584961e+01 3.272316217422485352e+00
1.113549733161926270e+01 3.168516397476196289e+00
1.142692756652832031e+01 3.338159561157226562e+00
1.145250272750854492e+01 3.036791324615478516e+00
7.646055936813354492e+00 3.114111423492431641e+00
1.168477416038513184e+01 3.108234405517578125e+00
1.155326724052429199e+01 3.194139957427978516e+00
1.155658054351806641e+01 3.427525997161865234e+00
1.160118937492370605e+01 2.976623773574829102e+00
1.181738018989562988e+01 3.373386621475219727e+00
7.639872312545776367e+00 3.189661979675292969e+00
7.129689693450927734e+00 3.159960746765136719e+00
7.458726644515991211e+00 3.109764337539672852e+00
7.499690055847167969e+00 3.399060726165771484e+00
7.465451002120971680e+00 3.514273166656494141e+00
7.473913431167602539e+00 3.074939489364624023e+00
7.339488983154296875e+00 2.967433691024780273e+00
7.165113449096679688e+00 3.304318428039550781e+00
7.002012491226196289e+00 3.002756834030151367e+00
7.015069723129272461e+00 3.368970632553100586e+00
7.468004465103149414e+00 3.053902149200439453e+00
7.216343402862548828e+00 2.956930637359619141e+00
7.583903551101684570e+00 3.272583723068237305e+00
6.999500989913940430e+00 3.431644916534423828e+00
7.773903369903564453e+00 3.382153511047363281e+00
7.166484117507934570e+00 3.092084169387817383e+00
7.107983827590942383e+00 3.023332357406616211e+00
8.388772249221801758e+00 3.321551084518432617e+00
8.281510591506958008e+00 3.387954950332641602e+00
7.372384309768676758e+00 3.315295457839965820e+00
7.897987842559814453e+00 3.406006574630737305e+00
7.545294523239135742e+00 3.036885738372802734e+00
8.322035074234008789e+00 3.059799909591674805e+00
7.724027872085571289e+00 3.095987319946289062e+00
7.791937112808227539e+00 3.154357194900512695e+00
7.472381114959716797e+00 3.146308660507202148e+00
7.861845731735229492e+00 3.482733011245727539e+00
7.220425844192504883e+00 3.363315343856811523e+00
7.089234590530395508e+00 3.086000442504882812e+00
8.078546047210693359e+00 3.038595438003540039e+00
7.067726612091064453e+00 3.412720203399658203e+00
7.146026849746704102e+00 3.090499401092529297e+00
7.358078479766845703e+00 3.241833448410034180e+00
8.051338195800781250e+00 2.964705228805541992e+00
8.671661853790283203e+00 3.155317306518554688e+00
8.239508628845214844e+00 3.116609334945678711e+00
7.215195655822753906e+00 3.341988086700439453e+00
7.835063695907592773e+00 2.884243726730346680e+00
7.842543125152587891e+00 2.531991481781005859e+00
7.319600820541381836e+00 2.725273132324218750e+00
7.385488510131835938e+00 2.523368120193481445e+00
7.076377868652343750e+00 2.655663013458251953e+00
7.167688131332397461e+00 2.541066408157348633e+00
7.176285028457641602e+00 2.402324438095092773e+00
7.528249025344848633e+00 2.855989217758178711e+00
7.980698108673095703e+00 2.068599939346313477e+00
7.269708156585693359e+00 1.980558633804321289e+00
7.788446664810180664e+00 1.990396738052368164e+00
7.431911945343017578e+00 2.115933418273925781e+00
7.633193731307983398e+00 1.671404123306274414e+00
6.839945793151855469e+00 1.722139596939086914e+00
6.717037677764892578e+00 1.867297649383544922e+00
6.639345407485961914e+00 1.682716608047485352e+00
6.230852603912353516e+00 1.848402261734008789e+00
6.432625055313110352e+00 1.746594190597534180e+00
6.977138996124267578e+00 1.706974983215332031e+00
6.290477275848388672e+00 1.694957494735717773e+00
5.965497493743896484e+00 1.760931015014648438e+00
5.969477176666259766e+00 1.772370815277099609e+00
6.252271890640258789e+00 1.740472793579101562e+00
6.720762491226196289e+00 1.657349348068237305e+00
6.055885076522827148e+00 1.635022640228271484e+00
5.633055210113525391e+00 1.805344581604003906e+00
