id,0,1,2,3,4,5,6,7,8,9,10,11,12
W1,36199.02254728078,36097.78044167283,36418.70018818401,36351.53569125737,36335.059977661964,36495.96433440916,36340.786576051636,36382.17179732422,36536.99813444686,36376.3563360049,36431.261554849414,36577.84889086131,36417.207092419354
W10,5121.474143196308,5095.084807805572,5087.813832819122,5086.250938771582,5088.296987759343,5085.256331077555,5054.160139292185,5041.265991654071,5036.924803297402,5007.542795143071,4987.907687337352,4984.06439955316,5161.531197637871
W100,11391.446030655019,11430.498387117786,11356.706664662976,11398.612372979493,11438.204422124749,11364.728973136162,11416.697928882098,11457.185242174635,11395.156446847854,11428.199573264787,11467.929876127138,11417.281999171064,11444.456413752792
W101,9883.645500086212,9879.502584397058,9850.71440381495,9882.711933232931,9835.10418132087,9836.682119395678,9871.423707713802,9876.182292227706,9888.140747463163,9911.174425770863,9917.754569578401,9943.204344562997,9975.630250097636
W102,15855.8336183048,15862.516907167512,15875.7470339227,15871.482071271163,15876.77435843115,15883.736180915621,15887.358932751125,15892.651219911117,15897.943507071104,15903.235794231092,15908.52808139108,15913.820368551067,15919.112655711055
W103,4080.6183169655797,4081.3638226025087,4084.671030140499,4079.721369082218,4088.3351900802404,4077.5439297626704,4078.5026884634917,4067.8618129229826,4067.920130203463,4066.9326243648047,4066.9328316217993,4071.3538340043433,4081.3041737883186
W104,1028.196812991256,1023.6480135457458,1017.910080527501,1014.3131913295545,1012.3775041803381,1010.1787746541921,1007.9900826438673,1005.7452821743206,1003.5324187977611,1001.3195554212019,999.1066920446426,996.8938286680834,994.6809652915241
W105,9149.628873547996,9160.577455636998,9157.288085677023,9168.172835869102,9167.079212209026,9179.232458725906,9183.82431428435,9193.64025326957,9180.971919630954,9184.651782877061,9182.949257344244,9178.57028646568,9165.418593503919
W106,2152.556424353559,2152.499099935995,2154.8047416013546,2155.803179424646,2157.044713089536,2157.2588694776196,2158.249420020937,2158.9402933306965,2159.813856535914,2160.591320855176,2161.4457986330863,2162.2232629523487,2163.077740730259
W107,23852.794076501563,23861.48653416628,23870.178991830995,23878.871449495713,23887.56390716043,23896.25636482515,23904.948822489867,23913.641280154585,23922.333737819303,23931.02619548402,23939.71865314874,23948.411110813457,23957.103568478175
W108,15927.835745026749,15928.367967328824,15875.290590690081,15877.001635903918,15903.367517931885,15919.148364125766,15923.824128045022,15910.193333479037,15945.331810826494,15944.959042453676,15926.2048178609,15969.639812533569,15963.131404782816
W109,14202.3679019193,14192.14299673863,14143.800855969688,14151.186129017264,14180.648952316977,14213.469471919148,14196.193457947642,14187.24305813988,14205.333775301578,14211.771954616312,14230.638003799431,14216.954723104172,14196.911747182832
W11,314.2183132744019,309.2088465140231,308.99129989346727,310.19376998331234,296.8061764093642,315.8305119656444,298.0472381264011,269.3916973659617,329.4307840539275,330.2003290498269,313.13547832115364,302.91748616411655,281.19893170089165
W110,7236.390324109185,7255.235410710982,7320.143102729041,7274.780124954429,7253.329499735426,7251.143708305779,7252.909564671953,7263.8230554824795,7266.55652148677,7268.547886379124,7248.008262934833,7259.934587271121,7265.509126806141
W111,1058.3962172441168,1047.3428948803526,1037.8866008335349,1040.9866070491535,1035.1614755138344,1035.4216189833594,1028.2730619797796,1029.4124534656694,1024.0355053448063,1016.4468339375261,1016.8049039255486,1008.0538818544089,1011.7840656620707
W112,9441.70980756993,9408.5683486149,9405.592778315371,9417.646435154133,9468.538401411028,9456.650187576015,9436.088234665523,9408.438639393196,9412.521806904666,9471.922557492508,9494.027428374553,9461.145127721069,9425.849175738724
W113,718.6338855514127,709.9277744784524,710.071161531389,702.7373903851174,694.2039431894548,684.3888928439301,693.7622971220005,704.9299405910205,703.6408356250558,684.9705306774879,682.8768367644716,684.7700710499696,673.3033621901645
W114,10596.493501801971,10670.884111991621,10618.986136331816,10715.540931445717,10681.585118955756,10771.098014217001,10723.95254703366,10729.302297616681,10810.185675027486,11002.310403330643,11029.534538283588,11026.088450390236,11103.58551422427
W115,11301.127871170433,11279.081488851858,11259.393498922058,11166.249797563672,11177.224216183613,11199.082021580496,11308.338639888781,11319.647713673725,11351.97515657087,11262.3326976135,11205.27196507112,11201.296845872383,11200.717200841096
W116,14778.635378948897,14593.097488879735,14389.157719416691,14640.786043634407,14680.513577412094,14476.38997059036,14701.95131269005,14910.642780074651,14937.897415982517,15098.532787141969,15044.618606832206,15190.125931546389,15236.167342804629
W117,7067.326799045536,7061.082077667254,7080.415114961577,7085.661503512873,7082.899744723619,7101.668576235548,7107.099340910827,7105.022418102617,7119.550198898659,7126.573037618603,7128.3526665495865,7137.257398948889,7140.386487340061
W118,1739.8994053117192,1743.8949128871798,1743.8366592057212,1736.441670224582,1737.7619145139215,1746.0369737439796,1748.7342255730239,1739.8046258623974,1740.1992666493786,1747.793143745164,1747.7125229968817,1746.8276842159673,1750.9602666563321
W119,1017.9021231077586,1055.4144770773266,1060.2665430384236,1021.1043687807619,1022.5628256215001,1046.0334312540208,1031.6440311522115,1013.7418764237387,1026.732096575356,1025.0392109201237,998.712185869548,1008.8348682903671,1021.7010860976318
W12,1066.2865710780286,1092.7930843420552,1085.184275171699,1078.4048863879475,1071.474535340769,1064.4510576540247,1057.6558857469702,1052.4770236005934,1045.541455654678,1038.6204418604366,1031.683656695133,1024.6846179795755,1033.3096908259722
W120,874.7412542759076,878.3108762571662,882.7666232038403,899.2946571450035,924.8573942568008,891.2484241746979,878.970485087239,883.784632245994,896.78323337678,909.192516564986,862.1159069852804,843.9849129760129,864.405168630203
W121,10350.605989585594,10359.306798196141,10363.87981533907,10366.53319590712,10369.232550299985,10372.891660187208,10376.550770074433,10380.209879961656,10383.86898984888,10387.528099736104,10391.187209623327,10394.846319510552,10398.505429397776
W122,378.95220224988384,384.09578175985166,380.95633570784366,384.51435358545905,380.1791729805891,385.0299347077155,380.04622331227506,386.2162404158378,380.2175050333351,388.10092530709517,380.7540413542383,390.32270234592124,379.26299176600287
W123,469.6949562996342,475.2741740350368,476.28371375292,472.3092153790201,469.99616698487966,474.65077299928566,476.7728963920604,477.2711096181131,477.2650495225321,477.93604696701755,480.65020951059364,481.113882761809,479.8882753487867
W124,8494.127168504432,8513.197543986313,8508.945137700957,8507.420193376964,8510.51262279492,8517.184009177467,8534.893314798697,8546.216560744393,8545.871654887507,8540.593888939728,8531.44158930273,8527.5619032558,8548.265190286922
W125,10855.753617115703,10840.988367686374,10860.41390601221,10870.415573168857,10871.462923238232,10870.143667379083,10879.909328217813,10887.324368735954,10888.386675753665,10893.086517754693,10901.59496256529,10909.072848421409,10910.097308415168
W126,9608.396833767685,9600.690518116382,9597.772459853626,9578.285697600166,9592.682580317492,9606.243336838876,9601.331509992275,9597.971849477291,9593.989164823124,9626.829104018561,9660.18019450045,9660.618559297938,9676.235240210333
W127,10974.029185149475,10952.85063199277,10931.834886055216,10954.197306976717,10974.943165259836,10965.14921847961,10966.070735405956,10967.138827268953,10970.9214723796,10974.218337490245,10977.515202600891,10980.812067711537,10984.108932822182
W128,3627.5880325501007,3581.842893665488,3544.079268263657,3558.2960326450516,3573.157370310382,3579.163745979638,3585.940133476761,3591.8313741123084,3588.3949256709984,3589.275204522789,3591.6669344104134,3592.282288864045,3601.4675643530604
W129,1008.8716664796154,1001.8682007996946,996.2390782467867,995.455402629604,993.878916860436,991.1101116562978,989.8685758888813,988.2232816468546,986.2110885857983,985.2386235969541,983.3872677248994,981.364717614174,979.2589510235616
W13,2314.760608639596,2330.8609750121673,2321.055085307803,2347.353709306569,2368.9005907745045,2377.781195600422,2355.8227380248663,2371.782441522597,2373.776502308184,2380.541980874687,2373.2226245207476,2375.2152644239904,2377.279577615576
W130,8158.21878470409,8166.426066135843,8170.130380707149,8175.908023707315,8185.909225156537,8187.6757986926605,8192.041758045949,8186.8641578863735,8190.743687565321,8193.681354316726,8206.15969728751,8211.748639736188,8205.232832723783
W131,2151.391152496376,2149.345867218504,2148.0261884511206,2144.786972293394,2143.9890865692514,2143.1859441726697,2142.461924671903,2144.341594020147,2145.235086584866,2144.865740331013,2146.2095592091155,2147.591321235895,2147.656983710797
W132,22581.95285579499,22590.06999779687,22598.18713979874,22606.30428180062,22614.4214238025,22622.53856580438,22630.655707806254,22638.772849808134,22646.889991810014,22655.007133811894,22663.124275813774,22671.241417815647,22679.358559817527
W133,13792.68337553604,13768.524801331187,13783.428114127388,13788.738342243067,13783.474677358246,13791.489880437715,13800.829148598506,13804.539750384629,13808.738622502975,13814.697026008875,13820.23831823602,13825.711989192632,13831.185660149244
W134,12049.623782965125,12016.70141946491,12035.151550599963,12045.751752987188,12027.270766894544,12031.646705122905,12051.554406362193,12050.71350428586,12041.565863600568,12056.524614580252,12075.82056956182,12061.31724459156,12065.418393196527
W135,6193.085115158101,6192.487817777014,6203.3588490937855,6216.062929717429,6215.091907985464,6222.392619304674,6236.980751416236,6235.924186819118,6241.872892554301,6256.296545761994,6255.396143723816,6258.105516124529,6274.97178539288
W136,6355.8476643137965,6355.77891847435,6359.569015038187,6363.369111409282,6367.169207780377,6370.969304151472,6374.769400522567,6378.569496893661,6382.369593264756,6386.169689635851,6389.9697860069455,6393.76988237804,6397.569978749136
W137,6999.859954736929,7003.366892886826,6979.888424425215,6979.811729647714,6981.551676553572,6993.7386000974875,6991.137828646877,6997.887115893159,7004.10903028154,7015.768984432989,7014.932732480072,7017.177723760116,7013.881868372042
W138,333.4476563179972,353.2979012229889,349.86240892641155,338.18701692865034,323.26782343158624,336.69305285924014,341.18352326582476,340.9709143626098,319.7333707496083,305.74085323289194,324.6817904532201,331.57872759901903,334.42368144577756
W139,7872.292691114839,7812.648098772652,7830.883120063274,7822.892057359957,7840.435586656478,7799.753980605714,7836.114219855756,7718.177878380061,7746.392419557709,7758.723449931338,7727.906056426142,7843.606373822775,7832.1438338202115
W14,2371.205936982865,2366.285777943314,2392.2512175629745,2388.1422762935213,2393.816860304571,2389.677959490247,2395.210062979182,2399.0253747464517,2396.647486595182,2401.119081885064,2404.0483072187217,2407.175001030856,2404.3331531807826
W140,8222.364442573427,8253.846120069202,8209.333180511609,8184.466168868825,8143.92570909398,8101.115961268825,8065.643054319097,8089.886201988521,8150.162760834897,8110.08165456165,8125.356377935535,8038.393367056944,8068.271941154439
W141,11211.452711202732,10997.998594999994,11088.646549970159,11244.16580341847,11218.60375610072,11180.352553207138,11152.749330886887,11247.38933630702,11297.77724143624,11306.766973251575,11196.707325339063,11173.717219903097,11244.793539994655
W142,5410.649376723809,5397.891049390563,5389.56108748129,5401.850717686493,5401.70952381107,5404.647134794285,5409.03674469805,5422.212435174185,5416.720497724161,5431.736928594341,5426.421108636827,5447.220161653115,5439.282438051903
W143,11273.558737827188,11287.787270049892,11280.24583614207,11308.523051006272,11292.107193156487,11300.066041088608,11308.719256942824,11307.119022114854,11311.27904745704,11329.908452279364,11340.3611106803,11332.435894277303,11346.940315267979
W144,996.9522426433191,1008.4355554038763,1036.466839913205,1041.8021412167627,1050.0825719401842,1023.433914850608,1021.0176661519778,1025.8839793145578,1043.1052371544347,1045.1606047214464,1047.3570532600638,1041.698531763856,1043.8368011264051
W145,8313.85169392774,8394.627695204144,8470.664839859659,8325.591524466327,8340.24537528733,8447.822459003306,8391.422649284545,8363.76059608761,8546.364314470246,8415.963446101294,8263.720363727913,8509.71467920223,8322.10473717285
W146,6724.147790103521,6660.130335755661,6688.846275674952,6726.373736919066,6695.162587144536,6673.7269137946505,6723.909883865701,6723.053617052695,6669.81507265021,6702.896305443455,6752.191178696555,6729.264645682608,6691.898834671417
W147,123.58439034776768,126.8622825678957,135.55660096644567,124.06208298674198,129.5343817337457,133.79703579876752,121.94470956981354,125.64812094053127,133.81162540869047,119.62535388958327,118.18373390125214,111.68904045403383,113.08388181010002
W148,223.62156731618575,224.36897569272128,225.92758635678388,225.14228973725744,224.96437259464506,224.5288901519791,224.5525028767256,224.00770981002916,224.1748035957346,223.52407629142203,223.69117007712748,223.04044277281514,223.20753655852036
W149,4393.563063630375,4387.720824634339,4389.978125599726,4387.451152613752,4386.985281533353,4406.04320279742,4393.185691461549,4397.591334950691,4394.5277494403845,4415.464951606462,4398.551790234106,4423.794751168531,4403.175839232454
W15,4136.015339154367,3934.9575716325817,3453.0261590805126,3377.322565772633,3476.49372852119,3302.2333817877843,3149.033963979277,3376.9733306201383,3277.469820889847,3226.432588395245,3402.2033676062383,3472.124893575745,3388.855454988199
W150,8107.005403261217,8073.460989366749,8084.666399421732,8079.6982278762935,8113.178898609345,8134.9616342280315,8121.587284941579,8140.718654386015,8179.137823555634,8154.971090275613,8193.101932170377,8169.111885305222,8176.566624030614
W151,6279.084263384922,6284.613121087109,6277.342167719717,6304.143230547886,6317.107109078822,6295.813091800646,6299.029507999367,6305.735632636646,6311.579406099698,6318.310787912978,6322.331251691717,6324.815300351175,6327.92567917415
W152,8375.784200112474,8393.033495420565,8413.86921569402,8411.858293954985,8414.983336203046,8409.49544942077,8413.208954476708,8416.856083674207,8429.770980568353,8434.139324290598,8437.26436653866,8431.776479756385,8435.48998481232
W153,2921.547639647889,2994.824799691174,2911.3757007775234,2919.686039322054,2925.3688598666013,2965.251262484743,2972.895439973857,2962.0511688897127,2984.8516049189616,2954.955606790111,2982.161563363862,2996.047173054832,2902.2171650087516
W154,8699.078714163665,8710.381727367869,8721.684740572073,8732.987753776277,8744.29076698048,8755.593780184685,8766.896793388889,8778.199806593093,8789.502819797297,8800.805833001501,8812.108846205705,8823.411859409909,8834.714872614113
W155,4615.529270331263,4629.627432838332,4632.020664821252,4630.686466988767,4630.597312366372,4636.315037267008,4631.277178867904,4644.639576064693,4639.897543883169,4646.160072793042,4651.975972511186,4648.300194443968,4645.364991580933
W156,5443.3132589855695,5451.421017801631,5451.389509193988,5457.215537626433,5460.166395334586,5463.270827516856,5464.82799645317,5468.269306269995,5473.286185768122,5476.356739059017,5476.373327478963,5481.688929403628,5486.576196604391
W157,1434.6247716108464,1441.7242049744877,1442.956407863331,1436.1771041088084,1438.1473663471857,1440.9271420437246,1442.2681283701477,1440.259984698343,1438.5532465174724,1441.7164956382135,1447.320370257889,1453.9794563544342,1448.4096670955037
W158,16496.522628594394,16503.6545331929,16510.786437791412,16517.91834238992,16525.050246988427,16532.182151586938,16539.314056185445,16546.445960783956,16553.577865382464,16560.709769980975,16567.841674579482,16574.97357917799,16582.1054837765
W159,9234.941378159709,9200.557151867173,9225.24904876269,9239.681194605877,9225.994607357026,9232.316419589717,9239.376188447664,9246.423776908658,9249.419724825828,9256.193493179091,9259.180278229856,9265.634364557533,9268.61165107384
W16,4163.286958794238,4017.8545017330302,3700.33788136467,3505.7754504432587,3442.6679246088042,3567.4539087511603,3325.158568988935,3027.785083512439,3195.2594633757562,3342.3565582129113,3361.5122085908124,3231.755070141123,3274.5737209822996
W160,8009.660871220446,7973.279348516881,7980.86927649216,7990.4652972172025,7943.143392764797,7930.940279647835,7905.7172474705,7947.71641634258,7952.272552486014,7951.953241237089,7957.43536173522,7956.02491201866,7954.202737995223
W161,12055.01204069758,12086.123936151693,12098.283872833887,12082.090999761589,12113.202895215702,12125.362831897897,12109.169958825598,12140.281854279712,12152.441790961906,12136.248917889607,12167.360813343721,12179.520750025915,12163.327876953615
W162,4371.3745973014775,4358.244771587095,4358.97313829098,4360.856384099399,4362.851616891585,4364.84684968377,4366.842082475956,4368.8373152681415,4370.832548060326,4372.827780852512,4374.823013644697,4376.818246436883,4378.813479229068
W163,3760.7337719304846,3747.997274846967,3739.128338474814,3732.0915422262765,3726.633844086703,3719.887389780313,3713.062907108373,3706.316452801983,3699.6480268611413,3692.901572554751,3686.0770898828114,3679.330635576421,3672.6622096355795
W164,24737.966578417814,24673.990727759396,24597.96806316002,24556.03046483461,24700.170936336424,24901.595666303754,24723.40267424962,24661.24763180912,24597.537653695927,24689.38147885711,24908.492764155682,24777.664150779274,24706.78545475015
W165,3797.397901078863,3619.480875034366,3758.6793746818494,3598.326713997283,3709.2654365924645,3700.0975836626994,3649.6260572922624,3683.1888780533372,3756.283038300555,3743.733525547954,3656.1144870036933,3644.2823526875554,3628.889064920824
W166,2690.2061826250374,2704.9434204287027,2718.4316036330583,2698.4732433708236,2670.8162834023424,2668.4665475736715,2662.41435215013,2670.8852246393376,2680.605203804009,2665.730905904333,2684.4919222056787,2671.677883034221,2686.3302606223674
W167,3048.126893743003,3042.323328162437,3038.6758998879236,3070.1973496533087,3052.8970739035944,3068.8982329221926,3046.834278753504,3060.948912457539,3056.5524978291605,3051.3968315529783,3085.3938047464108,3076.1294823111134,3083.4627634684093
W168,3605.864741600216,3460.7994057935866,3293.03900645441,3279.05790745567,3260.866714813565,3294.372654874469,3268.8914985269234,3288.2725663576457,3284.684982486181,3299.02290701713,3292.0749140129087,3292.709719125003,3291.3838533141125
W169,1664.4190408644913,1658.6707912616605,1651.0929419953907,1659.4236565274216,1661.7609564303207,1660.0934697279379,1660.3165705748647,1661.2406390666679,1665.961741257513,1667.5726240207873,1665.7823274010107,1664.0803153885468,1667.2148130305088
W17,12072.263385188631,12090.666233481725,12076.729944986764,12091.149962000418,12123.07815590492,12142.097639420179,12140.925381996469,12156.124394318631,12169.077778041818,12176.398171979816,12185.899971400482,12235.320057820905,12232.170202013143
W170,3588.1390976930275,3589.6537060222818,3590.783822279028,3593.5675812702702,3596.0545345486526,3596.4576316393222,3598.510432630564,3599.6405488873097,3602.424307878552,3604.911261156935,3605.314358247604,3607.367159238846,3608.497275495592
W171,6041.553877067271,6045.985234648748,6048.547926796088,6046.3172415757845,6053.150716671948,6054.353982458705,6062.0787986540945,6074.599359024586,6072.878513599415,6071.914589213207,6075.270497833807,6076.585641621819,6078.3630839257985
W172,3662.990644398042,3663.227715157823,3661.002991268988,3661.082492491413,3662.6329575495465,3665.7271404865305,3666.9594967322246,3667.7244170553563,3669.0462107191397,3670.219165972466,3671.478338181609,3672.7375103907525,3673.9966825998963
W173,3348.0934936521667,3492.399854288089,3452.9307982324194,3499.3073128316496,3370.6938806342255,3479.658102509015,3343.1107278486797,3510.9889964376603,3566.4165020347336,3614.820095250065,3643.3258588989324,3316.273567881817,3300.743120088948
W174,2811.7774593514164,2799.321236353879,2804.0001744999354,2809.0479398907505,2802.9647242411215,2813.4336820053845,2808.018488090125,2813.9277068405167,2803.788651059125,2815.8638199166608,2806.8722076051167,2808.5111415189067,2812.275161867535
W175,3251.2306122005607,3245.2832599048024,3249.384651898287,3251.222768664586,3253.2261716630865,3254.9635606951924,3256.7009497272984,3258.4383387594053,3260.1757277915112,3261.913116823617,3263.650505855724,3265.38789488783,3267.125283919936
W176,2542.3446182316106,2472.885606914523,2472.8084363393054,2539.1408603322016,2536.2821120897843,2486.832436809929,2478.1127936576922,2548.02755051877,2560.0797299873916,2486.865663100591,2479.350080974276,2581.3685804238853,2550.2759534023658
W177,6716.292790905534,6671.058537286032,6814.312746319345,6860.080172743339,6892.850198233625,6761.316199028429,6760.186232417635,6731.010432385048,6783.095806832527,6804.147251503916,6777.642015110844,6761.424713958087,6739.892844918514
W178,1491.6062055032517,1498.6366811381172,1501.8334374270135,1501.59349356025,1483.4879329305086,1473.2855775853964,1480.3423370150265,1489.4168098228151,1496.406719494632,1473.3754532753549,1464.576595599301,1470.870687094169,1479.6556052588767
W179,2707.6467464857524,2729.8308901377945,2724.046071041631,2735.495332377046,2737.4529153704084,2736.966420884389,2738.4779856090827,2743.1574443078252,2739.539380887619,2740.538492554978,2745.9579968785965,2744.714008506049,2750.3505903946643
W18,4344.728726249687,4357.055750074258,4369.382773898829,4381.709797723401,4394.036821547972,4406.363845372545,4418.690869197117,4431.017893021688,4443.344916846259,4455.671940670831,4467.998964495402,4480.325988319975,4492.653012144547
W180,7237.709698991749,7239.886967116128,7241.671349261011,7241.076417349217,7241.680897696774,7243.950941734874,7245.396094117894,7246.7983298826175,7248.627817579645,7249.865616239698,7251.573528281648,7253.403015978675,7254.640814638729
W181,8812.647184582034,8814.763596084,8814.954626393632,8822.571132762492,8827.462238168884,8831.074797896006,8840.785841556688,8842.0396099289,8848.753026709512,8845.246115431692,8868.243620131854,8868.773055384634,8857.61368013709
W182,1352.715480268157,1333.6064460950117,1338.6513776255554,1325.818821840135,1329.3830555251889,1316.990821339813,1320.6233226934476,1302.4584149863565,1306.274459266866,1298.1485502021524,1299.2716772581991,1275.5248750230646,1268.057096717117
W183,6088.627365234295,6046.013706907322,6048.899751008004,6055.622935198221,6047.286901137922,6063.68474964736,6060.089956090518,6053.332126166418,6051.416912640978,6058.184265074713,6059.197750559589,6068.436574473593,6069.481174614184
W184,4601.6911808866025,4603.651676206343,4605.55088800131,4607.197581677885,4608.61846735671,4611.292323000508,4612.973617417262,4620.559891746605,4620.484820132557,4623.248765497905,4624.382239754228,4626.742228117597,4628.521208734449
W185,4067.276403691896,4061.862119806103,4067.851015877988,4067.261088792923,4066.772980515864,4065.7494244142713,4063.9035668543083,4069.1640826100042,4068.3228032376537,4071.188205052453,4073.1794689393914,4075.997179681616,4078.073047482594
W186,1736.8467191630793,1736.366836245347,1741.1473341574886,1746.6538714562791,1745.7729915330901,1745.6743588603363,1745.3908700173624,1746.5549980538694,1747.1976360314447,1747.7688027900945,1748.3823843056894,1748.86372229744,1749.506874642973
W187,930.1396466737274,931.9354784439121,925.5386468408353,927.723852167007,926.3040345926615,926.1650085344091,925.1786721413523,925.6915508186104,924.1770200965325,923.5190455744797,922.1070533261715,923.6834885577101,920.1669941455721
W188,2268.704250768759,2252.46388730525,2276.9620046566197,2292.268039184442,2322.569501692673,2310.7311147732394,2286.8729700721856,2237.775955273681,2267.12269631668,2283.284929679078,2309.740275744578,2268.5951538848926,2200.721832854871
W189,2021.6482991233574,2043.5888038699538,2093.4031736309657,2109.9374134481423,2089.28470257808,2102.308676753059,2094.354679172617,2123.8907677387224,2089.689955207217,2114.3140953815528,2084.2798710127954,2087.256371053827,2117.304033809722
W19,2805.6316181914863,2962.269718750717,2854.283410776886,2872.9226726576408,2891.977363125064,3393.9676385523217,2999.8304658285606,3125.5967905039024,3235.910683113145,3828.149852739829,4619.6847740502035,7241.484657223607,7387.025759798085
W190,447.84430623752394,448.22279725406247,449.01893614807335,447.21454856249477,444.70453131457896,447.51852225615323,446.0289690022917,444.42777217370656,442.36155038940836,441.1320358232154,440.273750491428,438.3933245861083,436.4420125132111
W191,6493.060547401207,6863.286737027337,6848.664910324638,6873.408936193449,6718.29372734386,6658.741895540064,6664.528004597641,6696.498437978906,6628.970483776131,6686.970813885027,6770.544676520786,6814.025721011778,6842.392377800845
W192,1124.736359655275,1159.6831226553793,1143.312727226481,1138.750169790258,1131.9681352793327,1128.7270534908587,1111.2349993701603,1121.3766563377817,1095.038486008908,1136.0068644666026,1113.55732922562,1167.337256641979,1113.51872320994
W193,5968.038157838403,5965.841134998642,6043.44862908889,6090.6073960337335,6089.79817765083,6083.795445934974,6006.056875330133,5989.565767372318,6016.704012930867,6082.916906595531,6124.850055130764,6096.564512936184,6040.007942932642
W194,483.1700355041565,475.40577347562163,470.68362193961383,467.77815008154533,464.1261644357581,459.9170102655903,456.5886113427598,452.956130403388,449.2580145243079,445.53418258372324,441.8103506431381,438.08651870255346,434.3626867619688
W195,969.5916535091515,970.7971257251702,972.0025979411887,973.2080701572072,974.4135423732259,975.6190145892447,976.8244868052632,978.0299590212817,979.2354312373004,980.4409034533189,981.6463756693374,982.8518478853562,984.0573201013749
W196,9578.33355311381,9615.227973117871,9393.692364774699,9363.669341201305,9312.294474831007,9393.33620145026,9361.734803416519,9341.099141934097,9420.350512801084,9393.170267200832,9372.846173406775,9452.097544273762,9424.91729867351
W197,3360.521389649268,3392.700154611766,3420.6158413549942,3412.5626470395896,3385.9444348001375,3397.8605570663713,3416.6121018700114,3404.779094252315,3388.6176092757282,3403.713513286707,3415.9382259007016,3402.4546934231653,3387.1073297192524
W198,2356.123697334544,2335.5874789570116,2266.0360497406336,2285.8512631805374,2285.236091113798,2323.998954177262,2249.9427479171763,2249.137165199393,2248.390606867167,2266.008035799764,2286.2157929523173,2324.7733443332713,2326.6241017421717
W199,793.442987742462,836.029696956361,843.439279516135,842.601201619618,848.0302757894497,840.4203380650781,844.740191700892,839.5475776293017,837.4482723927204,839.8923948837255,827.8857548887609,836.614111619012,829.6591626917325
W2,3508.887281445546,3539.4331235969184,3555.8888407352733,3545.4769201926983,3540.601208499153,3549.558296853522,3554.0374207319715,3553.882792326617,3554.288640052606,3556.4349859145714,3558.1171793263698,3560.0314489632515,3561.9457186001337
W20,4026.403640375395,3762.9589194573095,4093.273687123554,4213.838288823334,4676.451298701524,4624.927636464333,4726.28683076804,4856.115825703607,4657.523626435824,4780.920753247145,4857.88334994777,4748.282948704303,4819.376058366837
W200,1811.2150286595252,1651.779636191568,1815.2622680915138,1708.0917702729967,1856.4404899112942,1862.3411926648405,1827.4492175913429,1795.8013336957029,1854.0682204622653,1522.8992681180298,1770.566137988788,1890.63002864382,2039.432381202134
W201,1970.945389233545,1973.2091235425064,1975.4728578514682,1977.7365921604296,1980.000326469391,1982.2640607783528,1984.5277950873146,1986.791529396276,1989.0552637052374,1991.3189980141992,1993.582732323161,1995.8464666321224,1998.1102009410838
W202,4115.530504549197,4085.6960123807057,4096.071401781008,4090.738139148674,4095.1253631351437,4077.946864909328,4102.888069999122,4094.8213856303782,4046.5657641390508,4086.8960521512927,4085.507434831142,4056.584144141815,4088.98260817943
W203,5380.981084902607,5354.827475185506,5428.522771741212,5416.492026620903,5446.873561154755,5412.435901888554,5396.8307347736145,5411.105332824929,5413.655554475455,5422.324637019181,5422.683825116387,5420.751136083698,5411.41199670024
W204,7305.661700723972,7306.155038382155,7309.019575742548,7310.7027499469605,7314.88285551922,7320.460389540502,7325.843600414804,7329.851725140648,7333.565674896805,7337.440687775687,7341.996677628838,7347.035209888025,7351.532408368415
W205,12573.317525203911,12447.784566822975,12453.386498158108,12409.53425072991,12443.390372685291,12523.165247022724,12548.820761572339,12538.829370341899,12591.926599928764,12579.35113799116,12606.131521730373,12595.868450815678,12612.795493931935
W206,975.5359622791732,975.9225492346361,1002.8523364711825,1037.0766363605144,1123.703642619867,1074.46616316778,1098.996025524258,1182.9532471355074,1118.8047471864315,1174.0745533948514,1197.7132250637605,1158.972766736188,1146.9631118263662
W207,11042.53023707347,11170.121326668326,11132.068142419814,11104.162494737915,11130.182807439774,11151.771665630624,11247.154544707575,11277.906770747268,11225.290222611358,11194.224932825307,11185.61924681067,11390.126105854602,11505.311296986141
W208,25303.849774184986,26580.962787610697,27026.40867254919,26003.739637804203,26790.98442804101,26867.175235155693,26632.895095710897,27039.947349722665,26494.81470947288,26903.23696338081,27016.007167171825,26374.72838036257,26937.43318514035
W209,4185.181884947948,4230.738359434819,4258.712479406339,4260.065030938965,4259.952687656743,4251.660113657534,4278.685305522474,4275.260914191733,4274.187701812343,4265.37645523938,4279.986387658318,4283.747483706606,4281.533663128361
W21,2477.2773179373426,2254.660484324214,2494.901732111024,3162.6943623299258,3303.017754380747,3148.779925905919,2919.598609613089,2907.9803143312747,3007.2981122967585,3164.227235547879,3385.415115240128,3341.4149966951536,3560.743452304548
W210,8028.4757081012685,8032.13667601302,8035.7976439247705,8039.4586118365205,8043.119579748272,8046.780547660022,8050.4415155717725,8054.102483483524,8057.763451395274,8061.424419307024,8065.085387218776,8068.746355130526,8072.407323042276
W211,18886.286633354946,18898.20640777138,18910.126182187814,18922.045956604252,18933.96573102069,18945.885505437123,18957.805279853557,18969.72505426999,18981.644828686425,18993.564603102863,19005.4843775193,19017.404151935734,19029.32392635217
W212,5430.151460067229,5440.3236223677595,5444.150013086279,5435.17867675495,5440.3879634638,5466.561487347044,5464.969816000883,5455.864202066223,5440.658600736851,5423.373096034924,5781.0192232743475,5817.190395008467,5918.87839127522
W213,3212.6437934331034,3246.2369282559985,3238.0320020439303,3272.7664146044253,3291.0987031033355,3259.5556949598595,3252.6988226443696,3270.865272804926,3272.58261359404,3275.362475185644,3275.9847979803662,3280.1280993335777,3284.3548134512216
W214,1899.5400315203178,2023.5020955666296,1999.986172613723,2030.2037998240107,2032.9087138696377,2034.8578502407895,2036.1007957823253,2035.2380746590006,2038.7403480708563,2044.3097066564005,2051.1163158322056,2046.2000007022932,2046.3374164787126
W215,2357.3145393040422,2347.951906801592,2349.182662944277,2342.8276998351157,2348.894419025152,2352.8613256152767,2346.7285919883243,2350.232512831932,2337.8516164892535,2346.18187313006,2351.541697985026,2347.653604043541,2345.757179916418
W216,3144.4521801084165,3144.7253306055854,3144.616402029502,3143.9076400919753,3143.8929774388457,3141.635971387611,3136.65703240554,3126.1477085492415,3130.859541364191,3140.3592901853426,3130.968763197152,3132.4953621333534,3136.9544898337394
W217,9826.090872168223,9817.046461220996,9838.574978201359,9860.523070979321,9865.188256632095,9866.13058738007,9869.104496797161,9871.26198008052,9873.41946336388,9875.57694664724,9877.734429930599,9879.891913213958,9882.049396497318
W218,9888.48849431875,9890.020900294687,9891.25354439714,9892.382529731503,9893.51151506587,9894.640500400235,9895.769485734601,9896.898471068967,9898.027456403332,9899.156441737698,9900.285427072064,9901.41441240643,9902.543397740796
W219,1043.0381141743292,1041.9777629107914,1040.136652319704,1038.9311141912115,1037.9503123431628,1037.5991989842782,1034.1494494488122,1035.5109466604795,1033.0871890346975,1032.955289824244,1032.3819636761057,1033.409955903885,1033.3214011144162
W22,4136.534780415969,4344.098985740129,4085.2817490720104,4283.545120845383,4054.3833991087736,4204.9903272019055,3855.1091176837617,4186.562411280903,3498.380908038498,4070.7612880238794,4442.419747300034,4088.3134455790887,5274.104662767294
W220,1801.2105354270377,1796.543056374349,1789.1440893579572,1793.6113424711855,1797.2188288749246,1791.1952944733505,1793.529178683764,1797.1785092097439,1794.3913874830544,1798.2099620471488,1795.7780905234085,1797.2929371882533,1797.2116251453467
W221,7560.32824867638,7375.956642276749,7272.775172342368,7264.891757728462,7270.7056182896995,7368.34364581963,7296.979615446926,7219.029067664047,7311.600903554791,7409.53881431918,7304.948789066157,7235.996387152243,7351.052793345349
W222,7804.697629551111,7808.822096250475,7728.0601008306785,7685.391341099699,7679.763780992954,7781.866017057531,7781.095197108203,7769.163267799597,7722.799228276694,7739.27772747883,7779.933723012944,7771.574504234533,7767.435571680013
W223,27601.214557119136,27590.850182878272,27616.18719942814,27566.70504750977,27545.05925269641,27249.782900776496,26403.344988559867,26173.443922197017,25518.07045615316,25316.27272181597,25032.510902636,24927.854879443177,24526.73957355919
W224,1735.1135285104367,1735.6020565163328,1736.0905845222285,1736.5791125281246,1737.0676405340203,1737.5561685399164,1738.0446965458125,1738.5332245517086,1739.0217525576047,1739.5102805635004,1739.998808569396,1740.4873365752921,1740.9758645811883
W225,1990.0486784060108,1959.433877950276,1986.97382820357,1965.3930617999047,1987.0550236448357,1965.5351000315138,1978.2756874076947,1970.1472792718537,1975.2484770235296,1973.9022800227401,1975.975496264389,1976.0594801319132,1976.054033326354
W226,2858.137194475628,2840.105712564088,2786.3660577515784,2819.429972024748,2812.2619263330366,2808.6655837254407,2814.2192520949534,2813.067746818367,2814.095098086382,2816.5097630794653,2817.577245217911,2819.4908643073177,2821.4044833967237
W227,1307.7081469314128,1299.240936196235,1307.3019376026834,1307.6613142931253,1308.0206909835667,1308.3800676740082,1308.73944436445,1309.0988210548915,1309.4581977453333,1309.8175744357748,1310.1769511262162,1310.536327816658,1310.8957045070995
W228,7947.599985235158,7921.041925790084,7781.976874465733,7776.484808273751,7539.150575312363,7270.334459044078,7357.6556334930965,7140.586870496437,7306.569373620343,7214.379731522022,7314.995282349857,7161.725856449517,7199.306048402038
W229,487.11362936803573,475.20040445224026,484.43467396542576,481.9026294685639,488.4638189357919,480.25250427784556,482.31199111693616,480.77798552363447,486.9418841701929,490.13255858322725,493.0253906638451,488.29605025859325,488.3083165203989
W23,802.7389346126176,790.4140445283647,827.58048637603,796.1229473999128,840.0141408422846,803.1166391344036,851.4456447055358,876.8429319530907,836.6938430823312,857.1650045792929,797.8288086621958,845.0246610499859,793.8128558797233
W230,3224.1492544963103,3197.9711787522874,3294.698149863234,3653.1552572360015,3426.6450457601404,3617.271917253439,3449.859765179619,3403.71277130847,3410.2213207913874,3294.3893015606527,3333.002418296105,3495.7904134435694,3363.867652023813
W231,576.0633592545839,588.3826429799365,596.6155629052328,595.3755857204444,591.2521008740789,582.5352885234704,585.203451150082,586.9784754862746,595.5439620014308,594.061193829679,593.570537065533,584.339543358175,586.6455283306229
W232,1908.0990402522093,1909.8022084585982,1911.5053766649871,1913.208544871377,1914.9117130777668,1916.6148812841548,1918.3180494905446,1920.0212176969344,1921.7243859033233,1923.4275541097122,1925.130722316102,1926.833890522491,1928.5370587288799
W233,1032.9150057109057,1031.3094139050368,1031.6811768910907,1032.0529398771437,1032.4247028631976,1032.796465849251,1033.1682288353045,1033.539991821358,1033.9117548074114,1034.2835177934649,1034.6552807795183,1035.0270437655718,1035.3988067516252
W234,1881.6811404424272,1872.5935822006873,1896.3342126168811,1903.756776372406,1896.5099877548944,1896.8875326159798,1892.2803667948986,1899.0882505495235,1899.6110047949314,1899.508063835832,1899.8490161953903,1900.1899685549486,1900.5309209145064
W235,410.43555496708734,392.087129783376,390.5000989477527,408.25423447749404,404.0300649582041,383.2288499203395,391.39449074636,404.48469979869003,429.1178386405568,435.6683935245138,448.9755438663625,440.49906068221173,455.4836313735077
W236,3250.167653238103,3249.5292341391796,3248.7647404617396,3245.047449233256,3245.9942918710426,3247.6971178144713,3248.826285470058,3249.9554531256454,3251.084620781232,3252.2137884368194,3253.342956092406,3254.4721237479926,3255.60129140358
W237,1093.7131621724727,1094.343228059927,1095.951610443225,1099.5456774838572,1099.5663533328384,1099.58702918182,1099.6077050308013,1099.628380879783,1099.6490567287642,1099.669732577746,1099.6904084267271,1099.7110842757083,1099.73176012469
W238,367.44722383388887,367.3780979044891,367.66465560545373,368.3358910356717,368.5943000997893,368.85270916390664,369.1111182280242,369.3695272921416,369.62793635625917,369.88634542037653,370.1447544844941,370.4031635486115,370.66157261272906
W239,3757.0002215947898,3760.9875289328847,3764.1105624516895,3767.233595970494,3770.356629489299,3773.4796630081037,3776.6026965269084,3779.725730045713,3782.848763564518,3785.971797083321,3789.0948306021255,3792.2178641209302,3795.340897639733
W24,7690.561218385708,7396.129475386916,7942.794330477529,8806.244020025973,7919.87253868106,8806.430337644408,9248.205835048795,9521.246530986973,9180.462181026629,9405.128034980904,8994.918308399918,9155.467962250837,9766.763434215403
W240,2453.1102043250453,2451.7791015783955,2446.967292848942,2441.6180923095894,2415.8226652521453,2387.5943635842073,2389.1391148527164,2428.7683642334778,2455.361439383335,2494.2550005699363,2468.7150958856623,2459.501438854168,2458.514479934925
W241,1018.2589231171936,1023.2623366525263,1014.4760590711355,1020.4334722851859,1021.5721169442527,1019.5600148033703,1021.2189451919498,1021.5816423019114,1021.944339411873,1022.3070365218341,1022.6697336317957,1023.0324307417573,1023.3951278517184
W242,1489.3701254169418,1456.157953472477,1475.460209350239,1462.4844331221711,1489.1310552501614,1496.094470640373,1500.3589824423398,1483.6098397406536,1458.4001806326887,1463.5765214688736,1492.5215451236913,1507.7427459425662,1513.4434985991634
W243,1214.9496407519111,1236.6569619841475,1253.4906283007333,1251.5767905396244,1236.4659751736494,1206.5899087420519,1175.036889318889,1132.3532068016527,1205.546837776577,1258.0790056784363,1272.8034918047497,1363.9769457762668,1410.3858363856732
W244,768.8410564215392,766.7902967173404,766.7071807369007,771.8032109442238,772.4161949347274,773.4795320851451,772.6954805705723,771.0004410142751,771.0701454643101,771.9095084010739,773.8122593795629,774.4187059661356,775.0251525527085
W245,2339.0507010921547,2338.7442668704257,2341.9255697801173,2341.6191355583883,2344.80043846808,2344.494004246351,2347.6753071560424,2347.3688729343135,2350.550175844005,2350.243741622276,2353.4250445319676,2353.1186103102386,2356.29991321993
W246,1092.2074495274715,1058.8881891194621,1140.384358365182,1090.876031234759,1142.7483658919937,1152.1546921146721,1214.7525377541972,1293.2893149060171,1374.9100480004743,1321.5059643814086,1318.7584192196798,1289.5139860969566,1262.0314025150064
W247,4243.659369078499,4209.338220221445,4260.225425746057,4320.893448142086,4395.707282608268,4508.8815676031845,4356.600220843933,4327.637344230233,4373.692664402448,4484.682042059258,4397.379810574341,4375.136348155893,4478.984686280429
W248,15923.790154290728,15922.899446143492,16931.638780529807,17102.708724044896,16109.95502441077,15964.949470320342,16957.44561471686,17134.099160709688,16124.07748699838,15976.7539598451,16969.25010424162,17145.903650234446,16135.881976523138
W249,22012.23178447385,22153.74377726087,21971.280694825396,22154.468979380566,22186.341011302087,22249.498341416867,22245.64590212905,22113.258091996384,22086.391159790837,22061.836273126828,22153.866452359016,22162.0067888219,22168.58369807147
W25,1313.525913455678,1290.2404705324084,1376.7247543693697,1431.9287842570982,1514.1556634172916,1739.8542588731957,1701.044029644854,1747.57386145203,1776.4508025952478,1825.8421225072386,1850.787791598958,2077.4063102201003,2068.2425219582547
W250,3317.1571966550873,3136.403954022694,3192.985703502965,3304.951189126322,3342.9916343180375,3171.2989620934186,3179.147404839415,3277.646376548744,3349.604210464425,3200.7195173820933,3195.1327818767713,3305.7636061409635,3354.7670398732475
W251,6712.161750095386,6697.807183848262,6672.462608240245,6666.138681356095,6656.169256928112,6645.457967161767,6660.239933081906,6653.303916289809,6693.195446096208,6704.154971974113,6751.201112423907,6714.765265552553,6718.255002980688
W252,8439.047766367536,8546.491207720004,8590.054507305867,8520.126740601765,8417.120485766956,8482.209945751447,8635.349233709685,8606.353224307444,8446.57690626203,8479.655408858429,8588.338796592398,8620.758048735886,8546.999193047082
W253,12292.363770910477,12302.335755710203,12349.156809325505,12365.058230233419,12365.989253763435,12361.790628498546,12332.836259116166,12352.69990075455,12388.026973434366,12391.006666312305,12386.712607028981,12357.482520637384,12377.346162275768
W254,5880.095626904169,5823.883951808785,5899.7854236343865,5943.589636134893,5915.504989779827,5850.533897606266,5885.001345747116,5925.585778956061,5914.9548349527,5896.046755690489,5881.867953074669,5895.465159085979,5909.0878296036735
W255,1925.598131635545,1932.0514273820968,1938.4570214821686,1938.0005306982082,1936.2317848453263,1937.206451822588,1942.2360019592265,1949.4986414982282,1948.4742682493547,1947.9853549510976,1948.6872388509664,1953.0682980863614,1958.2048766682938
W256,2719.4067366026584,2785.7646570850475,2811.1349116062293,2873.9923085191344,2943.631137449147,2962.7522165312994,3014.8564847039497,3033.2502279896908,3061.0222339667166,3074.890057529516,3113.547543121944,3145.103525110937,3135.71717603636
W257,4026.792492934256,4032.6442612314686,4038.496029528681,4044.3477978258934,4050.199566123106,4056.0513344203164,4061.903102717529,4067.754871014741,4073.6066393119536,4079.458407609166,4085.3101759063784,4091.161944203589,4097.013712500801
W258,2134.3088013386678,2132.019082411688,2136.4626277572056,2138.9836946308033,2143.0031114065955,2138.8219819865067,2129.278351654674,2134.6069498054194,2130.504337745104,2138.666972932476,2143.289423151864,2145.663693004574,2149.479666492342
W259,7073.6325021516495,7501.136184123218,7377.779301002983,7839.390065843186,7919.03246635321,8579.517066495953,8629.768414441432,8709.167349624866,8804.400840030108,8820.202263964102,8803.22714266687,8734.3558362256,8938.709242187837
W26,2891.054283710908,2938.7464994445536,3079.410067160041,3180.176853840978,3247.4993162694373,3115.8727089679596,3251.37806176867,3266.9141103463253,3112.9255866063077,3419.5367053804666,3298.2454883129785,3298.0013932186876,3463.7485048315248
W260,609.441240591188,504.0979613448535,583.2063969295978,560.6640746419575,547.0603966657186,547.1032534449951,535.7549195760869,520.7121282324363,508.6298719081817,503.7243339626539,482.53810348661546,476.4594483855899,441.5903781297891
W261,4733.080306150031,4773.556411689589,4782.820277656496,4796.491405843268,4819.606596689526,4824.085296220761,4848.699764587566,4859.691284872253,4884.377900858171,4891.941580494064,4917.218787170495,4925.310259096184,4928.246277846865
W262,4385.692121827699,4386.932828747707,4393.439125080519,4397.926413240062,4401.274384897206,4393.394306699063,4393.220612402064,4394.143209509699,4413.829625119518,4428.242117426309,4421.836893507111,4419.693507821912,4429.271902580444
W263,2394.6085112588776,2369.168539862535,2351.3843647865897,2355.449079905369,2360.0827907987073,2376.44715494925,2390.5913701291934,2394.110769187616,2350.7158473645304,2309.0265177199726,2308.2521683084747,2332.6277948500046,2363.566838125559
W264,3949.1340798992505,3902.0782076232076,3898.3096640575845,3857.8520474084403,3873.080570676668,3806.0083110227624,3844.64362333793,3696.017430330574,3842.227821046591,3647.8302649816246,3846.6850108989347,3709.18945341254,3804.6912013110978
W265,2204.6071961643415,2200.0082553465186,2198.4283514167473,2185.098615744241,2181.9944013514782,2178.6416944424377,2185.8807725307192,2182.7867267312076,2179.7409964560475,2166.4355192695452,2163.2559662979343,2159.9785979677417,2167.2176760560233
W266,2181.881918257826,2187.3663255072865,2200.9700714406245,2220.8124300211716,2204.0705132255534,2206.264356658587,2185.319788350772,2211.695585733596,2189.2035003423634,2216.6449538760808,2172.415627886647,2145.997334520805,2159.44437438958
W267,3094.4505971740027,3025.905502803268,3042.4096722649674,3156.2171462169013,3137.5743117615793,3066.909325761175,2971.029467660831,2997.51431473414,3099.350593969937,3145.857621965439,3077.58978844719,3035.0623333194117,2884.421090839159
W268,1370.4935086145888,1379.8805464714071,1388.1958929949506,1361.9897820627295,1366.6720514287038,1368.9306710785982,1374.544674703042,1366.5326082722484,1362.7095285075663,1356.638881404113,1360.6112613757878,1369.5437345103305,1355.177169201202
W269,1320.5936315063252,1306.1397312181641,1310.7284348698527,1313.626264902401,1315.1744447512406,1314.982747063556,1313.056697537842,1336.9866412738754,1311.117729551879,1346.3895692705603,1301.2342465563559,1315.402562063382,1385.1536539534454
W27,1821.277469248958,2003.3578245959925,2322.3678896802226,2198.0768596591174,2717.3239648586728,2409.162490486774,2805.8081764216786,2612.262185488632,2642.966003002672,2750.389247939047,2885.3038880064023,2836.16340881791,3253.5898575731085
W270,8006.167423521221,7920.264928246746,7966.560571228816,7988.01171254457,8016.528946537859,8022.980306546706,8023.2281537337,7999.793282048711,7977.642398219237,8005.669670000714,8043.991162477255,8075.231638158156,8102.220341581198
W271,7600.935703543618,7574.118154128593,7513.562083889619,7532.410772996194,7529.715629962707,7587.275853683595,7618.372922514782,7555.317487032808,7549.988124751144,7564.158074779138,7631.594202502485,7669.029091807808,7595.440090996127
W272,977.6312895994142,975.5661354047636,965.3355950646486,968.7575677798279,969.1535071534262,968.079305672205,966.3529871682462,964.6922264799555,963.8294356325201,963.9275733318078,964.0640571779758,961.3161324364653,960.0332769358664
W273,6454.2423949406475,6453.082178034914,6453.628390429343,6454.051718928335,6453.9571784559885,6453.862637983642,6453.768097511296,6453.67355703895,6453.579016566605,6453.48447609426,6453.3899356219135,6453.295395149567,6453.200854677221
W274,837.4939659990877,854.815324320044,843.7149174528056,845.6676544712839,826.0753737333797,828.7338739795975,817.9033679693785,825.7323797175394,817.3907029943023,822.4827278359356,817.222866943022,827.3980211591512,814.2788391793251
W275,8675.352955283533,8725.397730569335,8780.99140201006,8975.009111116087,9085.925614238335,9022.248456707624,9084.687776389004,8966.886785963914,9024.241615721696,8999.897441031077,9062.124806998601,8955.821376962813,8902.403852334046
W276,11254.382713898314,11277.726053635739,11280.262818655148,11282.224721013064,11283.598486114472,11286.73280024192,11289.867114369366,11293.001428496813,11296.135742624261,11299.270056751708,11302.404370879154,11305.5386850066,11308.672999134049
W277,3179.5005717735494,3184.549820217378,3224.566047404438,3212.9232400568917,3215.1298462210275,3181.541291914582,3169.0563597321006,3177.162233780692,3188.1136883747376,3201.137583433621,3166.47606827258,3156.8804428620933,3154.9587219553623
W278,1302.3759607085326,1309.07565335784,1311.3697166317615,1294.6634122434755,1314.1827223486814,1292.3382871723875,1318.0005462046672,1282.311919415257,1317.396920283631,1265.961231030939,1264.8939508750502,1237.563189196666,1216.6866846503062
W279,1252.3535970270668,1234.0507261634887,1273.794779287794,1260.644043405911,1227.6644413285317,1299.8006489701793,1268.3810933664067,1240.790068797733,1268.6361153439661,1260.7143182452116,1234.2188877546496,1291.7386272480408,1271.1783190307667
W28,4951.047809854176,6153.216620382507,6458.4591819202105,6099.632936892251,6650.117811835815,6488.685705553133,6662.562485548344,6920.633260321258,7126.104292292723,6404.572837129823,6419.80827171336,7122.378960328473,7170.084279781293
W280,5382.276504345423,5380.621685850867,5387.932094637995,5393.038545939989,5397.766445325631,5399.068459751268,5402.886530553555,5407.310160603231,5408.925271992421,5412.5529456240065,5416.9907761897175,5418.696643112825,5422.225013391205
W281,1787.2072466747752,1765.6577493464806,1760.8340219036406,1760.054739564299,1728.322442610374,1662.526420414174,1637.9008254571236,1676.7422547064498,1640.492311977196,1648.9346418002792,1625.0003901411483,1586.3472822401382,1598.9702826999799
W282,2127.0216207348303,2119.6059532960376,2117.102805379149,2110.9052062928536,2096.801911542373,2082.976593083128,2084.6512768296284,2088.8619436378985,2084.3770450967368,2057.443837979497,2040.1240967071194,2034.940207272934,2039.6401174621656
W283,343.3787082671016,343.42052320499477,343.3681379579332,343.8284228041723,351.4945180571998,349.2993194850968,346.91554920960345,349.60551010177517,347.26862470219794,345.09943106355604,347.93634710446383,347.0730321691153,342.56222394868826
W284,567.0488073604179,565.9719502016568,564.9174600519232,564.2387599814941,563.4039341804331,562.8250374938789,562.6491560493932,561.5375090738248,560.2122162656573,560.6369891171987,559.1554165028148,558.8884823646795,558.1750416019612
W285,713.8283462709214,704.4946884385095,715.6924179493403,722.4820892125799,723.8400172855477,716.5957389679265,727.8342074190336,728.5890783981781,732.4195883824796,737.3928880393169,734.4507862713226,740.3660070198648,743.9176743574421
W286,10798.581838622888,10913.092799418955,10882.845172764424,10915.19819949771,10898.844686078133,10915.70340685304,10911.873611941224,10933.614993380525,10924.509810200836,10946.251191640134,10937.146008460446,10958.887389899744,10949.782206720056
W287,2220.856928829692,2234.785432444046,2229.6162204844795,2224.2738787267053,2235.376787986799,2241.5995982442228,2234.640701109985,2236.7829212078896,2251.2704034645903,2257.9134897695503,2245.5106642751994,2247.8872781503414,2256.8809284067756
W288,7836.0105810506575,7836.328520982815,7843.767285079955,7852.554562344958,7858.523372871046,7864.7528648630005,7871.304201713454,7892.225926709962,7889.818555775589,7897.976133236325,7905.481809354706,7910.683079390955,7931.211882101537
W289,9796.395777943297,9751.240714298245,9735.758051099852,9717.445242382797,9824.467930673532,9845.792773064371,9904.100400234578,9872.79720080053,9916.455710633452,9830.225006468072,10255.418506872367,10200.559278762828,10203.91102549923
W29,567.0511674104947,636.0342613017315,589.0754892062068,594.5946623910728,744.3350911421583,712.3033104841589,756.7600768764562,757.7215291697661,761.5647786054549,766.8077309958286,831.1620948230092,836.2125619309202,907.7750943156148
W290,15547.155809614937,15399.283765942533,15474.72503271699,15508.987309817825,15523.655306245146,15622.073117855176,15564.277164593686,15501.893661492652,15640.424479402665,15513.96647617809,15515.61395759752,15605.13675005435,15586.164803787484
W291,8537.228745835664,8403.91571789189,8500.228350196223,8588.098270834174,8731.219271177539,8740.063849662032,8686.006179970573,8499.331336071085,8491.73631645966,8562.615881621963,8617.340490529094,8758.659880059424,8794.255772837829
W292,17928.19946610137,17700.061742840386,18165.251747431405,18324.327329606414,18384.64382877383,18540.689914823644,19042.958972906432,19048.63246034879,18721.642680372213,18713.331327939355,19183.956781818924,19262.93243956979,18814.39118548908
W293,1889.7667635274172,2428.8162458709185,2040.0682375779602,1888.2150897570598,2289.696234883307,1907.2078109645456,1976.9370743556524,1972.955525671603,1973.1490745053754,1997.6581683320617,2156.113345960452,2081.748488915294,1821.2270775321695
W294,1522.5242960921935,1514.389357108868,1516.4605946836575,1542.6047452516927,1548.8743910030855,1550.6207380577491,1561.7461959618568,1554.1422708795815,1603.4201751982214,1594.376165233375,1592.292475093506,1611.8076247546023,1647.797679034309
W295,3066.6835728082506,2930.5083203000463,2768.665715142991,2842.494277355837,2764.848747866853,3121.0280043131756,2692.702906329113,2936.4503804969527,2338.422570089076,3143.4914696671394,2932.568121518988,2558.7538323488034,2517.7898709798405
W296,2818.4667855602434,2707.6161095874354,2968.0708974917957,2888.9791959681197,2712.344166361931,2360.1923290436007,2395.820682559776,2733.3706407172995,2637.116224050633,2497.532356493202,2718.9390270276604,2953.1944941397073,2649.3332724331926
W297,4568.646471870604,4069.4698143459914,4332.339422878575,4863.497282934834,4422.188714017815,4493.011863572433,4981.604585325833,4929.236333098922,4962.9430906000935,5023.829219601836,4934.2974308067105,5109.354341144264,4963.05192412598
W298,3417.9278161040775,3542.324880801687,3504.5629553445838,3624.1498519690563,3586.823600328175,3476.165537740271,3471.0154555789954,3536.636952531644,3608.696073253632,3523.8308530239087,3468.716848452882,3443.774438701358,3592.897250586028
W299,3299.0138078527903,3201.3342411861227,3006.0927769104546,3050.1520281293956,3235.2724838021563,3246.3229163150495,3187.885180825129,3269.2870254805434,3183.9789854899204,3269.692254360056,3165.594438443507,3223.146916830755,3239.1142084857006
W3,9487.092481336285,9620.828392474192,9759.7327859546,9718.592608678888,9549.468058611987,9548.863162563322,9683.251328209324,9734.18435981603,9610.247405128906,9498.280357739559,9591.019779970125,9759.76623662255,9703.138012805393
W30,3570.8209453321406,3936.054022505571,3761.799821567076,3808.784613982366,4249.510688895193,3967.1767474574344,4385.630319703502,4184.933467326402,4630.605321377282,4465.141283557193,4387.332496699884,4464.317666812554,4247.640422229896
W300,1985.1539877168307,1988.1665609001395,1971.5357529770272,1952.3421998359117,1927.6321886075948,1919.1174850445382,1884.8935325832158,1759.287333497421,1769.9963138068442,1935.9139201828407,1953.3370136193148,1933.0153191748705,1920.3904479371772
W301,2619.434201828411,2513.6195497245667,2343.7224434774957,2498.005888185654,2351.458069620253,2323.1102844585093,2297.528933544303,2062.8294142053433,2178.0424163150483,2062.043309423346,2264.907457102673,2072.837203234881,2205.645789381152
W302,2723.9883816221286,2735.8040706985466,2637.59258227848,2592.2786010314103,2491.161059915611,2530.9318458509147,2779.8137068917017,2636.162407751211,2553.2001964369438,2443.548029629629,2672.566886638537,2802.5171915611813,2485.285375714955
W303,5002.922565400843,5255.227097046413,4970.966579465539,5413.672686357242,5602.786593530238,5455.3271308016865,5341.75735021097,5195.261386779184,5426.246503516173,5497.848486638536,5255.634194092826,5328.43228691983,5558.822033755274
W304,2909.357488373183,2731.834922480075,2918.495456874511,2588.795666291608,2580.078963759962,2445.814389943741,2383.8288173230185,2771.607064392874,2737.181888279418,2539.4397118377874,2397.179611251757,2461.826185724332,2631.5480512658223
W305,2993.800022034693,3097.873411908111,3504.724468541961,3213.94747660572,3232.7884451007976,3485.2921522737925,3293.333360806376,3430.7531669010787,3289.1084502578533,3334.6587849976554,3362.6314882325364,3205.425089826536,3457.786274449133
W306,2369.4813226676047,2302.128204172527,2304.296304735115,2368.3795043366154,2378.8968016877643,2284.124800515706,2270.832198429442,2372.4447012423825,2376.808293600563,2213.9779184247536,2125.111550164088,2127.699815166432,2168.7325726676045
W307,3172.234215189873,3127.2496054852318,3479.9877109704635,3398.7885949367087,3319.05914135021,3017.4144472573835,2965.645792194093,3021.3866265822776,3201.3306698312226,2998.6542974683543,3218.7656445147672,3136.130965189873,3184.4909029535856
W308,2009.060352555087,2114.4835215658695,2456.098806610408,2069.294140412564,2152.3239695264883,2401.3180867323017,2038.6745082044067,2155.977256680731,2578.2943019221766,2239.830851148617,2199.653956399438,2022.4100979840598,2193.9183272386313
W309,5994.803048865447,6063.866613408344,5704.3195979137345,5410.470738138771,5023.122296413503,5933.178590951709,5745.797358124705,5384.665196225973,5231.064872456633,5451.588464524142,5608.26246426629,5494.263679081105,5738.720018016876
W31,1026.5954489510834,1075.178718202985,1172.1991274814418,1236.2637653962734,1326.3099603291744,1448.9373761669892,1418.064311519292,1602.5264511106257,1655.8733872134517,1641.968773913084,1702.1129683385172,1646.3778064304026,1680.9175466520808
W310,4261.397498171588,3897.310934458508,3812.2965113924038,3857.4700752930144,3656.265519978569,3650.961367627756,3585.7343433962897,3501.8046798941796,4100.100051007969,3678.241554992967,3605.5312184247523,3591.4112896691463,3554.3789853090893
W311,4566.458181200188,4762.679252625409,4858.631903094233,4500.152714885138,4338.586829957805,4354.562488334114,4281.42163812705,4469.616140135177,4316.914279094388,4528.625419999218,4320.104905895451,4574.341070897796,4350.7276899320195
W312,4449.704015330522,4428.531887365216,4383.234266385375,4541.0640183309915,4727.977383755274,4533.604363033285,4449.591464463198,4518.113977637132,4585.53572376934,4561.696845077356,4430.228075785279,4416.450704547587,4440.848458743554
W313,1940.6455327941858,2024.0503176511952,1974.430551500234,2000.4071592827,1936.8277926394742,1977.9906140412556,1918.004977590248,1972.2077445382085,1896.4356298640407,1950.7589071026719,1825.8570229488976,1924.19442541022,1887.8486289263942
W314,8370.379609857007,8470.138697137832,10134.366104656583,9808.028738478659,9435.080611052505,9230.679402273792,9306.324876769806,9387.850892747303,9379.406208347396,9335.24941726676,9361.22065821847,9290.18081400844,9384.26692718237
W315,5060.2643823806175,4853.727708016878,4909.155318612283,4745.620213845914,4727.064343756837,4709.890709417096,4490.884289208357,4458.492554222758,4121.092380087513,4604.478483263009,4251.753666479136,4248.514091759652,4070.389669854662
W316,2906.8785291221284,2852.5459966244716,2767.939586849507,2696.7748445792304,2497.2572959622585,2589.8106758321605,2700.2413279184243,2450.646999656587,2378.3923022503513,2615.9428615564925,2449.5423589623374,2265.86928877168,2425.6329753867785
W317,3865.993902684795,4581.83352583216,3967.7354316924525,3933.606976840132,3901.1893518049706,3815.280163338022,3798.292984810127,3766.5550435067985,3766.513125175809,3601.3770057196443,4293.289654664792,3539.6590955461797,3827.5112711986253
W318,4040.9704329113924,4122.706846835441,3782.6665898734177,3513.3069856540087,3721.4534476793247,3622.5549898734175,3862.953673417721,3631.610183544304,3472.320262025317,3701.208864556962,3297.8412430379744,3664.3020455696205,3462.284851898734
W319,2378.4668291139233,2365.084866315048,2263.139280379747,2157.6488315752463,2204.7349857243316,2188.267079676512,2143.3695738396627,2297.7296953586497,2191.428559704641,2134.2641627285516,2335.1371166666668,2255.8230265119546,2154.943798030942
W32,4513.6310461577095,4357.193913007148,4503.48502500522,4192.21581474001,4516.717155453114,4487.219746674824,4597.492035710982,4144.355411839764,4929.040096948964,4683.3423625378355,4639.044258865393,4636.000521421942,5275.01697851457
W320,2348.273786779187,2245.346062072197,2444.262699296761,2525.122982841064,2296.195993999061,2315.871224941395,2294.0543082981694,2279.601795218,2372.3180277543333,2526.8293659634264,2284.6224780121875,2335.8653520862617,2265.615718518516
W321,6233.15200887248,6404.071800304737,6770.989533661511,6539.8663543366165,6792.56726732302,6407.948395001174,6800.614847913741,6496.919557149554,6874.6488119081105,6412.20963366737,6572.843580895455,6635.273096747538,6585.989253088374
W322,2073.801826535397,2259.510514299109,2255.6377285513363,2336.37945100797,2342.5510773558367,2379.3734683544303,2309.4793122362867,2303.2787482419126,2322.9350014064694,2326.6436197843414,2362.6139789029535,2316.0516788560712,2389.8441340834506
W323,4011.0977654711673,3695.078492967651,3739.70688888889,3514.911176863572,3581.2646715893097,3589.0152303094223,3553.628840717299,3571.025214486638,3532.837823136427,3529.1386374824187,3516.3295625879036,3506.1695330520383,3500.745692334738
W324,2501.444753047351,2194.461071495546,2226.3419299109228,2271.1757890295353,2231.4604920300044,2252.0027123769337,2180.4146715893103,2157.227031176746,2134.7952642991086,2162.9825690342236,2059.844508673229,2104.7034058837316,2048.2181853023894
W325,3919.860434317862,3996.928500140647,4189.6243268635735,4128.755001406467,4134.123938115329,3947.186764556962,4261.463035161749,4055.6915915611808,4091.8019127988746,3977.7883111111105,4107.881161744027,4155.499782278483,4080.517693389591
W326,3950.422849601501,3799.473544397563,3558.5281862165966,3544.90088825129,3610.2324063009846,3562.0896697609,3414.3000906704174,3688.5587274261607,3590.0979791842474,3523.25606169714,3623.872305503985,3554.5762587904364,3399.328471073605
W327,8382.916171026724,8061.349201734645,8685.200268588844,8196.501631107983,8142.559008579466,8223.193839312393,7698.559254102205,7745.88078987342,7496.223276830756,7601.993741397092,7589.440571673698,7746.190148045007,7774.523471954993
W328,2135.202328270042,2290.997224472574,2208.0885540084396,2135.119040506329,2108.872206751055,2048.3966426160337,1954.63555021097,2128.301959915612,2151.3742590717297,2057.6081658227845,1956.7066843881855,2038.2543451476795,2054.1827008438813
W329,10380.415255907174,10172.189364662454,10559.725031223625,10939.195040717295,11280.776264556964,11419.010306962024,10832.87893375527,10461.931789873412,10648.51713291139,11674.51834388186,11361.065447046414,11332.072801265826,10386.358381856533
W33,1648.0728475536212,1683.2657797147667,1918.6248304301985,1869.375133309201,2057.0334515300483,2046.6258110784936,2297.1754854407363,2268.5884069358135,2246.069595019958,2228.757149275521,2256.498194313076,2298.1092043672916,2312.9271701222597
W330,3206.1094991092364,3281.796075949367,3078.5246209095176,2930.180431879982,2933.7290715424288,2988.5644180028144,2908.5606454758554,2934.5119519924992,2935.212214908579,2945.5943036099393,2906.851081106423,2903.873381153305,2903.660890389123
W331,6154.915998593531,6191.493395218004,6104.289817158931,5980.756326300984,5752.708028691984,5494.0420576652605,5543.771970745429,4887.764338959214,4514.305510548526,4428.2354680731405,5157.209334177215,4901.536890295356,4827.200156680731
W332,3138.3593104547585,3304.643071401782,3059.971460468824,3133.0281312470706,3078.9617040084395,3121.5101505157063,3087.206819807783,3122.9611905063302,3158.773372081576,3103.1694725035168,3147.208674800751,3183.5253299343653,3171.3654401078297
W333,2552.398126418191,2762.0504919362397,2484.545387857478,2751.2179154477267,2451.9540058368502,2759.220734294422,2491.5706416080643,2764.318536755744,2459.0301112048764,2858.48924409283,2720.9893783872467,2708.725814955462,2612.6516229254566
W334,3729.1029631973743,3478.944419831223,3251.942120956399,3084.3674491326765,3321.669006329113,3160.940523441162,2974.534849038913,3401.49270604782,3249.357538677919,3035.501549226442,3333.718466713548,3254.829047819972,3126.53927660572
W335,4164.4138413502105,4127.731168213783,4153.177531364276,4203.156909142053,4288.923412236287,4301.621776652601,4084.6822464135025,4101.58335724332,4127.301434599156,4201.3566976090015,4251.9063168776365,4221.501033755273,4051.361205766526
W336,1558.5521484763242,1604.2637788091886,1988.0193276605721,1751.4509493202056,1524.5719022972335,1912.1478618377878,1573.0495206282224,1573.2089247538677,1814.8009533989675,1751.2033252226902,1883.7797404125633,1931.7518418659163,1602.6773932489452
W337,1570.792181903423,1530.3340459446788,1522.0513952180036,1543.00437599625,1491.1091139240518,1504.0073492733247,1555.2487482419133,1569.2085438349745,1526.855887482419,1547.4649995311775,1509.926500703236,1557.2701387716838,1538.1423872480082
W338,2119.7873703703704,2034.824891115799,2024.518301922175,2117.9938927566805,2105.886754922644,2060.2412932489447,2033.60469315518,2034.867569385841,1883.1714140881381,1873.6043307548052,1879.6693368495075,1858.5124033052039,1851.0696773323957
W339,3930.1949401312695,3899.1695708391935,3941.2653787154254,3981.7141796765127,3920.3883078527897,3924.5402690107835,3956.4220683309895,3934.5927040787624,3921.787081809658,3928.317837271449,3900.9057057196437,3916.4518979371783,3885.575159306142
W34,1274.027872060714,1273.7010242764936,1224.3817528255886,1262.9118711690799,1239.7236902122459,1291.7952601527202,1322.723605209001,1309.816209646914,1268.6587805731533,1244.493977699528,1253.4900680223263,1313.7416576601804,1297.8547479794756
W340,6154.975664556961,5968.849794936709,6564.188098523208,6280.3509569620255,6460.032063502109,6236.46364957806,6529.096390928269,6369.3989685654005,6745.500363502113,6259.324456751055,6519.245172573839,6536.6971873417715,6777.958476793253
W341,5078.524128129394,5252.116402109705,4969.929769667135,5031.98617257384,5334.076950961089,5162.714521003281,5199.859010923582,5267.864239052978,5230.006680825129,5277.810387201126,5266.059523159869,5252.185799062354,5287.914800468825
W342,1323.6604010712615,1258.5338635466478,1155.597404135021,1172.9848213431787,1210.7631888654478,1155.1844058860759,1132.9398698757618,1211.5323762845758,1221.6216530848571,1161.7490301594,1186.422621933896,1144.457712676981,1116.8980343624003
W343,3378.624357008907,3239.2868775902475,3616.810026254102,3632.1801950773547,3494.3583604313167,3172.450937787153,2968.003940881389,3119.7487484763237,3086.330121894044,3128.0125994842933,3073.4393545241433,3088.459063431785,3055.880050773557
W344,3560.6613037974685,3647.4492616971406,3559.6881719643707,3507.5027079231136,3313.4806059071734,3501.2293294889832,3418.4578440693863,3392.65374514768,3405.34206994843,3384.0019453352093,3416.30154777309,3403.6646715424295,3429.0053782466016
W345,2979.973834599154,2519.8227356540083,3038.1016166666654,2688.103731012658,2690.572012869198,2870.4971824894506,2869.8020299578056,2924.6689883966246,2682.0012339662444,2788.1622700421926,2987.7763078059093,2819.7042978902946,2834.4886149789036
W346,5958.515269338957,5074.112872011251,4707.734177566803,4634.678875879041,5248.983056663154,5227.978606188468,5184.9431596343165,5164.941567510548,5173.575801336146,5158.023638888888,5166.702529887482,5160.874341772152,5165.304639943741
W347,3498.034284106894,3311.663091068918,3480.6807936005625,3255.2038540787626,3212.653779184248,3075.0039785513363,3262.580392405064,3340.452125879043,3207.5977148382553,3059.097678270041,3210.238295710268,3331.601986286919,3250.8336490857946
W348,3939.37226915143,3926.547758773245,4148.44774376465,3943.9077418659163,4062.0669045710256,4229.553699906235,3935.501124331927,3879.162205227378,4163.705731762775,3926.3580854664783,3885.2707686357235,4225.754896554149,3945.792502953586
W349,3271.982116455689,3089.9421270276544,2704.455715377403,2821.846128809187,3046.0779644163113,2919.908809704635,2809.923055532109,2818.63403054383,2846.240261908104,2803.9413659634247,2677.3669118612224,2601.1525805438296,2632.2024943741144
W35,1190.9357605495968,1128.0762801371943,1334.0188464385312,1428.8271243918043,1409.863628236992,1612.7242415571538,1539.6939442547862,1514.6969266403876,1492.39036728797,1416.6094915749177,1501.6757369796162,1531.0217970702847,1502.914867656537
W350,4991.539256563521,4004.812087435541,4349.1134416315035,3938.5980743084892,4725.504941162683,3880.142623417727,4436.67939287389,3470.67570499297,3986.4231016174404,3521.1621058368532,4371.981798640412,3198.2961094702328,3588.917466244726
W351,1801.054357360525,2059.7633180965777,1952.268669245195,1997.1119680028132,1847.090968002813,1818.6950649320206,1866.0585836849505,1859.4747466010324,1714.6123389592121,1358.0589874589778,1591.3115540318802,1438.115826887014,1343.571776840131
W352,1131.2384618846713,1168.4680208157556,1161.9296573839674,1026.5885142053462,1079.8228731364302,982.6516388185668,995.5595786216629,972.0056427566828,922.2868236286943,892.3016000000023,860.3584213783422,828.4152427566826,796.472064135023
W353,1841.4356628691983,1860.887424050633,1831.7282151898744,1789.4040358649795,1746.6698590717306,1677.5718624472574,1628.5023590717296,1712.3996063291133,1653.1767075949367,1637.017292405063,1643.4388763713075,1637.8424789029534,1631.8160409282698
W354,3099.2107933192697,3123.2548298171596,3065.008492545711,3193.9986335443045,2901.3448537271447,3213.2206649789036,2825.1911116033743,2996.9673322081576,3160.2676120956403,2946.270651195499,3051.562330450071,3232.1807747538683,2879.456587341772
W355,2987.6074131270498,3360.6091446554155,2909.0368162212835,2844.7008011486173,2777.7404562353477,2763.0469349742134,2866.153986029067,2852.7328754336613,2763.479566502576,2778.943212728549,2718.8177192920743,2690.9748158931066,2653.3268486872926
W356,4274.37681068917,3901.499852695733,3928.4829870604776,3804.306487763712,3549.499093858416,3506.9999037974685,3648.855433083295,3631.6353198312227,3585.3485780590713,3552.7812825597744,3533.6404385841533,3486.8336304735117,3447.4505007032353
W357,3635.4795036099376,3200.0288962025293,3147.0468624472574,3109.0112566338494,3112.617749648383,3043.169204875761,3119.917582559776,3024.792794936707,3051.618813502109,3088.5842090951705,2969.518875574307,2983.8077458977955,3019.5933254571014
W358,5463.736644303797,5796.908788607595,5398.734368354431,5436.2251594936715,5387.805024050634,5265.250032911393,5305.453210126583,5325.772082278482,5141.766278481013,5269.129092405064,5287.195374683545,5109.023118987342,5298.936106329114
W359,3672.7339912564453,3469.8385715424297,3815.635148265358,3993.0831932255046,3608.2753831458044,3530.5755657759028,3738.843557243319,3767.473493834977,3570.583898476325,3662.4752525316467,3517.8841705579002,3474.0106460384445,3907.8111348570096
W36,14561.164342649165,14500.15240396677,14994.377522844683,14455.44095375608,14428.039675674436,14988.18624906413,15526.747755047265,15233.48096409901,14545.288948371126,14487.177586649825,14593.581209783557,15478.37422446616,14775.933421810376
W37,2913.8354412348363,2929.2061886326983,2912.088747253067,2894.611501506063,2911.7036472099885,2921.035145378991,2946.050172640138,2948.191953273863,2952.2345260242173,2958.789610150409,2966.366208966895,2975.4994080283104,2957.690676361227
W38,3059.7302423796855,3057.306480174921,3090.668088193058,3056.5782027834184,3053.425338722507,3092.9008641232213,3055.737446626034,3056.1213684570753,3092.315411309466,3053.5821054402754,3037.7071629694383,3105.4002996659337,3110.404137214339
W39,5842.385831930046,5844.851538969224,5840.151320723322,5853.856316480983,5848.229858713794,5848.051485889869,5861.122136225299,5851.920333246915,5854.881797938508,5869.10690113019,5859.368634046428,5864.799132636469,5878.299718487266
W4,2296.5213091215282,2310.2064751774224,2245.3951568008497,2333.411235491517,2460.8704129874623,2712.352129606193,2637.2533216782786,2665.395891937672,2801.8364614786174,3005.9913414035364,3072.999835945204,3233.70625469673,3202.757436062975
W40,5829.042013458879,5847.617484727067,5846.285945028478,5844.910007408959,5861.427492718166,5872.304478342937,5880.122700524033,5865.738427822825,5846.337656338828,5871.196986047619,5881.9227488793695,5869.783130896975,5878.582968242263
W41,6185.4556037152,6188.116559637143,6186.901378634792,6166.818297870288,6188.593600499598,6175.79805044576,6191.457463764918,6171.268092349968,6189.974516835169,6180.537854774946,6194.478018450533,6179.727284380128,6199.923232923441
W42,6188.463606462959,6207.582410701053,6215.320129651367,6167.651244040838,6210.394037544112,6207.851661252263,6170.174815561765,6229.366972784274,6232.443415144289,6207.739960580986,6211.304431049103,6230.996056774709,6225.742372429908
W43,6165.393589431541,6202.686701689096,6201.864383544874,6175.64248683609,6207.2034997794235,6211.413894201547,6178.585222373626,6207.198631087038,6216.261424003047,6179.535900146518,6207.5198651000555,6221.222890290533,6185.586367145535
W44,5839.070950511847,5863.69937420612,5859.924116787851,5831.243321952513,5821.6699706135805,5830.074219734627,5834.11914355674,5830.85745801334,5834.627462586084,5838.925016777398,5836.727913004747,5839.418801222343,5841.771037429697
W45,2952.9129571705207,2947.988112671861,2946.4982821139006,2949.4165185780125,2955.094072819026,2951.3596930651765,2967.71256042495,2970.8333523715264,2982.2213748962286,2981.3025931077846,2981.950365913474,2980.0550416807387,2978.9535726571594
W46,3249.1215379160794,3270.834818459826,3262.608912574398,3256.965372437929,3269.614620285119,3260.1183861266363,3270.00785709811,3259.7052581284333,3270.9886836504684,3251.5464161574455,3320.324184356763,3304.727927915633,3305.907538890727
W47,2956.7179964895627,2951.943213928094,2947.134080467982,2952.83969086275,2948.989051156539,2969.9313739908757,2972.8063414874377,2980.9598720776257,2975.483593247718,2976.242494829794,2974.9477346215804,2976.6349144370915,2975.5740437567288
W48,2978.991489634756,2978.591479975248,2981.8572866257186,2989.402218262749,2983.806495541284,2990.0350492233533,2987.9381351537663,2990.596605328105,2990.6841153009254,2991.614483522546,2990.8270340472122,2992.802821258314,2993.8802181688698
W49,3219.885723215645,3192.9661065860523,3193.415246630204,3162.2760088958917,3166.4727966788346,3194.06922937793,3159.0352296754622,3179.0902241648487,3183.9933518277217,3156.898952931546,3156.2340755978594,3149.072027847643,3146.4124746856646
W5,1603.9742175679162,1629.688875817959,1524.5212333175218,1705.7242914919054,1680.1919328356014,1630.0962134098106,1860.2989635102192,1808.003495474194,2058.938430316893,2616.18224611612,2109.8944111233786,2780.8698634331604,2526.7173403924226
W50,3213.203314035676,3213.447449778835,3232.5453486087777,3232.4164949166056,3239.175600141915,3302.527661285817,3294.601778152582,3309.9799328485265,3264.4416275213607,3256.4700554461183,3247.9313631466257,3254.0139992236177,3244.7635961100327
W51,6557.062967407834,6555.382513614011,6522.679602344405,6483.6735307938725,6528.385536889219,6558.70078414192,6578.367389458184,6543.760197130782,6519.3673015307595,6487.214947914508,6527.166291349623,6568.41230415083,6592.958485376278
W52,6995.683242882476,6968.079315426533,7030.829819389563,7004.665469350683,7164.564337644134,7201.131647534196,7197.10733661006,7189.9478896656665,7167.738448621217,7157.43381603568,7135.2824038786275,7128.991311803472,7074.833694083876
W53,1806.4753539287153,1848.4217086135254,1858.3040842595778,1895.456940679584,1851.3611204226581,1871.5668335639612,1868.2998959660813,1892.8221502853107,1872.5094478748692,1905.2601650123456,1879.515566807565,1913.720046998645,1882.8137077764109
W54,2453.501043142172,2438.5656723741104,2448.950311359061,2444.256306623004,2431.158474067615,2417.487219248976,2412.4869505558227,2411.2278172808155,2403.408563742484,2390.8399730053065,2382.1386664650076,2375.044448706366,2368.58563622211
W55,5042.502627487652,5050.031081913252,5065.260429947558,5041.466214804512,5087.054208455736,5005.499241833435,5065.636690207795,5096.775205093573,5016.691437554583,5049.53976936652,5107.81603335853,5069.924885741165,5125.742795619197
W56,3052.947181676857,3119.327828376898,3190.29452067387,3273.1588127974196,3330.676037561247,3412.923049936172,3492.6889331619163,3555.311200337859,3614.745857870726,3669.971815836857,3718.3336755020114,3730.8831081398407,3760.9896042855016
W57,2110.2628767271362,2073.578639855913,2023.9799549112454,1996.590975662783,1957.6940365773908,1901.701917462729,1859.2664957023655,1784.5868949294581,1722.095414949299,1674.5429531492523,1624.1608577005748,1583.0840079264997,1530.172227302002
W58,3407.5385573519925,3430.9896519619174,3507.33899354361,3547.493068482402,3533.8847096564755,3512.067083061003,3482.3161359927963,3446.1568879927568,3398.997982669306,3380.135616109437,3422.9118995360864,3473.4486315844797,3470.0808265586793
W59,2117.714109038613,1731.4727954794434,1685.9641367657389,1725.9123120568386,1790.8683629577022,1531.4081335041442,1669.2272344958258,1845.6103110647998,2030.5748431472603,1764.6211607566609,1881.2864624541899,1923.40269032334,1986.4287905692083
W6,485.9516700661658,505.68392191652947,522.5402384443405,545.5849641580846,562.1379622099366,642.1217601874762,670.580295293614,666.7248139616612,681.6212302766884,700.5778276216896,710.4760212654314,740.5626760775767,774.1167445148387
W60,9025.010588604317,9010.015081249056,9032.283138821836,9019.379063909555,9008.520856450888,9027.975642601557,9013.46544362333,9014.53380803995,9025.552459727343,9008.225443887173,9012.293465142022,9022.683753147749,9025.133681353716
W61,10128.07298352931,10863.358580841732,10795.017156336133,10109.812062865944,10317.399845420045,10945.806313090348,10210.039366856665,9991.066815785085,10466.714521503292,10493.208123664466,10040.92900059279,9939.757467662186,10142.509695614848
W62,7202.26908759308,7139.683287571798,7113.074522598599,7125.553925283712,7146.226143644354,7142.875466561608,7041.833554754675,7026.303450527526,7031.627979715131,7035.480150276436,7198.1054071338,7199.903822887508,7168.252891893046
W63,6032.828243140974,5989.383893738588,5986.243250646019,5978.560052466127,5984.474753450495,5933.409133551555,5911.128066565591,5907.882933513709,5877.278036250573,5843.046795811194,5847.083141997753,5899.3264315262595,5899.961439986631
W64,13632.268244911298,12044.04047623618,12501.89807001123,13312.998565373848,12531.36522124186,11882.462659068748,12557.495368794625,13334.472053423407,11851.065444691214,11771.996476293132,12696.610582363932,13535.313942303965,11819.978037932198
W65,18998.53063838985,17289.52520736186,17745.158127153198,18743.167009171586,18289.89943239608,16955.811955073994,17835.24603943297,18642.031551752352,17376.679201898904,16747.64048438748,17896.220648520644,18915.62752347652,16975.3112410787
W66,7227.117297532244,7325.07965665699,7331.446765490009,7245.103554795612,7215.065157001505,7253.365267211753,7317.342912430084,7300.170280618388,7238.01161846648,7223.9206843365155,7267.262640361829,7327.364926692881,7309.121279075276
W67,13209.14239737657,13207.8353365722,13214.967761081949,13232.02915591891,13235.351618859157,13229.346727404907,13235.704618159198,13253.542392782532,13256.864855722777,13250.780503979116,13257.21785502282,13275.055629646153,13278.378092586398
W68,6938.222823012316,6952.4786333433585,6966.734443674399,6980.990254005439,6995.246064336481,7009.501874667521,7023.7576849985635,7038.013495329604,7052.269305660646,7066.525115991686,7080.780926322728,7095.0367366537685,7109.2925469848105
W69,6940.660890324147,6955.066865340152,6969.472840356157,6983.878815372162,6998.284790388165,7012.69076540417,7027.096740420175,7041.50271543618,7055.908690452185,7070.31466546819,7084.7206404841945,7099.1266155001995,7113.532590516204
W7,3506.3475321613187,3610.867010589909,3611.566832436092,4066.3649428944104,6104.743166907193,5316.001092786292,4497.192378159968,5868.82884290818,4304.898730337951,5060.11221189739,4504.352484226324,4833.649741264048,5654.7800688299685
W70,2580.870786194551,2571.5888627038976,2560.4410959764286,2547.9121940095642,2535.383292042699,2522.8543900758336,2510.3254881089692,2497.796586142104,2485.2676841752395,2472.7387822083742,2460.20988024151,2447.6809782746445,2435.15207630778
W71,1959.51083078915,1938.21016086536,1927.1351231521735,1932.28115756315,1925.3595192216844,1934.9499115970984,1932.3746980247847,1904.19684380891,1894.8641472282761,1813.3591802297656,1890.687346592464,1861.6780801365746,1708.2734974094742
W72,1866.5312994144092,1846.674589208309,1833.9580416381496,1808.4094834968457,1798.197547265954,1779.8185142596426,1753.1481155220965,1680.6513247775517,1696.3679810251751,1696.4520467716193,1695.6386074986726,1572.2812621111893,1619.4167228496476
W73,1843.1162165196124,1845.9749098117545,1827.1112030560214,1821.420794547738,1807.3997893026824,1793.80359090076,1732.1326499677702,1719.6475959999445,1696.3833966081088,1692.1889152026777,1670.626466115355,1649.8552935472242,1625.0167870024386
W74,4116.948731435017,3291.9065709899164,3161.912241433514,3194.1334207007094,3174.1411559689304,3094.6695286633944,3156.1680061740217,3204.5427737324344,3237.6045797670513,3100.3235213142148,3131.2420755995786,3296.1406314814794,3241.3411829253905
W75,24500.745401515655,24612.748432295197,25074.091712680667,24874.287277476382,24899.07233925362,24706.1034432905,25043.707925324692,25312.63680844992,24930.542506789123,24922.22268620487,24952.32057792505,25372.15363221043,25487.458281780084
W76,481.423921264457,481.53271493961984,466.109267289301,469.03965389551377,466.8508537700018,468.27116776613457,459.5669275523387,419.8944094356575,424.31641222601957,404.8349487636042,384.21248390601477,380.6279268451999,296.48475883697483
W77,3951.3020923122913,4058.358577162996,3938.675677756041,3894.6492003948842,3966.7088041221955,4018.4106868029985,4014.43941517481,3968.1465080346325,3964.8242353938012,3979.9474067097162,3993.472755513199,4019.9341279658347,4012.019666115959
W78,3930.7180771020294,3697.805011098606,3791.7641119643495,3780.9965921906905,3729.685105335881,3685.1510075145247,3556.97000882839,3592.9978374460125,3519.960142758984,3530.0490047725907,3533.296006021786,3582.310384575316,3578.031868705725
W79,1410.967266165542,1408.7895560471188,1430.7151833929488,1440.0801729969196,1413.878080541287,1391.9544146653043,1405.685984838502,1419.5726205535987,1426.4995269460062,1390.1869021443497,1382.7367787142875,1403.5184145980693,1410.6853701658767
W8,3551.196210369576,3429.011097957767,3841.800601329717,4145.089429255452,3713.3831337216643,3997.6222425923934,3918.228474512284,3824.740704112479,4004.585716582651,3844.441189636911,4275.3380572264505,4072.2599918499145,3947.872196862549
W80,1575.7755501394017,1652.6630318136947,1746.904801800746,1844.471488920307,1936.0806472254985,2024.7676538740832,1965.303668984995,1871.6899308132374,1763.8556432823252,1715.6829239061722,1723.047635430938,1744.8855056647112,1807.2505703332802
W81,24709.96358626205,24738.563109358303,24519.058092179726,24471.39301606871,24564.25260359038,24807.36427878907,25209.135599376154,24772.665608868243,24685.277981696665,24762.666989410245,24821.988813731827,24766.793325718387,24773.365169622393
W82,4426.833256589955,4431.834467418681,4435.868578959862,4438.121720309578,4440.010423463087,4442.993388308676,4445.4532353565055,4449.3440007979025,4452.326965643491,4455.7872184436055,4457.880282534981,4460.86324738057,4463.351024430039
W83,5974.658544155124,5977.71395080292,5969.23176727667,5956.316562555827,5962.970048053374,6032.613709938023,6060.406920946597,6083.7689921918845,6101.144335358215,6098.13098609693,6093.664017912344,6085.776542624411,6090.858462357908
W84,5973.973457019087,5981.215789012079,5991.541310253935,5996.627064331674,6000.210432742829,6007.599793136827,6008.9293232517,6012.9337722840055,6010.912811355097,6022.4130182505705,6039.263532784986,6059.9696941602,6084.16637301777
W85,17263.019984650644,17266.02879204783,17235.005641276355,17237.012107469145,17269.140835475122,17316.56537130428,17362.306964096446,17377.249744619872,17390.795848869893,17402.637722702213,17426.74959465703,17467.253130030254,17514.066495758638
W86,17314.60885763796,17381.664014756487,17411.946397559434,17463.91276078219,17523.003963041218,17572.5945458037,17632.845029542426,17648.15815542996,17649.53831362885,17671.611174687983,17698.436704887397,17718.58825821438,17739.339747353042
W87,1084.7687976947655,1081.6944084294387,1078.3336919435274,1076.0955533760002,1073.541008698158,1073.3230835728898,1070.639588177171,1070.7672046360744,1069.7871967015412,1065.31709601132,1060.7220393773603,1056.211944149766,1052.8981347918857
W88,11942.70618746443,12004.43932581338,11946.769207265219,11949.987049970172,11934.689483747134,11988.563769602737,12037.602590213832,11986.20053354117,12024.890609196422,11969.074420728168,11970.026776812221,11948.897953294156,12050.185468172873
W89,1268.5273831591408,1247.1693419982573,1232.1749049965133,1229.4247619570792,1236.094642647451,1249.4589692191687,1275.892361778684,1278.1851308596047,1281.0031596469792,1299.4665520288404,1325.3841111530476,1326.7243975434176,1360.759530178738
W9,7343.533491815277,7563.567938377568,8085.819408468869,7916.9840324916195,8288.310873140408,8050.167074192975,8010.455750821614,8175.000083813451,8038.078520699723,7993.596263876991,8258.247355696069,8189.272545462214,7965.0675477904615
W90,1849.1337551807915,1845.8432836238546,1851.926880261058,1852.4579203532796,1860.2689460296226,1870.8592310360134,1868.9719347855234,1878.5753339413445,1873.7900389186293,1878.1297150079113,1874.041638853324,1883.389027585811,1875.807083593186
W91,19557.43087661982,19660.224593677638,19693.904967574446,19710.78547299362,19670.192258580642,19691.51243504886,19679.41053542365,19710.890790527897,19568.993252834414,19530.288656394812,19582.729965211885,19575.52136731078,19579.882016759806
W92,23139.717066521698,22503.506332306184,22940.868695456735,22782.852490277815,22935.531303083808,22856.253697714266,22902.848867913326,22917.05980431339,22894.260506437375,22940.590213096708,22909.52790114658,22955.857607805912,22924.795295855783
W93,1742.227685890626,1744.6037633114563,1734.383438629927,1736.1003129185517,1744.6781243398486,1747.636330008251,1737.4900953998917,1738.750896899679,1747.4563275967357,1748.0052511253903,1742.8491448527782,1747.0692593926028,1750.8685517145652
W94,1772.935487769054,1779.1049096998931,1772.2782526959174,1756.489874037936,1764.7940102745365,1751.0382129725551,1755.1362613655951,1745.8539919395782,1752.92286630101,1734.3025037895923,1743.973672406085,1731.5091678119884,1736.9343916658172
W95,1668.338304771526,1652.6939929734747,1674.852648220352,1666.2291675634983,1698.2559255237188,1745.1531326050604,1731.5295134545347,1768.9318236756935,1736.690374434582,1738.3390177525628,1771.5721414602376,1794.223712477322,1747.3695323683187
W96,11354.047243849174,11368.610582197232,11310.383255881392,11306.528895283838,11348.39906119823,11315.182909106801,11275.239853871697,11330.096038223175,11343.306415473207,11360.118795369823,11289.296134670876,11333.727136061256,11388.687046382776
W97,508.8003700137863,514.7034253160211,504.7441087063187,484.53195256223194,499.6930465260673,514.1624321079164,516.9580510057424,486.9563436573892,483.2138924392616,503.83611603902636,523.5664686923458,534.101459490297,546.0577210280408
W98,639.2914755836155,653.9831465195125,664.6417029409959,649.2571981165079,649.9237516770786,647.4592899154145,650.4074395545113,655.7174066484667,651.3753956082724,645.2891443211624,647.6869338943975,637.3444312152342,633.427996972373
W99,15112.154513519969,15100.377993816297,15121.873100327071,15130.793234725523,15114.122486648148,15109.346561755001,15098.801661515161,15116.041756066355,15120.488137457043,15125.90862550816,15143.206930864602,15144.674603628431,15151.02396476212
