3.569569390075222337e-02
4.069803039545261819e-02
2.518118059580660151e-01
4.118337499580770195e-02
6.316338997392227650e-02
5.197160470428818790e-02
6.206589606963402311e-02
8.203499490941505712e-02
5.066762955903319349e-02
3.964282285511371712e-02
2.004228750806997805e-01
3.011119771761647593e-02
8.979893799243733599e-02
4.955076988174281910e-02
9.578276002992179572e-02
8.111273222875699240e-02
5.391230718240466735e-02
3.298388116860328373e-02
2.880034491739502309e-02
4.906126884088928691e-02
7.858181355576328297e-02
5.319446809704552609e-02
3.636037858354594365e-01
2.863999073086871683e-02
6.701111515429235277e-02
3.081641261746487573e-02
4.785132336787805557e-02
1.322977873225053280e-01
3.134920390758937359e-01
2.512161373514241736e-01
1.586195326280108175e-01
1.765831701602320614e-01
2.014793766135527242e-01
2.267229305432308661e-01
5.140723317671391790e-02
5.562421489869272540e-01
2.469313413846330185e-01
4.878968793149816019e-01
2.900753188320797094e-01
7.448874112868271169e-01
2.955757103275277742e-01
9.823227002160685173e-02
1.483905550859983824e-01
1.335038448330677363e-01
1.049946209239441819e-01
3.566800058387463446e-02
1.283075423796739001e-01
1.836794889217952809e-01
1.575210443568035024e-01
4.091016861084801892e-01
7.114517701243405767e-01
2.538225020919357977e-01
2.904456430340279227e-01
4.146725219721079658e-01
3.272065319738109435e-01
2.720139933560386525e-01
4.561076787900138901e-02
2.872766128068687252e-01
4.794024854626062759e-01
3.956574830762981665e-01
3.827450090419723394e-01
2.475772342448629149e-01
5.998947736317685742e-01
1.398499406388603317e-01
2.330098162508137394e-01
6.003095712672813500e-01
2.871966263723077506e-01
3.083096693461311391e-02
2.733387790232912340e-01
2.758918523497878028e-01
6.480116426413311537e-01
1.406883769097792836e-01
1.255531470550212136e-01
1.595896538857677627e-01
1.483568320324760714e-01
1.143739371279240552e-01
3.767172988079568463e-01
1.098044483790452802e-01
1.946868588950100357e-02
6.778770807668452886e-03
3.460543942659306121e-02
3.418507438183470293e-03
3.846288563107677031e-03
1.066092731818913709e-02
7.861656127266617236e-03
5.441953150547390768e-03
5.244367811566178622e-03
3.300674911999382233e-03
4.711747188883963662e-03
3.811838521275293795e-02
4.730208381297174892e-03
6.095325562659309297e-03
1.605578952518401693e-03
3.995928002366241037e-03
3.728732377595257805e-03
4.604248138680724911e-03
4.325231800932906497e-03
1.383645588057154591e-03
3.458214343639477804e-03
7.423070231447749349e-03
2.544673823699382040e-02
3.045819777737731378e-03
3.882202881440796182e-03
4.585810549590371536e-03
3.104271095818374963e-03
4.137785035618781956e-03
6.994873385012222167e-03
6.123979455578129789e-03
5.300683051883483231e-03
3.732077756192281413e-03
4.656919705064526543e-03
1.081718659581020203e-01
6.112025792292757886e-02
4.647312783804779558e-03
4.134540437453908084e-03
9.312059568761658565e-03
7.102996067558721947e-03
3.320109922949390866e-03
3.663127804838000462e-03
5.249553265031279593e-03
5.935524403816703348e-03
3.332630547372835480e-03
7.896839116097635961e-03
3.994062126343789904e-02
7.744114686177127997e-03
5.716059812799683358e-03
8.340346804150600493e-03
7.276720582389596161e-03
4.508934702398294941e-03
4.253323260322149947e-03
4.681978417396441029e-03
2.269082509120412452e-03
2.732558350962920133e-03
5.224853642727162080e-03
2.498026191744768740e-02
2.316764403809429707e-03
3.028358681755166735e-03
2.018584140082580192e-01
9.903386880635864711e-03
9.961511907318365555e-03
4.111659562900359284e-03
2.379527121636632395e-03
8.173661746180381840e-03
5.768811855243514281e-02
1.043440838342917475e-02
7.446125115255622373e-02
1.336909416534911264e-02
6.876616267746544879e-03
3.571282555276299175e-03
7.855070274346972678e-03
4.010000979423322502e-03
3.484910677992664099e-03
4.410392365547593022e-03
5.476347355545676567e-03
3.638826825486243550e-03
5.185325672040720126e-03
8.600544092529856244e-02
8.770887777725659695e-02
3.361142992784919934e-03
4.165852647739421398e-03
4.774893008141679711e-03
4.395678830160989516e-03
5.094140474021176083e-03
5.634215424966365626e-03
1.267959769522992476e-02
6.994843874382442907e-03
1.405103564781476355e-02
4.736196106340830742e-02
6.116351720854076857e-03
5.708875433166432818e-03
3.823752444737223751e-03
5.295272197570913796e-03
2.694211724970207306e-03
1.696132866482160870e-02
6.346226660405236523e-03
3.098740428697037506e-03
4.416070366682910836e-03
6.162327535704707586e-03
6.419640294893748378e-02
9.925792147607500129e-03
4.931930947543439192e-02
5.814056142518633785e-03
8.397156471749057591e-03
4.269379710970084250e-03
6.234781440777655698e-03
2.372430184013377477e-03
1.353947014471462706e-02
1.194489513255898340e-02
6.037334337136896628e-03
5.045054557658706917e-02
4.262223959895216144e-03
2.038516871924883275e-02
2.345789427680030140e-02
4.091157033179293294e-03
5.877753101704377876e-03
7.444170513471311430e-03
5.375330106521557412e-03
8.584545536114237055e-03
3.403831602650331939e-03
7.008451714882635471e-03
4.954227863862287196e-02
3.595787561873460547e-03
4.346066072361291430e-03
6.841330810371889885e-03
5.685860853079639961e-03
8.927414497687120518e-03
6.015413744648197107e-03
6.494610455860582408e-03
5.417558527972556569e-03
6.804678812695914673e-03
1.350138253466680489e-02
4.606665153799735513e-02
7.854112712184535203e-03
4.936459793088212103e-03
6.478619448070756411e-03
4.906519125879097755e-03
6.798612361927966648e-03
3.970786982503406344e-03
6.400413793370664933e-03
3.327996147683432489e-03
5.411242454080016778e-03
3.623998288705697606e-03
5.316555792905162253e-02
4.487951193369951741e-02
4.694195898384391150e-03
4.962944067752775995e-03
4.263449965336848536e-03
4.718287607510872166e-03
5.890836749772598163e-03
6.512397816281652145e-03
6.393176639051758973e-03
3.653600464260241265e-03
7.821762814987483214e-03
3.661561110705812815e-03
4.457476098966839384e-02
5.185672981319854914e-03
7.347687647253024930e-03
8.575383376284035838e-03
8.102171670743571821e-03
5.041041248642705828e-03
4.958794184679063584e-03
7.917396015552561131e-03
5.197379623698405657e-03
4.050128299596063297e-03
2.910425918595787448e-03
3.050629147402223948e-02
3.657839297577750171e-03
4.146264610410695280e-03
4.839062502326108538e-03
3.838707172182651613e-03
4.739100044790516345e-03
1.263123048506623047e-02
4.139931646870168014e-03
9.108410819793173394e-03
8.371783586148541859e-03
2.613337814125786807e-01
7.630618071981132289e-02
2.758261453732891999e-01
1.992702887635795506e-01
1.454513774151949268e-01
4.230710728003725940e-01
1.361394982418020205e-01
2.635725334779030482e-01
2.404941083688036940e-01
3.004541147212993479e-01
1.435568277961269124e-01
3.117894033305448342e-01
5.061074120758476264e-02
2.021294874402576880e-01
4.271418062892478607e-01
3.158042163532853164e-01
3.213338010179861981e-01
1.966386629203014380e-01
2.835765992739083252e-01
4.805391474989202383e-01
2.536737672523921017e-01
2.282987392031247398e-01
8.622122827810515533e-01
5.155401767149645625e-02
2.941592632149612196e-01
2.536425965862292298e-01
1.891696769312913862e-01
1.647110037867033916e-01
3.814932800278924563e-01
1.728792003329071847e-01
1.897139535545851741e-01
1.232143071803006862e-01
2.659733961554419657e-01
1.017554542426445247e-01
9.235017938693960982e-02
2.994757757712954160e-01
4.907831151876111409e-01
9.094546265435483889e-02
2.304356372196731673e-01
1.264437060554878811e-01
1.750528382662604743e-01
3.868725156087234329e-01
2.313143783268817033e-01
1.387574712384489484e-01
3.753614041143863989e-01
1.561326030652763208e-01
4.100197511332526190e-01
2.051081631474774847e-01
1.742653913166407609e-01
1.710498624825277092e-01
1.892782759008237170e-01
2.179628420612734485e-01
2.907557125138067744e-01
3.591583265948948278e-01
1.872872648857674405e-01
2.539033045332288463e-01
4.485334723647674965e-02
1.841240266398165293e-01
2.252734797289824564e-01
2.683502521229452209e-01
1.339305588892595877e-01
2.629129502025072118e-01
3.069877439956515408e-01
2.995955297949707830e-01
2.823570545611209792e-01
3.539656831315007302e-01
1.858579885124610753e-01
4.730704052775847046e-02
1.967610895685089900e-01
2.271997936731906254e-01
1.039134216550765405e-01
1.965063360336099241e-01
3.783208826057876117e-01
2.524154113481911765e-01
2.739624988321213706e-01
4.130443716525689646e-01
2.626277358802283080e-01
3.527278720298288595e-01
7.059079028263759437e-02
2.391601681971449248e-02
3.972932815891042080e-01
1.945944127701632054e-01
2.018633802338988259e-01
2.012848887261709796e-01
1.806518844018029368e-01
2.692216047276643764e-01
1.098608957359622912e-01
3.172129262576726116e-01
2.758072445712600462e-01
2.308629860638606868e-01
2.881307199571482222e-02
2.638370632085048628e-01
1.409724538922285386e-01
2.187602451640364709e-01
2.151918718035067402e-01
2.541009843368945975e-01
3.353207466978274515e-02
4.216376323058096398e-02
4.454752759775520987e-02
4.371426290964140066e-02
7.888574201285304677e-02
4.022775276089480406e-02
8.190566794965822850e-02
4.034611893876261651e-02
1.521968200723308462e-01
2.614223303837142839e-02
7.389705018862563479e-02
5.563696230143808791e-02
8.905647037798423982e-02
3.617364327425826726e-02
2.761297994136611630e-02
1.041700773679298669e-01
3.711049642259348774e-02
5.815403077866269227e-02
3.199494816194899810e-02
3.064912273521954236e-02
4.148826021633712779e-02
9.791863649718186846e-02
1.242454784701323006e-01
3.321432826999443089e-02
8.332764265104893042e-02
5.294197685019280675e-02
4.700731371759275801e-02
3.570849855457824268e-02
2.937421545478012194e-02
9.730591517593752127e-02
4.053326878999335275e-02
1.726042356625243357e-01
2.195558275115176358e-02
2.042008767992772311e-01
1.574963323292054018e-01
8.598042247598845778e-02
5.411910586752818886e-02
1.393409673331137133e-01
1.227621619478242998e-01
2.173077917269324033e-02
2.718203342367214725e-02
3.473121729459173468e-02
2.103712298855109006e-02
4.663223365506974361e-02
4.716033657429343634e-02
3.802863468552499238e-01
5.395782440313110634e-02
2.130111106625850736e-01
1.111217668734850589e-01
4.198667480501139943e-02
1.301463406403162437e-02
8.896835407015422914e-02
2.511341381092271896e-02
3.716513292094453941e-02
4.749547016714442821e-02
8.975418543577018404e-02
1.154181339368259146e-01
2.870418783752523920e-02
5.098721724132077027e-02
9.614365657810956811e-02
3.285288302298909613e-02
2.289395661789945732e-02
7.807828443526255990e-02
