5.543178796768188477e+00 8.291785717010498047e-01
3.088310003280639648e+00 8.359014987945556641e-01
6.204102993011474609e+00 8.274357318878173828e-01
1.838022947311401367e+00 8.453269004821777344e-01
6.188686847686767578e+00 9.099307060241699219e-01
6.419244527816772461e+00 9.642360210418701172e-01
1.837102174758911133e+00 8.917400836944580078e-01
5.838211059570312500e+00 9.161164760589599609e-01
2.444948911666870117e+00 8.887858390808105469e-01
6.271129846572875977e+00 8.417541980743408203e-01
6.150852203369140625e+00 9.323420524597167969e-01
6.129211187362670898e+00 8.545088768005371094e-01
3.102975606918334961e+00 8.233854770660400391e-01
1.878720521926879883e+00 8.671452999114990234e-01
1.835970878601074219e+00 8.512876033782958984e-01
6.398215770721435547e+00 8.751595020294189453e-01
3.309021472930908203e+00 8.409585952758789062e-01
3.247209787368774414e+00 8.265130519866943359e-01
6.219509124755859375e+00 8.717749118804931641e-01
6.400574684143066406e+00 9.096527099609375000e-01
2.724178791046142578e+00 8.805484771728515625e-01
2.371802806854248047e+00 8.394243717193603516e-01
1.685153722763061523e+00 8.718078136444091797e-01
2.014765262603759766e+00 9.209594726562500000e-01
1.655383348464965820e+00 8.280677795410156250e-01
6.064444541931152344e+00 9.106771945953369141e-01
6.457499504089355469e+00 8.932023048400878906e-01
6.316111087799072266e+00 8.375573158264160156e-01
6.350688219070434570e+00 9.138808250427246094e-01
6.302799940109252930e+00 9.676873683929443359e-01
1.867062091827392578e+00 1.000117778778076172e+00
6.490611314773559570e+00 9.879620075225830078e-01
6.356433629989624023e+00 8.485999107360839844e-01
1.820849657058715820e+00 9.233114719390869141e-01
2.527620077133178711e+00 8.121840953826904297e-01
5.912780046463012695e+00 8.558294773101806641e-01
2.281556844711303711e+00 8.099961280822753906e-01
6.100516557693481445e+00 8.421907424926757812e-01
6.121609449386596680e+00 9.930059909820556641e-01
6.106461524963378906e+00 9.267885684967041016e-01
1.738712787628173828e+00 8.228068351745605469e-01
1.745471715927124023e+00 8.505353927612304688e-01
4.694056987762451172e+00 8.183150291442871094e-01
3.197481393814086914e+00 9.226357936859130859e-01
3.234803438186645508e+00 9.344234466552734375e-01
2.546682834625244141e+00 9.669256210327148438e-01
4.684828042984008789e+00 8.518295288085937500e-01
4.658135414123535156e+00 8.925430774688720703e-01
2.773254156112670898e+00 8.343102931976318359e-01
3.264001846313476562e+00 8.649852275848388672e-01
3.307090044021606445e+00 8.457899093627929688e-01
3.290820360183715820e+00 8.620467185974121094e-01
4.564820766448974609e+00 8.491072654724121094e-01
4.768670797348022461e+00 8.278331756591796875e-01
4.596582651138305664e+00 8.515040874481201172e-01
4.724682092666625977e+00 9.198346138000488281e-01
2.730494022369384766e+00 8.255884647369384766e-01
4.522057294845581055e+00 9.283819198608398438e-01
4.687120199203491211e+00 8.452076911926269531e-01
4.888717889785766602e+00 8.924667835235595703e-01
4.889409542083740234e+00 8.909354209899902344e-01
3.220899343490600586e+00 8.890800476074218750e-01
3.385317564010620117e+00 9.478077888488769531e-01
4.503420352935791016e+00 8.564565181732177734e-01
3.268954515457153320e+00 8.246579170227050781e-01
4.788730382919311523e+00 8.924698829650878906e-01
4.741933822631835938e+00 9.606583118438720703e-01
2.616725683212280273e+00 8.576362133026123047e-01
4.618882656097412109e+00 9.090440273284912109e-01
3.393937826156616211e+00 8.353693485260009766e-01
3.248262166976928711e+00 8.419027328491210938e-01
1.817396163940429688e+00 8.281948566436767578e-01
4.637178897857666016e+00 8.228430747985839844e-01
3.404630184173583984e+00 8.837852478027343750e-01
3.229578733444213867e+00 9.276082515716552734e-01
4.536201000213623047e+00 8.573334217071533203e-01
4.596086978912353516e+00 9.341962337493896484e-01
2.830703020095825195e+00 9.278759956359863281e-01
2.463368415832519531e+00 9.293606281280517578e-01
4.611820936203002930e+00 8.896565437316894531e-01
2.474044561386108398e+00 9.237799644470214844e-01
6.068226337432861328e+00 8.279857635498046875e-01
2.420726060867309570e+00 9.302730560302734375e-01
1.798539400100708008e+00 9.134957790374755859e-01
4.516186475753784180e+00 9.722261428833007812e-01
4.766929626464843750e+00 9.063961505889892578e-01
4.827355623245239258e+00 9.209501743316650391e-01
1.772876501083374023e+00 9.173946380615234375e-01
4.657454252243041992e+00 9.306545257568359375e-01
2.458827018737792969e+00 9.842431545257568359e-01
2.353293180465698242e+00 8.825681209564208984e-01
4.593204736709594727e+00 8.422262668609619141e-01
1.861562490463256836e+00 8.593537807464599609e-01
4.542837619781494141e+00 8.896260261535644531e-01
4.630134820938110352e+00 9.403977394104003906e-01
4.459144115447998047e+00 9.313030242919921875e-01
1.759160280227661133e+00 8.439745903015136719e-01
2.692018985748291016e+00 9.024174213409423828e-01
2.801473140716552734e+00 8.540914058685302734e-01
2.821225643157958984e+00 9.004967212677001953e-01
5.138809204101562500e+00 9.921588897705078125e-01
2.671497344970703125e+00 8.787338733673095703e-01
2.956759691238403320e+00 9.379913806915283203e-01
2.762673377990722656e+00 9.488854408264160156e-01
2.818991184234619141e+00 9.539308547973632812e-01
2.757934331893920898e+00 9.259274005889892578e-01
2.847729444503784180e+00 9.204776287078857422e-01
2.848284721374511719e+00 9.227545261383056641e-01
2.672795057296752930e+00 8.324587345123291016e-01
2.731262683868408203e+00 9.330790042877197266e-01
2.769843101501464844e+00 8.122677803039550781e-01
4.486722230911254883e+00 8.835394382476806641e-01
4.861808061599731445e+00 8.295292854309082031e-01
2.790809154510498047e+00 8.665902614593505859e-01
2.848951816558837891e+00 8.509192466735839844e-01
2.816191196441650391e+00 8.340096473693847656e-01
2.818104028701782227e+00 9.508349895477294922e-01
3.979370832443237305e+00 9.008557796478271484e-01
3.117178440093994141e+00 9.870190620422363281e-01
3.061575651168823242e+00 9.088821411132812500e-01
3.109797716140747070e+00 9.060304164886474609e-01
3.086250305175781250e+00 9.086136817932128906e-01
2.858326673507690430e+00 8.744204044342041016e-01
5.020411252975463867e+00 8.807017803192138672e-01
3.372969388961791992e+00 9.501297473907470703e-01
2.876449346542358398e+00 9.591534137725830078e-01
3.220341444015502930e+00 8.873310089111328125e-01
3.213592052459716797e+00 9.117712974548339844e-01
3.108998298645019531e+00 8.643915653228759766e-01
3.005877733230590820e+00 9.460895061492919922e-01
2.947125673294067383e+00 8.999085426330566406e-01
2.195483922958374023e+00 8.118004798889160156e-01
2.186993122100830078e+00 8.920192718505859375e-01
2.350903749465942383e+00 8.896989822387695312e-01
4.996561765670776367e+00 8.321332931518554688e-01
2.035833835601806641e+00 9.073410034179687500e-01
3.504076719284057617e+00 8.074769973754882812e-01
3.565120458602905273e+00 9.239184856414794922e-01
3.590630769729614258e+00 8.968238830566406250e-01
7.173217535018920898e+00 8.506023883819580078e-01
4.941014766693115234e+00 8.189501762390136719e-01
4.670799732208251953e+00 8.320107460021972656e-01
4.928965330123901367e+00 8.616299629211425781e-01
4.853697299957275391e+00 8.913459777832031250e-01
4.851639509201049805e+00 8.338291645050048828e-01
4.992954015731811523e+00 9.810445308685302734e-01
4.775358438491821289e+00 9.056401252746582031e-01
4.441486358642578125e+00 9.344911575317382812e-01
4.628358364105224609e+00 8.168232440948486328e-01
4.573069572448730469e+00 8.853859901428222656e-01
4.877239465713500977e+00 8.207137584686279297e-01
4.645587205886840820e+00 8.118774890899658203e-01
4.749493837356567383e+00 9.021663665771484375e-01
4.719335794448852539e+00 8.307569026947021484e-01
4.458480358123779297e+00 8.896398544311523438e-01
4.666368246078491211e+00 9.056472778320312500e-01
5.079375743865966797e+00 8.484694957733154297e-01
4.727254629135131836e+00 8.827147483825683594e-01
4.641415119171142578e+00 8.069026470184326172e-01
4.851104974746704102e+00 9.220628738403320312e-01
4.782216310501098633e+00 8.871378898620605469e-01
4.711612224578857422e+00 8.938765525817871094e-01
4.750525474548339844e+00 9.214904308319091797e-01
4.739242792129516602e+00 9.081020355224609375e-01
4.629390239715576172e+00 9.389393329620361328e-01
5.853193521499633789e+00 8.546729087829589844e-01
5.360661745071411133e+00 9.169566631317138672e-01
4.770339727401733398e+00 9.599900245666503906e-01
6.124145984649658203e+00 9.328632354736328125e-01
5.271724939346313477e+00 9.223086833953857422e-01
5.646460771560668945e+00 8.750643730163574219e-01
5.094880342483520508e+00 8.698444366455078125e-01
3.785428762435913086e+00 9.269380569458007812e-01
2.508034467697143555e+00 8.644275665283203125e-01
2.636115312576293945e+00 8.873083591461181641e-01
2.552166461944580078e+00 8.467402458190917969e-01
2.493729591369628906e+00 9.813525676727294922e-01
2.625890254974365234e+00 9.460902214050292969e-01
5.008481979370117188e+00 9.775614738464355469e-01
2.616293668746948242e+00 9.694771766662597656e-01
2.596662998199462891e+00 8.858072757720947266e-01
2.399195194244384766e+00 9.523413181304931641e-01
1.572267055511474609e+00 8.796975612640380859e-01
1.671834945678710938e+00 8.615884780883789062e-01
1.858526945114135742e+00 9.065809249877929688e-01
1.767027854919433594e+00 8.873040676116943359e-01
1.577356576919555664e+00 8.273358345031738281e-01
1.783993482589721680e+00 8.601129055023193359e-01
1.838177680969238281e+00 9.037833213806152344e-01
4.970511913299560547e+00 8.929004669189453125e-01
3.142589569091796875e+00 8.811886310577392578e-01
3.161597728729248047e+00 8.642237186431884766e-01
1.839420080184936523e+00 9.543182849884033203e-01
4.099218368530273438e+00 9.121658802032470703e-01
1.828914880752563477e+00 9.201383590698242188e-01
3.288855552673339844e+00 8.510956764221191406e-01
1.845828294754028320e+00 8.334989547729492188e-01
4.519924163818359375e+00 8.717818260192871094e-01
1.917443513870239258e+00 8.462147712707519531e-01
3.403165578842163086e+00 8.947272300720214844e-01
5.123350620269775391e+00 9.142973423004150391e-01
4.801270246505737305e+00 9.100568294525146484e-01
2.805497884750366211e+00 8.129413127899169922e-01
2.691166162490844727e+00 9.068856239318847656e-01
2.777293443679809570e+00 8.448412418365478516e-01
2.928651094436645508e+00 8.444659709930419922e-01
3.122715950012207031e+00 8.953902721405029297e-01
3.008022069931030273e+00 8.885600566864013672e-01
2.984779357910156250e+00 9.170482158660888672e-01
2.942730903625488281e+00 8.369538784027099609e-01
3.473660469055175781e+00 8.949375152587890625e-01
4.890413045883178711e+00 9.021070003509521484e-01
3.576219081878662109e+00 9.009578227996826172e-01
3.774460792541503906e+00 8.990707397460937500e-01
3.759966850280761719e+00 8.695752620697021484e-01
4.034937620162963867e+00 9.436922073364257812e-01
3.792588710784912109e+00 8.832259178161621094e-01
1.267147302627563477e+00 8.367652893066406250e-01
1.346355915069580078e+00 8.358721733093261719e-01
1.289646863937377930e+00 9.631507396697998047e-01
1.225912094116210938e+00 9.058742523193359375e-01
1.245587110519409180e+00 9.728512763977050781e-01
5.727537870407104492e+00 9.341764450073242188e-01
4.764701604843139648e+00 9.254193305969238281e-01
1.248353481292724609e+00 9.038121700286865234e-01
1.263866662979125977e+00 9.020810127258300781e-01
1.246456623077392578e+00 9.227890968322753906e-01
1.323839426040649414e+00 9.767124652862548828e-01
1.245970010757446289e+00 9.554126262664794922e-01
1.289810419082641602e+00 8.989307880401611328e-01
1.283285856246948242e+00 9.284112453460693359e-01
1.305849075317382812e+00 8.949136734008789062e-01
1.247094631195068359e+00 9.522147178649902344e-01
1.327873945236206055e+00 9.615540504455566406e-01
4.987643003463745117e+00 9.042391777038574219e-01
1.312867641448974609e+00 8.187451362609863281e-01
1.222568273544311523e+00 8.281190395355224609e-01
1.303459167480468750e+00 9.373428821563720703e-01
1.242832422256469727e+00 9.218254089355468750e-01
1.297164678573608398e+00 9.034337997436523438e-01
1.250671386718750000e+00 9.870278835296630859e-01
1.284223556518554688e+00 8.470039367675781250e-01
1.284101009368896484e+00 9.194791316986083984e-01
1.299393892288208008e+00 8.945589065551757812e-01
1.268395900726318359e+00 9.045007228851318359e-01
4.841071844100952148e+00 8.869688510894775391e-01
1.284022569656372070e+00 8.894770145416259766e-01
1.240605592727661133e+00 8.680925369262695312e-01
1.271990537643432617e+00 9.205729961395263672e-01
1.301270008087158203e+00 9.623181819915771484e-01
1.360887765884399414e+00 9.777753353118896484e-01
1.270023822784423828e+00 8.896379470825195312e-01
1.286446332931518555e+00 8.941938877105712891e-01
1.280682325363159180e+00 9.112341403961181641e-01
1.302311658859252930e+00 8.933625221252441406e-01
1.296061277389526367e+00 8.936040401458740234e-01
4.949368715286254883e+00 8.323988914489746094e-01
1.262438297271728516e+00 9.020338058471679688e-01
1.273377895355224609e+00 8.962910175323486328e-01
1.295978307723999023e+00 9.351959228515625000e-01
1.232865810394287109e+00 8.135397434234619141e-01
1.324474334716796875e+00 9.034652709960937500e-01
1.297709703445434570e+00 9.187185764312744141e-01
1.222161531448364258e+00 8.965706825256347656e-01
1.303958415985107422e+00 9.635787010192871094e-01
1.299858570098876953e+00 8.920843601226806641e-01
1.277759075164794922e+00 9.514229297637939453e-01
4.930602312088012695e+00 8.326785564422607422e-01
1.275725364685058594e+00 9.306101799011230469e-01
1.223838090896606445e+00 8.234596252441406250e-01
1.266021728515625000e+00 8.250460624694824219e-01
1.304675102233886719e+00 8.307785987854003906e-01
1.300877571105957031e+00 8.971593379974365234e-01
1.277294874191284180e+00 9.321198463439941406e-01
1.305228710174560547e+00 8.922190666198730469e-01
1.302198886871337891e+00 9.697043895721435547e-01
1.276262283325195312e+00 9.314439296722412109e-01
1.300189018249511719e+00 9.025325775146484375e-01
5.043839454650878906e+00 9.287898540496826172e-01
1.293530702590942383e+00 9.336581230163574219e-01
1.307735204696655273e+00 1.020378351211547852e+00
1.271952629089355469e+00 9.254622459411621094e-01
1.279930830001831055e+00 8.571987152099609375e-01
1.299424171447753906e+00 8.467416763305664062e-01
1.247386217117309570e+00 9.277245998382568359e-01
1.271011590957641602e+00 9.720358848571777344e-01
1.286544322967529297e+00 9.404759407043457031e-01
1.269446134567260742e+00 9.106914997100830078e-01
1.315148353576660156e+00 8.477306365966796875e-01
3.310469150543212891e+00 8.572394847869873047e-01
2.112411499023437500e+00 8.401536941528320312e-01
2.095293283462524414e+00 9.659097194671630859e-01
4.373162746429443359e+00 8.197171688079833984e-01
7.624321699142456055e+00 9.564836025238037109e-01
4.363311529159545898e+00 9.504590034484863281e-01
3.112533569335937500e+00 8.380322456359863281e-01
3.212870597839355469e+00 8.411040306091308594e-01
3.093934059143066406e+00 9.141228199005126953e-01
4.267046928405761719e+00 8.472311496734619141e-01
3.755872011184692383e+00 9.340221881866455078e-01
3.237577199935913086e+00 8.241152763366699219e-01
3.767995595932006836e+00 8.984992504119873047e-01
3.847562789916992188e+00 8.789024353027343750e-01
3.188516855239868164e+00 8.739371299743652344e-01
5.081831455230712891e+00 9.052708148956298828e-01
3.203051567077636719e+00 9.110383987426757812e-01
3.211993932723999023e+00 9.252727031707763672e-01
3.189228773117065430e+00 9.138395786285400391e-01
3.706847429275512695e+00 9.205672740936279297e-01
2.845602035522460938e+00 9.362330436706542969e-01
4.690244436264038086e+00 8.194339275360107422e-01
3.288512945175170898e+00 8.423852920532226562e-01
1.739496707916259766e+00 8.328680992126464844e-01
2.411736965179443359e+00 8.787846565246582031e-01
1.792954921722412109e+00 8.407137393951416016e-01
5.009693384170532227e+00 8.619828224182128906e-01
6.216188907623291016e+00 8.302006721496582031e-01
4.706516265869140625e+00 8.368449211120605469e-01
6.158774852752685547e+00 6.133673191070556641e-01
5.863820075988769531e+00 6.781685352325439453e-01
6.157740592956542969e+00 7.462778091430664062e-01
6.214343309402465820e+00 5.068111419677734375e-01
5.416430711746215820e+00 6.228504180908203125e-01
3.845363616943359375e+00 9.786305427551269531e-01
2.325841665267944336e+00 8.549673557281494141e-01
2.066359281539916992e+00 8.564066886901855469e-01
5.263152360916137695e+00 5.645630359649658203e-01
2.025241851806640625e+00 8.467121124267578125e-01
2.014890670776367188e+00 9.279808998107910156e-01
2.028953790664672852e+00 8.278782367706298828e-01
2.066440343856811523e+00 8.260293006896972656e-01
2.494630813598632812e+00 8.308625221252441406e-01
2.630242824554443359e+00 9.870421886444091797e-01
1.550476789474487305e+00 8.479681015014648438e-01
2.718580961227416992e+00 8.390996456146240234e-01
2.711222410202026367e+00 8.885169029235839844e-01
2.636356592178344727e+00 9.081082344055175781e-01
4.507506370544433594e+00 4.991457462310791016e-01
2.551118850708007812e+00 9.414141178131103516e-01
2.575113058090209961e+00 8.265745639801025391e-01
3.730039834976196289e+00 6.544938087463378906e-01
2.029752492904663086e+00 8.445227146148681641e-01
1.998654603958129883e+00 9.023623466491699219e-01
2.490530014038085938e+00 8.792715072631835938e-01
2.401082515716552734e+00 5.777833461761474609e-01
1.759614706039428711e+00 8.196923732757568359e-01
4.590865135192871094e+00 5.319983959197998047e-01
2.764293432235717773e+00 4.563333988189697266e-01
3.711957693099975586e+00 4.371478557586669922e-01
2.927184104919433594e+00 4.891128540039062500e-01
4.554247379302978516e+00 4.104473590850830078e-01
4.347568035125732422e+00 4.350173473358154297e-01
1.928610324859619141e+00 4.963510036468505859e-01
1.538399934768676758e+00 6.858739852905273438e-01
1.491299629211425781e+00 5.817952156066894531e-01
3.852364540100097656e+00 4.633522033691406250e-01
3.883287906646728516e+00 3.926641941070556641e-01
3.810002088546752930e+00 4.071340560913085938e-01
3.706824302673339844e+00 3.931274414062500000e-01
