1.057774744933070998e+01
5.975558282485352812e+00
4.380607568948872377e+00
1.459820241764566040e+00
2.057549769612542878e+00
2.833604494435839616e+00
1.130842466897702847e+00
4.414401793432527477e+00
5.453149137616594144e-01
8.509565644169015286e+00
3.515351080148240381e+00
2.818747907725576152e+00
2.552927719775284765e-01
4.470480384264511109e+00
5.314196945801639593e+00
4.394993921419644956e+00
5.573106711171426086e-01
4.086237955034133229e+00
2.500289538220346497e+00
3.169293075408359694e+00
2.899042446719638733e+00
6.100331206627445102e-01
3.150680252321835795e+00
1.793889265453747717e+00
2.630393724533623079e+00
5.312534788520392404e+00
4.511789981591930454e-01
3.099744287562830602e-01
3.615242453188675320e+00
3.689846213270566722e+00
1.689482854360273123e+00
2.641394865803996961e+00
2.815262135274929189e+00
1.146644813507609273e+00
3.494572322272323284e+00
4.447140071372594150e+00
1.181130599284960558e+00
8.890481878912797953e+00
4.452287152679934579e+00
4.612242207076261202e+00
2.313029560688895980e+00
6.848982429864368449e+00
4.288863460782454062e+00
6.580117523790156575e-01
1.421021380947806501e+00
2.230180049348900351e+00
1.293092013830632769e+00
3.332281704713716763e+00
2.588917443250688954e+00
1.190367962075687958e+00
2.460659445690299485e+00
2.885981895445892675e+00
5.039928876357352650e+00
1.933889931889846148e-01
2.122395744604013423e-01
1.584237932652406533e+00
9.127509663227474590e+00
2.359843976171727142e+00
3.756101256283585155e+00
2.577043336307450083e+00
2.005334000913426618e+00
3.960584487308687951e+00
4.436861407651039535e+00
5.127007447666406037e+00
2.353798654327472040e+00
6.083567106252669277e+00
1.767911597145802149e+00
9.261765022643773548e+00
4.623215438674973754e+00
2.151404724518943379e+00
8.358219625185343560e+00
3.526752243650114416e+00
1.618114870363428937e+00
2.688814841100755082e-01
1.784311543338272132e+00
1.469119068944718443e+00
6.842269662694353549e+00
3.368854843386886788e+00
4.798101200969842495e+00
5.591403227836567069e+00
1.978394625018121911e+00
3.226782969145558511e+00
8.703349641930477887e-01
1.154705250506132597e+00
3.591146101642885391e+00
1.455418384575185131e+00
8.968101805788156744e-01
5.385011845278132370e+00
1.570171815970103246e+00
9.786741263579736838e+00
2.299853255958973719e+00
4.190316038791922715e+00
7.121768054818621962e+00
6.812430608616839578e+00
3.875063990673286884e+00
3.339486126271674404e+00
2.382242331832152171e+00
1.271911366091386109e+00
1.036230706190037099e+00
2.229119840869000946e+00
6.781725866078931464e-01
1.063264953740308716e+00
1.966871869441779053e+00
5.730484876179564591e-01
1.583675808138720775e+00
1.083131433523970122e+00
4.976189874531040669e-01
3.221383372427259140e+00
6.355253845745302277e-01
4.761091029979857225e+00
1.495294460327724506e+00
6.942923826023671197e+00
1.378263833000137328e+00
6.259124412260117509e-01
5.697109532046357172e-01
1.112051677483331780e+00
3.603086277783020375e+00
5.981094552515054952e-01
6.849866463882816170e+00
1.424158602508745597e+00
1.142943502771864495e+01
2.391889304957560469e+00
1.511426256406105573e+01
6.606311152672352804e-01
5.962702821347773963e+00
4.055545475813875100e+01
1.649028625357795930e+00
1.389249419916758876e+00
3.245449093385536443e+00
5.699551631414926156e+00
4.720872216625419782e+00
4.351054069545267633e-01
9.854412382909220058e-01
2.803831736920671336e+00
5.148830071030042754e-01
9.293296540646496240e-01
1.623902544157935779e+00
2.616308444181957960e+00
3.721597855723217663e+00
2.213753507560046518e+00
8.422923298068606401e-01
1.830678720578617469e+00
1.822411900516591965e+00
2.446423965007280987e+00
7.977362875216479354e-01
7.342926020221207661e-01
1.558648979865751238e+00
4.263287563988395590e+00
2.424925764427782404e+00
2.189233524003050491e+00
7.733659633068810102e-01
3.279470980785083700e+00
1.843327491323788925e+00
1.063105582355662548e+00
6.066614695666476820e+00
1.936724285291018255e+00
1.371738559520202738e+00
3.984750406621005769e+00
2.777672274630393012e+00
9.464920236411387133e-01
7.127063196346699492e+00
6.947809991547593711e+00
1.349749786086361647e+00
1.634300784137359130e+00
4.379564792359892600e+00
3.920659648652523810e+00
1.182584476962204079e+01
1.711643025860936973e+00
2.895089322799214493e+00
1.107153832588725351e+01
8.063175583933922752e+00
5.599777607257991896e+00
6.832292563738836755e+00
4.428021688302061776e+00
3.878456253072461113e+00
1.111104267568001625e+00
6.030160307338976899e+00
3.444511959737846407e+00
9.981151433265594841e-01
3.140305815669275358e-01
2.635198498609491402e+00
1.666758593833017388e+00
4.278229908352840560e+00
1.210923324824675573e+00
2.478833333885034573e+00
2.081630018623681799e+00
2.984034027599188121e+00
1.332596823908764883e+00
1.257393599272890850e+00
7.277345316853758295e-01
1.102990537292289686e+00
1.655725569376797379e+00
2.430986980755799109e+00
8.573777949262176179e+00
5.617504121963648345e+00
3.801096687716569278e+00
1.580611106351081929e+00
1.809191779042527815e+00
1.082264505165635660e+00
1.080186921099719255e+00
2.095058879684480235e+00
1.694730472378933595e+00
3.392024377540668212e+00
8.159144771181086053e-01
4.636785350096997438e-01
1.448517295708609653e+00
9.513824767233258761e-01
4.222211880736050027e+00
3.464741395629153953e+00
2.226997656442343931e+00
2.454540172500611295e+00
1.763505013950410261e+00
2.534340380296845385e+00
4.620127287337923327e+00
5.073391877928996152e+00
7.186812527646588844e-01
2.328051261828437912e+00
7.712695332501880996e-01
8.372403756171468148e-01
6.294772655498225289e-01
7.603149194304085201e-01
7.375933364701979800e-01
7.002340250575485037e+00
1.182401937265045166e+00
8.466181446748981543e-01
1.385675148340736573e+00
1.285377892793112098e+00
7.039146091302571628e-01
8.913507535015214867e-01
1.339263903767531350e+00
8.440364849409848214e-01
5.533362919647578648e-01
8.579488070910141762e-01
1.662825852971282048e+00
1.099696678974870778e+00
2.079030913243671730e+00
9.127035724832043284e-01
9.193696074970491017e-01
8.128213183697617916e-01
1.070607425714130478e+00
6.769273046074026912e-01
1.222670932931574805e+00
6.395000524341545312e-01
4.751048560748167837e-01
1.167863644795592570e+00
1.635990349300895597e+00
1.387049800262953658e+00
1.140046814498610672e+00
1.018760799737563616e+00
2.759287808109641471e+00
2.374957596674337257e+00
1.526521013989422304e+00
1.019448090173426857e+00
1.621733672147700034e+00
1.337868269454992820e+00
9.417289078004763558e-01
1.105058914935066250e+00
1.641932785785926052e+00
1.411675547674758224e+00
8.260173390614590216e-01
1.304473446113644908e+00
1.581788808475176777e+00
1.280833191608779398e+00
1.277366095949387104e+00
2.322493868296825692e+00
2.296917733327626721e+00
7.835137297979313242e-01
2.192076874577276957e+00
1.023592654938378033e+00
9.305106911293261618e-01
1.141221683386861363e+00
1.360285697482880085e+00
8.977313093974751412e-01
1.452754362913837083e+00
9.555184246018979533e-01
9.543467618808425534e-01
1.204231141353268253e+00
1.524170958895038064e+00
9.620747949507448826e-01
1.090087095999976663e+00
1.219872434995470822e+00
2.985260422475691566e+00
1.023171306666667668e+00
1.334803419795655310e+00
5.417864456238504767e-01
9.488327764540241960e-01
1.188207853724212004e+00
8.862548615266132579e-01
1.197022793431606891e+00
2.172902265392557819e+00
4.775361864628572484e+00
1.278348392995231286e+00
3.539069137990749514e+00
8.431262442270729407e-01
4.030756389334129608e+00
1.292746096891620899e+00
1.432731502679764679e+00
1.365343724367054756e+00
3.347314373280616540e+00
4.523538061793173526e+00
4.211042580428403070e+00
4.382082413573370694e+00
3.331064692235302438e+00
2.775230160510320676e+00
5.324407697417389285e-01
2.188260460506689320e+00
1.852415450387643103e+00
2.286145270114383621e+00
8.136156921021506783e-01
9.649727929391879178e-01
1.890366198710873302e+00
1.006508154553221290e+00
5.873004279510596781e+00
3.263587863022524793e+00
7.523521349499282529e-01
7.183462781656072549e-01
6.717500396575288413e+00
3.805653762125097206e+00
2.984746348209448286e+00
4.764340332104056941e+00
5.631579680546306754e+00
5.001356544038094931e+00
8.892040203619517413e+00
1.967619812897003939e+01
1.511123076598475778e+00
1.363292355202739392e+00
9.267638305166073787e-01
3.301424150499586929e+00
2.854574268017317507e-01
1.607148414802339831e+00
1.548829612871327921e+00
1.324538432008701960e+01
2.521657289485398579e+00
1.209212937952635070e+00
2.775647497762629978e+00
3.237936162025316200e+00
3.299802784535056599e+00
1.467573966265945495e+00
1.226490498265274454e+00
2.660878923607315816e+00
3.350796958697482175e+00
2.346277289548882372e+00
1.628062754226442310e+00
3.542255498780209066e+00
8.946648720981961178e-01
2.565809216028433593e+00
3.173626229274731703e+00
1.780143332921204191e+00
7.530721594182869794e-01
1.143409696458172142e+00
1.323317068402518171e+00
3.712791754785738974e+00
6.338548638157416315e-01
3.873645128555080142e+00
1.443135434233417280e+00
3.364426211697010061e+00
5.532795475082241676e-01
5.631483515442752275e-01
5.080955082387695221e+00
