5.402715548377148291e-01
1.739239022421940284e+00
1.947648464474453611e+00
4.426389998071686427e-01
6.324765190834660267e-01
9.984001738692083183e-01
6.989261851206851617e-01
8.984762518040376733e-01
9.929917351626620370e-01
9.641672395841912602e-01
1.068607994804324557e+00
7.720756380257465246e-01
1.747404572013503410e+00
1.309941142965958205e+00
1.015305491638339941e+00
1.101972440749693583e+00
1.456892945319715027e+00
6.308057960822149868e-01
3.335739598214019219e-01
7.909145402814503623e-01
1.009615641143592368e+00
4.977228222923390510e-01
2.251512191993363388e+00
4.956301051614675490e-01
1.381659629335982187e+00
9.555907061636099709e-01
1.029557443943274198e+00
9.383660931695457785e-01
9.770572382620964502e-01
9.679975597581029767e-01
5.708306544478786160e-01
5.593513193081127710e-01
4.667328223987697866e-01
6.586071582055627038e-01
8.639464013259522401e-01
3.698260713157896507e-01
7.048874405832374901e-01
1.471138807563235007e+00
4.810121920011251051e-01
7.566124296723890641e-01
3.937347502096993357e-01
1.760743582048726608e-01
4.486145354548571329e-01
4.180101709532987320e-01
2.590135002078294280e-01
7.900157477764890857e-01
2.556129291187484998e-01
3.453935500216125387e-01
3.865560963495484614e-01
1.114231714986962052e+00
3.366992894392357272e+00
9.269164858399037143e-01
5.035926962397591078e-01
1.389046684854564395e+00
4.702778273338802939e-01
6.416373525564013081e-01
8.182936827394697854e-01
6.474284269140029302e-01
1.816819199801138041e+00
4.957201935891874522e-01
1.026263621577719443e+00
3.959694218669957966e-01
1.544760417506445993e+00
3.813267794916921360e-01
6.350296489218754115e-01
2.232471525517920163e+00
5.275690523047676939e-01
5.657305823718317139e-01
8.336279174441491024e-01
1.046426840676297321e+00
1.283908837427000904e+00
3.598354958903006162e-01
5.245178666094595377e-01
3.697066342924591464e-01
4.544762570803954627e-01
3.886879851570784195e-01
9.917836294455650847e-01
3.998098490623963053e-01
8.359469801545140744e-01
8.774397351687333035e-01
1.630738309909922634e+00
4.890046476259797270e-01
5.882245485316479616e-01
2.647384094709598346e-01
1.107415802057871046e+00
6.836177663217685163e-01
6.330074411788314537e-01
5.098792198712828183e-01
6.323629107438561991e-01
8.568740379245328720e-01
5.717952006031673529e-01
1.086987909776403249e+00
2.243654225730118856e+00
5.308268109888297781e-01
5.746066390813724389e-01
5.725593917042390846e-01
5.078956741358549021e-01
2.465239860276113859e+00
4.423429009982191573e-01
1.036201141145564497e+00
5.599005427117463851e-01
4.445908521551111270e-01
5.011777973021410704e-01
6.826495362238594877e-01
4.305544366201998763e-01
5.600472470849775508e-01
8.304480506700714360e-01
8.770829406857448829e-01
7.678215862547997927e-01
5.079597408188464280e-01
5.481755346012555652e-01
1.694703791732594667e+00
1.069919511713979032e+00
6.187217938947712215e-01
5.302121026315055330e-01
2.810864557181922407e-01
9.195666572474070488e-01
5.087800128168368241e-01
5.887572071289670639e-01
6.629736811872100066e-01
7.467508886560385584e-01
4.667765140655516509e-01
1.455084873045288552e+00
8.463368033604117269e-01
1.069522351600556753e+00
7.727707749154697492e-01
1.052177931142523670e+00
1.483387752980113605e+00
6.479688863887460570e-01
6.327179525721245978e-01
5.472927735161057239e-01
3.207723688112898985e-01
3.807474953691641906e-01
9.354174419391463324e-01
1.011440735815504866e+00
3.421107581760127747e-01
4.237117887042084474e-01
1.296141803922707059e+00
4.618604783846115558e-02
1.903241976314909156e-01
6.085881459803007543e-01
3.464677044408612239e-01
1.115797258696090033e+00
5.622045811363923562e+00
1.546722075415066566e+00
8.312068279996496223e-01
3.179693890492877317e-01
9.003990681666144136e-01
5.221878632299115086e-01
1.513519303660577187e+00
6.237525936580397001e-01
6.178791820140079327e-01
8.026427578308699129e-01
1.354084334361434383e+00
6.270799693189365032e-01
7.036225210152475817e-01
1.241085506139312677e+00
8.936540251152544911e-01
3.449751052246949001e+00
1.887329134198795666e+00
6.105610284801220589e-01
3.067273046035070075e-02
6.554526772047860605e-01
7.487115066495158011e-01
2.087849377651077309e-01
1.826808649205235169e-01
2.584565947216926896e-01
9.055960194390871854e-01
8.783101300991600358e-01
6.970054011973414454e-01
4.652981597117202828e-01
8.657679887622119486e-01
2.731336697017325843e-01
4.051973229094676943e-01
1.083157256163585824e+00
3.897024406388635009e-01
5.869401533152360795e-01
7.939037062964704461e-01
8.876015688683233096e-01
1.311764617447912729e+00
3.103546705973418085e+00
2.062581012540451120e+00
1.256734677711834003e+00
1.317513797008664556e+00
9.241426980012152903e-01
9.657672653955937658e-01
3.316722226136485374e-01
2.561869387168967949e-01
5.774763041351037351e+00
8.091179025457881924e-01
5.245105485177914417e-01
2.364510773977834823e-01
1.215611090443352582e-01
4.926244280122666352e-01
1.555833987416137099e+00
1.639688050968981958e+00
1.064962435749423619e+00
1.226576888464308679e+00
6.861851984983848851e-01
1.346007544705950520e+00
9.479472555311685422e-01
6.916856740740773279e-01
5.379199973601730411e-01
1.438630148510537721e+00
7.162966347815880042e-01
1.437990656157383418e+00
8.195186282865225547e-01
1.073300262570335617e+00
1.067866728905574769e+00
1.117906599842170445e+00
1.725751313113048080e-01
7.033412205421810670e-01
9.256678628713546075e-01
8.022094414501749204e-01
8.691097392085541662e-01
7.209260564485685530e-01
9.827797097605522891e-01
6.260619445992006149e-01
9.709309200067431922e-01
4.419309494358438228e-01
6.723791914835193229e-01
5.105398003418267772e-01
9.088480084470149656e-01
8.838994164284115218e-01
5.741899136225123712e-01
6.568886395328962235e-01
5.836411672239211201e-01
6.965101359584544571e-01
7.718147988658449199e-01
8.736262225775424106e-01
7.710026716821664072e-01
4.730602807257305309e-01
9.621207470809134410e-01
4.827360855338968526e-01
1.008898076996975535e+00
6.997019415482937932e-01
9.031004958228157076e-01
1.020672225235540020e+00
1.340565885565038862e+00
8.720706962248465643e-01
2.019128965208057735e+00
1.641628566013650481e+00
6.005711016100412358e-01
6.717460727605381043e-01
4.262295630381834899e-01
6.807090255825255509e-01
6.957121762455497072e-01
3.289245495797355812e+00
6.808383145983837315e-01
4.798249506554624899e-01
7.917331430542070558e-01
2.675981725533311817e-01
8.144764162457737156e-01
1.179336123829534566e+00
1.071867920616404568e+00
8.856976095058218812e-01
1.703935773233656414e+00
9.727131972952773875e-01
1.230150513465793960e+00
5.903832749363742138e-01
1.438168605867498506e+00
7.007374748520838192e-01
7.974751658002616761e-01
5.527664900656785729e-01
1.180642074036774014e+00
5.666357800442587411e-01
5.869890730491538200e-01
1.885008801518719190e+00
5.236945189748306584e-01
1.656263984023021107e+00
1.729105784774802812e+00
1.694950538585982658e+00
7.747645141815495684e-01
8.465064075831101320e-01
1.299546847838167540e+00
7.509919294280368307e-01
8.673753907871982749e-01
2.198806167350962237e+00
1.252238386442026119e+00
1.498049774586341254e+00
6.185159801615528474e-01
9.561085003630505064e-01
7.157176937632886426e-01
1.761676860693453195e+00
8.831461124320504341e-01
8.266609912392257620e-01
5.827930774238300193e-01
7.136335255816110834e-01
4.146558348182038389e-01
1.528283766729767956e+00
6.624781837890009184e-01
2.325015230620184337e+00
3.454200574268001533e-01
1.037787600850899494e+00
6.207623008276679233e-01
1.088662623495032955e+00
1.188191848662659256e+00
9.086151532528433661e-01
6.402660133145723353e-01
1.419082919042711000e+00
2.123315827234424802e+00
1.199488334302530435e+00
8.651666045868131594e-01
8.246651927905539470e-01
5.954372010419738404e-01
1.017549021663609388e+00
8.358813462197114408e-01
1.717568587995391027e+00
1.502277395883905076e+00
6.872766665290285237e-01
9.580474163882053418e-01
8.277348943098160605e-01
8.983665622249062954e-01
1.058058458566786708e+00
1.106654602295384482e+00
5.436399063167455248e-01
7.144463734451719228e-01
1.208912985068583357e+00
1.339010393329757020e+00
1.132173728796957546e+00
1.283871919415557006e+00
7.710562896152926005e-01
9.374019732702436603e-01
9.431478922604940029e-01
1.036255693306399550e+00
5.856546527430985805e-01
8.525242615289331249e-01
1.393499597286420144e+00
1.256334745794293717e+00
1.693185756259041774e+00
1.147213084853574649e+00
1.461588197086063134e+00
1.710212857432594102e+00
1.320933780770310317e+00
5.791791317948482565e-01
1.509136045359191547e+00
9.918194338522078324e-01
7.111961614858282044e-01
8.136885713187966829e-01
6.816053149819720769e-01
1.047637694322148372e+00
4.364209694606244194e-01
1.059654351327268484e+00
1.112584123553914894e+00
1.115429393475214415e+00
5.162592593592818524e-01
1.132721349021439172e+00
7.301340974352625857e-01
9.689239624114098781e-01
1.118846103134931491e+00
5.011652807079388650e-01
7.486884403716506098e-01
9.247386079985180363e-01
9.835475058792249037e-01
1.011439812488088119e+00
9.544254867847341561e-01
9.246481650843979549e-01
1.408682991872429735e+00
9.320353491730760664e-01
2.136893082732639115e+00
4.966058585567018069e-01
9.638183330066693033e-01
9.261615515697062540e-01
1.437763834126869034e+00
5.089966276239817899e-01
6.797498996123284565e-01
2.081949374743455206e+00
1.130914584461796046e+00
1.363811134483147613e+00
7.152890062628375345e-01
9.237999502126051921e-01
4.500743526414526796e-01
1.086149597142234802e+00
6.646774100288240783e-01
1.039320047688140791e+00
1.019572734695730842e+00
6.392102639508486783e-01
7.223857819870582730e-01
8.120623118252984218e-01
5.869071998336969909e-01
6.066380972526277393e-01
8.853283710441237631e-01
2.491046467922508167e+00
3.953418634533327203e-01
8.208439987546668481e-01
1.208641088713372724e+00
5.340903527889029334e-01
9.553805792104040906e-01
7.414951011850370310e-01
9.287212769136609092e-01
9.164617136327436464e-01
6.248567087184306867e-01
7.332132057097763278e-01
4.243638920171326490e-01
7.099824322008415622e-01
9.702407399169029611e-01
1.402830393850395208e+00
7.922012971220364630e-01
1.363975608534890194e+00
9.895151326195534836e-01
5.011992095149139237e-01
2.647386484514471783e-01
8.187066610105719899e-01
4.787051425086012446e-01
5.555769620052632973e-01
7.065639443646118956e-01
8.987242999910987074e-01
2.051420492960761344e+00
6.076236554930974920e-01
1.135381351423075724e+00
1.602655115389431728e+00
9.841498700505689756e-01
3.205360720779424910e-01
1.333693037656840996e+00
