1.890330699993362368e-02
6.688635599238909601e-02
2.089405738694096598e-02
7.141425616591255340e-03
8.036734874319663782e-03
3.068075365537309765e-02
1.157272140215259877e-02
9.954067004286727693e-03
2.783889096752183417e-03
1.577122863145782178e-02
6.746274570601025651e-03
6.124935349731241117e-03
9.633986911214122151e-02
2.824125370907896657e-02
4.822225811584572586e-02
1.351762650747117926e-02
5.390297739450038150e-02
5.047009788731013358e-02
2.179924861623278032e-02
3.678231769799837625e-02
1.374511343878271653e-02
3.835994379996477983e-03
1.434630222439706171e-01
2.149047168324213705e-02
1.276757805617713126e-01
1.473580751657342994e-02
8.140167403535228385e-02
4.580944284770100544e-02
1.238449938431878533e-02
1.711085653994555769e-02
8.451452800079141750e-03
1.236648087988390272e-02
2.979910342074604604e-02
1.162790430046188074e-02
3.229816310051326217e-02
9.266682119119832098e-03
6.049721379864157582e-03
1.597984102186113947e-02
9.357701259411228129e-03
1.131139472846702347e-02
1.455946220628033007e-02
3.586183936514625303e-02
1.522229964719928191e-02
8.696186395138919001e-02
1.860456219009112150e-02
2.589100005156958276e-02
1.404377975724561793e-02
4.821299424723942545e-02
1.251728842293270416e-02
6.772784704110489974e-03
1.133467339418725295e-01
1.476021640028329085e-01
1.826119492644341646e-02
8.460699937125541747e-02
5.627917032935606662e-02
9.671521294167347363e-03
2.288977675346339224e-01
1.550786791051336592e-02
1.382659531588183860e-02
1.503198492311729438e-02
2.510741372257716680e-02
4.526715582348343758e-02
1.965613575934551174e-02
1.549542941815204578e-02
1.073742430134812763e-02
1.409171877471407722e-02
5.160902302078758039e-03
2.257634359247890077e-01
1.468677918902924068e-02
8.143312603545244804e-03
4.104553989903419325e-02
2.701980621397383903e-02
8.176850344261098191e-03
2.415538152608930761e-02
2.706689266653178327e-02
2.574568786980193508e-02
1.049396108598425054e-01
2.357234794746837156e-02
1.408976238458523739e-02
1.487927095263060460e-02
1.072379233689365295e-02
9.631644179618537027e-03
7.310237330932763122e-02
6.580669341920190006e-03
1.216375879667062378e-02
1.157463797279853664e-02
2.188480239698794433e-02
4.852307197769660518e-02
4.630170462585175319e-03
7.184800218215116330e-02
1.074076412591599798e-02
1.256487078907531085e-02
9.072313309316504260e-02
2.633671558796148518e-02
9.056952001913582198e-03
1.014604505487332227e-02
1.270869580380112884e-02
1.594201186805582759e-02
3.227272464513589179e-02
5.046323726518569391e-02
2.190349947061367708e-01
2.531443744248718791e-02
7.333609038528246526e-02
2.468055977045214427e-02
2.644333198926670028e-02
8.695890653847472562e-02
1.503219189233315559e-02
6.154898415404770617e-02
1.398683360906354499e-02
8.299908466163885556e-02
9.309518720456111396e-02
2.356767711307557536e-02
1.858383033157877950e-01
9.034624907682300976e-02
1.070345804415755858e-02
2.417780566994941899e-02
7.451700492899734907e-02
2.585278215553189329e-03
8.213092264970447975e-02
1.159305409655088936e-01
2.165208792662247916e-01
1.083852679266881364e-01
5.424861241673818724e-02
1.861203929875340501e-01
1.273793940753511211e-01
5.495690024258965967e-02
4.139069833503458001e-02
6.456098191638798278e-02
9.040492890163548401e-02
3.727435250250137749e-02
2.540071619762827859e-02
1.411729007799699537e-02
2.908497235813833209e-02
3.374988063618776513e-02
1.584447005960287480e-01
6.789674603540751113e-03
3.395242519984398299e-02
5.853362758076229022e-02
4.923408816276531735e-02
1.079114775631168921e-01
7.558208791557509409e-02
7.724056730992345798e-02
1.894341496248956591e-01
1.352092280055842977e-01
1.055126225940423851e-01
1.415270485487916119e-01
1.436759756810163380e-01
4.599133589668209510e-01
2.226565187430885051e-01
1.734689500374786975e-01
1.201185033723950746e-01
4.591636733330536346e-01
1.213506390213291708e-01
9.851256238595300363e-02
4.569694561295981616e-01
1.788067228893989724e-01
3.158012010130241132e-01
2.509232509820092383e-01
2.198915272980211388e-01
1.192320939526467227e-01
6.404394379915125946e-01
3.685634812013924289e-01
1.148486209983437256e-01
1.521257148093401734e-01
2.470420308529937548e-01
3.386470754666560251e-02
3.261881714546406574e-02
2.878608121185308732e-01
2.344667504482768686e-02
4.638447155195268845e-02
3.034247124167228221e-02
1.894474687531958607e-02
1.854070263575391397e-02
3.776557811830327099e-02
1.850302681195344912e-01
7.431514905493274287e-03
5.730519931885398599e-02
3.038381646846854411e-01
3.057950406628802131e-01
2.292986271450565827e-01
4.281880681262272004e-02
4.638953744952509749e-03
2.152182695779076282e-01
8.030229508244789149e-02
8.257785384636839865e-02
7.350042633022541017e-02
1.872572302091677632e-01
5.599409057987659449e-02
5.769270950520550417e-02
1.761954703801619226e-01
2.942652059585019672e-02
4.540932588842315487e-02
1.785565848472500314e-02
3.974685249554898991e-02
1.524608728748461928e-01
1.332452346759453732e-01
2.794827322535071296e-02
2.851466194932868875e-02
4.655343195716502014e-02
5.176359205101825622e-02
5.473267215220440907e-01
1.151913439421276171e-02
1.004725570167749465e-01
2.006592322598677036e-02
3.979417328469735810e-02
4.619348704817727302e-02
2.729645836762633823e-02
3.718597718251530349e-02
3.501715161759136330e-02
8.669853348693743952e-03
2.002093232327110950e-02
5.220392992888033268e-01
4.317744661941883694e-02
9.363590946960866079e-02
7.876421592437563013e-02
1.527130625224240035e-01
2.064133398780488016e-01
1.265268688555765408e-01
1.269357400888485032e-01
1.105395397542026925e-01
1.280896426141014399e-01
1.047025618599053409e-01
2.388548962309326729e-02
1.802371773229252683e-01
1.217822628987731137e-01
1.824127270231170050e-01
1.694094241989575200e-01
1.180547084860717605e-01
1.420117054737867757e-01
1.971544810969772243e-01
1.381563369992157009e-01
8.516448932554793183e-02
1.351090344084922013e-01
2.036255082849929565e-01
2.178005867569312304e-01
3.151812446618432184e-01
1.199694039999257139e-01
9.078321511774606334e-02
1.171138694613345771e-01
1.141481751705088754e-01
8.822451932173359934e-02
1.638284122664450948e-01
1.144816241813832736e-01
6.276112933439412234e-02
1.318961349430081698e-01
2.772046295951421380e-01
1.576514804447395057e-01
1.369775663840483992e-01
1.137192152708463994e-01
3.949527366330566891e-01
2.820794000693026549e-01
2.096238096747268798e-01
1.170290618372651220e-01
2.052885676339361865e-01
2.309473526799386278e-01
1.097079461938681166e-01
1.420336325155867052e-01
2.211859445110192224e-01
1.954872270754517416e-01
9.650482114932766586e-02
1.506314828220385871e-01
2.257909847702498640e-01
1.419544948121383710e-01
1.959367519028966387e-01
2.225095181841454106e-01
2.564011538612906427e-01
1.048858981782529315e-01
3.038953741739285896e-01
1.014293803434248853e-01
1.016490893908650467e-01
1.346791589139375023e-01
1.848873288239273049e-01
1.230410158327984449e-01
1.977668459610851248e-01
1.392547608896778366e-01
1.342808070129724030e-01
1.504373750396845455e-01
2.227313357518340975e-01
2.017399674481665517e-01
3.224154764229023584e-01
2.185279812591768289e-01
3.393481627003244183e-01
1.228287765026123135e-01
1.933708552507895362e-01
5.883691454511027347e-02
1.460732924909537433e-01
1.485985150341249117e-01
1.067446512404718190e-01
1.350693891724052409e-01
1.660825427320979653e-01
2.947597694326693080e-02
1.516153176605457807e-02
1.651541986082459557e-02
9.931943664632614244e-02
1.829596049106832836e-02
1.564747315391715882e-02
1.752242413714960242e-02
1.648219902923794139e-02
1.519969343261501696e-02
3.079408588032476676e-02
5.171777492054353831e-02
2.981579892735360462e-02
2.362070494324714637e-02
3.326222258500154821e-02
1.866297343572569933e-01
2.622755848155704922e-02
1.631918798688331354e-02
2.765087996792477479e-02
7.580581942043862487e-02
1.843289993657996895e-02
4.961894416846491379e-02
2.171731441132908683e-02
1.426818337052208341e-01
7.501055791581623389e-02
1.806629282077050480e-01
1.970106352779034953e-01
4.108820899992796094e-02
4.492497444547308844e-02
2.582145713616912711e-02
5.165313447565995225e-02
8.794644556391507939e-02
7.114926687685553530e-02
3.514364395001159241e-02
4.431577555679797054e-02
6.670701199933640191e-03
7.630319385744535263e-03
4.028357817619187542e-01
4.262193042910759899e-02
1.886205023759490729e-02
9.110867483846758763e-02
8.740503158979487375e-02
2.680965540216806442e-01
3.009867186422950092e-02
2.080981170626710619e-01
1.172992252928796025e-01
1.776872522832851076e-01
1.898482753356985353e-01
2.590916222346401065e-01
7.031870805495246679e-02
2.655029896166230877e-02
6.103920073374620274e-03
1.376639973857940111e-02
1.025343536139307690e-02
1.165741243408867020e-02
3.055140001844561422e-03
2.270029545331505444e-02
8.971915188391922300e-03
1.284157387774803594e-01
9.501687639209223379e-02
1.017466494014557417e-02
8.290908961683041839e-03
3.113879409612188218e-02
3.987030589158420749e-03
1.306759171736120717e-01
4.810214040295453936e-02
8.484358390486272661e-03
7.603055142967495017e-02
6.367232165619049478e-02
1.648770462681875895e-02
